location,target,unit,value,type,bin_start_incl,bin_end_notincl
HHS Region 1,1 wk ahead,percent,1.8,Point,NA,NA
HHS Region 1,2 wk ahead,percent,1.7,Point,NA,NA
HHS Region 1,3 wk ahead,percent,1.5,Point,NA,NA
HHS Region 1,4 wk ahead,percent,1.4,Point,NA,NA
HHS Region 1,Season onset,week,51,Point,NA,NA
HHS Region 1,Season peak percentage,percent,2.2,Point,NA,NA
HHS Region 1,Season peak week,week,11,Point,NA,NA
HHS Region 10,1 wk ahead,percent,1.4,Point,NA,NA
HHS Region 10,2 wk ahead,percent,1.2,Point,NA,NA
HHS Region 10,3 wk ahead,percent,1.1,Point,NA,NA
HHS Region 10,4 wk ahead,percent,0.9,Point,NA,NA
HHS Region 10,Season onset,week,3,Point,NA,NA
HHS Region 10,Season peak percentage,percent,2.4,Point,NA,NA
HHS Region 10,Season peak week,week,7,Point,NA,NA
HHS Region 2,1 wk ahead,percent,3.9,Point,NA,NA
HHS Region 2,2 wk ahead,percent,3.7,Point,NA,NA
HHS Region 2,3 wk ahead,percent,3.3,Point,NA,NA
HHS Region 2,4 wk ahead,percent,3.1,Point,NA,NA
HHS Region 2,Season onset,week,51,Point,NA,NA
HHS Region 2,Season peak percentage,percent,5.4,Point,NA,NA
HHS Region 2,Season peak week,week,11,Point,NA,NA
HHS Region 3,1 wk ahead,percent,2.5,Point,NA,NA
HHS Region 3,2 wk ahead,percent,2.2,Point,NA,NA
HHS Region 3,3 wk ahead,percent,1.9,Point,NA,NA
HHS Region 3,4 wk ahead,percent,1.7,Point,NA,NA
HHS Region 3,Season onset,week,47,Point,NA,NA
HHS Region 3,Season peak percentage,percent,3.9,Point,NA,NA
HHS Region 3,Season peak week,week,10,Point,NA,NA
HHS Region 4,1 wk ahead,percent,2.5,Point,NA,NA
HHS Region 4,2 wk ahead,percent,2.2,Point,NA,NA
HHS Region 4,3 wk ahead,percent,2,Point,NA,NA
HHS Region 4,4 wk ahead,percent,1.8,Point,NA,NA
HHS Region 4,Season onset,week,3,Point,NA,NA
HHS Region 4,Season peak percentage,percent,3.7,Point,NA,NA
HHS Region 4,Season peak week,week,10,Point,NA,NA
HHS Region 5,1 wk ahead,percent,2,Point,NA,NA
HHS Region 5,2 wk ahead,percent,1.7,Point,NA,NA
HHS Region 5,3 wk ahead,percent,1.5,Point,NA,NA
HHS Region 5,4 wk ahead,percent,1.3,Point,NA,NA
HHS Region 5,Season onset,week,7,Point,NA,NA
HHS Region 5,Season peak percentage,percent,3.4,Point,NA,NA
HHS Region 5,Season peak week,week,10,Point,NA,NA
HHS Region 6,1 wk ahead,percent,3.1,Point,NA,NA
HHS Region 6,2 wk ahead,percent,2.9,Point,NA,NA
HHS Region 6,3 wk ahead,percent,2.7,Point,NA,NA
HHS Region 6,4 wk ahead,percent,2.5,Point,NA,NA
HHS Region 6,Season onset,week,47,Point,NA,NA
HHS Region 6,Season peak percentage,percent,5.6,Point,NA,NA
HHS Region 6,Season peak week,week,7,Point,NA,NA
HHS Region 7,1 wk ahead,percent,1.6,Point,NA,NA
HHS Region 7,2 wk ahead,percent,1.3,Point,NA,NA
HHS Region 7,3 wk ahead,percent,1,Point,NA,NA
HHS Region 7,4 wk ahead,percent,0.8,Point,NA,NA
HHS Region 7,Season onset,week,7,Point,NA,NA
HHS Region 7,Season peak percentage,percent,2.6,Point,NA,NA
HHS Region 7,Season peak week,week,10,Point,NA,NA
HHS Region 8,1 wk ahead,percent,1.5,Point,NA,NA
HHS Region 8,2 wk ahead,percent,1.3,Point,NA,NA
HHS Region 8,3 wk ahead,percent,1,Point,NA,NA
HHS Region 8,4 wk ahead,percent,0.9,Point,NA,NA
HHS Region 8,Season onset,week,5,Point,NA,NA
HHS Region 8,Season peak percentage,percent,2.3,Point,NA,NA
HHS Region 8,Season peak week,week,11,Point,NA,NA
HHS Region 9,1 wk ahead,percent,2.1,Point,NA,NA
HHS Region 9,2 wk ahead,percent,1.9,Point,NA,NA
HHS Region 9,3 wk ahead,percent,1.8,Point,NA,NA
HHS Region 9,4 wk ahead,percent,1.7,Point,NA,NA
HHS Region 9,Season onset,week,4,Point,NA,NA
HHS Region 9,Season peak percentage,percent,4.4,Point,NA,NA
HHS Region 9,Season peak week,week,7,Point,NA,NA
US National,1 wk ahead,percent,2.6,Point,NA,NA
US National,2 wk ahead,percent,2.4,Point,NA,NA
US National,3 wk ahead,percent,2.3,Point,NA,NA
US National,4 wk ahead,percent,2,Point,NA,NA
US National,Season onset,week,2,Point,NA,NA
US National,Season peak percentage,percent,3.7,Point,NA,NA
US National,Season peak week,week,10,Point,NA,NA
US National,Season onset,week,2.27242042128907e-05,Bin,40.0,41.0
US National,Season onset,week,8.0303111344811e-05,Bin,41.0,42.0
US National,Season onset,week,0.000229534106392783,Bin,42.0,43.0
US National,Season onset,week,0.000542630338027503,Bin,43.0,44.0
US National,Season onset,week,0.00108461740847757,Bin,44.0,45.0
US National,Season onset,week,0.00186159839506702,Bin,45.0,46.0
US National,Season onset,week,0.00276023897850058,Bin,46.0,47.0
US National,Season onset,week,0.00354287103880123,Bin,47.0,48.0
US National,Season onset,week,0.00397058411471862,Bin,48.0,49.0
US National,Season onset,week,0.00397054274203636,Bin,49.0,50.0
US National,Season onset,week,0.00364007214780947,Bin,50.0,51.0
US National,Season onset,week,0.00309251135503648,Bin,51.0,52.0
US National,Season onset,week,0.00239935699919839,Bin,52.0,53.0
US National,Season onset,week,0.00169339046604022,Bin,1.0,2.0
US National,Season onset,week,0.962919972315008,Bin,2.0,3.0
US National,Season onset,week,0.00102319754754835,Bin,3.0,4.0
US National,Season onset,week,0.00108602713532302,Bin,4.0,5.0
US National,Season onset,week,0.00112197053971779,Bin,5.0,6.0
US National,Season onset,week,0.000959363051365829,Bin,6.0,7.0
US National,Season onset,week,0.000643286344261411,Bin,7.0,8.0
US National,Season onset,week,0.000333446090000033,Bin,8.0,9.0
US National,Season onset,week,0.000133121232360791,Bin,9.0,10.0
US National,Season onset,week,4.08897703103302e-05,Bin,10.0,11.0
US National,Season onset,week,1.32055691603516e-05,Bin,11.0,12.0
US National,Season onset,week,1.23049208145813e-05,Bin,12.0,13.0
US National,Season onset,week,1.23049208145813e-05,Bin,13.0,14.0
US National,Season onset,week,1.23049208145813e-05,Bin,14.0,15.0
US National,Season onset,week,1.23049208145813e-05,Bin,15.0,16.0
US National,Season onset,week,1.23049208145813e-05,Bin,16.0,17.0
US National,Season onset,week,1.23049208145813e-05,Bin,17.0,18.0
US National,Season onset,week,1.23049208145813e-05,Bin,18.0,19.0
US National,Season onset,week,1.23049208145813e-05,Bin,19.0,20.0
US National,Season onset,week,1.23049208145813e-05,Bin,20.0,21.0
US National,Season onset,week,0.00272380071194898,Bin,none,none
US National,Season peak week,week,7.45733196169954e-05,Bin,40.0,41.0
US National,Season peak week,week,7.45733196169954e-05,Bin,41.0,42.0
US National,Season peak week,week,7.45733196169954e-05,Bin,42.0,43.0
US National,Season peak week,week,7.45733196169954e-05,Bin,43.0,44.0
US National,Season peak week,week,7.45733196169954e-05,Bin,44.0,45.0
US National,Season peak week,week,7.45733196169954e-05,Bin,45.0,46.0
US National,Season peak week,week,7.45733196169954e-05,Bin,46.0,47.0
US National,Season peak week,week,7.45733196169954e-05,Bin,47.0,48.0
US National,Season peak week,week,7.45733196169954e-05,Bin,48.0,49.0
US National,Season peak week,week,7.45733196169954e-05,Bin,49.0,50.0
US National,Season peak week,week,0.000357523749963391,Bin,50.0,51.0
US National,Season peak week,week,0.00304823920458743,Bin,51.0,52.0
US National,Season peak week,week,0.00620287794297759,Bin,52.0,53.0
US National,Season peak week,week,0.00316672791327803,Bin,1.0,2.0
US National,Season peak week,week,0.00137510145474301,Bin,2.0,3.0
US National,Season peak week,week,0.00216454719458658,Bin,3.0,4.0
US National,Season peak week,week,0.00183060856520208,Bin,4.0,5.0
US National,Season peak week,week,0.00271237316998629,Bin,5.0,6.0
US National,Season peak week,week,0.0049630141360927,Bin,6.0,7.0
US National,Season peak week,week,0.0059931712051994,Bin,7.0,8.0
US National,Season peak week,week,0.0025819212901995,Bin,8.0,9.0
US National,Season peak week,week,0.000365174656405878,Bin,9.0,10.0
US National,Season peak week,week,0.94138415155788,Bin,10.0,11.0
US National,Season peak week,week,0.00129701022376502,Bin,11.0,12.0
US National,Season peak week,week,0.000637698039986362,Bin,12.0,13.0
US National,Season peak week,week,7.48032772016813e-05,Bin,13.0,14.0
US National,Season peak week,week,0.00383198577182171,Bin,14.0,15.0
US National,Season peak week,week,0.00383198577182171,Bin,15.0,16.0
US National,Season peak week,week,0.00574017816548078,Bin,16.0,17.0
US National,Season peak week,week,0.00192379337816264,Bin,17.0,18.0
US National,Season peak week,week,0.00192379337816264,Bin,18.0,19.0
US National,Season peak week,week,0.00192379337816264,Bin,19.0,20.0
US National,Season peak week,week,0.00192379337816264,Bin,20.0,21.0
US National,Season peak percentage,percent,6.59582067253511e-06,Bin,0.0,0.1
US National,Season peak percentage,percent,1.55961312827379e-05,Bin,0.1,0.2
US National,Season peak percentage,percent,1.93447786398571e-05,Bin,0.2,0.3
US National,Season peak percentage,percent,2.38292259192209e-05,Bin,0.3,0.4
US National,Season peak percentage,percent,2.91557521910574e-05,Bin,0.4,0.5
US National,Season peak percentage,percent,3.54336389175644e-05,Bin,0.5,0.6
US National,Season peak percentage,percent,4.27770051792332e-05,Bin,0.6,0.7
US National,Season peak percentage,percent,5.13071906282342e-05,Bin,0.7,0.8
US National,Season peak percentage,percent,6.11398771541918e-05,Bin,0.8,0.9
US National,Season peak percentage,percent,7.23904590809613e-05,Bin,0.9,1.0
US National,Season peak percentage,percent,8.51768035678332e-05,Bin,1.0,1.1
US National,Season peak percentage,percent,9.95941978674222e-05,Bin,1.1,1.2
US National,Season peak percentage,percent,0.000115741963779233,Bin,1.2,1.3
US National,Season peak percentage,percent,0.00013369751525929,Bin,1.3,1.4
US National,Season peak percentage,percent,0.000153513869395733,Bin,1.4,1.5
US National,Season peak percentage,percent,0.000175231263489084,Bin,1.5,1.6
US National,Season peak percentage,percent,0.000198862302389128,Bin,1.6,1.7
US National,Season peak percentage,percent,0.000224383974854374,Bin,1.7,1.8
US National,Season peak percentage,percent,0.000251755917909569,Bin,1.8,1.9
US National,Season peak percentage,percent,0.000280895488237002,Bin,1.9,2.0
US National,Season peak percentage,percent,0.000311683764921356,Bin,2.0,2.1
US National,Season peak percentage,percent,0.000343977286703932,Bin,2.1,2.2
US National,Season peak percentage,percent,0.000377590288305773,Bin,2.2,2.3
US National,Season peak percentage,percent,0.000412303615725348,Bin,2.3,2.4
US National,Season peak percentage,percent,0.00044787490262799,Bin,2.4,2.5
US National,Season peak percentage,percent,0.000484024915468974,Bin,2.5,2.6
US National,Season peak percentage,percent,0.000520456872355965,Bin,2.6,2.7
US National,Season peak percentage,percent,0.000556851278092937,Bin,2.7,2.8
US National,Season peak percentage,percent,0.00059287548270958,Bin,2.8,2.9
US National,Season peak percentage,percent,0.000628191672396725,Bin,2.9,3.0
US National,Season peak percentage,percent,0.000662452462153093,Bin,3.0,3.1
US National,Season peak percentage,percent,0.00069532889760567,Bin,3.1,3.2
US National,Season peak percentage,percent,0.000726489288074886,Bin,3.2,3.3
US National,Season peak percentage,percent,0.000755621511229083,Bin,3.3,3.4
US National,Season peak percentage,percent,0.000782452325841232,Bin,3.4,3.5
US National,Season peak percentage,percent,0.000806718399644319,Bin,3.5,3.6
US National,Season peak percentage,percent,0.000828197126379226,Bin,3.6,3.7
US National,Season peak percentage,percent,0.949111484446018,Bin,3.7,3.8
US National,Season peak percentage,percent,0.00278559589232568,Bin,3.8,3.9
US National,Season peak percentage,percent,0.00472127285818376,Bin,3.9,4.0
US National,Season peak percentage,percent,0.00280678567410054,Bin,4.0,4.1
US National,Season peak percentage,percent,0.00473595239492561,Bin,4.1,4.2
US National,Season peak percentage,percent,0.000891521892416721,Bin,4.2,4.3
US National,Season peak percentage,percent,0.000890872244087048,Bin,4.3,4.4
US National,Season peak percentage,percent,0.00281063379014705,Bin,4.4,4.5
US National,Season peak percentage,percent,0.000880602288544531,Bin,4.5,4.6
US National,Season peak percentage,percent,0.000871303643906553,Bin,4.6,4.7
US National,Season peak percentage,percent,0.000859472007164019,Bin,4.7,4.8
US National,Season peak percentage,percent,0.000845321283610912,Bin,4.8,4.9
US National,Season peak percentage,percent,0.000829058539570979,Bin,4.9,5.0
US National,Season peak percentage,percent,0.000810896302655518,Bin,5.0,5.1
US National,Season peak percentage,percent,0.000791058665514061,Bin,5.1,5.2
US National,Season peak percentage,percent,0.000769742167193363,Bin,5.2,5.3
US National,Season peak percentage,percent,0.000747149061641192,Bin,5.3,5.4
US National,Season peak percentage,percent,0.000723467567086719,Bin,5.4,5.5
US National,Season peak percentage,percent,0.000698867740354325,Bin,5.5,5.6
US National,Season peak percentage,percent,0.000673512707027308,Bin,5.6,5.7
US National,Season peak percentage,percent,0.000647555780664582,Bin,5.7,5.8
US National,Season peak percentage,percent,0.000621132818824253,Bin,5.8,5.9
US National,Season peak percentage,percent,0.000594379479914192,Bin,5.9,6.0
US National,Season peak percentage,percent,0.000567419582336406,Bin,6.0,6.1
US National,Season peak percentage,percent,0.000540374893496536,Bin,6.1,6.2
US National,Season peak percentage,percent,0.000513363585027512,Bin,6.2,6.3
US National,Season peak percentage,percent,0.000486500480755674,Bin,6.3,6.4
US National,Season peak percentage,percent,0.000459899845649282,Bin,6.4,6.5
US National,Season peak percentage,percent,0.000433669524324006,Bin,6.5,6.6
US National,Season peak percentage,percent,0.000407917091498942,Bin,6.6,6.7
US National,Season peak percentage,percent,0.000382743469297446,Bin,6.7,6.8
US National,Season peak percentage,percent,0.00035823863585398,Bin,6.8,6.9
US National,Season peak percentage,percent,0.000334489277435391,Bin,6.9,7.0
US National,Season peak percentage,percent,0.000311567526431685,Bin,7.0,7.1
US National,Season peak percentage,percent,0.000289528656548006,Bin,7.1,7.2
US National,Season peak percentage,percent,0.000268424409441797,Bin,7.2,7.3
US National,Season peak percentage,percent,0.000248283047464578,Bin,7.3,7.4
US National,Season peak percentage,percent,0.000229123913085521,Bin,7.4,7.5
US National,Season peak percentage,percent,0.000210955213564029,Bin,7.5,7.6
US National,Season peak percentage,percent,0.00019377010929781,Bin,7.6,7.7
US National,Season peak percentage,percent,0.000177551609678816,Bin,7.7,7.8
US National,Season peak percentage,percent,0.000162282027360273,Bin,7.8,7.9
US National,Season peak percentage,percent,0.000147928214446135,Bin,7.9,8.0
US National,Season peak percentage,percent,0.000134462391553889,Bin,8.0,8.1
US National,Season peak percentage,percent,0.000121852259729744,Bin,8.1,8.2
US National,Season peak percentage,percent,0.000110062324195333,Bin,8.2,8.3
US National,Season peak percentage,percent,9.9063248174594e-05,Bin,8.3,8.4
US National,Season peak percentage,percent,8.88257525303907e-05,Bin,8.4,8.5
US National,Season peak percentage,percent,7.93191742898203e-05,Bin,8.5,8.6
US National,Season peak percentage,percent,7.05200868495644e-05,Bin,8.6,8.7
US National,Season peak percentage,percent,6.24036454083952e-05,Bin,8.7,8.8
US National,Season peak percentage,percent,5.49453424699022e-05,Bin,8.8,8.9
US National,Season peak percentage,percent,4.81241921506784e-05,Bin,8.9,9.0
US National,Season peak percentage,percent,4.19168337223783e-05,Bin,9.0,9.1
US National,Season peak percentage,percent,3.62963936238637e-05,Bin,9.1,9.2
US National,Season peak percentage,percent,3.12400971640851e-05,Bin,9.2,9.3
US National,Season peak percentage,percent,2.67181221984398e-05,Bin,9.3,9.4
US National,Season peak percentage,percent,2.27012890449068e-05,Bin,9.4,9.5
US National,Season peak percentage,percent,1.91593925679103e-05,Bin,9.5,9.6
US National,Season peak percentage,percent,1.60580603520559e-05,Bin,9.6,9.7
US National,Season peak percentage,percent,1.33634206512479e-05,Bin,9.7,9.8
US National,Season peak percentage,percent,1.10410330915674e-05,Bin,9.8,9.9
US National,Season peak percentage,percent,9.05488078529662e-06,Bin,9.9,10.0
US National,Season peak percentage,percent,7.3701525263545e-06,Bin,10.0,10.1
US National,Season peak percentage,percent,5.9538217369652e-06,Bin,10.1,10.2
US National,Season peak percentage,percent,4.77211240499776e-06,Bin,10.2,10.3
US National,Season peak percentage,percent,3.79549755681208e-06,Bin,10.3,10.4
US National,Season peak percentage,percent,2.99523189389702e-06,Bin,10.4,10.5
US National,Season peak percentage,percent,2.34471346654469e-06,Bin,10.5,10.6
US National,Season peak percentage,percent,1.8209006506253e-06,Bin,10.6,10.7
US National,Season peak percentage,percent,1.40279195891717e-06,Bin,10.7,10.8
US National,Season peak percentage,percent,1.07179911002196e-06,Bin,10.8,10.9
US National,Season peak percentage,percent,9.16838940778529e-07,Bin,10.9,11.0
US National,Season peak percentage,percent,9.16408270448163e-07,Bin,11.0,11.1
US National,Season peak percentage,percent,9.16408270448163e-07,Bin,11.1,11.2
US National,Season peak percentage,percent,9.16408270448163e-07,Bin,11.2,11.3
US National,Season peak percentage,percent,9.16408270448163e-07,Bin,11.3,11.4
US National,Season peak percentage,percent,9.16408270448163e-07,Bin,11.4,11.5
US National,Season peak percentage,percent,9.16408270448163e-07,Bin,11.5,11.6
US National,Season peak percentage,percent,9.16408270448163e-07,Bin,11.6,11.7
US National,Season peak percentage,percent,9.16408270448163e-07,Bin,11.7,11.8
US National,Season peak percentage,percent,9.16408270448163e-07,Bin,11.8,11.9
US National,Season peak percentage,percent,9.16408270448163e-07,Bin,11.9,12.0
US National,Season peak percentage,percent,9.16408270448163e-07,Bin,12.0,12.1
US National,Season peak percentage,percent,9.16408270448163e-07,Bin,12.1,12.2
US National,Season peak percentage,percent,9.16408270448163e-07,Bin,12.2,12.3
US National,Season peak percentage,percent,9.16408270448163e-07,Bin,12.3,12.4
US National,Season peak percentage,percent,9.16408270448163e-07,Bin,12.4,12.5
US National,Season peak percentage,percent,9.16408270448163e-07,Bin,12.5,12.6
US National,Season peak percentage,percent,9.16408270448163e-07,Bin,12.6,12.7
US National,Season peak percentage,percent,9.16408270448163e-07,Bin,12.7,12.8
US National,Season peak percentage,percent,9.16408270448163e-07,Bin,12.8,12.9
US National,Season peak percentage,percent,9.16408270448163e-07,Bin,12.9,13.0
US National,Season peak percentage,percent,9.16408270448163e-07,Bin,13.0,100.0
US National,1 wk ahead,percent,2.40971572148504e-11,Bin,0.0,0.1
US National,1 wk ahead,percent,4.81943144297007e-11,Bin,0.1,0.2
US National,1 wk ahead,percent,4.81943144297007e-11,Bin,0.2,0.3
US National,1 wk ahead,percent,4.81943144297007e-11,Bin,0.3,0.4
US National,1 wk ahead,percent,4.81943144297007e-11,Bin,0.4,0.5
US National,1 wk ahead,percent,4.81943144297008e-11,Bin,0.5,0.6
US National,1 wk ahead,percent,1.73626526364219e-10,Bin,0.6,0.7
US National,1 wk ahead,percent,1.31489304259377e-09,Bin,0.7,0.8
US National,1 wk ahead,percent,3.605433382942e-09,Bin,0.8,0.9
US National,1 wk ahead,percent,3.58278341180346e-09,Bin,0.9,1.0
US National,1 wk ahead,percent,1.32222715429842e-09,Bin,1.0,1.1
US National,1 wk ahead,percent,7.31906527776111e-10,Bin,1.1,1.2
US National,1 wk ahead,percent,3.68568938042907e-09,Bin,1.2,1.3
US National,1 wk ahead,percent,9.64506831471044e-09,Bin,1.3,1.4
US National,1 wk ahead,percent,1.09328035963703e-08,Bin,1.4,1.5
US National,1 wk ahead,percent,5.72158530735517e-09,Bin,1.5,1.6
US National,1 wk ahead,percent,3.65637254205266e-09,Bin,1.6,1.7
US National,1 wk ahead,percent,1.06963364868085e-08,Bin,1.7,1.8
US National,1 wk ahead,percent,2.33682691250776e-08,Bin,1.8,1.9
US National,1 wk ahead,percent,3.08868876579104e-08,Bin,1.9,2.0
US National,1 wk ahead,percent,0.0160000248951788,Bin,2.0,2.1
US National,1 wk ahead,percent,0.0160000139476062,Bin,2.1,2.2
US National,1 wk ahead,percent,0.0480000010999081,Bin,2.2,2.3
US National,1 wk ahead,percent,0.0819999930241699,Bin,2.3,2.4
US National,1 wk ahead,percent,0.103999984964576,Bin,2.4,2.5
US National,1 wk ahead,percent,0.189999966117546,Bin,2.5,2.6
US National,1 wk ahead,percent,0.149999972680042,Bin,2.6,2.7
US National,1 wk ahead,percent,0.10799998032443,Bin,2.7,2.8
US National,1 wk ahead,percent,0.10799998032443,Bin,2.8,2.9
US National,1 wk ahead,percent,0.0699999872664647,Bin,2.9,3.0
US National,1 wk ahead,percent,0.049999990920167,Bin,3.0,3.1
US National,1 wk ahead,percent,0.0359999934777585,Bin,3.1,3.2
US National,1 wk ahead,percent,0.0039999993236822,Bin,3.2,3.3
US National,1 wk ahead,percent,0.00599999895831197,Bin,3.3,3.4
US National,1 wk ahead,percent,0.0039999993236822,Bin,3.4,3.5
US National,1 wk ahead,percent,0.00599999895831197,Bin,3.5,3.6
US National,1 wk ahead,percent,5.44226515109905e-11,Bin,3.6,3.7
US National,1 wk ahead,percent,5.44226515109905e-11,Bin,3.7,3.8
US National,1 wk ahead,percent,0.00199999968905242,Bin,3.8,3.9
US National,1 wk ahead,percent,5.44226515109905e-11,Bin,3.9,4.0
US National,1 wk ahead,percent,5.44226515109905e-11,Bin,4.0,4.1
US National,1 wk ahead,percent,5.44226515109905e-11,Bin,4.1,4.2
US National,1 wk ahead,percent,5.44226515109905e-11,Bin,4.2,4.3
US National,1 wk ahead,percent,5.44226515109905e-11,Bin,4.3,4.4
US National,1 wk ahead,percent,5.44226515109905e-11,Bin,4.4,4.5
US National,1 wk ahead,percent,5.44226515109905e-11,Bin,4.5,4.6
US National,1 wk ahead,percent,5.44226515109905e-11,Bin,4.6,4.7
US National,1 wk ahead,percent,5.44226515109905e-11,Bin,4.7,4.8
US National,1 wk ahead,percent,5.44226515109905e-11,Bin,4.8,4.9
US National,1 wk ahead,percent,5.44226515109905e-11,Bin,4.9,5.0
US National,1 wk ahead,percent,5.44226515109905e-11,Bin,5.0,5.1
US National,1 wk ahead,percent,5.44226515109905e-11,Bin,5.1,5.2
US National,1 wk ahead,percent,5.44226515109905e-11,Bin,5.2,5.3
US National,1 wk ahead,percent,5.44226515109905e-11,Bin,5.3,5.4
US National,1 wk ahead,percent,5.44226515109905e-11,Bin,5.4,5.5
US National,1 wk ahead,percent,5.44226515109905e-11,Bin,5.5,5.6
US National,1 wk ahead,percent,5.44226515109905e-11,Bin,5.6,5.7
US National,1 wk ahead,percent,5.44226515109905e-11,Bin,5.7,5.8
US National,1 wk ahead,percent,5.44226515109905e-11,Bin,5.8,5.9
US National,1 wk ahead,percent,5.44226515109905e-11,Bin,5.9,6.0
US National,1 wk ahead,percent,5.44226515109905e-11,Bin,6.0,6.1
US National,1 wk ahead,percent,5.44226515109905e-11,Bin,6.1,6.2
US National,1 wk ahead,percent,5.44226515109905e-11,Bin,6.2,6.3
US National,1 wk ahead,percent,5.44226515109905e-11,Bin,6.3,6.4
US National,1 wk ahead,percent,5.44226515109905e-11,Bin,6.4,6.5
US National,1 wk ahead,percent,5.44226515109905e-11,Bin,6.5,6.6
US National,1 wk ahead,percent,5.44226515109905e-11,Bin,6.6,6.7
US National,1 wk ahead,percent,5.44226515109905e-11,Bin,6.7,6.8
US National,1 wk ahead,percent,5.44226515109905e-11,Bin,6.8,6.9
US National,1 wk ahead,percent,5.44226515109905e-11,Bin,6.9,7.0
US National,1 wk ahead,percent,5.44226515109905e-11,Bin,7.0,7.1
US National,1 wk ahead,percent,5.44226515109905e-11,Bin,7.1,7.2
US National,1 wk ahead,percent,5.44226515109905e-11,Bin,7.2,7.3
US National,1 wk ahead,percent,5.44226515109905e-11,Bin,7.3,7.4
US National,1 wk ahead,percent,5.44226515109905e-11,Bin,7.4,7.5
US National,1 wk ahead,percent,5.44226515109905e-11,Bin,7.5,7.6
US National,1 wk ahead,percent,5.44226515109905e-11,Bin,7.6,7.7
US National,1 wk ahead,percent,5.44226515109905e-11,Bin,7.7,7.8
US National,1 wk ahead,percent,5.44226515109905e-11,Bin,7.8,7.9
US National,1 wk ahead,percent,5.44226515109905e-11,Bin,7.9,8.0
US National,1 wk ahead,percent,5.4422651510991e-11,Bin,8.0,8.1
US National,1 wk ahead,percent,5.44226515109914e-11,Bin,8.1,8.2
US National,1 wk ahead,percent,5.44226515109914e-11,Bin,8.2,8.3
US National,1 wk ahead,percent,5.44226515109914e-11,Bin,8.3,8.4
US National,1 wk ahead,percent,5.44226515109914e-11,Bin,8.4,8.5
US National,1 wk ahead,percent,5.44226515109914e-11,Bin,8.5,8.6
US National,1 wk ahead,percent,5.44226515109914e-11,Bin,8.6,8.7
US National,1 wk ahead,percent,5.44226515109914e-11,Bin,8.7,8.8
US National,1 wk ahead,percent,5.44226515109914e-11,Bin,8.8,8.9
US National,1 wk ahead,percent,5.44226515109914e-11,Bin,8.9,9.0
US National,1 wk ahead,percent,5.44226515109914e-11,Bin,9.0,9.1
US National,1 wk ahead,percent,5.44226515109914e-11,Bin,9.1,9.2
US National,1 wk ahead,percent,5.44226515109914e-11,Bin,9.2,9.3
US National,1 wk ahead,percent,5.44226515109914e-11,Bin,9.3,9.4
US National,1 wk ahead,percent,5.44226515109914e-11,Bin,9.4,9.5
US National,1 wk ahead,percent,5.44226515109914e-11,Bin,9.5,9.6
US National,1 wk ahead,percent,5.44226515109914e-11,Bin,9.6,9.7
US National,1 wk ahead,percent,5.44226515109914e-11,Bin,9.7,9.8
US National,1 wk ahead,percent,5.44226515109914e-11,Bin,9.8,9.9
US National,1 wk ahead,percent,5.44226515109914e-11,Bin,9.9,10.0
US National,1 wk ahead,percent,5.44226515109914e-11,Bin,10.0,10.1
US National,1 wk ahead,percent,5.44226515109914e-11,Bin,10.1,10.2
US National,1 wk ahead,percent,5.44226515109914e-11,Bin,10.2,10.3
US National,1 wk ahead,percent,5.44226515109914e-11,Bin,10.3,10.4
US National,1 wk ahead,percent,5.44226515109914e-11,Bin,10.4,10.5
US National,1 wk ahead,percent,5.44226515109914e-11,Bin,10.5,10.6
US National,1 wk ahead,percent,5.44226515109914e-11,Bin,10.6,10.7
US National,1 wk ahead,percent,5.44226515109914e-11,Bin,10.7,10.8
US National,1 wk ahead,percent,5.44226515109914e-11,Bin,10.8,10.9
US National,1 wk ahead,percent,5.44226515109914e-11,Bin,10.9,11.0
US National,1 wk ahead,percent,5.44226515109914e-11,Bin,11.0,11.1
US National,1 wk ahead,percent,5.44226515109914e-11,Bin,11.1,11.2
US National,1 wk ahead,percent,5.44226515109914e-11,Bin,11.2,11.3
US National,1 wk ahead,percent,5.44226515109914e-11,Bin,11.3,11.4
US National,1 wk ahead,percent,5.44226515109914e-11,Bin,11.4,11.5
US National,1 wk ahead,percent,5.44226515109914e-11,Bin,11.5,11.6
US National,1 wk ahead,percent,5.44226515109914e-11,Bin,11.6,11.7
US National,1 wk ahead,percent,5.44226515109914e-11,Bin,11.7,11.8
US National,1 wk ahead,percent,5.44226515109914e-11,Bin,11.8,11.9
US National,1 wk ahead,percent,5.44226515109914e-11,Bin,11.9,12.0
US National,1 wk ahead,percent,5.44226515109914e-11,Bin,12.0,12.1
US National,1 wk ahead,percent,5.44226515109914e-11,Bin,12.1,12.2
US National,1 wk ahead,percent,5.44226515109914e-11,Bin,12.2,12.3
US National,1 wk ahead,percent,5.44226515109914e-11,Bin,12.3,12.4
US National,1 wk ahead,percent,5.44226515109914e-11,Bin,12.4,12.5
US National,1 wk ahead,percent,5.44226515109914e-11,Bin,12.5,12.6
US National,1 wk ahead,percent,5.44226515109914e-11,Bin,12.6,12.7
US National,1 wk ahead,percent,5.44226515109914e-11,Bin,12.7,12.8
US National,1 wk ahead,percent,5.44226515109914e-11,Bin,12.8,12.9
US National,1 wk ahead,percent,5.44226515109914e-11,Bin,12.9,13.0
US National,1 wk ahead,percent,5.44226515109914e-11,Bin,13.0,100.0
US National,2 wk ahead,percent,1.83623617193744e-11,Bin,0.0,0.1
US National,2 wk ahead,percent,3.67247234387488e-11,Bin,0.1,0.2
US National,2 wk ahead,percent,3.67247234387488e-11,Bin,0.2,0.3
US National,2 wk ahead,percent,3.67247234387488e-11,Bin,0.3,0.4
US National,2 wk ahead,percent,8.67819871370674e-11,Bin,0.4,0.5
US National,2 wk ahead,percent,5.26589966617193e-10,Bin,0.5,0.6
US National,2 wk ahead,percent,1.8777098553144e-09,Bin,0.6,0.7
US National,2 wk ahead,percent,4.14716918567836e-09,Bin,0.7,0.8
US National,2 wk ahead,percent,6.25774939867434e-09,Bin,0.8,0.9
US National,2 wk ahead,percent,6.8243781075998e-09,Bin,0.9,1.0
US National,2 wk ahead,percent,5.64054500543734e-09,Bin,1.0,1.1
US National,2 wk ahead,percent,5.00330444150877e-09,Bin,1.1,1.2
US National,2 wk ahead,percent,6.39985304096351e-09,Bin,1.2,1.3
US National,2 wk ahead,percent,8.36577997540048e-09,Bin,1.3,1.4
US National,2 wk ahead,percent,1.08071158943892e-08,Bin,1.4,1.5
US National,2 wk ahead,percent,0.00400001540766416,Bin,1.5,1.6
US National,2 wk ahead,percent,0.00600002269486759,Bin,1.6,1.7
US National,2 wk ahead,percent,0.00800002553573863,Bin,1.7,1.8
US National,2 wk ahead,percent,0.0300000169405473,Bin,1.8,1.9
US National,2 wk ahead,percent,0.0320000096287969,Bin,1.9,2.0
US National,2 wk ahead,percent,0.0539999998489197,Bin,2.0,2.1
US National,2 wk ahead,percent,0.0899999883370716,Bin,2.1,2.2
US National,2 wk ahead,percent,0.099999983255075,Bin,2.2,2.3
US National,2 wk ahead,percent,0.0979999823828812,Bin,2.3,2.4
US National,2 wk ahead,percent,0.121999977766662,Bin,2.4,2.5
US National,2 wk ahead,percent,0.111999979590594,Bin,2.5,2.6
US National,2 wk ahead,percent,0.0839999847057775,Bin,2.6,2.7
US National,2 wk ahead,percent,0.0759999861672584,Bin,2.7,2.8
US National,2 wk ahead,percent,0.06199998872485,Bin,2.8,2.9
US National,2 wk ahead,percent,0.0439999920131821,Bin,2.9,3.0
US National,2 wk ahead,percent,0.0179999967629951,Bin,3.0,3.1
US National,2 wk ahead,percent,0.0199999963976248,Bin,3.1,3.2
US National,2 wk ahead,percent,0.0139999974937355,Bin,3.2,3.3
US National,2 wk ahead,percent,0.0119999978591057,Bin,3.3,3.4
US National,2 wk ahead,percent,0.00599999895521643,Bin,3.4,3.5
US National,2 wk ahead,percent,0.00399999932058666,Bin,3.5,3.6
US National,2 wk ahead,percent,5.13271118269434e-11,Bin,3.6,3.7
US National,2 wk ahead,percent,5.13271118269434e-11,Bin,3.7,3.8
US National,2 wk ahead,percent,5.13271118269434e-11,Bin,3.8,3.9
US National,2 wk ahead,percent,0.00199999968595688,Bin,3.9,4.0
US National,2 wk ahead,percent,0.00199999968595688,Bin,4.0,4.1
US National,2 wk ahead,percent,5.13271118269434e-11,Bin,4.1,4.2
US National,2 wk ahead,percent,5.13271118269434e-11,Bin,4.2,4.3
US National,2 wk ahead,percent,5.13271118269434e-11,Bin,4.3,4.4
US National,2 wk ahead,percent,5.13271118269434e-11,Bin,4.4,4.5
US National,2 wk ahead,percent,5.13271118269434e-11,Bin,4.5,4.6
US National,2 wk ahead,percent,5.13271118269434e-11,Bin,4.6,4.7
US National,2 wk ahead,percent,5.13271118269434e-11,Bin,4.7,4.8
US National,2 wk ahead,percent,5.13271118269434e-11,Bin,4.8,4.9
US National,2 wk ahead,percent,5.13271118269434e-11,Bin,4.9,5.0
US National,2 wk ahead,percent,5.13271118269434e-11,Bin,5.0,5.1
US National,2 wk ahead,percent,5.13271118269434e-11,Bin,5.1,5.2
US National,2 wk ahead,percent,5.13271118269434e-11,Bin,5.2,5.3
US National,2 wk ahead,percent,5.13271118269434e-11,Bin,5.3,5.4
US National,2 wk ahead,percent,5.13271118269434e-11,Bin,5.4,5.5
US National,2 wk ahead,percent,5.13271118269434e-11,Bin,5.5,5.6
US National,2 wk ahead,percent,5.13271118269434e-11,Bin,5.6,5.7
US National,2 wk ahead,percent,5.13271118269434e-11,Bin,5.7,5.8
US National,2 wk ahead,percent,5.13271118269434e-11,Bin,5.8,5.9
US National,2 wk ahead,percent,5.13271118269434e-11,Bin,5.9,6.0
US National,2 wk ahead,percent,5.13271118269434e-11,Bin,6.0,6.1
US National,2 wk ahead,percent,5.13271118269434e-11,Bin,6.1,6.2
US National,2 wk ahead,percent,5.13271118269434e-11,Bin,6.2,6.3
US National,2 wk ahead,percent,5.13271118269434e-11,Bin,6.3,6.4
US National,2 wk ahead,percent,5.13271118269434e-11,Bin,6.4,6.5
US National,2 wk ahead,percent,5.13271118269434e-11,Bin,6.5,6.6
US National,2 wk ahead,percent,5.13271118269434e-11,Bin,6.6,6.7
US National,2 wk ahead,percent,5.13271118269434e-11,Bin,6.7,6.8
US National,2 wk ahead,percent,5.13271118269434e-11,Bin,6.8,6.9
US National,2 wk ahead,percent,5.13271118269434e-11,Bin,6.9,7.0
US National,2 wk ahead,percent,5.13271118269434e-11,Bin,7.0,7.1
US National,2 wk ahead,percent,5.13271118269434e-11,Bin,7.1,7.2
US National,2 wk ahead,percent,5.13271118269434e-11,Bin,7.2,7.3
US National,2 wk ahead,percent,5.13271118269434e-11,Bin,7.3,7.4
US National,2 wk ahead,percent,5.13271118269434e-11,Bin,7.4,7.5
US National,2 wk ahead,percent,5.13271118269434e-11,Bin,7.5,7.6
US National,2 wk ahead,percent,5.13271118269434e-11,Bin,7.6,7.7
US National,2 wk ahead,percent,5.13271118269434e-11,Bin,7.7,7.8
US National,2 wk ahead,percent,5.13271118269434e-11,Bin,7.8,7.9
US National,2 wk ahead,percent,5.13271118269434e-11,Bin,7.9,8.0
US National,2 wk ahead,percent,5.13271118269438e-11,Bin,8.0,8.1
US National,2 wk ahead,percent,5.13271118269443e-11,Bin,8.1,8.2
US National,2 wk ahead,percent,5.13271118269443e-11,Bin,8.2,8.3
US National,2 wk ahead,percent,5.13271118269443e-11,Bin,8.3,8.4
US National,2 wk ahead,percent,5.13271118269443e-11,Bin,8.4,8.5
US National,2 wk ahead,percent,5.13271118269443e-11,Bin,8.5,8.6
US National,2 wk ahead,percent,5.13271118269443e-11,Bin,8.6,8.7
US National,2 wk ahead,percent,5.13271118269443e-11,Bin,8.7,8.8
US National,2 wk ahead,percent,5.13271118269443e-11,Bin,8.8,8.9
US National,2 wk ahead,percent,5.13271118269443e-11,Bin,8.9,9.0
US National,2 wk ahead,percent,5.13271118269443e-11,Bin,9.0,9.1
US National,2 wk ahead,percent,5.13271118269443e-11,Bin,9.1,9.2
US National,2 wk ahead,percent,5.13271118269443e-11,Bin,9.2,9.3
US National,2 wk ahead,percent,5.13271118269443e-11,Bin,9.3,9.4
US National,2 wk ahead,percent,5.13271118269443e-11,Bin,9.4,9.5
US National,2 wk ahead,percent,5.13271118269443e-11,Bin,9.5,9.6
US National,2 wk ahead,percent,5.13271118269443e-11,Bin,9.6,9.7
US National,2 wk ahead,percent,5.13271118269443e-11,Bin,9.7,9.8
US National,2 wk ahead,percent,5.13271118269443e-11,Bin,9.8,9.9
US National,2 wk ahead,percent,5.13271118269443e-11,Bin,9.9,10.0
US National,2 wk ahead,percent,5.13271118269443e-11,Bin,10.0,10.1
US National,2 wk ahead,percent,5.13271118269443e-11,Bin,10.1,10.2
US National,2 wk ahead,percent,5.13271118269443e-11,Bin,10.2,10.3
US National,2 wk ahead,percent,5.13271118269443e-11,Bin,10.3,10.4
US National,2 wk ahead,percent,5.13271118269443e-11,Bin,10.4,10.5
US National,2 wk ahead,percent,5.13271118269443e-11,Bin,10.5,10.6
US National,2 wk ahead,percent,5.13271118269443e-11,Bin,10.6,10.7
US National,2 wk ahead,percent,5.13271118269443e-11,Bin,10.7,10.8
US National,2 wk ahead,percent,5.13271118269443e-11,Bin,10.8,10.9
US National,2 wk ahead,percent,5.13271118269443e-11,Bin,10.9,11.0
US National,2 wk ahead,percent,5.13271118269443e-11,Bin,11.0,11.1
US National,2 wk ahead,percent,5.13271118269443e-11,Bin,11.1,11.2
US National,2 wk ahead,percent,5.13271118269443e-11,Bin,11.2,11.3
US National,2 wk ahead,percent,5.13271118269443e-11,Bin,11.3,11.4
US National,2 wk ahead,percent,5.13271118269443e-11,Bin,11.4,11.5
US National,2 wk ahead,percent,5.13271118269443e-11,Bin,11.5,11.6
US National,2 wk ahead,percent,5.13271118269443e-11,Bin,11.6,11.7
US National,2 wk ahead,percent,5.13271118269443e-11,Bin,11.7,11.8
US National,2 wk ahead,percent,5.13271118269443e-11,Bin,11.8,11.9
US National,2 wk ahead,percent,5.13271118269443e-11,Bin,11.9,12.0
US National,2 wk ahead,percent,5.13271118269443e-11,Bin,12.0,12.1
US National,2 wk ahead,percent,5.13271118269443e-11,Bin,12.1,12.2
US National,2 wk ahead,percent,5.13271118269443e-11,Bin,12.2,12.3
US National,2 wk ahead,percent,5.13271118269443e-11,Bin,12.3,12.4
US National,2 wk ahead,percent,5.13271118269443e-11,Bin,12.4,12.5
US National,2 wk ahead,percent,5.13271118269443e-11,Bin,12.5,12.6
US National,2 wk ahead,percent,5.13271118269443e-11,Bin,12.6,12.7
US National,2 wk ahead,percent,5.13271118269443e-11,Bin,12.7,12.8
US National,2 wk ahead,percent,5.13271118269443e-11,Bin,12.8,12.9
US National,2 wk ahead,percent,5.13271118269443e-11,Bin,12.9,13.0
US National,2 wk ahead,percent,5.13271118269443e-11,Bin,13.0,100.0
US National,3 wk ahead,percent,2.49995051188894e-11,Bin,0.0,0.1
US National,3 wk ahead,percent,4.99990102377788e-11,Bin,0.1,0.2
US National,3 wk ahead,percent,4.99990102377788e-11,Bin,0.2,0.3
US National,3 wk ahead,percent,4.99990102377788e-11,Bin,0.3,0.4
US National,3 wk ahead,percent,1.13357510296681e-10,Bin,0.4,0.5
US National,3 wk ahead,percent,1.12100334630825e-09,Bin,0.5,0.6
US National,3 wk ahead,percent,4.61474434169723e-09,Bin,0.6,0.7
US National,3 wk ahead,percent,8.74940823134266e-09,Bin,0.7,0.8
US National,3 wk ahead,percent,8.1914264700703e-09,Bin,0.8,0.9
US National,3 wk ahead,percent,3.37089288072923e-09,Bin,0.9,1.0
US National,3 wk ahead,percent,1.23730360098152e-09,Bin,1.0,1.1
US National,3 wk ahead,percent,4.1541942045213e-09,Bin,1.1,1.2
US National,3 wk ahead,percent,0.00200001004683295,Bin,1.2,1.3
US National,3 wk ahead,percent,0.00200001872411928,Bin,1.3,1.4
US National,3 wk ahead,percent,0.010000028965642,Bin,1.4,1.5
US National,3 wk ahead,percent,0.0100000314509607,Bin,1.5,1.6
US National,3 wk ahead,percent,0.0240000212786435,Bin,1.6,1.7
US National,3 wk ahead,percent,0.0620000053617338,Bin,1.7,1.8
US National,3 wk ahead,percent,0.0439999987387476,Bin,1.8,1.9
US National,3 wk ahead,percent,0.0999999829653726,Bin,1.9,2.0
US National,3 wk ahead,percent,0.0679999876816196,Bin,2.0,2.1
US National,3 wk ahead,percent,0.0899999836212443,Bin,2.1,2.2
US National,3 wk ahead,percent,0.0799999854480955,Bin,2.2,2.3
US National,3 wk ahead,percent,0.0919999832558741,Bin,2.3,2.4
US National,3 wk ahead,percent,0.0919999832558741,Bin,2.4,2.5
US National,3 wk ahead,percent,0.0699999872749466,Bin,2.5,2.6
US National,3 wk ahead,percent,0.0639999883710573,Bin,2.6,2.7
US National,3 wk ahead,percent,0.0479999912940191,Bin,2.7,2.8
US National,3 wk ahead,percent,0.0439999920247596,Bin,2.8,2.9
US National,3 wk ahead,percent,0.0279999949477214,Bin,2.9,3.0
US National,3 wk ahead,percent,0.0219999960438321,Bin,3.0,3.1
US National,3 wk ahead,percent,0.0079999986014237,Bin,3.1,3.2
US National,3 wk ahead,percent,0.00999999823605347,Bin,3.2,3.3
US National,3 wk ahead,percent,0.00599999896679393,Bin,3.3,3.4
US National,3 wk ahead,percent,0.013999997505313,Bin,3.4,3.5
US National,3 wk ahead,percent,0.00399999933216416,Bin,3.5,3.6
US National,3 wk ahead,percent,6.29046147302217e-11,Bin,3.6,3.7
US National,3 wk ahead,percent,6.29046147302217e-11,Bin,3.7,3.8
US National,3 wk ahead,percent,6.29046147302217e-11,Bin,3.8,3.9
US National,3 wk ahead,percent,0.00399999933216416,Bin,3.9,4.0
US National,3 wk ahead,percent,6.29046147302217e-11,Bin,4.0,4.1
US National,3 wk ahead,percent,0.00199999969753439,Bin,4.1,4.2
US National,3 wk ahead,percent,6.29046147302217e-11,Bin,4.2,4.3
US National,3 wk ahead,percent,6.29046147302217e-11,Bin,4.3,4.4
US National,3 wk ahead,percent,6.29046147302217e-11,Bin,4.4,4.5
US National,3 wk ahead,percent,6.29046147302217e-11,Bin,4.5,4.6
US National,3 wk ahead,percent,6.29046147302217e-11,Bin,4.6,4.7
US National,3 wk ahead,percent,6.29046147302217e-11,Bin,4.7,4.8
US National,3 wk ahead,percent,6.29046147302217e-11,Bin,4.8,4.9
US National,3 wk ahead,percent,6.29046147302217e-11,Bin,4.9,5.0
US National,3 wk ahead,percent,6.29046147302217e-11,Bin,5.0,5.1
US National,3 wk ahead,percent,6.29046147302217e-11,Bin,5.1,5.2
US National,3 wk ahead,percent,6.29046147302217e-11,Bin,5.2,5.3
US National,3 wk ahead,percent,6.29046147302217e-11,Bin,5.3,5.4
US National,3 wk ahead,percent,6.29046147302217e-11,Bin,5.4,5.5
US National,3 wk ahead,percent,6.29046147302217e-11,Bin,5.5,5.6
US National,3 wk ahead,percent,6.29046147302217e-11,Bin,5.6,5.7
US National,3 wk ahead,percent,6.29046147302217e-11,Bin,5.7,5.8
US National,3 wk ahead,percent,6.29046147302217e-11,Bin,5.8,5.9
US National,3 wk ahead,percent,6.29046147302217e-11,Bin,5.9,6.0
US National,3 wk ahead,percent,6.29046147302217e-11,Bin,6.0,6.1
US National,3 wk ahead,percent,6.29046147302217e-11,Bin,6.1,6.2
US National,3 wk ahead,percent,6.29046147302217e-11,Bin,6.2,6.3
US National,3 wk ahead,percent,6.29046147302217e-11,Bin,6.3,6.4
US National,3 wk ahead,percent,6.29046147302217e-11,Bin,6.4,6.5
US National,3 wk ahead,percent,6.29046147302217e-11,Bin,6.5,6.6
US National,3 wk ahead,percent,6.29046147302217e-11,Bin,6.6,6.7
US National,3 wk ahead,percent,6.29046147302217e-11,Bin,6.7,6.8
US National,3 wk ahead,percent,6.29046147302217e-11,Bin,6.8,6.9
US National,3 wk ahead,percent,6.29046147302217e-11,Bin,6.9,7.0
US National,3 wk ahead,percent,6.29046147302217e-11,Bin,7.0,7.1
US National,3 wk ahead,percent,6.29046147302217e-11,Bin,7.1,7.2
US National,3 wk ahead,percent,6.29046147302217e-11,Bin,7.2,7.3
US National,3 wk ahead,percent,6.29046147302217e-11,Bin,7.3,7.4
US National,3 wk ahead,percent,6.29046147302217e-11,Bin,7.4,7.5
US National,3 wk ahead,percent,6.29046147302217e-11,Bin,7.5,7.6
US National,3 wk ahead,percent,6.29046147302217e-11,Bin,7.6,7.7
US National,3 wk ahead,percent,6.29046147302217e-11,Bin,7.7,7.8
US National,3 wk ahead,percent,6.29046147302217e-11,Bin,7.8,7.9
US National,3 wk ahead,percent,6.29046147302217e-11,Bin,7.9,8.0
US National,3 wk ahead,percent,6.29046147302222e-11,Bin,8.0,8.1
US National,3 wk ahead,percent,6.29046147302228e-11,Bin,8.1,8.2
US National,3 wk ahead,percent,6.29046147302228e-11,Bin,8.2,8.3
US National,3 wk ahead,percent,6.29046147302228e-11,Bin,8.3,8.4
US National,3 wk ahead,percent,6.29046147302228e-11,Bin,8.4,8.5
US National,3 wk ahead,percent,6.29046147302228e-11,Bin,8.5,8.6
US National,3 wk ahead,percent,6.29046147302228e-11,Bin,8.6,8.7
US National,3 wk ahead,percent,6.29046147302228e-11,Bin,8.7,8.8
US National,3 wk ahead,percent,6.29046147302228e-11,Bin,8.8,8.9
US National,3 wk ahead,percent,6.29046147302228e-11,Bin,8.9,9.0
US National,3 wk ahead,percent,6.29046147302228e-11,Bin,9.0,9.1
US National,3 wk ahead,percent,6.29046147302228e-11,Bin,9.1,9.2
US National,3 wk ahead,percent,6.29046147302228e-11,Bin,9.2,9.3
US National,3 wk ahead,percent,6.29046147302228e-11,Bin,9.3,9.4
US National,3 wk ahead,percent,6.29046147302228e-11,Bin,9.4,9.5
US National,3 wk ahead,percent,6.29046147302228e-11,Bin,9.5,9.6
US National,3 wk ahead,percent,6.29046147302228e-11,Bin,9.6,9.7
US National,3 wk ahead,percent,6.29046147302228e-11,Bin,9.7,9.8
US National,3 wk ahead,percent,6.29046147302228e-11,Bin,9.8,9.9
US National,3 wk ahead,percent,6.29046147302228e-11,Bin,9.9,10.0
US National,3 wk ahead,percent,6.29046147302228e-11,Bin,10.0,10.1
US National,3 wk ahead,percent,6.29046147302228e-11,Bin,10.1,10.2
US National,3 wk ahead,percent,6.29046147302228e-11,Bin,10.2,10.3
US National,3 wk ahead,percent,6.29046147302228e-11,Bin,10.3,10.4
US National,3 wk ahead,percent,6.29046147302228e-11,Bin,10.4,10.5
US National,3 wk ahead,percent,6.29046147302228e-11,Bin,10.5,10.6
US National,3 wk ahead,percent,6.29046147302228e-11,Bin,10.6,10.7
US National,3 wk ahead,percent,6.29046147302228e-11,Bin,10.7,10.8
US National,3 wk ahead,percent,6.29046147302228e-11,Bin,10.8,10.9
US National,3 wk ahead,percent,6.29046147302228e-11,Bin,10.9,11.0
US National,3 wk ahead,percent,6.29046147302228e-11,Bin,11.0,11.1
US National,3 wk ahead,percent,6.29046147302228e-11,Bin,11.1,11.2
US National,3 wk ahead,percent,6.29046147302228e-11,Bin,11.2,11.3
US National,3 wk ahead,percent,6.29046147302228e-11,Bin,11.3,11.4
US National,3 wk ahead,percent,6.29046147302228e-11,Bin,11.4,11.5
US National,3 wk ahead,percent,6.29046147302228e-11,Bin,11.5,11.6
US National,3 wk ahead,percent,6.29046147302228e-11,Bin,11.6,11.7
US National,3 wk ahead,percent,6.29046147302228e-11,Bin,11.7,11.8
US National,3 wk ahead,percent,6.29046147302228e-11,Bin,11.8,11.9
US National,3 wk ahead,percent,6.29046147302228e-11,Bin,11.9,12.0
US National,3 wk ahead,percent,6.29046147302228e-11,Bin,12.0,12.1
US National,3 wk ahead,percent,6.29046147302228e-11,Bin,12.1,12.2
US National,3 wk ahead,percent,6.29046147302228e-11,Bin,12.2,12.3
US National,3 wk ahead,percent,6.29046147302228e-11,Bin,12.3,12.4
US National,3 wk ahead,percent,6.29046147302228e-11,Bin,12.4,12.5
US National,3 wk ahead,percent,6.29046147302228e-11,Bin,12.5,12.6
US National,3 wk ahead,percent,6.29046147302228e-11,Bin,12.6,12.7
US National,3 wk ahead,percent,6.29046147302228e-11,Bin,12.7,12.8
US National,3 wk ahead,percent,6.29046147302228e-11,Bin,12.8,12.9
US National,3 wk ahead,percent,6.29046147302228e-11,Bin,12.9,13.0
US National,3 wk ahead,percent,6.29046147302228e-11,Bin,13.0,100.0
US National,4 wk ahead,percent,3.71382568421428e-11,Bin,0.0,0.1
US National,4 wk ahead,percent,7.42765136842857e-11,Bin,0.1,0.2
US National,4 wk ahead,percent,7.42765136842856e-11,Bin,0.2,0.3
US National,4 wk ahead,percent,7.42765136842856e-11,Bin,0.3,0.4
US National,4 wk ahead,percent,7.42765136842856e-11,Bin,0.4,0.5
US National,4 wk ahead,percent,1.60768315742229e-10,Bin,0.5,0.6
US National,4 wk ahead,percent,2.86042360046145e-09,Bin,0.6,0.7
US National,4 wk ahead,percent,5.65746906688207e-09,Bin,0.7,0.8
US National,4 wk ahead,percent,3.37292978235784e-09,Bin,0.8,0.9
US National,4 wk ahead,percent,1.22725198501277e-08,Bin,0.9,1.0
US National,4 wk ahead,percent,0.00200001344445146,Bin,1.0,1.1
US National,4 wk ahead,percent,0.00200001379960371,Bin,1.1,1.2
US National,4 wk ahead,percent,0.0120000293599962,Bin,1.2,1.3
US National,4 wk ahead,percent,0.0100000393844524,Bin,1.3,1.4
US National,4 wk ahead,percent,0.0260000154630046,Bin,1.4,1.5
US National,4 wk ahead,percent,0.0460000073918567,Bin,1.5,1.6
US National,4 wk ahead,percent,0.0599999970066005,Bin,1.6,1.7
US National,4 wk ahead,percent,0.0659999884096112,Bin,1.7,1.8
US National,4 wk ahead,percent,0.101999981479797,Bin,1.8,1.9
US National,4 wk ahead,percent,0.0899999836720186,Bin,1.9,2.0
US National,4 wk ahead,percent,0.0919999833066484,Bin,2.0,2.1
US National,4 wk ahead,percent,0.0699999873257209,Bin,2.1,2.2
US National,4 wk ahead,percent,0.0739999865949805,Bin,2.2,2.3
US National,4 wk ahead,percent,0.0739999865949805,Bin,2.3,2.4
US National,4 wk ahead,percent,0.0559999898833125,Bin,2.4,2.5
US National,4 wk ahead,percent,0.0619999887872018,Bin,2.5,2.6
US National,4 wk ahead,percent,0.0419999924409041,Bin,2.6,2.7
US National,4 wk ahead,percent,0.0419999924409041,Bin,2.7,2.8
US National,4 wk ahead,percent,0.0179999968253469,Bin,2.8,2.9
US National,4 wk ahead,percent,0.00599999901756822,Bin,2.9,3.0
US National,4 wk ahead,percent,0.0119999979214575,Bin,3.0,3.1
US National,4 wk ahead,percent,0.00799999865219799,Bin,3.1,3.2
US National,4 wk ahead,percent,0.00399999938293845,Bin,3.2,3.3
US National,4 wk ahead,percent,0.00799999865219799,Bin,3.3,3.4
US National,4 wk ahead,percent,1.13678905880424e-10,Bin,3.4,3.5
US National,4 wk ahead,percent,0.00199999974830868,Bin,3.5,3.6
US National,4 wk ahead,percent,0.00599999901756822,Bin,3.6,3.7
US National,4 wk ahead,percent,0.00199999974830868,Bin,3.7,3.8
US National,4 wk ahead,percent,0.00399999938293845,Bin,3.8,3.9
US National,4 wk ahead,percent,1.13678905880424e-10,Bin,3.9,4.0
US National,4 wk ahead,percent,1.13678905880424e-10,Bin,4.0,4.1
US National,4 wk ahead,percent,0.00199999974830868,Bin,4.1,4.2
US National,4 wk ahead,percent,1.13678905880424e-10,Bin,4.2,4.3
US National,4 wk ahead,percent,1.13678905880424e-10,Bin,4.3,4.4
US National,4 wk ahead,percent,1.13678905880424e-10,Bin,4.4,4.5
US National,4 wk ahead,percent,1.13678905880424e-10,Bin,4.5,4.6
US National,4 wk ahead,percent,1.13678905880424e-10,Bin,4.6,4.7
US National,4 wk ahead,percent,1.13678905880424e-10,Bin,4.7,4.8
US National,4 wk ahead,percent,1.13678905880424e-10,Bin,4.8,4.9
US National,4 wk ahead,percent,1.13678905880424e-10,Bin,4.9,5.0
US National,4 wk ahead,percent,1.13678905880424e-10,Bin,5.0,5.1
US National,4 wk ahead,percent,1.13678905880424e-10,Bin,5.1,5.2
US National,4 wk ahead,percent,1.13678905880424e-10,Bin,5.2,5.3
US National,4 wk ahead,percent,1.13678905880424e-10,Bin,5.3,5.4
US National,4 wk ahead,percent,1.13678905880424e-10,Bin,5.4,5.5
US National,4 wk ahead,percent,1.13678905880424e-10,Bin,5.5,5.6
US National,4 wk ahead,percent,1.13678905880424e-10,Bin,5.6,5.7
US National,4 wk ahead,percent,1.13678905880424e-10,Bin,5.7,5.8
US National,4 wk ahead,percent,1.13678905880424e-10,Bin,5.8,5.9
US National,4 wk ahead,percent,1.13678905880424e-10,Bin,5.9,6.0
US National,4 wk ahead,percent,1.13678905880424e-10,Bin,6.0,6.1
US National,4 wk ahead,percent,1.13678905880424e-10,Bin,6.1,6.2
US National,4 wk ahead,percent,1.13678905880424e-10,Bin,6.2,6.3
US National,4 wk ahead,percent,1.13678905880424e-10,Bin,6.3,6.4
US National,4 wk ahead,percent,1.13678905880424e-10,Bin,6.4,6.5
US National,4 wk ahead,percent,1.13678905880424e-10,Bin,6.5,6.6
US National,4 wk ahead,percent,1.13678905880424e-10,Bin,6.6,6.7
US National,4 wk ahead,percent,1.13678905880424e-10,Bin,6.7,6.8
US National,4 wk ahead,percent,1.13678905880424e-10,Bin,6.8,6.9
US National,4 wk ahead,percent,1.13678905880424e-10,Bin,6.9,7.0
US National,4 wk ahead,percent,1.13678905880424e-10,Bin,7.0,7.1
US National,4 wk ahead,percent,1.13678905880424e-10,Bin,7.1,7.2
US National,4 wk ahead,percent,1.13678905880424e-10,Bin,7.2,7.3
US National,4 wk ahead,percent,1.13678905880424e-10,Bin,7.3,7.4
US National,4 wk ahead,percent,1.13678905880424e-10,Bin,7.4,7.5
US National,4 wk ahead,percent,1.13678905880424e-10,Bin,7.5,7.6
US National,4 wk ahead,percent,1.13678905880424e-10,Bin,7.6,7.7
US National,4 wk ahead,percent,1.13678905880424e-10,Bin,7.7,7.8
US National,4 wk ahead,percent,1.13678905880424e-10,Bin,7.8,7.9
US National,4 wk ahead,percent,1.13678905880424e-10,Bin,7.9,8.0
US National,4 wk ahead,percent,1.13678905880425e-10,Bin,8.0,8.1
US National,4 wk ahead,percent,1.13678905880426e-10,Bin,8.1,8.2
US National,4 wk ahead,percent,1.13678905880426e-10,Bin,8.2,8.3
US National,4 wk ahead,percent,1.13678905880426e-10,Bin,8.3,8.4
US National,4 wk ahead,percent,1.13678905880426e-10,Bin,8.4,8.5
US National,4 wk ahead,percent,1.13678905880426e-10,Bin,8.5,8.6
US National,4 wk ahead,percent,1.13678905880426e-10,Bin,8.6,8.7
US National,4 wk ahead,percent,1.13678905880426e-10,Bin,8.7,8.8
US National,4 wk ahead,percent,1.13678905880426e-10,Bin,8.8,8.9
US National,4 wk ahead,percent,1.13678905880426e-10,Bin,8.9,9.0
US National,4 wk ahead,percent,1.13678905880426e-10,Bin,9.0,9.1
US National,4 wk ahead,percent,1.13678905880426e-10,Bin,9.1,9.2
US National,4 wk ahead,percent,1.13678905880426e-10,Bin,9.2,9.3
US National,4 wk ahead,percent,1.13678905880426e-10,Bin,9.3,9.4
US National,4 wk ahead,percent,1.13678905880426e-10,Bin,9.4,9.5
US National,4 wk ahead,percent,1.13678905880426e-10,Bin,9.5,9.6
US National,4 wk ahead,percent,1.13678905880426e-10,Bin,9.6,9.7
US National,4 wk ahead,percent,1.13678905880426e-10,Bin,9.7,9.8
US National,4 wk ahead,percent,1.13678905880426e-10,Bin,9.8,9.9
US National,4 wk ahead,percent,1.13678905880426e-10,Bin,9.9,10.0
US National,4 wk ahead,percent,1.13678905880426e-10,Bin,10.0,10.1
US National,4 wk ahead,percent,1.13678905880426e-10,Bin,10.1,10.2
US National,4 wk ahead,percent,1.13678905880426e-10,Bin,10.2,10.3
US National,4 wk ahead,percent,1.13678905880426e-10,Bin,10.3,10.4
US National,4 wk ahead,percent,1.13678905880426e-10,Bin,10.4,10.5
US National,4 wk ahead,percent,1.13678905880426e-10,Bin,10.5,10.6
US National,4 wk ahead,percent,1.13678905880426e-10,Bin,10.6,10.7
US National,4 wk ahead,percent,1.13678905880426e-10,Bin,10.7,10.8
US National,4 wk ahead,percent,1.13678905880426e-10,Bin,10.8,10.9
US National,4 wk ahead,percent,1.13678905880426e-10,Bin,10.9,11.0
US National,4 wk ahead,percent,1.13678905880426e-10,Bin,11.0,11.1
US National,4 wk ahead,percent,1.13678905880426e-10,Bin,11.1,11.2
US National,4 wk ahead,percent,1.13678905880426e-10,Bin,11.2,11.3
US National,4 wk ahead,percent,1.13678905880426e-10,Bin,11.3,11.4
US National,4 wk ahead,percent,1.13678905880426e-10,Bin,11.4,11.5
US National,4 wk ahead,percent,1.13678905880426e-10,Bin,11.5,11.6
US National,4 wk ahead,percent,1.13678905880426e-10,Bin,11.6,11.7
US National,4 wk ahead,percent,1.13678905880426e-10,Bin,11.7,11.8
US National,4 wk ahead,percent,1.13678905880426e-10,Bin,11.8,11.9
US National,4 wk ahead,percent,1.13678905880426e-10,Bin,11.9,12.0
US National,4 wk ahead,percent,1.13678905880426e-10,Bin,12.0,12.1
US National,4 wk ahead,percent,1.13678905880426e-10,Bin,12.1,12.2
US National,4 wk ahead,percent,1.13678905880426e-10,Bin,12.2,12.3
US National,4 wk ahead,percent,1.13678905880426e-10,Bin,12.3,12.4
US National,4 wk ahead,percent,1.13678905880426e-10,Bin,12.4,12.5
US National,4 wk ahead,percent,1.13678905880426e-10,Bin,12.5,12.6
US National,4 wk ahead,percent,1.13678905880426e-10,Bin,12.6,12.7
US National,4 wk ahead,percent,1.13678905880426e-10,Bin,12.7,12.8
US National,4 wk ahead,percent,1.13678905880426e-10,Bin,12.8,12.9
US National,4 wk ahead,percent,1.13678905880426e-10,Bin,12.9,13.0
US National,4 wk ahead,percent,1.13678905880426e-10,Bin,13.0,100.0
HHS Region 1,Season onset,week,9.81457383291708e-06,Bin,40.0,41.0
HHS Region 1,Season onset,week,9.81457383291708e-06,Bin,41.0,42.0
HHS Region 1,Season onset,week,2.74466618382469e-05,Bin,42.0,43.0
HHS Region 1,Season onset,week,0.000183427250717197,Bin,43.0,44.0
HHS Region 1,Season onset,week,0.000576805841162749,Bin,44.0,45.0
HHS Region 1,Season onset,week,0.000848215794885429,Bin,45.0,46.0
HHS Region 1,Season onset,week,0.000634106412212784,Bin,46.0,47.0
HHS Region 1,Season onset,week,0.000587310502644187,Bin,47.0,48.0
HHS Region 1,Season onset,week,0.00139878803683385,Bin,48.0,49.0
HHS Region 1,Season onset,week,0.00237192774516213,Bin,49.0,50.0
HHS Region 1,Season onset,week,0.00242758544463265,Bin,50.0,51.0
HHS Region 1,Season onset,week,0.963930878110365,Bin,51.0,52.0
HHS Region 1,Season onset,week,0.0020696207460281,Bin,52.0,53.0
HHS Region 1,Season onset,week,0.00135821743650883,Bin,1.0,2.0
HHS Region 1,Season onset,week,0.00102851201956445,Bin,2.0,3.0
HHS Region 1,Season onset,week,0.00258802013067344,Bin,3.0,4.0
HHS Region 1,Season onset,week,0.0054268720790202,Bin,4.0,5.0
HHS Region 1,Season onset,week,0.00621853289124909,Bin,5.0,6.0
HHS Region 1,Season onset,week,0.00369779313445881,Bin,6.0,7.0
HHS Region 1,Season onset,week,0.00109444573227336,Bin,7.0,8.0
HHS Region 1,Season onset,week,0.000158053844209628,Bin,8.0,9.0
HHS Region 1,Season onset,week,5.59175458115747e-05,Bin,9.0,10.0
HHS Region 1,Season onset,week,5.59175458115747e-05,Bin,10.0,11.0
HHS Region 1,Season onset,week,5.59175458115747e-05,Bin,11.0,12.0
HHS Region 1,Season onset,week,5.59175458115747e-05,Bin,12.0,13.0
HHS Region 1,Season onset,week,5.59175458115747e-05,Bin,13.0,14.0
HHS Region 1,Season onset,week,5.59175458115747e-05,Bin,14.0,15.0
HHS Region 1,Season onset,week,5.59175458115747e-05,Bin,15.0,16.0
HHS Region 1,Season onset,week,5.59175458115747e-05,Bin,16.0,17.0
HHS Region 1,Season onset,week,5.59175458115747e-05,Bin,17.0,18.0
HHS Region 1,Season onset,week,5.59175458115747e-05,Bin,18.0,19.0
HHS Region 1,Season onset,week,5.59175458115747e-05,Bin,19.0,20.0
HHS Region 1,Season onset,week,5.59175458115747e-05,Bin,20.0,21.0
HHS Region 1,Season onset,week,0.00268280048815562,Bin,none,none
HHS Region 1,Season peak week,week,2.58175492293276e-05,Bin,40.0,41.0
HHS Region 1,Season peak week,week,2.58175492293276e-05,Bin,41.0,42.0
HHS Region 1,Season peak week,week,2.58175492293276e-05,Bin,42.0,43.0
HHS Region 1,Season peak week,week,2.58175492293276e-05,Bin,43.0,44.0
HHS Region 1,Season peak week,week,2.58175492293276e-05,Bin,44.0,45.0
HHS Region 1,Season peak week,week,2.58175492293276e-05,Bin,45.0,46.0
HHS Region 1,Season peak week,week,2.58175492293276e-05,Bin,46.0,47.0
HHS Region 1,Season peak week,week,2.58175492293276e-05,Bin,47.0,48.0
HHS Region 1,Season peak week,week,2.59533546004366e-05,Bin,48.0,49.0
HHS Region 1,Season peak week,week,0.000110465103774331,Bin,49.0,50.0
HHS Region 1,Season peak week,week,0.000587519787870415,Bin,50.0,51.0
HHS Region 1,Season peak week,week,0.00159875721413597,Bin,51.0,52.0
HHS Region 1,Season peak week,week,0.00223472954844062,Bin,52.0,53.0
HHS Region 1,Season peak week,week,0.00164350404558355,Bin,1.0,2.0
HHS Region 1,Season peak week,week,0.00089030745299358,Bin,2.0,3.0
HHS Region 1,Season peak week,week,0.00131324980374268,Bin,3.0,4.0
HHS Region 1,Season peak week,week,0.00295044452369499,Bin,4.0,5.0
HHS Region 1,Season peak week,week,0.00464073153836388,Bin,5.0,6.0
HHS Region 1,Season peak week,week,0.00517948025391236,Bin,6.0,7.0
HHS Region 1,Season peak week,week,0.00476665292917481,Bin,7.0,8.0
HHS Region 1,Season peak week,week,0.0039215107052631,Bin,8.0,9.0
HHS Region 1,Season peak week,week,0.00284658109555269,Bin,9.0,10.0
HHS Region 1,Season peak week,week,0.00217540097161994,Bin,10.0,11.0
HHS Region 1,Season peak week,week,0.678368521361003,Bin,11.0,12.0
HHS Region 1,Season peak week,week,0.000986613840195772,Bin,12.0,13.0
HHS Region 1,Season peak week,week,0.117609506424702,Bin,13.0,14.0
HHS Region 1,Season peak week,week,0.0776457680986442,Bin,14.0,15.0
HHS Region 1,Season peak week,week,0.045122511145283,Bin,15.0,16.0
HHS Region 1,Season peak week,week,0.0324918541401611,Bin,16.0,17.0
HHS Region 1,Season peak week,week,0.00542631099557852,Bin,17.0,18.0
HHS Region 1,Season peak week,week,0.00542631099557852,Bin,18.0,19.0
HHS Region 1,Season peak week,week,0.00181757190963417,Bin,19.0,20.0
HHS Region 1,Season peak week,week,1.32023666619925e-05,Bin,20.0,21.0
HHS Region 1,Season peak percentage,percent,1.87417588486118e-06,Bin,0.0,0.1
HHS Region 1,Season peak percentage,percent,6.03158311927776e-06,Bin,0.1,0.2
HHS Region 1,Season peak percentage,percent,1.3972676448424e-05,Bin,0.2,0.3
HHS Region 1,Season peak percentage,percent,2.93365581832851e-05,Bin,0.3,0.4
HHS Region 1,Season peak percentage,percent,5.57968945493839e-05,Bin,0.4,0.5
HHS Region 1,Season peak percentage,percent,9.61180843048773e-05,Bin,0.5,0.6
HHS Region 1,Season peak percentage,percent,0.000150010129958457,Bin,0.6,0.7
HHS Region 1,Season peak percentage,percent,0.000212137609048371,Bin,0.7,0.8
HHS Region 1,Season peak percentage,percent,0.000271954450215723,Bin,0.8,0.9
HHS Region 1,Season peak percentage,percent,0.000316521744599408,Bin,0.9,1.0
HHS Region 1,Season peak percentage,percent,0.000335749419768157,Bin,1.0,1.1
HHS Region 1,Season peak percentage,percent,0.000328270235263376,Bin,1.1,1.2
HHS Region 1,Season peak percentage,percent,0.000304639208436662,Bin,1.2,1.3
HHS Region 1,Season peak percentage,percent,0.000286957563048785,Bin,1.3,1.4
HHS Region 1,Season peak percentage,percent,0.000304743058744314,Bin,1.4,1.5
HHS Region 1,Season peak percentage,percent,0.000388382512092322,Bin,1.5,1.6
HHS Region 1,Season peak percentage,percent,0.000561474663955708,Bin,1.6,1.7
HHS Region 1,Season peak percentage,percent,0.000831591241270801,Bin,1.7,1.8
HHS Region 1,Season peak percentage,percent,0.00118249379458865,Bin,1.8,1.9
HHS Region 1,Season peak percentage,percent,0.00157075647114125,Bin,1.9,2.0
HHS Region 1,Season peak percentage,percent,0.00193129251115338,Bin,2.0,2.1
HHS Region 1,Season peak percentage,percent,0.00219373419685536,Bin,2.1,2.2
HHS Region 1,Season peak percentage,percent,0.723600614135195,Bin,2.2,2.3
HHS Region 1,Season peak percentage,percent,0.0291704954478924,Bin,2.3,2.4
HHS Region 1,Season peak percentage,percent,0.0366508836848988,Bin,2.4,2.5
HHS Region 1,Season peak percentage,percent,0.0286420198968018,Bin,2.5,2.6
HHS Region 1,Season peak percentage,percent,0.0321336169209383,Bin,2.6,2.7
HHS Region 1,Season peak percentage,percent,0.0240972530301839,Bin,2.7,2.8
HHS Region 1,Season peak percentage,percent,0.0122612334579916,Bin,2.8,2.9
HHS Region 1,Season peak percentage,percent,0.00818150818590427,Bin,2.9,3.0
HHS Region 1,Season peak percentage,percent,0.00801282482131692,Bin,3.0,3.1
HHS Region 1,Season peak percentage,percent,0.00598046821036948,Bin,3.1,3.2
HHS Region 1,Season peak percentage,percent,0.00400278444497539,Bin,3.2,3.3
HHS Region 1,Season peak percentage,percent,0.00399947387400782,Bin,3.3,3.4
HHS Region 1,Season peak percentage,percent,0.00404429856379559,Bin,3.4,3.5
HHS Region 1,Season peak percentage,percent,0.00413257117347582,Bin,3.5,3.6
HHS Region 1,Season peak percentage,percent,0.00617780444957022,Bin,3.6,3.7
HHS Region 1,Season peak percentage,percent,0.0101631203074683,Bin,3.7,3.8
HHS Region 1,Season peak percentage,percent,0.000678928958191028,Bin,3.8,3.9
HHS Region 1,Season peak percentage,percent,0.00463247385096816,Bin,3.9,4.0
HHS Region 1,Season peak percentage,percent,0.000852587119154144,Bin,4.0,4.1
HHS Region 1,Season peak percentage,percent,0.000879592630152254,Bin,4.1,4.2
HHS Region 1,Season peak percentage,percent,0.000878036904277285,Bin,4.2,4.3
HHS Region 1,Season peak percentage,percent,0.00471112354794048,Bin,4.3,4.4
HHS Region 1,Season peak percentage,percent,0.000849825027784373,Bin,4.4,4.5
HHS Region 1,Season peak percentage,percent,0.00275867165229109,Bin,4.5,4.6
HHS Region 1,Season peak percentage,percent,0.000809493934161028,Bin,4.6,4.7
HHS Region 1,Season peak percentage,percent,0.00268128193520503,Bin,4.7,4.8
HHS Region 1,Season peak percentage,percent,0.00259495852249628,Bin,4.8,4.9
HHS Region 1,Season peak percentage,percent,0.00247782294063218,Bin,4.9,5.0
HHS Region 1,Season peak percentage,percent,0.00042179929058645,Bin,5.0,5.1
HHS Region 1,Season peak percentage,percent,0.000293784207730947,Bin,5.1,5.2
HHS Region 1,Season peak percentage,percent,0.00210997446195078,Bin,5.2,5.3
HHS Region 1,Season peak percentage,percent,0.00587804886640693,Bin,5.3,5.4
HHS Region 1,Season peak percentage,percent,5.64945821259024e-05,Bin,5.4,5.5
HHS Region 1,Season peak percentage,percent,2.70304667875777e-05,Bin,5.5,5.6
HHS Region 1,Season peak percentage,percent,1.22134693417286e-05,Bin,5.6,5.7
HHS Region 1,Season peak percentage,percent,6.36382978293206e-06,Bin,5.7,5.8
HHS Region 1,Season peak percentage,percent,6.32742762390143e-06,Bin,5.8,5.9
HHS Region 1,Season peak percentage,percent,1.14720185042011e-05,Bin,5.9,6.0
HHS Region 1,Season peak percentage,percent,2.31624920755881e-05,Bin,6.0,6.1
HHS Region 1,Season peak percentage,percent,0.00196726151361702,Bin,6.1,6.2
HHS Region 1,Season peak percentage,percent,7.53968491904001e-05,Bin,6.2,6.3
HHS Region 1,Season peak percentage,percent,0.000117646670863664,Bin,6.3,6.4
HHS Region 1,Season peak percentage,percent,0.00016629128312597,Bin,6.4,6.5
HHS Region 1,Season peak percentage,percent,0.000212928420257045,Bin,6.5,6.6
HHS Region 1,Season peak percentage,percent,0.000246970855596589,Bin,6.6,6.7
HHS Region 1,Season peak percentage,percent,0.00218293823939454,Bin,6.7,6.8
HHS Region 1,Season peak percentage,percent,0.000246976002480394,Bin,6.8,6.9
HHS Region 1,Season peak percentage,percent,0.000212921998616301,Bin,6.9,7.0
HHS Region 1,Season peak percentage,percent,0.00593666365165392,Bin,7.0,7.1
HHS Region 1,Season peak percentage,percent,0.00011764009976545,Bin,7.1,7.2
HHS Region 1,Season peak percentage,percent,0.00199884669161259,Bin,7.2,7.3
HHS Region 1,Season peak percentage,percent,4.37658630735099e-05,Bin,7.3,7.4
HHS Region 1,Season peak percentage,percent,2.30114128089631e-05,Bin,7.4,7.5
HHS Region 1,Season peak percentage,percent,1.09601588226423e-05,Bin,7.5,7.6
HHS Region 1,Season peak percentage,percent,4.73118242309095e-06,Bin,7.6,7.7
HHS Region 1,Season peak percentage,percent,2.94021450206411e-06,Bin,7.7,7.8
HHS Region 1,Season peak percentage,percent,2.94021450206411e-06,Bin,7.8,7.9
HHS Region 1,Season peak percentage,percent,2.94021450206411e-06,Bin,7.9,8.0
HHS Region 1,Season peak percentage,percent,2.94021450206414e-06,Bin,8.0,8.1
HHS Region 1,Season peak percentage,percent,2.94021450206416e-06,Bin,8.1,8.2
HHS Region 1,Season peak percentage,percent,2.94021450206416e-06,Bin,8.2,8.3
HHS Region 1,Season peak percentage,percent,2.94021450206416e-06,Bin,8.3,8.4
HHS Region 1,Season peak percentage,percent,2.94021450206416e-06,Bin,8.4,8.5
HHS Region 1,Season peak percentage,percent,2.94021450206416e-06,Bin,8.5,8.6
HHS Region 1,Season peak percentage,percent,2.94021450206416e-06,Bin,8.6,8.7
HHS Region 1,Season peak percentage,percent,2.94021450206416e-06,Bin,8.7,8.8
HHS Region 1,Season peak percentage,percent,2.94021450206416e-06,Bin,8.8,8.9
HHS Region 1,Season peak percentage,percent,2.94021450206416e-06,Bin,8.9,9.0
HHS Region 1,Season peak percentage,percent,2.94021450206416e-06,Bin,9.0,9.1
HHS Region 1,Season peak percentage,percent,2.94021450206416e-06,Bin,9.1,9.2
HHS Region 1,Season peak percentage,percent,2.94021450206416e-06,Bin,9.2,9.3
HHS Region 1,Season peak percentage,percent,2.94021450206416e-06,Bin,9.3,9.4
HHS Region 1,Season peak percentage,percent,2.94021450206416e-06,Bin,9.4,9.5
HHS Region 1,Season peak percentage,percent,2.94021450206416e-06,Bin,9.5,9.6
HHS Region 1,Season peak percentage,percent,2.94021450206416e-06,Bin,9.6,9.7
HHS Region 1,Season peak percentage,percent,2.94021450206416e-06,Bin,9.7,9.8
HHS Region 1,Season peak percentage,percent,2.94021450206416e-06,Bin,9.8,9.9
HHS Region 1,Season peak percentage,percent,2.94021450206416e-06,Bin,9.9,10.0
HHS Region 1,Season peak percentage,percent,2.94021450206416e-06,Bin,10.0,10.1
HHS Region 1,Season peak percentage,percent,2.94021450206416e-06,Bin,10.1,10.2
HHS Region 1,Season peak percentage,percent,2.94021450206416e-06,Bin,10.2,10.3
HHS Region 1,Season peak percentage,percent,2.94021450206416e-06,Bin,10.3,10.4
HHS Region 1,Season peak percentage,percent,2.94021450206416e-06,Bin,10.4,10.5
HHS Region 1,Season peak percentage,percent,2.94021450206416e-06,Bin,10.5,10.6
HHS Region 1,Season peak percentage,percent,2.94021450206416e-06,Bin,10.6,10.7
HHS Region 1,Season peak percentage,percent,2.94021450206416e-06,Bin,10.7,10.8
HHS Region 1,Season peak percentage,percent,2.94021450206416e-06,Bin,10.8,10.9
HHS Region 1,Season peak percentage,percent,2.94021450206416e-06,Bin,10.9,11.0
HHS Region 1,Season peak percentage,percent,2.94021450206416e-06,Bin,11.0,11.1
HHS Region 1,Season peak percentage,percent,2.94021450206416e-06,Bin,11.1,11.2
HHS Region 1,Season peak percentage,percent,2.94021450206416e-06,Bin,11.2,11.3
HHS Region 1,Season peak percentage,percent,2.94021450206416e-06,Bin,11.3,11.4
HHS Region 1,Season peak percentage,percent,2.94021450206416e-06,Bin,11.4,11.5
HHS Region 1,Season peak percentage,percent,2.94021450206416e-06,Bin,11.5,11.6
HHS Region 1,Season peak percentage,percent,2.94021450206416e-06,Bin,11.6,11.7
HHS Region 1,Season peak percentage,percent,2.94021450206416e-06,Bin,11.7,11.8
HHS Region 1,Season peak percentage,percent,2.94021450206416e-06,Bin,11.8,11.9
HHS Region 1,Season peak percentage,percent,2.94021450206416e-06,Bin,11.9,12.0
HHS Region 1,Season peak percentage,percent,2.94021450206416e-06,Bin,12.0,12.1
HHS Region 1,Season peak percentage,percent,2.94021450206416e-06,Bin,12.1,12.2
HHS Region 1,Season peak percentage,percent,2.94021450206416e-06,Bin,12.2,12.3
HHS Region 1,Season peak percentage,percent,2.94021450206416e-06,Bin,12.3,12.4
HHS Region 1,Season peak percentage,percent,2.94021450206416e-06,Bin,12.4,12.5
HHS Region 1,Season peak percentage,percent,2.94021450206416e-06,Bin,12.5,12.6
HHS Region 1,Season peak percentage,percent,2.94021450206416e-06,Bin,12.6,12.7
HHS Region 1,Season peak percentage,percent,2.94021450206416e-06,Bin,12.7,12.8
HHS Region 1,Season peak percentage,percent,2.94021450206416e-06,Bin,12.8,12.9
HHS Region 1,Season peak percentage,percent,2.94021450206416e-06,Bin,12.9,13.0
HHS Region 1,Season peak percentage,percent,2.94021450206416e-06,Bin,13.0,100.0
HHS Region 1,1 wk ahead,percent,2.56414552391805e-10,Bin,0.0,0.1
HHS Region 1,1 wk ahead,percent,1.21869934111949e-09,Bin,0.1,0.2
HHS Region 1,1 wk ahead,percent,2.90004991625654e-09,Bin,0.2,0.3
HHS Region 1,1 wk ahead,percent,5.4145728821364e-09,Bin,0.3,0.4
HHS Region 1,1 wk ahead,percent,0.00400000758548707,Bin,0.4,0.5
HHS Region 1,1 wk ahead,percent,1.10767569210874e-08,Bin,0.5,0.6
HHS Region 1,1 wk ahead,percent,1.31570305033972e-08,Bin,0.6,0.7
HHS Region 1,1 wk ahead,percent,1.38695079092989e-08,Bin,0.7,0.8
HHS Region 1,1 wk ahead,percent,0.00200001267531832,Bin,0.8,0.9
HHS Region 1,1 wk ahead,percent,0.00600001045830404,Bin,0.9,1.0
HHS Region 1,1 wk ahead,percent,0.0020000099810938,Bin,1.0,1.1
HHS Region 1,1 wk ahead,percent,0.00400000876534028,Bin,1.1,1.2
HHS Region 1,1 wk ahead,percent,0.0120000068525321,Bin,1.2,1.3
HHS Region 1,1 wk ahead,percent,0.0280000046316267,Bin,1.3,1.4
HHS Region 1,1 wk ahead,percent,0.0739999983258577,Bin,1.4,1.5
HHS Region 1,1 wk ahead,percent,0.0620000023019787,Bin,1.5,1.6
HHS Region 1,1 wk ahead,percent,0.0919999959629024,Bin,1.6,1.7
HHS Region 1,1 wk ahead,percent,0.111999988665925,Bin,1.7,1.8
HHS Region 1,1 wk ahead,percent,0.161999975267706,Bin,1.8,1.9
HHS Region 1,1 wk ahead,percent,0.12599997889682,Bin,1.9,2.0
HHS Region 1,1 wk ahead,percent,0.0619999892287697,Bin,2.0,2.1
HHS Region 1,1 wk ahead,percent,0.0719999869709951,Bin,2.1,2.2
HHS Region 1,1 wk ahead,percent,0.0559999898468779,Bin,2.2,2.3
HHS Region 1,1 wk ahead,percent,0.0279999949620611,Bin,2.3,2.4
HHS Region 1,1 wk ahead,percent,0.0159999971542825,Bin,2.4,2.5
HHS Region 1,1 wk ahead,percent,0.00599999898113364,Bin,2.5,2.6
HHS Region 1,1 wk ahead,percent,0.0239999956928016,Bin,2.6,2.7
HHS Region 1,1 wk ahead,percent,0.0179999967889123,Bin,2.7,2.8
HHS Region 1,1 wk ahead,percent,0.00599999898113364,Bin,2.8,2.9
HHS Region 1,1 wk ahead,percent,0.00399999934650387,Bin,2.9,3.0
HHS Region 1,1 wk ahead,percent,0.00599999898113364,Bin,3.0,3.1
HHS Region 1,1 wk ahead,percent,7.72443244474842e-11,Bin,3.1,3.2
HHS Region 1,1 wk ahead,percent,7.72443244474842e-11,Bin,3.2,3.3
HHS Region 1,1 wk ahead,percent,7.72443244474842e-11,Bin,3.3,3.4
HHS Region 1,1 wk ahead,percent,7.72443244474842e-11,Bin,3.4,3.5
HHS Region 1,1 wk ahead,percent,7.72443244474842e-11,Bin,3.5,3.6
HHS Region 1,1 wk ahead,percent,0.0019999997118741,Bin,3.6,3.7
HHS Region 1,1 wk ahead,percent,7.72443244474842e-11,Bin,3.7,3.8
HHS Region 1,1 wk ahead,percent,7.72443244474842e-11,Bin,3.8,3.9
HHS Region 1,1 wk ahead,percent,0.00399999934650387,Bin,3.9,4.0
HHS Region 1,1 wk ahead,percent,7.72443244474842e-11,Bin,4.0,4.1
HHS Region 1,1 wk ahead,percent,7.72443244474842e-11,Bin,4.1,4.2
HHS Region 1,1 wk ahead,percent,7.72443244474842e-11,Bin,4.2,4.3
HHS Region 1,1 wk ahead,percent,0.00399999934650387,Bin,4.3,4.4
HHS Region 1,1 wk ahead,percent,7.72443244474842e-11,Bin,4.4,4.5
HHS Region 1,1 wk ahead,percent,7.72443244474842e-11,Bin,4.5,4.6
HHS Region 1,1 wk ahead,percent,7.72443244474842e-11,Bin,4.6,4.7
HHS Region 1,1 wk ahead,percent,7.72443244474842e-11,Bin,4.7,4.8
HHS Region 1,1 wk ahead,percent,7.72443244474842e-11,Bin,4.8,4.9
HHS Region 1,1 wk ahead,percent,7.72443244474842e-11,Bin,4.9,5.0
HHS Region 1,1 wk ahead,percent,7.72443244474842e-11,Bin,5.0,5.1
HHS Region 1,1 wk ahead,percent,7.72443244474842e-11,Bin,5.1,5.2
HHS Region 1,1 wk ahead,percent,7.72443244474842e-11,Bin,5.2,5.3
HHS Region 1,1 wk ahead,percent,7.72443244474842e-11,Bin,5.3,5.4
HHS Region 1,1 wk ahead,percent,7.72443244474842e-11,Bin,5.4,5.5
HHS Region 1,1 wk ahead,percent,7.72443244474842e-11,Bin,5.5,5.6
HHS Region 1,1 wk ahead,percent,7.72443244474842e-11,Bin,5.6,5.7
HHS Region 1,1 wk ahead,percent,7.72443244474842e-11,Bin,5.7,5.8
HHS Region 1,1 wk ahead,percent,7.72443244474842e-11,Bin,5.8,5.9
HHS Region 1,1 wk ahead,percent,7.72443244474842e-11,Bin,5.9,6.0
HHS Region 1,1 wk ahead,percent,7.72443244474842e-11,Bin,6.0,6.1
HHS Region 1,1 wk ahead,percent,7.72443244474842e-11,Bin,6.1,6.2
HHS Region 1,1 wk ahead,percent,7.72443244474842e-11,Bin,6.2,6.3
HHS Region 1,1 wk ahead,percent,7.72443244474842e-11,Bin,6.3,6.4
HHS Region 1,1 wk ahead,percent,7.72443244474842e-11,Bin,6.4,6.5
HHS Region 1,1 wk ahead,percent,7.72443244474842e-11,Bin,6.5,6.6
HHS Region 1,1 wk ahead,percent,7.72443244474842e-11,Bin,6.6,6.7
HHS Region 1,1 wk ahead,percent,7.72443244474842e-11,Bin,6.7,6.8
HHS Region 1,1 wk ahead,percent,7.72443244474842e-11,Bin,6.8,6.9
HHS Region 1,1 wk ahead,percent,7.72443244474842e-11,Bin,6.9,7.0
HHS Region 1,1 wk ahead,percent,0.00599999898113364,Bin,7.0,7.1
HHS Region 1,1 wk ahead,percent,7.72443244474842e-11,Bin,7.1,7.2
HHS Region 1,1 wk ahead,percent,7.72443244474842e-11,Bin,7.2,7.3
HHS Region 1,1 wk ahead,percent,7.72443244474842e-11,Bin,7.3,7.4
HHS Region 1,1 wk ahead,percent,7.72443244474842e-11,Bin,7.4,7.5
HHS Region 1,1 wk ahead,percent,7.72443244474842e-11,Bin,7.5,7.6
HHS Region 1,1 wk ahead,percent,7.72443244474842e-11,Bin,7.6,7.7
HHS Region 1,1 wk ahead,percent,7.72443244474842e-11,Bin,7.7,7.8
HHS Region 1,1 wk ahead,percent,7.72443244474842e-11,Bin,7.8,7.9
HHS Region 1,1 wk ahead,percent,7.72443244474842e-11,Bin,7.9,8.0
HHS Region 1,1 wk ahead,percent,7.72443244474849e-11,Bin,8.0,8.1
HHS Region 1,1 wk ahead,percent,7.72443244474856e-11,Bin,8.1,8.2
HHS Region 1,1 wk ahead,percent,7.72443244474856e-11,Bin,8.2,8.3
HHS Region 1,1 wk ahead,percent,7.72443244474856e-11,Bin,8.3,8.4
HHS Region 1,1 wk ahead,percent,7.72443244474856e-11,Bin,8.4,8.5
HHS Region 1,1 wk ahead,percent,7.72443244474856e-11,Bin,8.5,8.6
HHS Region 1,1 wk ahead,percent,7.72443244474856e-11,Bin,8.6,8.7
HHS Region 1,1 wk ahead,percent,7.72443244474856e-11,Bin,8.7,8.8
HHS Region 1,1 wk ahead,percent,7.72443244474856e-11,Bin,8.8,8.9
HHS Region 1,1 wk ahead,percent,7.72443244474856e-11,Bin,8.9,9.0
HHS Region 1,1 wk ahead,percent,7.72443244474856e-11,Bin,9.0,9.1
HHS Region 1,1 wk ahead,percent,7.72443244474856e-11,Bin,9.1,9.2
HHS Region 1,1 wk ahead,percent,7.72443244474856e-11,Bin,9.2,9.3
HHS Region 1,1 wk ahead,percent,7.72443244474856e-11,Bin,9.3,9.4
HHS Region 1,1 wk ahead,percent,7.72443244474856e-11,Bin,9.4,9.5
HHS Region 1,1 wk ahead,percent,7.72443244474856e-11,Bin,9.5,9.6
HHS Region 1,1 wk ahead,percent,7.72443244474856e-11,Bin,9.6,9.7
HHS Region 1,1 wk ahead,percent,7.72443244474856e-11,Bin,9.7,9.8
HHS Region 1,1 wk ahead,percent,7.72443244474856e-11,Bin,9.8,9.9
HHS Region 1,1 wk ahead,percent,7.72443244474856e-11,Bin,9.9,10.0
HHS Region 1,1 wk ahead,percent,7.72443244474856e-11,Bin,10.0,10.1
HHS Region 1,1 wk ahead,percent,7.72443244474856e-11,Bin,10.1,10.2
HHS Region 1,1 wk ahead,percent,7.72443244474856e-11,Bin,10.2,10.3
HHS Region 1,1 wk ahead,percent,7.72443244474856e-11,Bin,10.3,10.4
HHS Region 1,1 wk ahead,percent,7.72443244474856e-11,Bin,10.4,10.5
HHS Region 1,1 wk ahead,percent,7.72443244474856e-11,Bin,10.5,10.6
HHS Region 1,1 wk ahead,percent,7.72443244474856e-11,Bin,10.6,10.7
HHS Region 1,1 wk ahead,percent,7.72443244474856e-11,Bin,10.7,10.8
HHS Region 1,1 wk ahead,percent,7.72443244474856e-11,Bin,10.8,10.9
HHS Region 1,1 wk ahead,percent,7.72443244474856e-11,Bin,10.9,11.0
HHS Region 1,1 wk ahead,percent,7.72443244474856e-11,Bin,11.0,11.1
HHS Region 1,1 wk ahead,percent,7.72443244474856e-11,Bin,11.1,11.2
HHS Region 1,1 wk ahead,percent,7.72443244474856e-11,Bin,11.2,11.3
HHS Region 1,1 wk ahead,percent,7.72443244474856e-11,Bin,11.3,11.4
HHS Region 1,1 wk ahead,percent,7.72443244474856e-11,Bin,11.4,11.5
HHS Region 1,1 wk ahead,percent,7.72443244474856e-11,Bin,11.5,11.6
HHS Region 1,1 wk ahead,percent,7.72443244474856e-11,Bin,11.6,11.7
HHS Region 1,1 wk ahead,percent,7.72443244474856e-11,Bin,11.7,11.8
HHS Region 1,1 wk ahead,percent,7.72443244474856e-11,Bin,11.8,11.9
HHS Region 1,1 wk ahead,percent,7.72443244474856e-11,Bin,11.9,12.0
HHS Region 1,1 wk ahead,percent,7.72443244474856e-11,Bin,12.0,12.1
HHS Region 1,1 wk ahead,percent,7.72443244474856e-11,Bin,12.1,12.2
HHS Region 1,1 wk ahead,percent,7.72443244474856e-11,Bin,12.2,12.3
HHS Region 1,1 wk ahead,percent,7.72443244474856e-11,Bin,12.3,12.4
HHS Region 1,1 wk ahead,percent,7.72443244474856e-11,Bin,12.4,12.5
HHS Region 1,1 wk ahead,percent,7.72443244474856e-11,Bin,12.5,12.6
HHS Region 1,1 wk ahead,percent,7.72443244474856e-11,Bin,12.6,12.7
HHS Region 1,1 wk ahead,percent,7.72443244474856e-11,Bin,12.7,12.8
HHS Region 1,1 wk ahead,percent,7.72443244474856e-11,Bin,12.8,12.9
HHS Region 1,1 wk ahead,percent,7.72443244474856e-11,Bin,12.9,13.0
HHS Region 1,1 wk ahead,percent,7.72443244474856e-11,Bin,13.0,100.0
HHS Region 1,2 wk ahead,percent,6.51570770212145e-10,Bin,0.0,0.1
HHS Region 1,2 wk ahead,percent,2.23746337039555e-09,Bin,0.1,0.2
HHS Region 1,2 wk ahead,percent,4.05887807679577e-09,Bin,0.2,0.3
HHS Region 1,2 wk ahead,percent,6.53916848029518e-09,Bin,0.3,0.4
HHS Region 1,2 wk ahead,percent,9.39288799801982e-09,Bin,0.4,0.5
HHS Region 1,2 wk ahead,percent,0.00400001135505175,Bin,0.5,0.6
HHS Region 1,2 wk ahead,percent,0.00800001256097188,Bin,0.6,0.7
HHS Region 1,2 wk ahead,percent,0.00200001445689706,Bin,0.7,0.8
HHS Region 1,2 wk ahead,percent,0.0120000123179712,Bin,0.8,0.9
HHS Region 1,2 wk ahead,percent,0.00800001202143481,Bin,0.9,1.0
HHS Region 1,2 wk ahead,percent,0.008000010800428,Bin,1.0,1.1
HHS Region 1,2 wk ahead,percent,0.0160000082799155,Bin,1.1,1.2
HHS Region 1,2 wk ahead,percent,0.0340000041528087,Bin,1.2,1.3
HHS Region 1,2 wk ahead,percent,0.0779999953544404,Bin,1.3,1.4
HHS Region 1,2 wk ahead,percent,0.105999989416806,Bin,1.4,1.5
HHS Region 1,2 wk ahead,percent,0.0999999896004504,Bin,1.5,1.6
HHS Region 1,2 wk ahead,percent,0.115999985719025,Bin,1.6,1.7
HHS Region 1,2 wk ahead,percent,0.097999988024046,Bin,1.7,1.8
HHS Region 1,2 wk ahead,percent,0.0819999899124497,Bin,1.8,1.9
HHS Region 1,2 wk ahead,percent,0.0819999888131891,Bin,1.9,2.0
HHS Region 1,2 wk ahead,percent,0.059999991729353,Bin,2.0,2.1
HHS Region 1,2 wk ahead,percent,0.0479999929379277,Bin,2.1,2.2
HHS Region 1,2 wk ahead,percent,0.0219999969334541,Bin,2.2,2.3
HHS Region 1,2 wk ahead,percent,0.0159999975393893,Bin,2.3,2.4
HHS Region 1,2 wk ahead,percent,0.023999995809287,Bin,2.4,2.5
HHS Region 1,2 wk ahead,percent,0.0219999960506652,Bin,2.5,2.6
HHS Region 1,2 wk ahead,percent,0.00599999893493675,Bin,2.6,2.7
HHS Region 1,2 wk ahead,percent,0.0079999985689808,Bin,2.7,2.8
HHS Region 1,2 wk ahead,percent,0.00599999893435103,Bin,2.8,2.9
HHS Region 1,2 wk ahead,percent,0.00599999893435103,Bin,2.9,3.0
HHS Region 1,2 wk ahead,percent,0.00599999893435103,Bin,3.0,3.1
HHS Region 1,2 wk ahead,percent,0.00199999966509148,Bin,3.1,3.2
HHS Region 1,2 wk ahead,percent,3.04617108475755e-11,Bin,3.2,3.3
HHS Region 1,2 wk ahead,percent,0.00199999966509148,Bin,3.3,3.4
HHS Region 1,2 wk ahead,percent,3.04617108475755e-11,Bin,3.4,3.5
HHS Region 1,2 wk ahead,percent,0.00399999929972126,Bin,3.5,3.6
HHS Region 1,2 wk ahead,percent,3.04617108475755e-11,Bin,3.6,3.7
HHS Region 1,2 wk ahead,percent,0.00599999893435103,Bin,3.7,3.8
HHS Region 1,2 wk ahead,percent,3.04617108475755e-11,Bin,3.8,3.9
HHS Region 1,2 wk ahead,percent,3.04617108475755e-11,Bin,3.9,4.0
HHS Region 1,2 wk ahead,percent,3.04617108475755e-11,Bin,4.0,4.1
HHS Region 1,2 wk ahead,percent,3.04617108475755e-11,Bin,4.1,4.2
HHS Region 1,2 wk ahead,percent,3.04617108475755e-11,Bin,4.2,4.3
HHS Region 1,2 wk ahead,percent,0.00199999966509148,Bin,4.3,4.4
HHS Region 1,2 wk ahead,percent,3.04617108475755e-11,Bin,4.4,4.5
HHS Region 1,2 wk ahead,percent,3.04617108475755e-11,Bin,4.5,4.6
HHS Region 1,2 wk ahead,percent,3.04617108475755e-11,Bin,4.6,4.7
HHS Region 1,2 wk ahead,percent,0.00199999966509148,Bin,4.7,4.8
HHS Region 1,2 wk ahead,percent,3.04617108475755e-11,Bin,4.8,4.9
HHS Region 1,2 wk ahead,percent,3.04617108475755e-11,Bin,4.9,5.0
HHS Region 1,2 wk ahead,percent,3.04617108475755e-11,Bin,5.0,5.1
HHS Region 1,2 wk ahead,percent,3.04617108475755e-11,Bin,5.1,5.2
HHS Region 1,2 wk ahead,percent,3.04617108475755e-11,Bin,5.2,5.3
HHS Region 1,2 wk ahead,percent,0.00199999966509148,Bin,5.3,5.4
HHS Region 1,2 wk ahead,percent,3.04617108475755e-11,Bin,5.4,5.5
HHS Region 1,2 wk ahead,percent,3.04617108475755e-11,Bin,5.5,5.6
HHS Region 1,2 wk ahead,percent,3.04617108475755e-11,Bin,5.6,5.7
HHS Region 1,2 wk ahead,percent,3.04617108475755e-11,Bin,5.7,5.8
HHS Region 1,2 wk ahead,percent,3.04617108475755e-11,Bin,5.8,5.9
HHS Region 1,2 wk ahead,percent,3.04617108475755e-11,Bin,5.9,6.0
HHS Region 1,2 wk ahead,percent,3.04617108475755e-11,Bin,6.0,6.1
HHS Region 1,2 wk ahead,percent,3.04617108475755e-11,Bin,6.1,6.2
HHS Region 1,2 wk ahead,percent,3.04617108475755e-11,Bin,6.2,6.3
HHS Region 1,2 wk ahead,percent,3.04617108475755e-11,Bin,6.3,6.4
HHS Region 1,2 wk ahead,percent,3.04617108475755e-11,Bin,6.4,6.5
HHS Region 1,2 wk ahead,percent,3.04617108475755e-11,Bin,6.5,6.6
HHS Region 1,2 wk ahead,percent,3.04617108475755e-11,Bin,6.6,6.7
HHS Region 1,2 wk ahead,percent,3.04617108475755e-11,Bin,6.7,6.8
HHS Region 1,2 wk ahead,percent,3.04617108475755e-11,Bin,6.8,6.9
HHS Region 1,2 wk ahead,percent,3.04617108475755e-11,Bin,6.9,7.0
HHS Region 1,2 wk ahead,percent,3.04617108475755e-11,Bin,7.0,7.1
HHS Region 1,2 wk ahead,percent,3.04617108475755e-11,Bin,7.1,7.2
HHS Region 1,2 wk ahead,percent,0.00199999966509148,Bin,7.2,7.3
HHS Region 1,2 wk ahead,percent,3.04617108475755e-11,Bin,7.3,7.4
HHS Region 1,2 wk ahead,percent,3.04617108475755e-11,Bin,7.4,7.5
HHS Region 1,2 wk ahead,percent,3.04617108475755e-11,Bin,7.5,7.6
HHS Region 1,2 wk ahead,percent,3.04617108475755e-11,Bin,7.6,7.7
HHS Region 1,2 wk ahead,percent,3.04617108475755e-11,Bin,7.7,7.8
HHS Region 1,2 wk ahead,percent,3.04617108475755e-11,Bin,7.8,7.9
HHS Region 1,2 wk ahead,percent,3.04617108475755e-11,Bin,7.9,8.0
HHS Region 1,2 wk ahead,percent,3.04617108475757e-11,Bin,8.0,8.1
HHS Region 1,2 wk ahead,percent,3.0461710847576e-11,Bin,8.1,8.2
HHS Region 1,2 wk ahead,percent,3.0461710847576e-11,Bin,8.2,8.3
HHS Region 1,2 wk ahead,percent,3.0461710847576e-11,Bin,8.3,8.4
HHS Region 1,2 wk ahead,percent,3.0461710847576e-11,Bin,8.4,8.5
HHS Region 1,2 wk ahead,percent,3.0461710847576e-11,Bin,8.5,8.6
HHS Region 1,2 wk ahead,percent,3.0461710847576e-11,Bin,8.6,8.7
HHS Region 1,2 wk ahead,percent,3.0461710847576e-11,Bin,8.7,8.8
HHS Region 1,2 wk ahead,percent,3.0461710847576e-11,Bin,8.8,8.9
HHS Region 1,2 wk ahead,percent,3.0461710847576e-11,Bin,8.9,9.0
HHS Region 1,2 wk ahead,percent,3.0461710847576e-11,Bin,9.0,9.1
HHS Region 1,2 wk ahead,percent,3.0461710847576e-11,Bin,9.1,9.2
HHS Region 1,2 wk ahead,percent,3.0461710847576e-11,Bin,9.2,9.3
HHS Region 1,2 wk ahead,percent,3.0461710847576e-11,Bin,9.3,9.4
HHS Region 1,2 wk ahead,percent,3.0461710847576e-11,Bin,9.4,9.5
HHS Region 1,2 wk ahead,percent,3.0461710847576e-11,Bin,9.5,9.6
HHS Region 1,2 wk ahead,percent,3.0461710847576e-11,Bin,9.6,9.7
HHS Region 1,2 wk ahead,percent,3.0461710847576e-11,Bin,9.7,9.8
HHS Region 1,2 wk ahead,percent,3.0461710847576e-11,Bin,9.8,9.9
HHS Region 1,2 wk ahead,percent,3.0461710847576e-11,Bin,9.9,10.0
HHS Region 1,2 wk ahead,percent,3.0461710847576e-11,Bin,10.0,10.1
HHS Region 1,2 wk ahead,percent,3.0461710847576e-11,Bin,10.1,10.2
HHS Region 1,2 wk ahead,percent,3.0461710847576e-11,Bin,10.2,10.3
HHS Region 1,2 wk ahead,percent,3.0461710847576e-11,Bin,10.3,10.4
HHS Region 1,2 wk ahead,percent,3.0461710847576e-11,Bin,10.4,10.5
HHS Region 1,2 wk ahead,percent,3.0461710847576e-11,Bin,10.5,10.6
HHS Region 1,2 wk ahead,percent,3.0461710847576e-11,Bin,10.6,10.7
HHS Region 1,2 wk ahead,percent,3.0461710847576e-11,Bin,10.7,10.8
HHS Region 1,2 wk ahead,percent,3.0461710847576e-11,Bin,10.8,10.9
HHS Region 1,2 wk ahead,percent,3.0461710847576e-11,Bin,10.9,11.0
HHS Region 1,2 wk ahead,percent,3.0461710847576e-11,Bin,11.0,11.1
HHS Region 1,2 wk ahead,percent,3.0461710847576e-11,Bin,11.1,11.2
HHS Region 1,2 wk ahead,percent,3.0461710847576e-11,Bin,11.2,11.3
HHS Region 1,2 wk ahead,percent,3.0461710847576e-11,Bin,11.3,11.4
HHS Region 1,2 wk ahead,percent,3.0461710847576e-11,Bin,11.4,11.5
HHS Region 1,2 wk ahead,percent,3.0461710847576e-11,Bin,11.5,11.6
HHS Region 1,2 wk ahead,percent,3.0461710847576e-11,Bin,11.6,11.7
HHS Region 1,2 wk ahead,percent,3.0461710847576e-11,Bin,11.7,11.8
HHS Region 1,2 wk ahead,percent,3.0461710847576e-11,Bin,11.8,11.9
HHS Region 1,2 wk ahead,percent,3.0461710847576e-11,Bin,11.9,12.0
HHS Region 1,2 wk ahead,percent,3.0461710847576e-11,Bin,12.0,12.1
HHS Region 1,2 wk ahead,percent,3.0461710847576e-11,Bin,12.1,12.2
HHS Region 1,2 wk ahead,percent,3.0461710847576e-11,Bin,12.2,12.3
HHS Region 1,2 wk ahead,percent,3.0461710847576e-11,Bin,12.3,12.4
HHS Region 1,2 wk ahead,percent,3.0461710847576e-11,Bin,12.4,12.5
HHS Region 1,2 wk ahead,percent,3.0461710847576e-11,Bin,12.5,12.6
HHS Region 1,2 wk ahead,percent,3.0461710847576e-11,Bin,12.6,12.7
HHS Region 1,2 wk ahead,percent,3.0461710847576e-11,Bin,12.7,12.8
HHS Region 1,2 wk ahead,percent,3.0461710847576e-11,Bin,12.8,12.9
HHS Region 1,2 wk ahead,percent,3.0461710847576e-11,Bin,12.9,13.0
HHS Region 1,2 wk ahead,percent,3.0461710847576e-11,Bin,13.0,100.0
HHS Region 1,3 wk ahead,percent,1.79324772799117e-09,Bin,0.0,0.1
HHS Region 1,3 wk ahead,percent,4.69670021100550e-09,Bin,0.1,0.2
HHS Region 1,3 wk ahead,percent,6.36571789296418e-09,Bin,0.2,0.3
HHS Region 1,3 wk ahead,percent,8.16701544975455e-09,Bin,0.3,0.4
HHS Region 1,3 wk ahead,percent,0.00200000959892479,Bin,0.4,0.5
HHS Region 1,3 wk ahead,percent,0.00800001013937504,Bin,0.5,0.6
HHS Region 1,3 wk ahead,percent,0.0040000121827894,Bin,0.6,0.7
HHS Region 1,3 wk ahead,percent,0.00800001229235804,Bin,0.7,0.8
HHS Region 1,3 wk ahead,percent,0.0180000107310339,Bin,0.8,0.9
HHS Region 1,3 wk ahead,percent,0.0300000082061711,Bin,0.9,1.0
HHS Region 1,3 wk ahead,percent,0.0380000058841225,Bin,1.0,1.1
HHS Region 1,3 wk ahead,percent,0.0580000009898118,Bin,1.1,1.2
HHS Region 1,3 wk ahead,percent,0.075999996263414,Bin,1.2,1.3
HHS Region 1,3 wk ahead,percent,0.0799999940670505,Bin,1.3,1.4
HHS Region 1,3 wk ahead,percent,0.109999987220884,Bin,1.4,1.5
HHS Region 1,3 wk ahead,percent,0.083999990782796,Bin,1.5,1.6
HHS Region 1,3 wk ahead,percent,0.0899999887090765,Bin,1.6,1.7
HHS Region 1,3 wk ahead,percent,0.0779999901267927,Bin,1.7,1.8
HHS Region 1,3 wk ahead,percent,0.0719999906098331,Bin,1.8,1.9
HHS Region 1,3 wk ahead,percent,0.0699999904594968,Bin,1.9,2.0
HHS Region 1,3 wk ahead,percent,0.0279999976497212,Bin,2.0,2.1
HHS Region 1,3 wk ahead,percent,0.0299999967952084,Bin,2.1,2.2
HHS Region 1,3 wk ahead,percent,0.0279999966623858,Bin,2.2,2.3
HHS Region 1,3 wk ahead,percent,0.0179999980105725,Bin,2.3,2.4
HHS Region 1,3 wk ahead,percent,0.0119999986869695,Bin,2.4,2.5
HHS Region 1,3 wk ahead,percent,0.0139999979901049,Bin,2.5,2.6
HHS Region 1,3 wk ahead,percent,0.00599999921663243,Bin,2.6,2.7
HHS Region 1,3 wk ahead,percent,0.00399999943254501,Bin,2.7,2.8
HHS Region 1,3 wk ahead,percent,0.00399999934709567,Bin,2.8,2.9
HHS Region 1,3 wk ahead,percent,0.00399999930327018,Bin,2.9,3.0
HHS Region 1,3 wk ahead,percent,2.34524269609194e-11,Bin,3.0,3.1
HHS Region 1,3 wk ahead,percent,2.34524269609194e-11,Bin,3.1,3.2
HHS Region 1,3 wk ahead,percent,0.00399999929271197,Bin,3.2,3.3
HHS Region 1,3 wk ahead,percent,0.00399999929271197,Bin,3.3,3.4
HHS Region 1,3 wk ahead,percent,0.0019999996580822,Bin,3.4,3.5
HHS Region 1,3 wk ahead,percent,0.0019999996580822,Bin,3.5,3.6
HHS Region 1,3 wk ahead,percent,0.00599999892734174,Bin,3.6,3.7
HHS Region 1,3 wk ahead,percent,0.0019999996580822,Bin,3.7,3.8
HHS Region 1,3 wk ahead,percent,2.34524269609194e-11,Bin,3.8,3.9
HHS Region 1,3 wk ahead,percent,2.34524269609194e-11,Bin,3.9,4.0
HHS Region 1,3 wk ahead,percent,2.34524269609194e-11,Bin,4.0,4.1
HHS Region 1,3 wk ahead,percent,2.34524269609194e-11,Bin,4.1,4.2
HHS Region 1,3 wk ahead,percent,2.34524269609194e-11,Bin,4.2,4.3
HHS Region 1,3 wk ahead,percent,2.34524269609194e-11,Bin,4.3,4.4
HHS Region 1,3 wk ahead,percent,2.34524269609194e-11,Bin,4.4,4.5
HHS Region 1,3 wk ahead,percent,2.34524269609194e-11,Bin,4.5,4.6
HHS Region 1,3 wk ahead,percent,2.34524269609194e-11,Bin,4.6,4.7
HHS Region 1,3 wk ahead,percent,2.34524269609194e-11,Bin,4.7,4.8
HHS Region 1,3 wk ahead,percent,2.34524269609194e-11,Bin,4.8,4.9
HHS Region 1,3 wk ahead,percent,2.34524269609194e-11,Bin,4.9,5.0
HHS Region 1,3 wk ahead,percent,0.0019999996580822,Bin,5.0,5.1
HHS Region 1,3 wk ahead,percent,2.34524269609194e-11,Bin,5.1,5.2
HHS Region 1,3 wk ahead,percent,2.34524269609194e-11,Bin,5.2,5.3
HHS Region 1,3 wk ahead,percent,0.0019999996580822,Bin,5.3,5.4
HHS Region 1,3 wk ahead,percent,2.34524269609194e-11,Bin,5.4,5.5
HHS Region 1,3 wk ahead,percent,2.34524269609194e-11,Bin,5.5,5.6
HHS Region 1,3 wk ahead,percent,2.34524269609194e-11,Bin,5.6,5.7
HHS Region 1,3 wk ahead,percent,2.34524269609194e-11,Bin,5.7,5.8
HHS Region 1,3 wk ahead,percent,2.34524269609194e-11,Bin,5.8,5.9
HHS Region 1,3 wk ahead,percent,2.34524269609194e-11,Bin,5.9,6.0
HHS Region 1,3 wk ahead,percent,2.34524269609194e-11,Bin,6.0,6.1
HHS Region 1,3 wk ahead,percent,2.34524269609194e-11,Bin,6.1,6.2
HHS Region 1,3 wk ahead,percent,2.34524269609194e-11,Bin,6.2,6.3
HHS Region 1,3 wk ahead,percent,2.34524269609194e-11,Bin,6.3,6.4
HHS Region 1,3 wk ahead,percent,2.34524269609194e-11,Bin,6.4,6.5
HHS Region 1,3 wk ahead,percent,2.34524269609194e-11,Bin,6.5,6.6
HHS Region 1,3 wk ahead,percent,2.34524269609194e-11,Bin,6.6,6.7
HHS Region 1,3 wk ahead,percent,0.0019999996580822,Bin,6.7,6.8
HHS Region 1,3 wk ahead,percent,2.34524269609194e-11,Bin,6.8,6.9
HHS Region 1,3 wk ahead,percent,2.34524269609194e-11,Bin,6.9,7.0
HHS Region 1,3 wk ahead,percent,2.34524269609194e-11,Bin,7.0,7.1
HHS Region 1,3 wk ahead,percent,2.34524269609194e-11,Bin,7.1,7.2
HHS Region 1,3 wk ahead,percent,2.34524269609194e-11,Bin,7.2,7.3
HHS Region 1,3 wk ahead,percent,2.34524269609194e-11,Bin,7.3,7.4
HHS Region 1,3 wk ahead,percent,2.34524269609194e-11,Bin,7.4,7.5
HHS Region 1,3 wk ahead,percent,2.34524269609194e-11,Bin,7.5,7.6
HHS Region 1,3 wk ahead,percent,2.34524269609194e-11,Bin,7.6,7.7
HHS Region 1,3 wk ahead,percent,2.34524269609194e-11,Bin,7.7,7.8
HHS Region 1,3 wk ahead,percent,2.34524269609194e-11,Bin,7.8,7.9
HHS Region 1,3 wk ahead,percent,2.34524269609194e-11,Bin,7.9,8.0
HHS Region 1,3 wk ahead,percent,2.34524269609196e-11,Bin,8.0,8.1
HHS Region 1,3 wk ahead,percent,2.34524269609198e-11,Bin,8.1,8.2
HHS Region 1,3 wk ahead,percent,2.34524269609198e-11,Bin,8.2,8.3
HHS Region 1,3 wk ahead,percent,2.34524269609198e-11,Bin,8.3,8.4
HHS Region 1,3 wk ahead,percent,2.34524269609198e-11,Bin,8.4,8.5
HHS Region 1,3 wk ahead,percent,2.34524269609198e-11,Bin,8.5,8.6
HHS Region 1,3 wk ahead,percent,2.34524269609198e-11,Bin,8.6,8.7
HHS Region 1,3 wk ahead,percent,2.34524269609198e-11,Bin,8.7,8.8
HHS Region 1,3 wk ahead,percent,2.34524269609198e-11,Bin,8.8,8.9
HHS Region 1,3 wk ahead,percent,2.34524269609198e-11,Bin,8.9,9.0
HHS Region 1,3 wk ahead,percent,2.34524269609198e-11,Bin,9.0,9.1
HHS Region 1,3 wk ahead,percent,2.34524269609198e-11,Bin,9.1,9.2
HHS Region 1,3 wk ahead,percent,2.34524269609198e-11,Bin,9.2,9.3
HHS Region 1,3 wk ahead,percent,2.34524269609198e-11,Bin,9.3,9.4
HHS Region 1,3 wk ahead,percent,2.34524269609198e-11,Bin,9.4,9.5
HHS Region 1,3 wk ahead,percent,2.34524269609198e-11,Bin,9.5,9.6
HHS Region 1,3 wk ahead,percent,2.34524269609198e-11,Bin,9.6,9.7
HHS Region 1,3 wk ahead,percent,2.34524269609198e-11,Bin,9.7,9.8
HHS Region 1,3 wk ahead,percent,2.34524269609198e-11,Bin,9.8,9.9
HHS Region 1,3 wk ahead,percent,2.34524269609198e-11,Bin,9.9,10.0
HHS Region 1,3 wk ahead,percent,2.34524269609198e-11,Bin,10.0,10.1
HHS Region 1,3 wk ahead,percent,2.34524269609198e-11,Bin,10.1,10.2
HHS Region 1,3 wk ahead,percent,2.34524269609198e-11,Bin,10.2,10.3
HHS Region 1,3 wk ahead,percent,2.34524269609198e-11,Bin,10.3,10.4
HHS Region 1,3 wk ahead,percent,2.34524269609198e-11,Bin,10.4,10.5
HHS Region 1,3 wk ahead,percent,2.34524269609198e-11,Bin,10.5,10.6
HHS Region 1,3 wk ahead,percent,2.34524269609198e-11,Bin,10.6,10.7
HHS Region 1,3 wk ahead,percent,2.34524269609198e-11,Bin,10.7,10.8
HHS Region 1,3 wk ahead,percent,2.34524269609198e-11,Bin,10.8,10.9
HHS Region 1,3 wk ahead,percent,2.34524269609198e-11,Bin,10.9,11.0
HHS Region 1,3 wk ahead,percent,2.34524269609198e-11,Bin,11.0,11.1
HHS Region 1,3 wk ahead,percent,2.34524269609198e-11,Bin,11.1,11.2
HHS Region 1,3 wk ahead,percent,2.34524269609198e-11,Bin,11.2,11.3
HHS Region 1,3 wk ahead,percent,2.34524269609198e-11,Bin,11.3,11.4
HHS Region 1,3 wk ahead,percent,2.34524269609198e-11,Bin,11.4,11.5
HHS Region 1,3 wk ahead,percent,2.34524269609198e-11,Bin,11.5,11.6
HHS Region 1,3 wk ahead,percent,2.34524269609198e-11,Bin,11.6,11.7
HHS Region 1,3 wk ahead,percent,2.34524269609198e-11,Bin,11.7,11.8
HHS Region 1,3 wk ahead,percent,2.34524269609198e-11,Bin,11.8,11.9
HHS Region 1,3 wk ahead,percent,2.34524269609198e-11,Bin,11.9,12.0
HHS Region 1,3 wk ahead,percent,2.34524269609198e-11,Bin,12.0,12.1
HHS Region 1,3 wk ahead,percent,2.34524269609198e-11,Bin,12.1,12.2
HHS Region 1,3 wk ahead,percent,2.34524269609198e-11,Bin,12.2,12.3
HHS Region 1,3 wk ahead,percent,2.34524269609198e-11,Bin,12.3,12.4
HHS Region 1,3 wk ahead,percent,2.34524269609198e-11,Bin,12.4,12.5
HHS Region 1,3 wk ahead,percent,2.34524269609198e-11,Bin,12.5,12.6
HHS Region 1,3 wk ahead,percent,2.34524269609198e-11,Bin,12.6,12.7
HHS Region 1,3 wk ahead,percent,2.34524269609198e-11,Bin,12.7,12.8
HHS Region 1,3 wk ahead,percent,2.34524269609198e-11,Bin,12.8,12.9
HHS Region 1,3 wk ahead,percent,2.34524269609198e-11,Bin,12.9,13.0
HHS Region 1,3 wk ahead,percent,2.34524269609198e-11,Bin,13.0,100.0
HHS Region 1,4 wk ahead,percent,1.89443239950842e-09,Bin,0.0,0.1
HHS Region 1,4 wk ahead,percent,5.72846223245035e-09,Bin,0.1,0.2
HHS Region 1,4 wk ahead,percent,8.45864716926981e-09,Bin,0.2,0.3
HHS Region 1,4 wk ahead,percent,0.0020000103261811,Bin,0.3,0.4
HHS Region 1,4 wk ahead,percent,1.20808285444558e-08,Bin,0.4,0.5
HHS Region 1,4 wk ahead,percent,0.010000011238279,Bin,0.5,0.6
HHS Region 1,4 wk ahead,percent,0.0180000110552449,Bin,0.6,0.7
HHS Region 1,4 wk ahead,percent,0.0240000115428291,Bin,0.7,0.8
HHS Region 1,4 wk ahead,percent,0.0360000103675427,Bin,0.8,0.9
HHS Region 1,4 wk ahead,percent,0.0540000066123982,Bin,0.9,1.0
HHS Region 1,4 wk ahead,percent,0.0819999994391209,Bin,1.0,1.1
HHS Region 1,4 wk ahead,percent,0.0799999968423004,Bin,1.1,1.2
HHS Region 1,4 wk ahead,percent,0.0919999916538943,Bin,1.2,1.3
HHS Region 1,4 wk ahead,percent,0.097999988127318,Bin,1.3,1.4
HHS Region 1,4 wk ahead,percent,0.0919999876275936,Bin,1.4,1.5
HHS Region 1,4 wk ahead,percent,0.0819999886937771,Bin,1.5,1.6
HHS Region 1,4 wk ahead,percent,0.0639999917921749,Bin,1.6,1.7
HHS Region 1,4 wk ahead,percent,0.0579999928111251,Bin,1.7,1.8
HHS Region 1,4 wk ahead,percent,0.0539999931814797,Bin,1.8,1.9
HHS Region 1,4 wk ahead,percent,0.0259999975756047,Bin,1.9,2.0
HHS Region 1,4 wk ahead,percent,0.0319999956248321,Bin,2.0,2.1
HHS Region 1,4 wk ahead,percent,0.015999997838813,Bin,2.1,2.2
HHS Region 1,4 wk ahead,percent,0.00799999886015591,Bin,2.2,2.3
HHS Region 1,4 wk ahead,percent,0.00599999901439681,Bin,2.3,2.4
HHS Region 1,4 wk ahead,percent,0.00999999821126043,Bin,2.4,2.5
HHS Region 1,4 wk ahead,percent,0.00999999820740993,Bin,2.5,2.6
HHS Region 1,4 wk ahead,percent,0.0119999978420397,Bin,2.6,2.7
HHS Region 1,4 wk ahead,percent,0.00199999966889084,Bin,2.7,2.8
HHS Region 1,4 wk ahead,percent,0.00399999930352062,Bin,2.8,2.9
HHS Region 1,4 wk ahead,percent,0.00399999930352062,Bin,2.9,3.0
HHS Region 1,4 wk ahead,percent,0.00399999930352062,Bin,3.0,3.1
HHS Region 1,4 wk ahead,percent,3.42610709901661e-11,Bin,3.1,3.2
HHS Region 1,4 wk ahead,percent,3.42610709901661e-11,Bin,3.2,3.3
HHS Region 1,4 wk ahead,percent,3.42610709901661e-11,Bin,3.3,3.4
HHS Region 1,4 wk ahead,percent,0.00199999966889084,Bin,3.4,3.5
HHS Region 1,4 wk ahead,percent,0.00199999966889084,Bin,3.5,3.6
HHS Region 1,4 wk ahead,percent,0.00199999966889084,Bin,3.6,3.7
HHS Region 1,4 wk ahead,percent,0.00399999930352062,Bin,3.7,3.8
HHS Region 1,4 wk ahead,percent,3.42610709901661e-11,Bin,3.8,3.9
HHS Region 1,4 wk ahead,percent,3.42610709901661e-11,Bin,3.9,4.0
HHS Region 1,4 wk ahead,percent,3.42610709901661e-11,Bin,4.0,4.1
HHS Region 1,4 wk ahead,percent,0.00199999966889084,Bin,4.1,4.2
HHS Region 1,4 wk ahead,percent,3.42610709901661e-11,Bin,4.2,4.3
HHS Region 1,4 wk ahead,percent,3.42610709901661e-11,Bin,4.3,4.4
HHS Region 1,4 wk ahead,percent,3.42610709901661e-11,Bin,4.4,4.5
HHS Region 1,4 wk ahead,percent,3.42610709901661e-11,Bin,4.5,4.6
HHS Region 1,4 wk ahead,percent,3.42610709901661e-11,Bin,4.6,4.7
HHS Region 1,4 wk ahead,percent,0.00199999966889084,Bin,4.7,4.8
HHS Region 1,4 wk ahead,percent,0.00199999966889084,Bin,4.8,4.9
HHS Region 1,4 wk ahead,percent,3.42610709901661e-11,Bin,4.9,5.0
HHS Region 1,4 wk ahead,percent,3.42610709901661e-11,Bin,5.0,5.1
HHS Region 1,4 wk ahead,percent,3.42610709901661e-11,Bin,5.1,5.2
HHS Region 1,4 wk ahead,percent,3.42610709901661e-11,Bin,5.2,5.3
HHS Region 1,4 wk ahead,percent,0.00199999966889084,Bin,5.3,5.4
HHS Region 1,4 wk ahead,percent,3.42610709901661e-11,Bin,5.4,5.5
HHS Region 1,4 wk ahead,percent,3.42610709901661e-11,Bin,5.5,5.6
HHS Region 1,4 wk ahead,percent,3.42610709901661e-11,Bin,5.6,5.7
HHS Region 1,4 wk ahead,percent,3.42610709901661e-11,Bin,5.7,5.8
HHS Region 1,4 wk ahead,percent,3.42610709901661e-11,Bin,5.8,5.9
HHS Region 1,4 wk ahead,percent,3.42610709901661e-11,Bin,5.9,6.0
HHS Region 1,4 wk ahead,percent,3.42610709901661e-11,Bin,6.0,6.1
HHS Region 1,4 wk ahead,percent,0.00199999966889084,Bin,6.1,6.2
HHS Region 1,4 wk ahead,percent,3.42610709901661e-11,Bin,6.2,6.3
HHS Region 1,4 wk ahead,percent,3.42610709901661e-11,Bin,6.3,6.4
HHS Region 1,4 wk ahead,percent,3.42610709901661e-11,Bin,6.4,6.5
HHS Region 1,4 wk ahead,percent,3.42610709901661e-11,Bin,6.5,6.6
HHS Region 1,4 wk ahead,percent,3.42610709901661e-11,Bin,6.6,6.7
HHS Region 1,4 wk ahead,percent,3.42610709901661e-11,Bin,6.7,6.8
HHS Region 1,4 wk ahead,percent,3.42610709901661e-11,Bin,6.8,6.9
HHS Region 1,4 wk ahead,percent,3.42610709901661e-11,Bin,6.9,7.0
HHS Region 1,4 wk ahead,percent,3.42610709901661e-11,Bin,7.0,7.1
HHS Region 1,4 wk ahead,percent,3.42610709901661e-11,Bin,7.1,7.2
HHS Region 1,4 wk ahead,percent,3.42610709901661e-11,Bin,7.2,7.3
HHS Region 1,4 wk ahead,percent,3.42610709901661e-11,Bin,7.3,7.4
HHS Region 1,4 wk ahead,percent,3.42610709901661e-11,Bin,7.4,7.5
HHS Region 1,4 wk ahead,percent,3.42610709901661e-11,Bin,7.5,7.6
HHS Region 1,4 wk ahead,percent,3.42610709901661e-11,Bin,7.6,7.7
HHS Region 1,4 wk ahead,percent,3.42610709901661e-11,Bin,7.7,7.8
HHS Region 1,4 wk ahead,percent,3.42610709901661e-11,Bin,7.8,7.9
HHS Region 1,4 wk ahead,percent,3.42610709901661e-11,Bin,7.9,8.0
HHS Region 1,4 wk ahead,percent,3.42610709901664e-11,Bin,8.0,8.1
HHS Region 1,4 wk ahead,percent,3.42610709901667e-11,Bin,8.1,8.2
HHS Region 1,4 wk ahead,percent,3.42610709901667e-11,Bin,8.2,8.3
HHS Region 1,4 wk ahead,percent,3.42610709901667e-11,Bin,8.3,8.4
HHS Region 1,4 wk ahead,percent,3.42610709901667e-11,Bin,8.4,8.5
HHS Region 1,4 wk ahead,percent,3.42610709901667e-11,Bin,8.5,8.6
HHS Region 1,4 wk ahead,percent,3.42610709901667e-11,Bin,8.6,8.7
HHS Region 1,4 wk ahead,percent,3.42610709901667e-11,Bin,8.7,8.8
HHS Region 1,4 wk ahead,percent,3.42610709901667e-11,Bin,8.8,8.9
HHS Region 1,4 wk ahead,percent,3.42610709901667e-11,Bin,8.9,9.0
HHS Region 1,4 wk ahead,percent,3.42610709901667e-11,Bin,9.0,9.1
HHS Region 1,4 wk ahead,percent,3.42610709901667e-11,Bin,9.1,9.2
HHS Region 1,4 wk ahead,percent,3.42610709901667e-11,Bin,9.2,9.3
HHS Region 1,4 wk ahead,percent,3.42610709901667e-11,Bin,9.3,9.4
HHS Region 1,4 wk ahead,percent,3.42610709901667e-11,Bin,9.4,9.5
HHS Region 1,4 wk ahead,percent,3.42610709901667e-11,Bin,9.5,9.6
HHS Region 1,4 wk ahead,percent,3.42610709901667e-11,Bin,9.6,9.7
HHS Region 1,4 wk ahead,percent,3.42610709901667e-11,Bin,9.7,9.8
HHS Region 1,4 wk ahead,percent,3.42610709901667e-11,Bin,9.8,9.9
HHS Region 1,4 wk ahead,percent,3.42610709901667e-11,Bin,9.9,10.0
HHS Region 1,4 wk ahead,percent,3.42610709901667e-11,Bin,10.0,10.1
HHS Region 1,4 wk ahead,percent,3.42610709901667e-11,Bin,10.1,10.2
HHS Region 1,4 wk ahead,percent,3.42610709901667e-11,Bin,10.2,10.3
HHS Region 1,4 wk ahead,percent,3.42610709901667e-11,Bin,10.3,10.4
HHS Region 1,4 wk ahead,percent,3.42610709901667e-11,Bin,10.4,10.5
HHS Region 1,4 wk ahead,percent,3.42610709901667e-11,Bin,10.5,10.6
HHS Region 1,4 wk ahead,percent,3.42610709901667e-11,Bin,10.6,10.7
HHS Region 1,4 wk ahead,percent,3.42610709901667e-11,Bin,10.7,10.8
HHS Region 1,4 wk ahead,percent,3.42610709901667e-11,Bin,10.8,10.9
HHS Region 1,4 wk ahead,percent,3.42610709901667e-11,Bin,10.9,11.0
HHS Region 1,4 wk ahead,percent,3.42610709901667e-11,Bin,11.0,11.1
HHS Region 1,4 wk ahead,percent,3.42610709901667e-11,Bin,11.1,11.2
HHS Region 1,4 wk ahead,percent,3.42610709901667e-11,Bin,11.2,11.3
HHS Region 1,4 wk ahead,percent,3.42610709901667e-11,Bin,11.3,11.4
HHS Region 1,4 wk ahead,percent,3.42610709901667e-11,Bin,11.4,11.5
HHS Region 1,4 wk ahead,percent,3.42610709901667e-11,Bin,11.5,11.6
HHS Region 1,4 wk ahead,percent,3.42610709901667e-11,Bin,11.6,11.7
HHS Region 1,4 wk ahead,percent,3.42610709901667e-11,Bin,11.7,11.8
HHS Region 1,4 wk ahead,percent,3.42610709901667e-11,Bin,11.8,11.9
HHS Region 1,4 wk ahead,percent,3.42610709901667e-11,Bin,11.9,12.0
HHS Region 1,4 wk ahead,percent,3.42610709901667e-11,Bin,12.0,12.1
HHS Region 1,4 wk ahead,percent,3.42610709901667e-11,Bin,12.1,12.2
HHS Region 1,4 wk ahead,percent,3.42610709901667e-11,Bin,12.2,12.3
HHS Region 1,4 wk ahead,percent,3.42610709901667e-11,Bin,12.3,12.4
HHS Region 1,4 wk ahead,percent,3.42610709901667e-11,Bin,12.4,12.5
HHS Region 1,4 wk ahead,percent,3.42610709901667e-11,Bin,12.5,12.6
HHS Region 1,4 wk ahead,percent,3.42610709901667e-11,Bin,12.6,12.7
HHS Region 1,4 wk ahead,percent,3.42610709901667e-11,Bin,12.7,12.8
HHS Region 1,4 wk ahead,percent,3.42610709901667e-11,Bin,12.8,12.9
HHS Region 1,4 wk ahead,percent,3.42610709901667e-11,Bin,12.9,13.0
HHS Region 1,4 wk ahead,percent,3.42610709901667e-11,Bin,13.0,100.0
HHS Region 2,Season onset,week,0.000320882195244524,Bin,40.0,41.0
HHS Region 2,Season onset,week,0.000717794125496288,Bin,41.0,42.0
HHS Region 2,Season onset,week,0.000994534048367966,Bin,42.0,43.0
HHS Region 2,Season onset,week,0.000989796102031325,Bin,43.0,44.0
HHS Region 2,Season onset,week,0.000960211023268848,Bin,44.0,45.0
HHS Region 2,Season onset,week,0.00101656671194881,Bin,45.0,46.0
HHS Region 2,Season onset,week,0.00116343405424622,Bin,46.0,47.0
HHS Region 2,Season onset,week,0.00177578012278665,Bin,47.0,48.0
HHS Region 2,Season onset,week,0.00290401864481192,Bin,48.0,49.0
HHS Region 2,Season onset,week,0.00381565716499548,Bin,49.0,50.0
HHS Region 2,Season onset,week,0.00388372051887684,Bin,50.0,51.0
HHS Region 2,Season onset,week,0.964810675888306,Bin,51.0,52.0
HHS Region 2,Season onset,week,0.00180049642423861,Bin,52.0,53.0
HHS Region 2,Season onset,week,0.000726166411117014,Bin,1.0,2.0
HHS Region 2,Season onset,week,0.000295137734374452,Bin,2.0,3.0
HHS Region 2,Season onset,week,0.000492153880910151,Bin,3.0,4.0
HHS Region 2,Season onset,week,0.00114745436156255,Bin,4.0,5.0
HHS Region 2,Season onset,week,0.0019300579312227,Bin,5.0,6.0
HHS Region 2,Season onset,week,0.00245117880389958,Bin,6.0,7.0
HHS Region 2,Season onset,week,0.00237171385529504,Bin,7.0,8.0
HHS Region 2,Season onset,week,0.00160247545037589,Bin,8.0,9.0
HHS Region 2,Season onset,week,0.000691341805499701,Bin,9.0,10.0
HHS Region 2,Season onset,week,0.000181278184597194,Bin,10.0,11.0
HHS Region 2,Season onset,week,3.23898297307757e-05,Bin,11.0,12.0
HHS Region 2,Season onset,week,2.23341049125865e-05,Bin,12.0,13.0
HHS Region 2,Season onset,week,2.23341049125865e-05,Bin,13.0,14.0
HHS Region 2,Season onset,week,2.23341049125865e-05,Bin,14.0,15.0
HHS Region 2,Season onset,week,2.23341049125865e-05,Bin,15.0,16.0
HHS Region 2,Season onset,week,2.23341049125865e-05,Bin,16.0,17.0
HHS Region 2,Season onset,week,2.23341049125865e-05,Bin,17.0,18.0
HHS Region 2,Season onset,week,2.23341049125865e-05,Bin,18.0,19.0
HHS Region 2,Season onset,week,2.23341049125865e-05,Bin,19.0,20.0
HHS Region 2,Season onset,week,2.23341049125865e-05,Bin,20.0,21.0
HHS Region 2,Season onset,week,0.00272407778258263,Bin,none,none
HHS Region 2,Season peak week,week,1.27986818073779e-05,Bin,40.0,41.0
HHS Region 2,Season peak week,week,1.27986818073779e-05,Bin,41.0,42.0
HHS Region 2,Season peak week,week,1.27986818073779e-05,Bin,42.0,43.0
HHS Region 2,Season peak week,week,1.27986818073779e-05,Bin,43.0,44.0
HHS Region 2,Season peak week,week,1.27986818073779e-05,Bin,44.0,45.0
HHS Region 2,Season peak week,week,1.27986818073779e-05,Bin,45.0,46.0
HHS Region 2,Season peak week,week,3.235316451784e-05,Bin,46.0,47.0
HHS Region 2,Season peak week,week,0.00023037652463308,Bin,47.0,48.0
HHS Region 2,Season peak week,week,0.000801043259963885,Bin,48.0,49.0
HHS Region 2,Season peak week,week,0.00159022076634402,Bin,49.0,50.0
HHS Region 2,Season peak week,week,0.00273065821057343,Bin,50.0,51.0
HHS Region 2,Season peak week,week,0.00441694875743575,Bin,51.0,52.0
HHS Region 2,Season peak week,week,0.0046929139527778,Bin,52.0,53.0
HHS Region 2,Season peak week,week,0.00267419065992376,Bin,1.0,2.0
HHS Region 2,Season peak week,week,0.000819313196370712,Bin,2.0,3.0
HHS Region 2,Season peak week,week,0.000619290090109058,Bin,3.0,4.0
HHS Region 2,Season peak week,week,0.00191990750894071,Bin,4.0,5.0
HHS Region 2,Season peak week,week,0.00377885030996753,Bin,5.0,6.0
HHS Region 2,Season peak week,week,0.00471062281102248,Bin,6.0,7.0
HHS Region 2,Season peak week,week,0.00416088661870324,Bin,7.0,8.0
HHS Region 2,Season peak week,week,0.00265737954268413,Bin,8.0,9.0
HHS Region 2,Season peak week,week,0.00142427561699784,Bin,9.0,10.0
HHS Region 2,Season peak week,week,0.00064987314224393,Bin,10.0,11.0
HHS Region 2,Season peak week,week,0.822364492472038,Bin,11.0,12.0
HHS Region 2,Season peak week,week,2.51438020268589e-05,Bin,12.0,13.0
HHS Region 2,Season peak week,week,0.0301818241695551,Bin,13.0,14.0
HHS Region 2,Season peak week,week,0.037724796455078,Bin,14.0,15.0
HHS Region 2,Season peak week,week,0.0301818241695551,Bin,15.0,16.0
HHS Region 2,Season peak week,week,0.0207531088126514,Bin,16.0,17.0
HHS Region 2,Season peak week,week,0.0113243934557478,Bin,17.0,18.0
HHS Region 2,Season peak week,week,0.00378142117022493,Bin,18.0,19.0
HHS Region 2,Season peak week,week,0.00566716424160565,Bin,19.0,20.0
HHS Region 2,Season peak week,week,9.93502746348384e-06,Bin,20.0,21.0
HHS Region 2,Season peak percentage,percent,2.52835613128357e-05,Bin,0.0,0.1
HHS Region 2,Season peak percentage,percent,5.68459909459405e-05,Bin,0.1,0.2
HHS Region 2,Season peak percentage,percent,6.59144369143628e-05,Bin,0.2,0.3
HHS Region 2,Season peak percentage,percent,7.58150369058852e-05,Bin,0.3,0.4
HHS Region 2,Season peak percentage,percent,8.65393073248052e-05,Bin,0.4,0.5
HHS Region 2,Season peak percentage,percent,9.80747019738026e-05,Bin,0.5,0.6
HHS Region 2,Season peak percentage,percent,0.00011041152874754,Bin,0.6,0.7
HHS Region 2,Season peak percentage,percent,0.000123544429485913,Bin,0.7,0.8
HHS Region 2,Season peak percentage,percent,0.000137483679353071,Bin,0.8,0.9
HHS Region 2,Season peak percentage,percent,0.000152258091629322,Bin,0.9,1.0
HHS Region 2,Season peak percentage,percent,0.000167917704429149,Bin,1.0,1.1
HHS Region 2,Season peak percentage,percent,0.000184539050334366,Bin,1.1,1.2
HHS Region 2,Season peak percentage,percent,0.000202222678610703,Bin,1.2,1.3
HHS Region 2,Season peak percentage,percent,0.000221095935670611,Bin,1.3,1.4
HHS Region 2,Season peak percentage,percent,0.000241304955334679,Bin,1.4,1.5
HHS Region 2,Season peak percentage,percent,0.000263009229589935,Bin,1.5,1.6
HHS Region 2,Season peak percentage,percent,0.00028637034373873,Bin,1.6,1.7
HHS Region 2,Season peak percentage,percent,0.000311537754816327,Bin,1.7,1.8
HHS Region 2,Season peak percentage,percent,0.000338642915388992,Bin,1.8,1.9
HHS Region 2,Season peak percentage,percent,0.000367777431267786,Bin,1.9,2.0
HHS Region 2,Season peak percentage,percent,0.000398986283239277,Bin,2.0,2.1
HHS Region 2,Season peak percentage,percent,0.000432248313286388,Bin,2.1,2.2
HHS Region 2,Season peak percentage,percent,0.000467473654751245,Bin,2.2,2.3
HHS Region 2,Season peak percentage,percent,0.000504500440165472,Bin,2.3,2.4
HHS Region 2,Season peak percentage,percent,0.000543081782148998,Bin,2.4,2.5
HHS Region 2,Season peak percentage,percent,0.000582899405285441,Bin,2.5,2.6
HHS Region 2,Season peak percentage,percent,0.000623561200151571,Bin,2.6,2.7
HHS Region 2,Season peak percentage,percent,0.000664617940731375,Bin,2.7,2.8
HHS Region 2,Season peak percentage,percent,0.000705571419720517,Bin,2.8,2.9
HHS Region 2,Season peak percentage,percent,0.000745891199645064,Bin,2.9,3.0
HHS Region 2,Season peak percentage,percent,0.000785027857551027,Bin,3.0,3.1
HHS Region 2,Season peak percentage,percent,0.000822437468442992,Bin,3.1,3.2
HHS Region 2,Season peak percentage,percent,0.000857588852424858,Bin,3.2,3.3
HHS Region 2,Season peak percentage,percent,0.000889976655668323,Bin,3.3,3.4
HHS Region 2,Season peak percentage,percent,0.000919144725020219,Bin,3.4,3.5
HHS Region 2,Season peak percentage,percent,0.000944687227885592,Bin,3.5,3.6
HHS Region 2,Season peak percentage,percent,0.0009662658345092,Bin,3.6,3.7
HHS Region 2,Season peak percentage,percent,0.000983595205868505,Bin,3.7,3.8
HHS Region 2,Season peak percentage,percent,0.000996461732803607,Bin,3.8,3.9
HHS Region 2,Season peak percentage,percent,0.00100473262651242,Bin,3.9,4.0
HHS Region 2,Season peak percentage,percent,0.00100834332820089,Bin,4.0,4.1
HHS Region 2,Season peak percentage,percent,0.00100728806291669,Bin,4.1,4.2
HHS Region 2,Season peak percentage,percent,0.00100162400757841,Bin,4.2,4.3
HHS Region 2,Season peak percentage,percent,0.000991480260184829,Bin,4.3,4.4
HHS Region 2,Season peak percentage,percent,0.000977045871677709,Bin,4.4,4.5
HHS Region 2,Season peak percentage,percent,0.000958547589370357,Bin,4.5,4.6
HHS Region 2,Season peak percentage,percent,0.0009362649268483,Bin,4.6,4.7
HHS Region 2,Season peak percentage,percent,0.000910513138795503,Bin,4.7,4.8
HHS Region 2,Season peak percentage,percent,0.000881648656186205,Bin,4.8,4.9
HHS Region 2,Season peak percentage,percent,0.000850048790211863,Bin,4.9,5.0
HHS Region 2,Season peak percentage,percent,0.000816102838396061,Bin,5.0,5.1
HHS Region 2,Season peak percentage,percent,0.000780220017974265,Bin,5.1,5.2
HHS Region 2,Season peak percentage,percent,0.000742804364263963,Bin,5.2,5.3
HHS Region 2,Season peak percentage,percent,0.00070426122222349,Bin,5.3,5.4
HHS Region 2,Season peak percentage,percent,0.839292639624989,Bin,5.4,5.5
HHS Region 2,Season peak percentage,percent,0.0140895406461625,Bin,5.5,5.6
HHS Region 2,Season peak percentage,percent,0.0121264216443872,Bin,5.6,5.7
HHS Region 2,Season peak percentage,percent,0.0140105254301771,Bin,5.7,5.8
HHS Region 2,Season peak percentage,percent,0.00435447812818254,Bin,5.8,5.9
HHS Region 2,Season peak percentage,percent,0.00624003200194165,Bin,5.9,6.0
HHS Region 2,Season peak percentage,percent,0.00427974792018954,Bin,6.0,6.1
HHS Region 2,Season peak percentage,percent,0.0061676455589637,Bin,6.1,6.2
HHS Region 2,Season peak percentage,percent,0.0119038812982012,Bin,6.2,6.3
HHS Region 2,Season peak percentage,percent,0.0061009135645255,Bin,6.3,6.4
HHS Region 2,Season peak percentage,percent,0.00414650258894531,Bin,6.4,6.5
HHS Region 2,Season peak percentage,percent,0.00604071658743155,Bin,6.5,6.6
HHS Region 2,Season peak percentage,percent,0.00601322546277363,Bin,6.6,6.7
HHS Region 2,Season peak percentage,percent,0.00406405276825314,Bin,6.7,6.8
HHS Region 2,Season peak percentage,percent,0.000193201761006884,Bin,6.8,6.9
HHS Region 2,Season peak percentage,percent,0.00594141175155761,Bin,6.9,7.0
HHS Region 2,Season peak percentage,percent,0.00399753566121217,Bin,7.0,7.1
HHS Region 2,Season peak percentage,percent,0.00205536935058874,Bin,7.1,7.2
HHS Region 2,Season peak percentage,percent,0.00203832125866786,Bin,7.2,7.3
HHS Region 2,Season peak percentage,percent,0.00202287544277053,Bin,7.3,7.4
HHS Region 2,Season peak percentage,percent,8.55128141326817e-05,Bin,7.4,7.5
HHS Region 2,Season peak percentage,percent,7.30744510561767e-05,Bin,7.5,7.6
HHS Region 2,Season peak percentage,percent,6.20228967141802e-05,Bin,7.6,7.7
HHS Region 2,Season peak percentage,percent,5.22715582593759e-05,Bin,7.7,7.8
HHS Region 2,Season peak percentage,percent,0.00196718986696802,Bin,7.8,7.9
HHS Region 2,Season peak percentage,percent,3.63141829843586e-05,Bin,7.9,8.0
HHS Region 2,Season peak percentage,percent,0.00195337820358689,Bin,8.0,8.1
HHS Region 2,Season peak percentage,percent,0.00194791223234837,Bin,8.1,8.2
HHS Region 2,Season peak percentage,percent,1.98233637704317e-05,Bin,8.2,8.3
HHS Region 2,Season peak percentage,percent,1.59342494176319e-05,Bin,8.3,8.4
HHS Region 2,Season peak percentage,percent,1.26987990914906e-05,Bin,8.4,8.5
HHS Region 2,Season peak percentage,percent,0.00193348907943082,Bin,8.5,8.6
HHS Region 2,Season peak percentage,percent,0.00193131081562289,Bin,8.6,8.7
HHS Region 2,Season peak percentage,percent,6.09210792958423e-06,Bin,8.7,8.8
HHS Region 2,Season peak percentage,percent,0.0019281403593383,Bin,8.8,8.9
HHS Region 2,Season peak percentage,percent,3.56541564934121e-06,Bin,8.9,9.0
HHS Region 2,Season peak percentage,percent,2.68905464331157e-06,Bin,9.0,9.1
HHS Region 2,Season peak percentage,percent,2.00866994703963e-06,Bin,9.1,9.2
HHS Region 2,Season peak percentage,percent,1.48594189003165e-06,Bin,9.2,9.3
HHS Region 2,Season peak percentage,percent,1.12691856679503e-06,Bin,9.3,9.4
HHS Region 2,Season peak percentage,percent,1.07921541896448e-06,Bin,9.4,9.5
HHS Region 2,Season peak percentage,percent,1.07921541896448e-06,Bin,9.5,9.6
HHS Region 2,Season peak percentage,percent,1.07921541896448e-06,Bin,9.6,9.7
HHS Region 2,Season peak percentage,percent,1.07921541896448e-06,Bin,9.7,9.8
HHS Region 2,Season peak percentage,percent,1.07921541896448e-06,Bin,9.8,9.9
HHS Region 2,Season peak percentage,percent,1.07921541896448e-06,Bin,9.9,10.0
HHS Region 2,Season peak percentage,percent,1.07921541896448e-06,Bin,10.0,10.1
HHS Region 2,Season peak percentage,percent,1.07921541896448e-06,Bin,10.1,10.2
HHS Region 2,Season peak percentage,percent,1.07921541896448e-06,Bin,10.2,10.3
HHS Region 2,Season peak percentage,percent,1.07921541896448e-06,Bin,10.3,10.4
HHS Region 2,Season peak percentage,percent,1.07921541896448e-06,Bin,10.4,10.5
HHS Region 2,Season peak percentage,percent,1.07921541896448e-06,Bin,10.5,10.6
HHS Region 2,Season peak percentage,percent,1.07921541896448e-06,Bin,10.6,10.7
HHS Region 2,Season peak percentage,percent,1.07921541896448e-06,Bin,10.7,10.8
HHS Region 2,Season peak percentage,percent,0.0019245371482273,Bin,10.8,10.9
HHS Region 2,Season peak percentage,percent,1.07921541896448e-06,Bin,10.9,11.0
HHS Region 2,Season peak percentage,percent,1.07921541896448e-06,Bin,11.0,11.1
HHS Region 2,Season peak percentage,percent,1.07921541896448e-06,Bin,11.1,11.2
HHS Region 2,Season peak percentage,percent,1.07921541896448e-06,Bin,11.2,11.3
HHS Region 2,Season peak percentage,percent,1.07921541896448e-06,Bin,11.3,11.4
HHS Region 2,Season peak percentage,percent,1.07921541896448e-06,Bin,11.4,11.5
HHS Region 2,Season peak percentage,percent,1.07921541896448e-06,Bin,11.5,11.6
HHS Region 2,Season peak percentage,percent,1.07921541896448e-06,Bin,11.6,11.7
HHS Region 2,Season peak percentage,percent,1.07921541896448e-06,Bin,11.7,11.8
HHS Region 2,Season peak percentage,percent,1.07921541896448e-06,Bin,11.8,11.9
HHS Region 2,Season peak percentage,percent,1.07921541896448e-06,Bin,11.9,12.0
HHS Region 2,Season peak percentage,percent,1.07921541896448e-06,Bin,12.0,12.1
HHS Region 2,Season peak percentage,percent,1.07921541896448e-06,Bin,12.1,12.2
HHS Region 2,Season peak percentage,percent,1.07921541896448e-06,Bin,12.2,12.3
HHS Region 2,Season peak percentage,percent,1.07921541896448e-06,Bin,12.3,12.4
HHS Region 2,Season peak percentage,percent,1.07921541896448e-06,Bin,12.4,12.5
HHS Region 2,Season peak percentage,percent,1.07921541896448e-06,Bin,12.5,12.6
HHS Region 2,Season peak percentage,percent,1.07921541896448e-06,Bin,12.6,12.7
HHS Region 2,Season peak percentage,percent,1.07921541896448e-06,Bin,12.7,12.8
HHS Region 2,Season peak percentage,percent,1.07921541896448e-06,Bin,12.8,12.9
HHS Region 2,Season peak percentage,percent,1.07921541896448e-06,Bin,12.9,13.0
HHS Region 2,Season peak percentage,percent,1.07921541896448e-06,Bin,13.0,100.0
HHS Region 2,1 wk ahead,percent,6.62259479276168e-10,Bin,0.0,0.1
HHS Region 2,1 wk ahead,percent,1.57196573421217e-09,Bin,0.1,0.2
HHS Region 2,1 wk ahead,percent,1.93600812286058e-09,Bin,0.2,0.3
HHS Region 2,1 wk ahead,percent,2.33561359415103e-09,Bin,0.3,0.4
HHS Region 2,1 wk ahead,percent,2.76224896823924e-09,Bin,0.4,0.5
HHS Region 2,1 wk ahead,percent,3.20511608834482e-09,Bin,0.5,0.6
HHS Region 2,1 wk ahead,percent,3.65190557757783e-09,Bin,0.6,0.7
HHS Region 2,1 wk ahead,percent,4.08973040387913e-09,Bin,0.7,0.8
HHS Region 2,1 wk ahead,percent,4.50621292237391e-09,Bin,0.8,0.9
HHS Region 2,1 wk ahead,percent,4.89060286678144e-09,Bin,0.9,1.0
HHS Region 2,1 wk ahead,percent,0.00400000450392066,Bin,1.0,1.1
HHS Region 2,1 wk ahead,percent,5.53355987367293e-09,Bin,1.1,1.2
HHS Region 2,1 wk ahead,percent,5.78601850208675e-09,Bin,1.2,1.3
HHS Region 2,1 wk ahead,percent,5.9942440323992e-09,Bin,1.3,1.4
HHS Region 2,1 wk ahead,percent,6.16319893146087e-09,Bin,1.4,1.5
HHS Region 2,1 wk ahead,percent,6.29958441995215e-09,Bin,1.5,1.6
HHS Region 2,1 wk ahead,percent,6.41032036004744e-09,Bin,1.6,1.7
HHS Region 2,1 wk ahead,percent,0.00400000577045642,Bin,1.7,1.8
HHS Region 2,1 wk ahead,percent,0.00200000621010575,Bin,1.8,1.9
HHS Region 2,1 wk ahead,percent,6.63309551117473e-09,Bin,1.9,2.0
HHS Region 2,1 wk ahead,percent,6.67036119077797e-09,Bin,2.0,2.1
HHS Region 2,1 wk ahead,percent,0.00600000558432656,Bin,2.1,2.2
HHS Region 2,1 wk ahead,percent,0.00200000628894977,Bin,2.2,2.3
HHS Region 2,1 wk ahead,percent,0.00600000548636174,Bin,2.3,2.4
HHS Region 2,1 wk ahead,percent,0.00600000536025405,Bin,2.4,2.5
HHS Region 2,1 wk ahead,percent,6.27024749930438e-09,Bin,2.5,2.6
HHS Region 2,1 wk ahead,percent,6.0221765311553e-09,Bin,2.6,2.7
HHS Region 2,1 wk ahead,percent,0.0100000038877493,Bin,2.7,2.8
HHS Region 2,1 wk ahead,percent,0.00600000425808032,Bin,2.8,2.9
HHS Region 2,1 wk ahead,percent,0.00800000348965237,Bin,2.9,3.0
HHS Region 2,1 wk ahead,percent,0.027999999402722,Bin,3.0,3.1
HHS Region 2,1 wk ahead,percent,0.016000001144963,Bin,3.1,3.2
HHS Region 2,1 wk ahead,percent,0.0319999977683317,Bin,3.2,3.3
HHS Region 2,1 wk ahead,percent,0.0619999918421427,Bin,3.3,3.4
HHS Region 2,1 wk ahead,percent,0.0399999954333757,Bin,3.4,3.5
HHS Region 2,1 wk ahead,percent,0.0479999935694292,Bin,3.5,3.6
HHS Region 2,1 wk ahead,percent,0.0539999921016834,Bin,3.6,3.7
HHS Region 2,1 wk ahead,percent,0.0519999921298602,Bin,3.7,3.8
HHS Region 2,1 wk ahead,percent,0.0599999903676272,Bin,3.8,3.9
HHS Region 2,1 wk ahead,percent,0.0719999879118713,Bin,3.9,4.0
HHS Region 2,1 wk ahead,percent,0.0739999873197772,Bin,4.0,4.1
HHS Region 2,1 wk ahead,percent,0.0419999929744831,Bin,4.1,4.2
HHS Region 2,1 wk ahead,percent,0.0339999942780832,Bin,4.2,4.3
HHS Region 2,1 wk ahead,percent,0.0579999897662562,Bin,4.3,4.4
HHS Region 2,1 wk ahead,percent,0.0539999903966605,Bin,4.4,4.5
HHS Region 2,1 wk ahead,percent,0.0399999928772411,Bin,4.5,4.6
HHS Region 2,1 wk ahead,percent,0.0179999968387573,Bin,4.6,4.7
HHS Region 2,1 wk ahead,percent,0.0279999949700735,Bin,4.7,4.8
HHS Region 2,1 wk ahead,percent,0.0319999942097832,Bin,4.8,4.9
HHS Region 2,1 wk ahead,percent,0.0139999974778424,Bin,4.9,5.0
HHS Region 2,1 wk ahead,percent,0.00999999819507753,Bin,5.0,5.1
HHS Region 2,1 wk ahead,percent,0.0199999963602433,Bin,5.1,5.2
HHS Region 2,1 wk ahead,percent,0.00399999928223579,Bin,5.2,5.3
HHS Region 2,1 wk ahead,percent,0.0139999974553847,Bin,5.3,5.4
HHS Region 2,1 wk ahead,percent,0.00199999964760602,Bin,5.4,5.5
HHS Region 2,1 wk ahead,percent,0.00399999928223579,Bin,5.5,5.6
HHS Region 2,1 wk ahead,percent,0.00599999891686556,Bin,5.6,5.7
HHS Region 2,1 wk ahead,percent,0.00199999964760602,Bin,5.7,5.8
HHS Region 2,1 wk ahead,percent,0.00199999964760602,Bin,5.8,5.9
HHS Region 2,1 wk ahead,percent,0.00399999928223579,Bin,5.9,6.0
HHS Region 2,1 wk ahead,percent,0.00199999964760602,Bin,6.0,6.1
HHS Region 2,1 wk ahead,percent,1.29762468246985e-11,Bin,6.1,6.2
HHS Region 2,1 wk ahead,percent,1.29762468246985e-11,Bin,6.2,6.3
HHS Region 2,1 wk ahead,percent,0.00199999964760602,Bin,6.3,6.4
HHS Region 2,1 wk ahead,percent,1.29762468246985e-11,Bin,6.4,6.5
HHS Region 2,1 wk ahead,percent,0.00399999928223579,Bin,6.5,6.6
HHS Region 2,1 wk ahead,percent,0.00399999928223579,Bin,6.6,6.7
HHS Region 2,1 wk ahead,percent,1.29762468246985e-11,Bin,6.7,6.8
HHS Region 2,1 wk ahead,percent,1.29762468246985e-11,Bin,6.8,6.9
HHS Region 2,1 wk ahead,percent,1.29762468246985e-11,Bin,6.9,7.0
HHS Region 2,1 wk ahead,percent,1.29762468246985e-11,Bin,7.0,7.1
HHS Region 2,1 wk ahead,percent,1.29762468246985e-11,Bin,7.1,7.2
HHS Region 2,1 wk ahead,percent,0.00199999964760602,Bin,7.2,7.3
HHS Region 2,1 wk ahead,percent,0.00199999964760602,Bin,7.3,7.4
HHS Region 2,1 wk ahead,percent,1.29762468246985e-11,Bin,7.4,7.5
HHS Region 2,1 wk ahead,percent,1.29762468246985e-11,Bin,7.5,7.6
HHS Region 2,1 wk ahead,percent,1.29762468246985e-11,Bin,7.6,7.7
HHS Region 2,1 wk ahead,percent,1.29762468246985e-11,Bin,7.7,7.8
HHS Region 2,1 wk ahead,percent,1.29762468246985e-11,Bin,7.8,7.9
HHS Region 2,1 wk ahead,percent,1.29762468246985e-11,Bin,7.9,8.0
HHS Region 2,1 wk ahead,percent,1.29762468246986e-11,Bin,8.0,8.1
HHS Region 2,1 wk ahead,percent,0.00199999964760602,Bin,8.1,8.2
HHS Region 2,1 wk ahead,percent,1.29762468246987e-11,Bin,8.2,8.3
HHS Region 2,1 wk ahead,percent,1.29762468246987e-11,Bin,8.3,8.4
HHS Region 2,1 wk ahead,percent,1.29762468246987e-11,Bin,8.4,8.5
HHS Region 2,1 wk ahead,percent,0.00199999964760602,Bin,8.5,8.6
HHS Region 2,1 wk ahead,percent,1.29762468246987e-11,Bin,8.6,8.7
HHS Region 2,1 wk ahead,percent,1.29762468246987e-11,Bin,8.7,8.8
HHS Region 2,1 wk ahead,percent,1.29762468246987e-11,Bin,8.8,8.9
HHS Region 2,1 wk ahead,percent,1.29762468246987e-11,Bin,8.9,9.0
HHS Region 2,1 wk ahead,percent,1.29762468246987e-11,Bin,9.0,9.1
HHS Region 2,1 wk ahead,percent,1.29762468246987e-11,Bin,9.1,9.2
HHS Region 2,1 wk ahead,percent,1.29762468246987e-11,Bin,9.2,9.3
HHS Region 2,1 wk ahead,percent,1.29762468246987e-11,Bin,9.3,9.4
HHS Region 2,1 wk ahead,percent,1.29762468246987e-11,Bin,9.4,9.5
HHS Region 2,1 wk ahead,percent,1.29762468246987e-11,Bin,9.5,9.6
HHS Region 2,1 wk ahead,percent,1.29762468246987e-11,Bin,9.6,9.7
HHS Region 2,1 wk ahead,percent,1.29762468246987e-11,Bin,9.7,9.8
HHS Region 2,1 wk ahead,percent,1.29762468246987e-11,Bin,9.8,9.9
HHS Region 2,1 wk ahead,percent,1.29762468246987e-11,Bin,9.9,10.0
HHS Region 2,1 wk ahead,percent,1.29762468246987e-11,Bin,10.0,10.1
HHS Region 2,1 wk ahead,percent,1.29762468246987e-11,Bin,10.1,10.2
HHS Region 2,1 wk ahead,percent,1.29762468246987e-11,Bin,10.2,10.3
HHS Region 2,1 wk ahead,percent,1.29762468246987e-11,Bin,10.3,10.4
HHS Region 2,1 wk ahead,percent,1.29762468246987e-11,Bin,10.4,10.5
HHS Region 2,1 wk ahead,percent,1.29762468246987e-11,Bin,10.5,10.6
HHS Region 2,1 wk ahead,percent,1.29762468246987e-11,Bin,10.6,10.7
HHS Region 2,1 wk ahead,percent,1.29762468246987e-11,Bin,10.7,10.8
HHS Region 2,1 wk ahead,percent,1.29762468246987e-11,Bin,10.8,10.9
HHS Region 2,1 wk ahead,percent,1.29762468246987e-11,Bin,10.9,11.0
HHS Region 2,1 wk ahead,percent,1.29762468246987e-11,Bin,11.0,11.1
HHS Region 2,1 wk ahead,percent,1.29762468246987e-11,Bin,11.1,11.2
HHS Region 2,1 wk ahead,percent,1.29762468246987e-11,Bin,11.2,11.3
HHS Region 2,1 wk ahead,percent,1.29762468246987e-11,Bin,11.3,11.4
HHS Region 2,1 wk ahead,percent,1.29762468246987e-11,Bin,11.4,11.5
HHS Region 2,1 wk ahead,percent,1.29762468246987e-11,Bin,11.5,11.6
HHS Region 2,1 wk ahead,percent,1.29762468246987e-11,Bin,11.6,11.7
HHS Region 2,1 wk ahead,percent,1.29762468246987e-11,Bin,11.7,11.8
HHS Region 2,1 wk ahead,percent,1.29762468246987e-11,Bin,11.8,11.9
HHS Region 2,1 wk ahead,percent,1.29762468246987e-11,Bin,11.9,12.0
HHS Region 2,1 wk ahead,percent,1.29762468246987e-11,Bin,12.0,12.1
HHS Region 2,1 wk ahead,percent,1.29762468246987e-11,Bin,12.1,12.2
HHS Region 2,1 wk ahead,percent,1.29762468246987e-11,Bin,12.2,12.3
HHS Region 2,1 wk ahead,percent,1.29762468246987e-11,Bin,12.3,12.4
HHS Region 2,1 wk ahead,percent,1.29762468246987e-11,Bin,12.4,12.5
HHS Region 2,1 wk ahead,percent,1.29762468246987e-11,Bin,12.5,12.6
HHS Region 2,1 wk ahead,percent,1.29762468246987e-11,Bin,12.6,12.7
HHS Region 2,1 wk ahead,percent,1.29762468246987e-11,Bin,12.7,12.8
HHS Region 2,1 wk ahead,percent,1.29762468246987e-11,Bin,12.8,12.9
HHS Region 2,1 wk ahead,percent,1.29762468246987e-11,Bin,12.9,13.0
HHS Region 2,1 wk ahead,percent,1.29762468246987e-11,Bin,13.0,100.0
HHS Region 2,2 wk ahead,percent,7.10119435857045e-10,Bin,0.0,0.1
HHS Region 2,2 wk ahead,percent,1.68942188841339e-09,Bin,0.1,0.2
HHS Region 2,2 wk ahead,percent,2.08505373552702e-09,Bin,0.2,0.3
HHS Region 2,2 wk ahead,percent,2.52124099335876e-09,Bin,0.3,0.4
HHS Region 2,2 wk ahead,percent,2.99318797961632e-09,Bin,0.4,0.5
HHS Region 2,2 wk ahead,percent,3.49548066390871e-09,Bin,0.5,0.6
HHS Region 2,2 wk ahead,percent,4.02194292114208e-09,Bin,0.6,0.7
HHS Region 2,2 wk ahead,percent,4.56515315647715e-09,Bin,0.7,0.8
HHS Region 2,2 wk ahead,percent,5.11592781904703e-09,Bin,0.8,0.9
HHS Region 2,2 wk ahead,percent,0.00200000529750495,Bin,0.9,1.0
HHS Region 2,2 wk ahead,percent,0.00200000582705333,Bin,1.0,1.1
HHS Region 2,2 wk ahead,percent,6.68942973590021e-09,Bin,1.1,1.2
HHS Region 2,2 wk ahead,percent,7.1381120078295e-09,Bin,1.2,1.3
HHS Region 2,2 wk ahead,percent,0.00200000715798144,Bin,1.3,1.4
HHS Region 2,2 wk ahead,percent,7.83175693935487e-09,Bin,1.4,1.5
HHS Region 2,2 wk ahead,percent,0.00400000732162493,Bin,1.5,1.6
HHS Region 2,2 wk ahead,percent,0.00200000781175956,Bin,1.6,1.7
HHS Region 2,2 wk ahead,percent,0.00400000746993086,Bin,1.7,1.8
HHS Region 2,2 wk ahead,percent,0.00600000702460084,Bin,1.8,1.9
HHS Region 2,2 wk ahead,percent,0.00400000720708011,Bin,1.9,2.0
HHS Region 2,2 wk ahead,percent,0.00200000729094462,Bin,2.0,2.1
HHS Region 2,2 wk ahead,percent,0.0140000047269076,Bin,2.1,2.2
HHS Region 2,2 wk ahead,percent,0.00800000537397932,Bin,2.2,2.3
HHS Region 2,2 wk ahead,percent,0.0120000041345534,Bin,2.3,2.4
HHS Region 2,2 wk ahead,percent,0.0100000039529265,Bin,2.4,2.5
HHS Region 2,2 wk ahead,percent,0.0160000022948554,Bin,2.5,2.6
HHS Region 2,2 wk ahead,percent,0.012000002471664,Bin,2.6,2.7
HHS Region 2,2 wk ahead,percent,0.0220000001188749,Bin,2.7,2.8
HHS Region 2,2 wk ahead,percent,0.0339999974434794,Bin,2.8,2.9
HHS Region 2,2 wk ahead,percent,0.027999998107136,Bin,2.9,3.0
HHS Region 2,2 wk ahead,percent,0.035999996265047,Bin,3.0,3.1
HHS Region 2,2 wk ahead,percent,0.0379999955660304,Bin,3.1,3.2
HHS Region 2,2 wk ahead,percent,0.0539999923477345,Bin,3.2,3.3
HHS Region 2,2 wk ahead,percent,0.0539999920806908,Bin,3.3,3.4
HHS Region 2,2 wk ahead,percent,0.0419999940252412,Bin,3.4,3.5
HHS Region 2,2 wk ahead,percent,0.0479999926947646,Bin,3.5,3.6
HHS Region 2,2 wk ahead,percent,0.0379999942980664,Bin,3.6,3.7
HHS Region 2,2 wk ahead,percent,0.0479999922593636,Bin,3.7,3.8
HHS Region 2,2 wk ahead,percent,0.0519999913316305,Bin,3.8,3.9
HHS Region 2,2 wk ahead,percent,0.0379999937111987,Bin,3.9,4.0
HHS Region 2,2 wk ahead,percent,0.0399999931903984,Bin,4.0,4.1
HHS Region 2,2 wk ahead,percent,0.0499999912329784,Bin,4.1,4.2
HHS Region 2,2 wk ahead,percent,0.0319999944159686,Bin,4.2,4.3
HHS Region 2,2 wk ahead,percent,0.027999995065188,Bin,4.3,4.4
HHS Region 2,2 wk ahead,percent,0.0379999931778509,Bin,4.4,4.5
HHS Region 2,2 wk ahead,percent,0.0199999964231485,Bin,4.5,4.6
HHS Region 2,2 wk ahead,percent,0.0179999967591699,Bin,4.6,4.7
HHS Region 2,2 wk ahead,percent,0.0299999945477433,Bin,4.7,4.8
HHS Region 2,2 wk ahead,percent,0.00999999818971317,Bin,4.8,4.9
HHS Region 2,2 wk ahead,percent,0.0139999974565824,Bin,4.9,5.0
HHS Region 2,2 wk ahead,percent,0.00999999818732288,Bin,5.0,5.1
HHS Region 2,2 wk ahead,percent,0.00799999855269311,Bin,5.1,5.2
HHS Region 2,2 wk ahead,percent,0.0159999970912122,Bin,5.2,5.3
HHS Region 2,2 wk ahead,percent,0.00399999928343357,Bin,5.3,5.4
HHS Region 2,2 wk ahead,percent,0.00999999818732288,Bin,5.4,5.5
HHS Region 2,2 wk ahead,percent,0.00399999928343357,Bin,5.5,5.6
HHS Region 2,2 wk ahead,percent,0.00399999928343357,Bin,5.6,5.7
HHS Region 2,2 wk ahead,percent,0.00599999891806334,Bin,5.7,5.8
HHS Region 2,2 wk ahead,percent,0.00199999964880379,Bin,5.8,5.9
HHS Region 2,2 wk ahead,percent,0.00199999964880379,Bin,5.9,6.0
HHS Region 2,2 wk ahead,percent,0.00199999964880379,Bin,6.0,6.1
HHS Region 2,2 wk ahead,percent,0.00199999964880379,Bin,6.1,6.2
HHS Region 2,2 wk ahead,percent,0.00399999928343357,Bin,6.2,6.3
HHS Region 2,2 wk ahead,percent,0.00199999964880379,Bin,6.3,6.4
HHS Region 2,2 wk ahead,percent,1.41740226705988e-11,Bin,6.4,6.5
HHS Region 2,2 wk ahead,percent,0.00199999964880379,Bin,6.5,6.6
HHS Region 2,2 wk ahead,percent,0.00199999964880379,Bin,6.6,6.7
HHS Region 2,2 wk ahead,percent,1.41740226705988e-11,Bin,6.7,6.8
HHS Region 2,2 wk ahead,percent,1.41740226705988e-11,Bin,6.8,6.9
HHS Region 2,2 wk ahead,percent,1.41740226705988e-11,Bin,6.9,7.0
HHS Region 2,2 wk ahead,percent,1.41740226705988e-11,Bin,7.0,7.1
HHS Region 2,2 wk ahead,percent,1.41740226705988e-11,Bin,7.1,7.2
HHS Region 2,2 wk ahead,percent,1.41740226705988e-11,Bin,7.2,7.3
HHS Region 2,2 wk ahead,percent,1.41740226705988e-11,Bin,7.3,7.4
HHS Region 2,2 wk ahead,percent,1.41740226705988e-11,Bin,7.4,7.5
HHS Region 2,2 wk ahead,percent,1.41740226705988e-11,Bin,7.5,7.6
HHS Region 2,2 wk ahead,percent,1.41740226705988e-11,Bin,7.6,7.7
HHS Region 2,2 wk ahead,percent,1.41740226705988e-11,Bin,7.7,7.8
HHS Region 2,2 wk ahead,percent,0.00199999964880379,Bin,7.8,7.9
HHS Region 2,2 wk ahead,percent,1.41740226705988e-11,Bin,7.9,8.0
HHS Region 2,2 wk ahead,percent,0.00199999964880379,Bin,8.0,8.1
HHS Region 2,2 wk ahead,percent,1.4174022670599e-11,Bin,8.1,8.2
HHS Region 2,2 wk ahead,percent,1.4174022670599e-11,Bin,8.2,8.3
HHS Region 2,2 wk ahead,percent,1.4174022670599e-11,Bin,8.3,8.4
HHS Region 2,2 wk ahead,percent,1.4174022670599e-11,Bin,8.4,8.5
HHS Region 2,2 wk ahead,percent,1.4174022670599e-11,Bin,8.5,8.6
HHS Region 2,2 wk ahead,percent,1.4174022670599e-11,Bin,8.6,8.7
HHS Region 2,2 wk ahead,percent,1.4174022670599e-11,Bin,8.7,8.8
HHS Region 2,2 wk ahead,percent,0.00199999964880379,Bin,8.8,8.9
HHS Region 2,2 wk ahead,percent,1.4174022670599e-11,Bin,8.9,9.0
HHS Region 2,2 wk ahead,percent,1.4174022670599e-11,Bin,9.0,9.1
HHS Region 2,2 wk ahead,percent,1.4174022670599e-11,Bin,9.1,9.2
HHS Region 2,2 wk ahead,percent,1.4174022670599e-11,Bin,9.2,9.3
HHS Region 2,2 wk ahead,percent,1.4174022670599e-11,Bin,9.3,9.4
HHS Region 2,2 wk ahead,percent,1.4174022670599e-11,Bin,9.4,9.5
HHS Region 2,2 wk ahead,percent,1.4174022670599e-11,Bin,9.5,9.6
HHS Region 2,2 wk ahead,percent,1.4174022670599e-11,Bin,9.6,9.7
HHS Region 2,2 wk ahead,percent,1.4174022670599e-11,Bin,9.7,9.8
HHS Region 2,2 wk ahead,percent,1.4174022670599e-11,Bin,9.8,9.9
HHS Region 2,2 wk ahead,percent,1.4174022670599e-11,Bin,9.9,10.0
HHS Region 2,2 wk ahead,percent,1.4174022670599e-11,Bin,10.0,10.1
HHS Region 2,2 wk ahead,percent,1.4174022670599e-11,Bin,10.1,10.2
HHS Region 2,2 wk ahead,percent,1.4174022670599e-11,Bin,10.2,10.3
HHS Region 2,2 wk ahead,percent,1.4174022670599e-11,Bin,10.3,10.4
HHS Region 2,2 wk ahead,percent,1.4174022670599e-11,Bin,10.4,10.5
HHS Region 2,2 wk ahead,percent,1.4174022670599e-11,Bin,10.5,10.6
HHS Region 2,2 wk ahead,percent,1.4174022670599e-11,Bin,10.6,10.7
HHS Region 2,2 wk ahead,percent,1.4174022670599e-11,Bin,10.7,10.8
HHS Region 2,2 wk ahead,percent,0.00199999964880379,Bin,10.8,10.9
HHS Region 2,2 wk ahead,percent,1.4174022670599e-11,Bin,10.9,11.0
HHS Region 2,2 wk ahead,percent,1.4174022670599e-11,Bin,11.0,11.1
HHS Region 2,2 wk ahead,percent,1.4174022670599e-11,Bin,11.1,11.2
HHS Region 2,2 wk ahead,percent,1.4174022670599e-11,Bin,11.2,11.3
HHS Region 2,2 wk ahead,percent,1.4174022670599e-11,Bin,11.3,11.4
HHS Region 2,2 wk ahead,percent,1.4174022670599e-11,Bin,11.4,11.5
HHS Region 2,2 wk ahead,percent,1.4174022670599e-11,Bin,11.5,11.6
HHS Region 2,2 wk ahead,percent,1.4174022670599e-11,Bin,11.6,11.7
HHS Region 2,2 wk ahead,percent,1.4174022670599e-11,Bin,11.7,11.8
HHS Region 2,2 wk ahead,percent,1.4174022670599e-11,Bin,11.8,11.9
HHS Region 2,2 wk ahead,percent,1.4174022670599e-11,Bin,11.9,12.0
HHS Region 2,2 wk ahead,percent,1.4174022670599e-11,Bin,12.0,12.1
HHS Region 2,2 wk ahead,percent,1.4174022670599e-11,Bin,12.1,12.2
HHS Region 2,2 wk ahead,percent,1.4174022670599e-11,Bin,12.2,12.3
HHS Region 2,2 wk ahead,percent,1.4174022670599e-11,Bin,12.3,12.4
HHS Region 2,2 wk ahead,percent,1.4174022670599e-11,Bin,12.4,12.5
HHS Region 2,2 wk ahead,percent,1.4174022670599e-11,Bin,12.5,12.6
HHS Region 2,2 wk ahead,percent,1.4174022670599e-11,Bin,12.6,12.7
HHS Region 2,2 wk ahead,percent,1.4174022670599e-11,Bin,12.7,12.8
HHS Region 2,2 wk ahead,percent,1.4174022670599e-11,Bin,12.8,12.9
HHS Region 2,2 wk ahead,percent,1.4174022670599e-11,Bin,12.9,13.0
HHS Region 2,2 wk ahead,percent,1.4174022670599e-11,Bin,13.0,100.0
HHS Region 2,3 wk ahead,percent,5.36599111088127e-10,Bin,0.0,0.1
HHS Region 2,3 wk ahead,percent,1.8694512893564e-09,Bin,0.1,0.2
HHS Region 2,3 wk ahead,percent,3.168237945874e-09,Bin,0.2,0.3
HHS Region 2,3 wk ahead,percent,4.33351603105731e-09,Bin,0.3,0.4
HHS Region 2,3 wk ahead,percent,4.82887161849164e-09,Bin,0.4,0.5
HHS Region 2,3 wk ahead,percent,0.00200000406158778,Bin,0.5,0.6
HHS Region 2,3 wk ahead,percent,3.39666159440772e-09,Bin,0.6,0.7
HHS Region 2,3 wk ahead,percent,2.33396698603015e-09,Bin,0.7,0.8
HHS Region 2,3 wk ahead,percent,1.85932599564523e-09,Bin,0.8,0.9
HHS Region 2,3 wk ahead,percent,2.42229071229491e-09,Bin,0.9,1.0
HHS Region 2,3 wk ahead,percent,4.2164918960977e-09,Bin,1.0,1.1
HHS Region 2,3 wk ahead,percent,0.00400000633828295,Bin,1.1,1.2
HHS Region 2,3 wk ahead,percent,1.02931255921172e-08,Bin,1.2,1.3
HHS Region 2,3 wk ahead,percent,0.00400001209188031,Bin,1.3,1.4
HHS Region 2,3 wk ahead,percent,0.0060000127446616,Bin,1.4,1.5
HHS Region 2,3 wk ahead,percent,0.00200001303932182,Bin,1.5,1.6
HHS Region 2,3 wk ahead,percent,0.00400001152909613,Bin,1.6,1.7
HHS Region 2,3 wk ahead,percent,0.00200001066221038,Bin,1.7,1.8
HHS Region 2,3 wk ahead,percent,0.0120000076083035,Bin,1.8,1.9
HHS Region 2,3 wk ahead,percent,0.0100000066744955,Bin,1.9,2.0
HHS Region 2,3 wk ahead,percent,0.0120000050985099,Bin,2.0,2.1
HHS Region 2,3 wk ahead,percent,0.0120000042070812,Bin,2.1,2.2
HHS Region 2,3 wk ahead,percent,0.0100000038782588,Bin,2.2,2.3
HHS Region 2,3 wk ahead,percent,0.0120000026029308,Bin,2.3,2.4
HHS Region 2,3 wk ahead,percent,0.0299999980131793,Bin,2.4,2.5
HHS Region 2,3 wk ahead,percent,0.0359999955176059,Bin,2.5,2.6
HHS Region 2,3 wk ahead,percent,0.0179999977316591,Bin,2.6,2.7
HHS Region 2,3 wk ahead,percent,0.0419999927853654,Bin,2.7,2.8
HHS Region 2,3 wk ahead,percent,0.0459999919750087,Bin,2.8,2.9
HHS Region 2,3 wk ahead,percent,0.0499999915956885,Bin,2.9,3.0
HHS Region 2,3 wk ahead,percent,0.0459999930621093,Bin,3.0,3.1
HHS Region 2,3 wk ahead,percent,0.0659999903177491,Bin,3.1,3.2
HHS Region 2,3 wk ahead,percent,0.0479999942515361,Bin,3.2,3.3
HHS Region 2,3 wk ahead,percent,0.0439999949693104,Bin,3.3,3.4
HHS Region 2,3 wk ahead,percent,0.0419999946709461,Bin,3.4,3.5
HHS Region 2,3 wk ahead,percent,0.0419999937567733,Bin,3.5,3.6
HHS Region 2,3 wk ahead,percent,0.0399999933750076,Bin,3.6,3.7
HHS Region 2,3 wk ahead,percent,0.0419999925821322,Bin,3.7,3.8
HHS Region 2,3 wk ahead,percent,0.0259999953247123,Bin,3.8,3.9
HHS Region 2,3 wk ahead,percent,0.0179999967470456,Bin,3.9,4.0
HHS Region 2,3 wk ahead,percent,0.0379999930933433,Bin,4.0,4.1
HHS Region 2,3 wk ahead,percent,0.0299999945548242,Bin,4.1,4.2
HHS Region 2,3 wk ahead,percent,0.0199999963816753,Bin,4.2,4.3
HHS Region 2,3 wk ahead,percent,0.0179999967470456,Bin,4.3,4.4
HHS Region 2,3 wk ahead,percent,0.0119999978431562,Bin,4.4,4.5
HHS Region 2,3 wk ahead,percent,0.0199999963816753,Bin,4.5,4.6
HHS Region 2,3 wk ahead,percent,0.0159999971124158,Bin,4.6,4.7
HHS Region 2,3 wk ahead,percent,0.0179999967470456,Bin,4.7,4.8
HHS Region 2,3 wk ahead,percent,0.00599999893926692,Bin,4.8,4.9
HHS Region 2,3 wk ahead,percent,0.013999997477786,Bin,4.9,5.0
HHS Region 2,3 wk ahead,percent,0.00999999820852647,Bin,5.0,5.1
HHS Region 2,3 wk ahead,percent,0.0119999978431562,Bin,5.1,5.2
HHS Region 2,3 wk ahead,percent,0.00399999930463715,Bin,5.2,5.3
HHS Region 2,3 wk ahead,percent,0.00999999820852647,Bin,5.3,5.4
HHS Region 2,3 wk ahead,percent,0.0079999985738967,Bin,5.4,5.5
HHS Region 2,3 wk ahead,percent,0.00199999967000738,Bin,5.5,5.6
HHS Region 2,3 wk ahead,percent,0.00199999967000738,Bin,5.6,5.7
HHS Region 2,3 wk ahead,percent,0.00199999967000738,Bin,5.7,5.8
HHS Region 2,3 wk ahead,percent,3.53776066714787e-11,Bin,5.8,5.9
HHS Region 2,3 wk ahead,percent,0.00399999930463715,Bin,5.9,6.0
HHS Region 2,3 wk ahead,percent,0.00199999967000738,Bin,6.0,6.1
HHS Region 2,3 wk ahead,percent,0.00399999930463715,Bin,6.1,6.2
HHS Region 2,3 wk ahead,percent,0.00599999893926692,Bin,6.2,6.3
HHS Region 2,3 wk ahead,percent,0.00199999967000738,Bin,6.3,6.4
HHS Region 2,3 wk ahead,percent,0.00399999930463715,Bin,6.4,6.5
HHS Region 2,3 wk ahead,percent,3.53776066714787e-11,Bin,6.5,6.6
HHS Region 2,3 wk ahead,percent,0.00399999930463715,Bin,6.6,6.7
HHS Region 2,3 wk ahead,percent,0.00199999967000738,Bin,6.7,6.8
HHS Region 2,3 wk ahead,percent,3.53776066714787e-11,Bin,6.8,6.9
HHS Region 2,3 wk ahead,percent,3.53776066714787e-11,Bin,6.9,7.0
HHS Region 2,3 wk ahead,percent,3.53776066714787e-11,Bin,7.0,7.1
HHS Region 2,3 wk ahead,percent,3.53776066714787e-11,Bin,7.1,7.2
HHS Region 2,3 wk ahead,percent,3.53776066714787e-11,Bin,7.2,7.3
HHS Region 2,3 wk ahead,percent,3.53776066714787e-11,Bin,7.3,7.4
HHS Region 2,3 wk ahead,percent,3.53776066714787e-11,Bin,7.4,7.5
HHS Region 2,3 wk ahead,percent,3.53776066714787e-11,Bin,7.5,7.6
HHS Region 2,3 wk ahead,percent,3.53776066714787e-11,Bin,7.6,7.7
HHS Region 2,3 wk ahead,percent,3.53776066714787e-11,Bin,7.7,7.8
HHS Region 2,3 wk ahead,percent,3.53776066714787e-11,Bin,7.8,7.9
HHS Region 2,3 wk ahead,percent,3.53776066714787e-11,Bin,7.9,8.0
HHS Region 2,3 wk ahead,percent,3.5377606671479e-11,Bin,8.0,8.1
HHS Region 2,3 wk ahead,percent,3.53776066714793e-11,Bin,8.1,8.2
HHS Region 2,3 wk ahead,percent,3.53776066714793e-11,Bin,8.2,8.3
HHS Region 2,3 wk ahead,percent,3.53776066714793e-11,Bin,8.3,8.4
HHS Region 2,3 wk ahead,percent,3.53776066714793e-11,Bin,8.4,8.5
HHS Region 2,3 wk ahead,percent,3.53776066714793e-11,Bin,8.5,8.6
HHS Region 2,3 wk ahead,percent,0.00199999967000738,Bin,8.6,8.7
HHS Region 2,3 wk ahead,percent,3.53776066714793e-11,Bin,8.7,8.8
HHS Region 2,3 wk ahead,percent,3.53776066714793e-11,Bin,8.8,8.9
HHS Region 2,3 wk ahead,percent,3.53776066714793e-11,Bin,8.9,9.0
HHS Region 2,3 wk ahead,percent,3.53776066714793e-11,Bin,9.0,9.1
HHS Region 2,3 wk ahead,percent,3.53776066714793e-11,Bin,9.1,9.2
HHS Region 2,3 wk ahead,percent,3.53776066714793e-11,Bin,9.2,9.3
HHS Region 2,3 wk ahead,percent,3.53776066714793e-11,Bin,9.3,9.4
HHS Region 2,3 wk ahead,percent,3.53776066714793e-11,Bin,9.4,9.5
HHS Region 2,3 wk ahead,percent,3.53776066714793e-11,Bin,9.5,9.6
HHS Region 2,3 wk ahead,percent,3.53776066714793e-11,Bin,9.6,9.7
HHS Region 2,3 wk ahead,percent,3.53776066714793e-11,Bin,9.7,9.8
HHS Region 2,3 wk ahead,percent,3.53776066714793e-11,Bin,9.8,9.9
HHS Region 2,3 wk ahead,percent,3.53776066714793e-11,Bin,9.9,10.0
HHS Region 2,3 wk ahead,percent,3.53776066714793e-11,Bin,10.0,10.1
HHS Region 2,3 wk ahead,percent,3.53776066714793e-11,Bin,10.1,10.2
HHS Region 2,3 wk ahead,percent,3.53776066714793e-11,Bin,10.2,10.3
HHS Region 2,3 wk ahead,percent,3.53776066714793e-11,Bin,10.3,10.4
HHS Region 2,3 wk ahead,percent,3.53776066714793e-11,Bin,10.4,10.5
HHS Region 2,3 wk ahead,percent,3.53776066714793e-11,Bin,10.5,10.6
HHS Region 2,3 wk ahead,percent,3.53776066714793e-11,Bin,10.6,10.7
HHS Region 2,3 wk ahead,percent,3.53776066714793e-11,Bin,10.7,10.8
HHS Region 2,3 wk ahead,percent,3.53776066714793e-11,Bin,10.8,10.9
HHS Region 2,3 wk ahead,percent,3.53776066714793e-11,Bin,10.9,11.0
HHS Region 2,3 wk ahead,percent,3.53776066714793e-11,Bin,11.0,11.1
HHS Region 2,3 wk ahead,percent,3.53776066714793e-11,Bin,11.1,11.2
HHS Region 2,3 wk ahead,percent,3.53776066714793e-11,Bin,11.2,11.3
HHS Region 2,3 wk ahead,percent,3.53776066714793e-11,Bin,11.3,11.4
HHS Region 2,3 wk ahead,percent,3.53776066714793e-11,Bin,11.4,11.5
HHS Region 2,3 wk ahead,percent,3.53776066714793e-11,Bin,11.5,11.6
HHS Region 2,3 wk ahead,percent,3.53776066714793e-11,Bin,11.6,11.7
HHS Region 2,3 wk ahead,percent,3.53776066714793e-11,Bin,11.7,11.8
HHS Region 2,3 wk ahead,percent,3.53776066714793e-11,Bin,11.8,11.9
HHS Region 2,3 wk ahead,percent,3.53776066714793e-11,Bin,11.9,12.0
HHS Region 2,3 wk ahead,percent,3.53776066714793e-11,Bin,12.0,12.1
HHS Region 2,3 wk ahead,percent,3.53776066714793e-11,Bin,12.1,12.2
HHS Region 2,3 wk ahead,percent,3.53776066714793e-11,Bin,12.2,12.3
HHS Region 2,3 wk ahead,percent,3.53776066714793e-11,Bin,12.3,12.4
HHS Region 2,3 wk ahead,percent,3.53776066714793e-11,Bin,12.4,12.5
HHS Region 2,3 wk ahead,percent,3.53776066714793e-11,Bin,12.5,12.6
HHS Region 2,3 wk ahead,percent,3.53776066714793e-11,Bin,12.6,12.7
HHS Region 2,3 wk ahead,percent,3.53776066714793e-11,Bin,12.7,12.8
HHS Region 2,3 wk ahead,percent,3.53776066714793e-11,Bin,12.8,12.9
HHS Region 2,3 wk ahead,percent,3.53776066714793e-11,Bin,12.9,13.0
HHS Region 2,3 wk ahead,percent,3.53776066714793e-11,Bin,13.0,100.0
HHS Region 2,4 wk ahead,percent,1.12382372749346e-10,Bin,0.0,0.1
HHS Region 2,4 wk ahead,percent,6.34075638607187e-10,Bin,0.1,0.2
HHS Region 2,4 wk ahead,percent,1.78268826656234e-09,Bin,0.2,0.3
HHS Region 2,4 wk ahead,percent,3.66241851132356e-09,Bin,0.3,0.4
HHS Region 2,4 wk ahead,percent,5.5318733766304e-09,Bin,0.4,0.5
HHS Region 2,4 wk ahead,percent,6.29821650493907e-09,Bin,0.5,0.6
HHS Region 2,4 wk ahead,percent,5.94084503028961e-09,Bin,0.6,0.7
HHS Region 2,4 wk ahead,percent,0.0020000055692983,Bin,0.7,0.8
HHS Region 2,4 wk ahead,percent,7.67510659590141e-09,Bin,0.8,0.9
HHS Region 2,4 wk ahead,percent,1.08677376304672e-08,Bin,0.9,1.0
HHS Region 2,4 wk ahead,percent,0.0020000134817775,Bin,1.0,1.1
HHS Region 2,4 wk ahead,percent,1.52649892056783e-08,Bin,1.1,1.2
HHS Region 2,4 wk ahead,percent,0.00200001480703511,Bin,1.2,1.3
HHS Region 2,4 wk ahead,percent,0.00400001358842492,Bin,1.3,1.4
HHS Region 2,4 wk ahead,percent,1.27864373319786e-08,Bin,1.4,1.5
HHS Region 2,4 wk ahead,percent,0.0060000090518321,Bin,1.5,1.6
HHS Region 2,4 wk ahead,percent,0.0080000053653629,Bin,1.6,1.7
HHS Region 2,4 wk ahead,percent,0.0140000016184044,Bin,1.7,1.8
HHS Region 2,4 wk ahead,percent,0.0120000008888888,Bin,1.8,1.9
HHS Region 2,4 wk ahead,percent,0.0239999988328232,Bin,1.9,2.0
HHS Region 2,4 wk ahead,percent,0.0180000004079704,Bin,2.0,2.1
HHS Region 2,4 wk ahead,percent,0.043999995849421,Bin,2.1,2.2
HHS Region 2,4 wk ahead,percent,0.0339999973898386,Bin,2.2,2.3
HHS Region 2,4 wk ahead,percent,0.0319999972098746,Bin,2.3,2.4
HHS Region 2,4 wk ahead,percent,0.0419999951242936,Bin,2.4,2.5
HHS Region 2,4 wk ahead,percent,0.0359999965575834,Bin,2.5,2.6
HHS Region 2,4 wk ahead,percent,0.0459999951908667,Bin,2.6,2.7
HHS Region 2,4 wk ahead,percent,0.0399999960855395,Bin,2.7,2.8
HHS Region 2,4 wk ahead,percent,0.0399999951040866,Bin,2.8,2.9
HHS Region 2,4 wk ahead,percent,0.0399999939513708,Bin,2.9,3.0
HHS Region 2,4 wk ahead,percent,0.0499999913452541,Bin,3.0,3.1
HHS Region 2,4 wk ahead,percent,0.0379999931910354,Bin,3.1,3.2
HHS Region 2,4 wk ahead,percent,0.039999992734235,Bin,3.2,3.3
HHS Region 2,4 wk ahead,percent,0.0379999930979848,Bin,3.3,3.4
HHS Region 2,4 wk ahead,percent,0.0479999912711336,Bin,3.4,3.5
HHS Region 2,4 wk ahead,percent,0.0299999945594657,Bin,3.5,3.6
HHS Region 2,4 wk ahead,percent,0.0339999938287252,Bin,3.6,3.7
HHS Region 2,4 wk ahead,percent,0.0279999949248359,Bin,3.7,3.8
HHS Region 2,4 wk ahead,percent,0.0299999945594657,Bin,3.8,3.9
HHS Region 2,4 wk ahead,percent,0.0259999952902061,Bin,3.9,4.0
HHS Region 2,4 wk ahead,percent,0.0219999960209466,Bin,4.0,4.1
HHS Region 2,4 wk ahead,percent,0.0199999963863168,Bin,4.1,4.2
HHS Region 2,4 wk ahead,percent,0.017999996751687,Bin,4.2,4.3
HHS Region 2,4 wk ahead,percent,0.0159999971170573,Bin,4.3,4.4
HHS Region 2,4 wk ahead,percent,0.00999999821316795,Bin,4.4,4.5
HHS Region 2,4 wk ahead,percent,0.00999999821316795,Bin,4.5,4.6
HHS Region 2,4 wk ahead,percent,0.00999999821316795,Bin,4.6,4.7
HHS Region 2,4 wk ahead,percent,0.00799999857853818,Bin,4.7,4.8
HHS Region 2,4 wk ahead,percent,0.00199999967464886,Bin,4.8,4.9
HHS Region 2,4 wk ahead,percent,0.00999999821316795,Bin,4.9,5.0
HHS Region 2,4 wk ahead,percent,0.00599999894390841,Bin,5.0,5.1
HHS Region 2,4 wk ahead,percent,0.00399999930927863,Bin,5.1,5.2
HHS Region 2,4 wk ahead,percent,0.00599999894390841,Bin,5.2,5.3
HHS Region 2,4 wk ahead,percent,0.00599999894390841,Bin,5.3,5.4
HHS Region 2,4 wk ahead,percent,0.00799999857853818,Bin,5.4,5.5
HHS Region 2,4 wk ahead,percent,0.00799999857853818,Bin,5.5,5.6
HHS Region 2,4 wk ahead,percent,0.00199999967464886,Bin,5.6,5.7
HHS Region 2,4 wk ahead,percent,0.00399999930927863,Bin,5.7,5.8
HHS Region 2,4 wk ahead,percent,0.00199999967464886,Bin,5.8,5.9
HHS Region 2,4 wk ahead,percent,4.00190904806353e-11,Bin,5.9,6.0
HHS Region 2,4 wk ahead,percent,0.00399999930927863,Bin,6.0,6.1
HHS Region 2,4 wk ahead,percent,0.00399999930927863,Bin,6.1,6.2
HHS Region 2,4 wk ahead,percent,0.00399999930927863,Bin,6.2,6.3
HHS Region 2,4 wk ahead,percent,0.00199999967464886,Bin,6.3,6.4
HHS Region 2,4 wk ahead,percent,4.00190904806353e-11,Bin,6.4,6.5
HHS Region 2,4 wk ahead,percent,4.00190904806353e-11,Bin,6.5,6.6
HHS Region 2,4 wk ahead,percent,4.00190904806353e-11,Bin,6.6,6.7
HHS Region 2,4 wk ahead,percent,0.00199999967464886,Bin,6.7,6.8
HHS Region 2,4 wk ahead,percent,4.00190904806353e-11,Bin,6.8,6.9
HHS Region 2,4 wk ahead,percent,0.00199999967464886,Bin,6.9,7.0
HHS Region 2,4 wk ahead,percent,4.00190904806353e-11,Bin,7.0,7.1
HHS Region 2,4 wk ahead,percent,0.00199999967464886,Bin,7.1,7.2
HHS Region 2,4 wk ahead,percent,4.00190904806353e-11,Bin,7.2,7.3
HHS Region 2,4 wk ahead,percent,4.00190904806353e-11,Bin,7.3,7.4
HHS Region 2,4 wk ahead,percent,4.00190904806353e-11,Bin,7.4,7.5
HHS Region 2,4 wk ahead,percent,4.00190904806353e-11,Bin,7.5,7.6
HHS Region 2,4 wk ahead,percent,4.00190904806353e-11,Bin,7.6,7.7
HHS Region 2,4 wk ahead,percent,4.00190904806353e-11,Bin,7.7,7.8
HHS Region 2,4 wk ahead,percent,4.00190904806353e-11,Bin,7.8,7.9
HHS Region 2,4 wk ahead,percent,4.00190904806353e-11,Bin,7.9,8.0
HHS Region 2,4 wk ahead,percent,4.00190904806357e-11,Bin,8.0,8.1
HHS Region 2,4 wk ahead,percent,4.00190904806361e-11,Bin,8.1,8.2
HHS Region 2,4 wk ahead,percent,4.00190904806361e-11,Bin,8.2,8.3
HHS Region 2,4 wk ahead,percent,4.00190904806361e-11,Bin,8.3,8.4
HHS Region 2,4 wk ahead,percent,4.00190904806361e-11,Bin,8.4,8.5
HHS Region 2,4 wk ahead,percent,4.00190904806361e-11,Bin,8.5,8.6
HHS Region 2,4 wk ahead,percent,4.00190904806361e-11,Bin,8.6,8.7
HHS Region 2,4 wk ahead,percent,4.00190904806361e-11,Bin,8.7,8.8
HHS Region 2,4 wk ahead,percent,4.00190904806361e-11,Bin,8.8,8.9
HHS Region 2,4 wk ahead,percent,4.00190904806361e-11,Bin,8.9,9.0
HHS Region 2,4 wk ahead,percent,4.00190904806361e-11,Bin,9.0,9.1
HHS Region 2,4 wk ahead,percent,4.00190904806361e-11,Bin,9.1,9.2
HHS Region 2,4 wk ahead,percent,4.00190904806361e-11,Bin,9.2,9.3
HHS Region 2,4 wk ahead,percent,4.00190904806361e-11,Bin,9.3,9.4
HHS Region 2,4 wk ahead,percent,4.00190904806361e-11,Bin,9.4,9.5
HHS Region 2,4 wk ahead,percent,4.00190904806361e-11,Bin,9.5,9.6
HHS Region 2,4 wk ahead,percent,4.00190904806361e-11,Bin,9.6,9.7
HHS Region 2,4 wk ahead,percent,4.00190904806361e-11,Bin,9.7,9.8
HHS Region 2,4 wk ahead,percent,4.00190904806361e-11,Bin,9.8,9.9
HHS Region 2,4 wk ahead,percent,4.00190904806361e-11,Bin,9.9,10.0
HHS Region 2,4 wk ahead,percent,4.00190904806361e-11,Bin,10.0,10.1
HHS Region 2,4 wk ahead,percent,4.00190904806361e-11,Bin,10.1,10.2
HHS Region 2,4 wk ahead,percent,4.00190904806361e-11,Bin,10.2,10.3
HHS Region 2,4 wk ahead,percent,4.00190904806361e-11,Bin,10.3,10.4
HHS Region 2,4 wk ahead,percent,4.00190904806361e-11,Bin,10.4,10.5
HHS Region 2,4 wk ahead,percent,4.00190904806361e-11,Bin,10.5,10.6
HHS Region 2,4 wk ahead,percent,4.00190904806361e-11,Bin,10.6,10.7
HHS Region 2,4 wk ahead,percent,4.00190904806361e-11,Bin,10.7,10.8
HHS Region 2,4 wk ahead,percent,4.00190904806361e-11,Bin,10.8,10.9
HHS Region 2,4 wk ahead,percent,4.00190904806361e-11,Bin,10.9,11.0
HHS Region 2,4 wk ahead,percent,4.00190904806361e-11,Bin,11.0,11.1
HHS Region 2,4 wk ahead,percent,4.00190904806361e-11,Bin,11.1,11.2
HHS Region 2,4 wk ahead,percent,4.00190904806361e-11,Bin,11.2,11.3
HHS Region 2,4 wk ahead,percent,4.00190904806361e-11,Bin,11.3,11.4
HHS Region 2,4 wk ahead,percent,4.00190904806361e-11,Bin,11.4,11.5
HHS Region 2,4 wk ahead,percent,4.00190904806361e-11,Bin,11.5,11.6
HHS Region 2,4 wk ahead,percent,4.00190904806361e-11,Bin,11.6,11.7
HHS Region 2,4 wk ahead,percent,4.00190904806361e-11,Bin,11.7,11.8
HHS Region 2,4 wk ahead,percent,4.00190904806361e-11,Bin,11.8,11.9
HHS Region 2,4 wk ahead,percent,4.00190904806361e-11,Bin,11.9,12.0
HHS Region 2,4 wk ahead,percent,4.00190904806361e-11,Bin,12.0,12.1
HHS Region 2,4 wk ahead,percent,4.00190904806361e-11,Bin,12.1,12.2
HHS Region 2,4 wk ahead,percent,4.00190904806361e-11,Bin,12.2,12.3
HHS Region 2,4 wk ahead,percent,4.00190904806361e-11,Bin,12.3,12.4
HHS Region 2,4 wk ahead,percent,4.00190904806361e-11,Bin,12.4,12.5
HHS Region 2,4 wk ahead,percent,4.00190904806361e-11,Bin,12.5,12.6
HHS Region 2,4 wk ahead,percent,4.00190904806361e-11,Bin,12.6,12.7
HHS Region 2,4 wk ahead,percent,4.00190904806361e-11,Bin,12.7,12.8
HHS Region 2,4 wk ahead,percent,4.00190904806361e-11,Bin,12.8,12.9
HHS Region 2,4 wk ahead,percent,4.00190904806361e-11,Bin,12.9,13.0
HHS Region 2,4 wk ahead,percent,4.00190904806361e-11,Bin,13.0,100.0
HHS Region 3,Season onset,week,0.000493222615071459,Bin,40.0,41.0
HHS Region 3,Season onset,week,0.000628600089702879,Bin,41.0,42.0
HHS Region 3,Season onset,week,0.000779377260679316,Bin,42.0,43.0
HHS Region 3,Season onset,week,0.000942327699599917,Bin,43.0,44.0
HHS Region 3,Season onset,week,0.00111343739949172,Bin,44.0,45.0
HHS Region 3,Season onset,week,0.00128796434378669,Bin,45.0,46.0
HHS Region 3,Season onset,week,0.00146040748619174,Bin,46.0,47.0
HHS Region 3,Season onset,week,0.963353501910267,Bin,47.0,48.0
HHS Region 3,Season onset,week,0.00177356326894063,Bin,48.0,49.0
HHS Region 3,Season onset,week,0.00190060508417356,Bin,49.0,50.0
HHS Region 3,Season onset,week,0.00199928763417351,Bin,50.0,51.0
HHS Region 3,Season onset,week,0.0020644418794009,Bin,51.0,52.0
HHS Region 3,Season onset,week,0.00209265686528153,Bin,52.0,53.0
HHS Region 3,Season onset,week,0.00208245651017518,Bin,1.0,2.0
HHS Region 3,Season onset,week,0.00203426460541264,Bin,2.0,3.0
HHS Region 3,Season onset,week,0.00195009851222752,Bin,3.0,4.0
HHS Region 3,Season onset,week,0.00183324670610981,Bin,4.0,5.0
HHS Region 3,Season onset,week,0.00168814526973913,Bin,5.0,6.0
HHS Region 3,Season onset,week,0.00152031664908233,Bin,6.0,7.0
HHS Region 3,Season onset,week,0.00133641734422633,Bin,7.0,8.0
HHS Region 3,Season onset,week,0.00114412274180802,Bin,8.0,9.0
HHS Region 3,Season onset,week,0.000951726489907889,Bin,9.0,10.0
HHS Region 3,Season onset,week,0.000767455700952128,Bin,10.0,11.0
HHS Region 3,Season onset,week,0.000598604487666,Bin,11.0,12.0
HHS Region 3,Season onset,week,0.000450707371633756,Bin,12.0,13.0
HHS Region 3,Season onset,week,0.000326985102806114,Bin,13.0,14.0
HHS Region 3,Season onset,week,0.000228222181299763,Bin,14.0,15.0
HHS Region 3,Season onset,week,0.000153033358325652,Bin,15.0,16.0
HHS Region 3,Season onset,week,9.84693320687356e-05,Bin,16.0,17.0
HHS Region 3,Season onset,week,6.07418716866697e-05,Bin,17.0,18.0
HHS Region 3,Season onset,week,3.58889686858342e-05,Bin,18.0,19.0
HHS Region 3,Season onset,week,2.02964744575622e-05,Bin,19.0,20.0
HHS Region 3,Season onset,week,1.09805733749265e-05,Bin,20.0,21.0
HHS Region 3,Season onset,week,0.00281842621159292,Bin,none,none
HHS Region 3,Season peak week,week,1.4735874711808e-05,Bin,40.0,41.0
HHS Region 3,Season peak week,week,1.4735874711808e-05,Bin,41.0,42.0
HHS Region 3,Season peak week,week,1.4735874711808e-05,Bin,42.0,43.0
HHS Region 3,Season peak week,week,1.74635089601805e-05,Bin,43.0,44.0
HHS Region 3,Season peak week,week,9.57444659520693e-05,Bin,44.0,45.0
HHS Region 3,Season peak week,week,0.000404206968227484,Bin,45.0,46.0
HHS Region 3,Season peak week,week,0.000958735417962458,Bin,46.0,47.0
HHS Region 3,Season peak week,week,0.00128633300408917,Bin,47.0,48.0
HHS Region 3,Season peak week,week,0.00104002460373952,Bin,48.0,49.0
HHS Region 3,Season peak week,week,0.000860336778322787,Bin,49.0,50.0
HHS Region 3,Season peak week,week,0.00167093598631876,Bin,50.0,51.0
HHS Region 3,Season peak week,week,0.00340158523043242,Bin,51.0,52.0
HHS Region 3,Season peak week,week,0.00454535153383314,Bin,52.0,53.0
HHS Region 3,Season peak week,week,0.00380784760889372,Bin,1.0,2.0
HHS Region 3,Season peak week,week,0.0020534892807727,Bin,2.0,3.0
HHS Region 3,Season peak week,week,0.00096278840241084,Bin,3.0,4.0
HHS Region 3,Season peak week,week,0.000975498990186721,Bin,4.0,5.0
HHS Region 3,Season peak week,week,0.00153350499987912,Bin,5.0,6.0
HHS Region 3,Season peak week,week,0.00220857899629759,Bin,6.0,7.0
HHS Region 3,Season peak week,week,0.00275724371543948,Bin,7.0,8.0
HHS Region 3,Season peak week,week,0.00274508340495135,Bin,8.0,9.0
HHS Region 3,Season peak week,week,0.00229912726834776,Bin,9.0,10.0
HHS Region 3,Season peak week,week,0.938690751876194,Bin,10.0,11.0
HHS Region 3,Season peak week,week,0.00146853029037966,Bin,11.0,12.0
HHS Region 3,Season peak week,week,0.000815145887977149,Bin,12.0,13.0
HHS Region 3,Season peak week,week,0.0156442333058703,Bin,13.0,14.0
HHS Region 3,Season peak week,week,0.00773942876541784,Bin,14.0,15.0
HHS Region 3,Season peak week,week,0.00193004594290657,Bin,15.0,16.0
HHS Region 3,Season peak week,week,8.75522842032149e-06,Bin,16.0,17.0
HHS Region 3,Season peak week,week,8.75522842032149e-06,Bin,17.0,18.0
HHS Region 3,Season peak week,week,8.75522842032149e-06,Bin,18.0,19.0
HHS Region 3,Season peak week,week,8.75522842032149e-06,Bin,19.0,20.0
HHS Region 3,Season peak week,week,8.75522842032149e-06,Bin,20.0,21.0
HHS Region 3,Season peak percentage,percent,4.07330008480405e-06,Bin,0.0,0.1
HHS Region 3,Season peak percentage,percent,9.86886543608429e-06,Bin,0.1,0.2
HHS Region 3,Season peak percentage,percent,1.25830705384174e-05,Bin,0.2,0.3
HHS Region 3,Season peak percentage,percent,1.5865273892564e-05,Bin,0.3,0.4
HHS Region 3,Season peak percentage,percent,1.97755870065164e-05,Bin,0.4,0.5
HHS Region 3,Season peak percentage,percent,2.43802484472093e-05,Bin,0.5,0.6
HHS Region 3,Season peak percentage,percent,2.97316480881106e-05,Bin,0.6,0.7
HHS Region 3,Season peak percentage,percent,3.58780602368627e-05,Bin,0.7,0.8
HHS Region 3,Season peak percentage,percent,4.28527039023994e-05,Bin,0.8,0.9
HHS Region 3,Season peak percentage,percent,5.06859740764034e-05,Bin,0.9,1.0
HHS Region 3,Season peak percentage,percent,5.93866816762822e-05,Bin,1.0,1.1
HHS Region 3,Season peak percentage,percent,6.89736533008514e-05,Bin,1.1,1.2
HHS Region 3,Season peak percentage,percent,7.94424707240777e-05,Bin,1.2,1.3
HHS Region 3,Season peak percentage,percent,9.08136580811479e-05,Bin,1.3,1.4
HHS Region 3,Season peak percentage,percent,0.000103094773371173,Bin,1.4,1.5
HHS Region 3,Season peak percentage,percent,0.000116326218117629,Bin,1.5,1.6
HHS Region 3,Season peak percentage,percent,0.000130558391889728,Bin,1.6,1.7
HHS Region 3,Season peak percentage,percent,0.000145873699090155,Bin,1.7,1.8
HHS Region 3,Season peak percentage,percent,0.000162374275017693,Bin,1.8,1.9
HHS Region 3,Season peak percentage,percent,0.000180199327713123,Bin,1.9,2.0
HHS Region 3,Season peak percentage,percent,0.000199485138186993,Bin,2.0,2.1
HHS Region 3,Season peak percentage,percent,0.000220407393661216,Bin,2.1,2.2
HHS Region 3,Season peak percentage,percent,0.000243092950414859,Bin,2.2,2.3
HHS Region 3,Season peak percentage,percent,0.000267686632479315,Bin,2.3,2.4
HHS Region 3,Season peak percentage,percent,0.000294243200025945,Bin,2.4,2.5
HHS Region 3,Season peak percentage,percent,0.000322777630621675,Bin,2.5,2.6
HHS Region 3,Season peak percentage,percent,0.000353195928435804,Bin,2.6,2.7
HHS Region 3,Season peak percentage,percent,0.000385305709580149,Bin,2.7,2.8
HHS Region 3,Season peak percentage,percent,0.000418786279824432,Bin,2.8,2.9
HHS Region 3,Season peak percentage,percent,0.00045320512603999,Bin,2.9,3.0
HHS Region 3,Season peak percentage,percent,0.000488002815474446,Bin,3.0,3.1
HHS Region 3,Season peak percentage,percent,0.00052252238731039,Bin,3.1,3.2
HHS Region 3,Season peak percentage,percent,0.000556039515465618,Bin,3.2,3.3
HHS Region 3,Season peak percentage,percent,0.00058776320626995,Bin,3.3,3.4
HHS Region 3,Season peak percentage,percent,0.000616934003681614,Bin,3.4,3.5
HHS Region 3,Season peak percentage,percent,0.000642801641724212,Bin,3.5,3.6
HHS Region 3,Season peak percentage,percent,0.000664714667309035,Bin,3.6,3.7
HHS Region 3,Season peak percentage,percent,0.000682143623507852,Bin,3.7,3.8
HHS Region 3,Season peak percentage,percent,0.000694730592922693,Bin,3.8,3.9
HHS Region 3,Season peak percentage,percent,0.939349737447541,Bin,3.9,4.0
HHS Region 3,Season peak percentage,percent,0.0141690103855707,Bin,4.0,4.1
HHS Region 3,Season peak percentage,percent,0.00454944989008908,Bin,4.1,4.2
HHS Region 3,Season peak percentage,percent,0.000695913437383169,Bin,4.2,4.3
HHS Region 3,Season peak percentage,percent,0.00260897750831643,Bin,4.3,4.4
HHS Region 3,Season peak percentage,percent,0.000672121919267704,Bin,4.4,4.5
HHS Region 3,Season peak percentage,percent,0.000656579512128682,Bin,4.5,4.6
HHS Region 3,Season peak percentage,percent,0.000639827221164563,Bin,4.6,4.7
HHS Region 3,Season peak percentage,percent,0.000622821701720857,Bin,4.7,4.8
HHS Region 3,Season peak percentage,percent,0.000606493217453381,Bin,4.8,4.9
HHS Region 3,Season peak percentage,percent,0.000591707575562779,Bin,4.9,5.0
HHS Region 3,Season peak percentage,percent,0.00442612333494661,Bin,5.0,5.1
HHS Region 3,Season peak percentage,percent,0.000569610439368972,Bin,5.1,5.2
HHS Region 3,Season peak percentage,percent,0.000563339315012725,Bin,5.2,5.3
HHS Region 3,Season peak percentage,percent,0.000560647601333052,Bin,5.3,5.4
HHS Region 3,Season peak percentage,percent,0.000561576094564125,Bin,5.4,5.5
HHS Region 3,Season peak percentage,percent,0.000565969966426441,Bin,5.5,5.6
HHS Region 3,Season peak percentage,percent,0.000573499510372717,Bin,5.6,5.7
HHS Region 3,Season peak percentage,percent,0.000583648719297922,Bin,5.7,5.8
HHS Region 3,Season peak percentage,percent,0.000595769993773243,Bin,5.8,5.9
HHS Region 3,Season peak percentage,percent,0.000609109091275581,Bin,5.9,6.0
HHS Region 3,Season peak percentage,percent,0.000622831693040882,Bin,6.0,6.1
HHS Region 3,Season peak percentage,percent,0.000636074761265996,Bin,6.1,6.2
HHS Region 3,Season peak percentage,percent,0.000647980608276708,Bin,6.2,6.3
HHS Region 3,Season peak percentage,percent,0.00065774094964048,Bin,6.3,6.4
HHS Region 3,Season peak percentage,percent,0.000664617424460472,Bin,6.4,6.5
HHS Region 3,Season peak percentage,percent,0.00066800510044599,Bin,6.5,6.6
HHS Region 3,Season peak percentage,percent,0.00066740619769398,Bin,6.6,6.7
HHS Region 3,Season peak percentage,percent,0.000662507682161447,Bin,6.7,6.8
HHS Region 3,Season peak percentage,percent,0.000653140822547127,Bin,6.8,6.9
HHS Region 3,Season peak percentage,percent,0.00063931026605825,Bin,6.9,7.0
HHS Region 3,Season peak percentage,percent,0.000621186546980564,Bin,7.0,7.1
HHS Region 3,Season peak percentage,percent,0.000599098159691512,Bin,7.1,7.2
HHS Region 3,Season peak percentage,percent,0.000573482275040638,Bin,7.2,7.3
HHS Region 3,Season peak percentage,percent,0.000544927012821819,Bin,7.3,7.4
HHS Region 3,Season peak percentage,percent,0.000514060039165831,Bin,7.4,7.5
HHS Region 3,Season peak percentage,percent,0.00048159985995783,Bin,7.5,7.6
HHS Region 3,Season peak percentage,percent,0.000448261320383331,Bin,7.6,7.7
HHS Region 3,Season peak percentage,percent,0.000414762373479987,Bin,7.7,7.8
HHS Region 3,Season peak percentage,percent,0.00038177660320273,Bin,7.8,7.9
HHS Region 3,Season peak percentage,percent,0.000349912176135942,Bin,7.9,8.0
HHS Region 3,Season peak percentage,percent,0.000319691229007157,Bin,8.0,8.1
HHS Region 3,Season peak percentage,percent,0.000291516386442709,Bin,8.1,8.2
HHS Region 3,Season peak percentage,percent,0.000265703633418197,Bin,8.2,8.3
HHS Region 3,Season peak percentage,percent,0.00024240221186865,Bin,8.3,8.4
HHS Region 3,Season peak percentage,percent,0.000221695305437854,Bin,8.4,8.5
HHS Region 3,Season peak percentage,percent,0.000203502375816152,Bin,8.5,8.6
HHS Region 3,Season peak percentage,percent,0.000187693399254568,Bin,8.6,8.7
HHS Region 3,Season peak percentage,percent,0.000174025497595418,Bin,8.7,8.8
HHS Region 3,Season peak percentage,percent,0.000162220705813407,Bin,8.8,8.9
HHS Region 3,Season peak percentage,percent,0.000151955595135012,Bin,8.9,9.0
HHS Region 3,Season peak percentage,percent,0.000142902826403836,Bin,9.0,9.1
HHS Region 3,Season peak percentage,percent,0.000134735504957962,Bin,9.1,9.2
HHS Region 3,Season peak percentage,percent,0.000127166580988052,Bin,9.2,9.3
HHS Region 3,Season peak percentage,percent,0.000119937891747328,Bin,9.3,9.4
HHS Region 3,Season peak percentage,percent,0.000112851971823305,Bin,9.4,9.5
HHS Region 3,Season peak percentage,percent,0.000105763236366311,Bin,9.5,9.6
HHS Region 3,Season peak percentage,percent,9.85841390256415e-05,Bin,9.6,9.7
HHS Region 3,Season peak percentage,percent,9.12812071922476e-05,Bin,9.7,9.8
HHS Region 3,Season peak percentage,percent,8.38668168622835e-05,Bin,9.8,9.9
HHS Region 3,Season peak percentage,percent,7.63915241153911e-05,Bin,9.9,10.0
HHS Region 3,Season peak percentage,percent,6.89330563432306e-05,Bin,10.0,10.1
HHS Region 3,Season peak percentage,percent,6.15846256652545e-05,Bin,10.1,10.2
HHS Region 3,Season peak percentage,percent,5.44483791783112e-05,Bin,10.2,10.3
HHS Region 3,Season peak percentage,percent,4.76182439151831e-05,Bin,10.3,10.4
HHS Region 3,Season peak percentage,percent,4.11853437871092e-05,Bin,10.4,10.5
HHS Region 3,Season peak percentage,percent,3.52162137600877e-05,Bin,10.5,10.6
HHS Region 3,Season peak percentage,percent,2.97670681410264e-05,Bin,10.6,10.7
HHS Region 3,Season peak percentage,percent,2.48668072966162e-05,Bin,10.7,10.8
HHS Region 3,Season peak percentage,percent,2.05291911808945e-05,Bin,10.8,10.9
HHS Region 3,Season peak percentage,percent,1.67464471872226e-05,Bin,10.9,11.0
HHS Region 3,Season peak percentage,percent,1.34987906145336e-05,Bin,11.0,11.1
HHS Region 3,Season peak percentage,percent,1.07486455278316e-05,Bin,11.1,11.2
HHS Region 3,Season peak percentage,percent,8.45790765891855e-06,Bin,11.2,11.3
HHS Region 3,Season peak percentage,percent,6.57310361897397e-06,Bin,11.3,11.4
HHS Region 3,Season peak percentage,percent,5.0480660492411e-06,Bin,11.4,11.5
HHS Region 3,Season peak percentage,percent,3.82893777358806e-06,Bin,11.5,11.6
HHS Region 3,Season peak percentage,percent,2.86940609529357e-06,Bin,11.6,11.7
HHS Region 3,Season peak percentage,percent,2.12405980802131e-06,Bin,11.7,11.8
HHS Region 3,Season peak percentage,percent,1.55329062705616e-06,Bin,11.8,11.9
HHS Region 3,Season peak percentage,percent,1.160370052529e-06,Bin,11.9,12.0
HHS Region 3,Season peak percentage,percent,1.1056297998891e-06,Bin,12.0,12.1
HHS Region 3,Season peak percentage,percent,1.1056297998891e-06,Bin,12.1,12.2
HHS Region 3,Season peak percentage,percent,1.1056297998891e-06,Bin,12.2,12.3
HHS Region 3,Season peak percentage,percent,1.1056297998891e-06,Bin,12.3,12.4
HHS Region 3,Season peak percentage,percent,1.1056297998891e-06,Bin,12.4,12.5
HHS Region 3,Season peak percentage,percent,1.1056297998891e-06,Bin,12.5,12.6
HHS Region 3,Season peak percentage,percent,1.1056297998891e-06,Bin,12.6,12.7
HHS Region 3,Season peak percentage,percent,1.1056297998891e-06,Bin,12.7,12.8
HHS Region 3,Season peak percentage,percent,1.1056297998891e-06,Bin,12.8,12.9
HHS Region 3,Season peak percentage,percent,1.1056297998891e-06,Bin,12.9,13.0
HHS Region 3,Season peak percentage,percent,1.1056297998891e-06,Bin,13.0,100.0
HHS Region 3,1 wk ahead,percent,1.20109947057069e-11,Bin,0.0,0.1
HHS Region 3,1 wk ahead,percent,2.40219894114139e-11,Bin,0.1,0.2
HHS Region 3,1 wk ahead,percent,2.40219894114139e-11,Bin,0.2,0.3
HHS Region 3,1 wk ahead,percent,2.40219894114139e-11,Bin,0.3,0.4
HHS Region 3,1 wk ahead,percent,2.40219894114139e-11,Bin,0.4,0.5
HHS Region 3,1 wk ahead,percent,2.6639566618728e-11,Bin,0.5,0.6
HHS Region 3,1 wk ahead,percent,6.37293302889375e-11,Bin,0.6,0.7
HHS Region 3,1 wk ahead,percent,1.59121271547294e-10,Bin,0.7,0.8
HHS Region 3,1 wk ahead,percent,3.5970441409214e-10,Bin,0.8,0.9
HHS Region 3,1 wk ahead,percent,7.38150478598942e-10,Bin,0.9,1.0
HHS Region 3,1 wk ahead,percent,1.37927144258839e-09,Bin,1.0,1.1
HHS Region 3,1 wk ahead,percent,2.35512006897672e-09,Bin,1.1,1.2
HHS Region 3,1 wk ahead,percent,3.68988147574248e-09,Bin,1.2,1.3
HHS Region 3,1 wk ahead,percent,0.00400000459772056,Bin,1.3,1.4
HHS Region 3,1 wk ahead,percent,7.12665689343702e-09,Bin,1.4,1.5
HHS Region 3,1 wk ahead,percent,0.00600000777815406,Bin,1.5,1.6
HHS Region 3,1 wk ahead,percent,1.03439632372329e-08,Bin,1.6,1.7
HHS Region 3,1 wk ahead,percent,0.00600001025155788,Bin,1.7,1.8
HHS Region 3,1 wk ahead,percent,0.0340000055669202,Bin,1.8,1.9
HHS Region 3,1 wk ahead,percent,0.0400000043172555,Bin,1.9,2.0
HHS Region 3,1 wk ahead,percent,0.0280000058489185,Bin,2.0,2.1
HHS Region 3,1 wk ahead,percent,0.0260000051910074,Bin,2.1,2.2
HHS Region 3,1 wk ahead,percent,0.055999998505501,Bin,2.2,2.3
HHS Region 3,1 wk ahead,percent,0.103999988529945,Bin,2.3,2.4
HHS Region 3,1 wk ahead,percent,0.119999984536891,Bin,2.4,2.5
HHS Region 3,1 wk ahead,percent,0.099999987326838,Bin,2.5,2.6
HHS Region 3,1 wk ahead,percent,0.109999984845535,Bin,2.6,2.7
HHS Region 3,1 wk ahead,percent,0.0959999869197317,Bin,2.7,2.8
HHS Region 3,1 wk ahead,percent,0.0759999902083096,Bin,2.8,2.9
HHS Region 3,1 wk ahead,percent,0.0479999950196341,Bin,2.9,3.0
HHS Region 3,1 wk ahead,percent,0.0479999947154423,Bin,3.0,3.1
HHS Region 3,1 wk ahead,percent,0.0239999987371371,Bin,3.1,3.2
HHS Region 3,1 wk ahead,percent,0.0219999986496397,Bin,3.2,3.3
HHS Region 3,1 wk ahead,percent,0.0100000003172868,Bin,3.3,3.4
HHS Region 3,1 wk ahead,percent,0.00200000125285463,Bin,3.4,3.5
HHS Region 3,1 wk ahead,percent,0.00999999936326777,Bin,3.5,3.6
HHS Region 3,1 wk ahead,percent,0.00400000022334383,Bin,3.6,3.7
HHS Region 3,1 wk ahead,percent,0.00599999987566373,Bin,3.7,3.8
HHS Region 3,1 wk ahead,percent,0.00400000052322673,Bin,3.8,3.9
HHS Region 3,1 wk ahead,percent,1.74752944563064e-09,Bin,3.9,4.0
HHS Region 3,1 wk ahead,percent,0.0100000005050387,Bin,4.0,4.1
HHS Region 3,1 wk ahead,percent,0.00400000210913732,Bin,4.1,4.2
HHS Region 3,1 wk ahead,percent,3.10899855897846e-09,Bin,4.2,4.3
HHS Region 3,1 wk ahead,percent,0.00200000268070123,Bin,4.3,4.4
HHS Region 3,1 wk ahead,percent,2.66751325898834e-09,Bin,4.4,4.5
HHS Region 3,1 wk ahead,percent,2.08717507544532e-09,Bin,4.5,4.6
HHS Region 3,1 wk ahead,percent,1.45898546759035e-09,Bin,4.6,4.7
HHS Region 3,1 wk ahead,percent,9.11129806938796e-10,Bin,4.7,4.8
HHS Region 3,1 wk ahead,percent,5.08309317067341e-10,Bin,4.8,4.9
HHS Region 3,1 wk ahead,percent,2.53322212202388e-10,Bin,4.9,5.0
HHS Region 3,1 wk ahead,percent,1.12777645526201e-10,Bin,5.0,5.1
HHS Region 3,1 wk ahead,percent,4.50996290871629e-11,Bin,5.1,5.2
HHS Region 3,1 wk ahead,percent,2.97742134519776e-11,Bin,5.2,5.3
HHS Region 3,1 wk ahead,percent,2.97742134519776e-11,Bin,5.3,5.4
HHS Region 3,1 wk ahead,percent,2.97742134519776e-11,Bin,5.4,5.5
HHS Region 3,1 wk ahead,percent,2.97742134519776e-11,Bin,5.5,5.6
HHS Region 3,1 wk ahead,percent,2.97742134519776e-11,Bin,5.6,5.7
HHS Region 3,1 wk ahead,percent,2.97742134519776e-11,Bin,5.7,5.8
HHS Region 3,1 wk ahead,percent,2.97742134519776e-11,Bin,5.8,5.9
HHS Region 3,1 wk ahead,percent,2.97742134519776e-11,Bin,5.9,6.0
HHS Region 3,1 wk ahead,percent,2.97742134519776e-11,Bin,6.0,6.1
HHS Region 3,1 wk ahead,percent,2.97742134519776e-11,Bin,6.1,6.2
HHS Region 3,1 wk ahead,percent,2.97742134519776e-11,Bin,6.2,6.3
HHS Region 3,1 wk ahead,percent,2.97742134519776e-11,Bin,6.3,6.4
HHS Region 3,1 wk ahead,percent,2.97742134519776e-11,Bin,6.4,6.5
HHS Region 3,1 wk ahead,percent,2.97742134519776e-11,Bin,6.5,6.6
HHS Region 3,1 wk ahead,percent,2.97742134519776e-11,Bin,6.6,6.7
HHS Region 3,1 wk ahead,percent,2.97742134519776e-11,Bin,6.7,6.8
HHS Region 3,1 wk ahead,percent,2.97742134519776e-11,Bin,6.8,6.9
HHS Region 3,1 wk ahead,percent,2.97742134519776e-11,Bin,6.9,7.0
HHS Region 3,1 wk ahead,percent,2.97742134519776e-11,Bin,7.0,7.1
HHS Region 3,1 wk ahead,percent,2.97742134519776e-11,Bin,7.1,7.2
HHS Region 3,1 wk ahead,percent,2.97742134519776e-11,Bin,7.2,7.3
HHS Region 3,1 wk ahead,percent,2.97742134519776e-11,Bin,7.3,7.4
HHS Region 3,1 wk ahead,percent,2.97742134519776e-11,Bin,7.4,7.5
HHS Region 3,1 wk ahead,percent,2.97742134519776e-11,Bin,7.5,7.6
HHS Region 3,1 wk ahead,percent,2.97742134519776e-11,Bin,7.6,7.7
HHS Region 3,1 wk ahead,percent,2.97742134519776e-11,Bin,7.7,7.8
HHS Region 3,1 wk ahead,percent,2.97742134519776e-11,Bin,7.8,7.9
HHS Region 3,1 wk ahead,percent,2.97742134519776e-11,Bin,7.9,8.0
HHS Region 3,1 wk ahead,percent,2.97742134519779e-11,Bin,8.0,8.1
HHS Region 3,1 wk ahead,percent,2.97742134519782e-11,Bin,8.1,8.2
HHS Region 3,1 wk ahead,percent,2.97742134519782e-11,Bin,8.2,8.3
HHS Region 3,1 wk ahead,percent,2.97742134519782e-11,Bin,8.3,8.4
HHS Region 3,1 wk ahead,percent,2.97742134519782e-11,Bin,8.4,8.5
HHS Region 3,1 wk ahead,percent,2.97742134519782e-11,Bin,8.5,8.6
HHS Region 3,1 wk ahead,percent,2.97742134519782e-11,Bin,8.6,8.7
HHS Region 3,1 wk ahead,percent,2.97742134519782e-11,Bin,8.7,8.8
HHS Region 3,1 wk ahead,percent,2.97742134519782e-11,Bin,8.8,8.9
HHS Region 3,1 wk ahead,percent,2.97742134519782e-11,Bin,8.9,9.0
HHS Region 3,1 wk ahead,percent,2.97742134519782e-11,Bin,9.0,9.1
HHS Region 3,1 wk ahead,percent,2.97742134519782e-11,Bin,9.1,9.2
HHS Region 3,1 wk ahead,percent,2.97742134519782e-11,Bin,9.2,9.3
HHS Region 3,1 wk ahead,percent,2.97742134519782e-11,Bin,9.3,9.4
HHS Region 3,1 wk ahead,percent,2.97742134519782e-11,Bin,9.4,9.5
HHS Region 3,1 wk ahead,percent,2.97742134519782e-11,Bin,9.5,9.6
HHS Region 3,1 wk ahead,percent,2.97742134519782e-11,Bin,9.6,9.7
HHS Region 3,1 wk ahead,percent,2.97742134519782e-11,Bin,9.7,9.8
HHS Region 3,1 wk ahead,percent,2.97742134519782e-11,Bin,9.8,9.9
HHS Region 3,1 wk ahead,percent,2.97742134519782e-11,Bin,9.9,10.0
HHS Region 3,1 wk ahead,percent,2.97742134519782e-11,Bin,10.0,10.1
HHS Region 3,1 wk ahead,percent,2.97742134519782e-11,Bin,10.1,10.2
HHS Region 3,1 wk ahead,percent,2.97742134519782e-11,Bin,10.2,10.3
HHS Region 3,1 wk ahead,percent,2.97742134519782e-11,Bin,10.3,10.4
HHS Region 3,1 wk ahead,percent,2.97742134519782e-11,Bin,10.4,10.5
HHS Region 3,1 wk ahead,percent,2.97742134519782e-11,Bin,10.5,10.6
HHS Region 3,1 wk ahead,percent,2.97742134519782e-11,Bin,10.6,10.7
HHS Region 3,1 wk ahead,percent,2.97742134519782e-11,Bin,10.7,10.8
HHS Region 3,1 wk ahead,percent,2.97742134519782e-11,Bin,10.8,10.9
HHS Region 3,1 wk ahead,percent,2.97742134519782e-11,Bin,10.9,11.0
HHS Region 3,1 wk ahead,percent,2.97742134519782e-11,Bin,11.0,11.1
HHS Region 3,1 wk ahead,percent,2.97742134519782e-11,Bin,11.1,11.2
HHS Region 3,1 wk ahead,percent,2.97742134519782e-11,Bin,11.2,11.3
HHS Region 3,1 wk ahead,percent,2.97742134519782e-11,Bin,11.3,11.4
HHS Region 3,1 wk ahead,percent,2.97742134519782e-11,Bin,11.4,11.5
HHS Region 3,1 wk ahead,percent,2.97742134519782e-11,Bin,11.5,11.6
HHS Region 3,1 wk ahead,percent,2.97742134519782e-11,Bin,11.6,11.7
HHS Region 3,1 wk ahead,percent,2.97742134519782e-11,Bin,11.7,11.8
HHS Region 3,1 wk ahead,percent,2.97742134519782e-11,Bin,11.8,11.9
HHS Region 3,1 wk ahead,percent,2.97742134519782e-11,Bin,11.9,12.0
HHS Region 3,1 wk ahead,percent,2.97742134519782e-11,Bin,12.0,12.1
HHS Region 3,1 wk ahead,percent,2.97742134519782e-11,Bin,12.1,12.2
HHS Region 3,1 wk ahead,percent,2.97742134519782e-11,Bin,12.2,12.3
HHS Region 3,1 wk ahead,percent,2.97742134519782e-11,Bin,12.3,12.4
HHS Region 3,1 wk ahead,percent,2.97742134519782e-11,Bin,12.4,12.5
HHS Region 3,1 wk ahead,percent,2.97742134519782e-11,Bin,12.5,12.6
HHS Region 3,1 wk ahead,percent,2.97742134519782e-11,Bin,12.6,12.7
HHS Region 3,1 wk ahead,percent,2.97742134519782e-11,Bin,12.7,12.8
HHS Region 3,1 wk ahead,percent,2.97742134519782e-11,Bin,12.8,12.9
HHS Region 3,1 wk ahead,percent,2.97742134519782e-11,Bin,12.9,13.0
HHS Region 3,1 wk ahead,percent,2.97742134519782e-11,Bin,13.0,100.0
HHS Region 3,2 wk ahead,percent,1.50309145158789e-11,Bin,0.0,0.1
HHS Region 3,2 wk ahead,percent,3.00618290317577e-11,Bin,0.1,0.2
HHS Region 3,2 wk ahead,percent,3.00618290317577e-11,Bin,0.2,0.3
HHS Region 3,2 wk ahead,percent,3.00618290317577e-11,Bin,0.3,0.4
HHS Region 3,2 wk ahead,percent,3.00618290317577e-11,Bin,0.4,0.5
HHS Region 3,2 wk ahead,percent,3.00618290317577e-11,Bin,0.5,0.6
HHS Region 3,2 wk ahead,percent,3.00618290317578e-11,Bin,0.6,0.7
HHS Region 3,2 wk ahead,percent,3.00618290317578e-11,Bin,0.7,0.8
HHS Region 3,2 wk ahead,percent,6.16182485776768e-11,Bin,0.8,0.9
HHS Region 3,2 wk ahead,percent,2.5250739518614e-10,Bin,0.9,1.0
HHS Region 3,2 wk ahead,percent,0.00200000041192732,Bin,1.0,1.1
HHS Region 3,2 wk ahead,percent,0.00200000147909861,Bin,1.1,1.2
HHS Region 3,2 wk ahead,percent,0.00600000248807318,Bin,1.2,1.3
HHS Region 3,2 wk ahead,percent,0.006000005088638,Bin,1.3,1.4
HHS Region 3,2 wk ahead,percent,0.0140000074114863,Bin,1.4,1.5
HHS Region 3,2 wk ahead,percent,0.0200000110151244,Bin,1.5,1.6
HHS Region 3,2 wk ahead,percent,0.0360000120827361,Bin,1.6,1.7
HHS Region 3,2 wk ahead,percent,0.0560000097513416,Bin,1.7,1.8
HHS Region 3,2 wk ahead,percent,0.0480000095513245,Bin,1.8,1.9
HHS Region 3,2 wk ahead,percent,0.0859999993791669,Bin,1.9,2.0
HHS Region 3,2 wk ahead,percent,0.0959999941864633,Bin,2.0,2.1
HHS Region 3,2 wk ahead,percent,0.113999987949412,Bin,2.1,2.2
HHS Region 3,2 wk ahead,percent,0.10999998638164,Bin,2.2,2.3
HHS Region 3,2 wk ahead,percent,0.0759999914284603,Bin,2.3,2.4
HHS Region 3,2 wk ahead,percent,0.0839999901916378,Bin,2.4,2.5
HHS Region 3,2 wk ahead,percent,0.0659999943047081,Bin,2.5,2.6
HHS Region 3,2 wk ahead,percent,0.0499999972313017,Bin,2.6,2.7
HHS Region 3,2 wk ahead,percent,0.024000000574576,Bin,2.7,2.8
HHS Region 3,2 wk ahead,percent,0.01999999924992,Bin,2.8,2.9
HHS Region 3,2 wk ahead,percent,0.0199999976094577,Bin,2.9,3.0
HHS Region 3,2 wk ahead,percent,0.0159999974829689,Bin,3.0,3.1
HHS Region 3,2 wk ahead,percent,0.00999999826918379,Bin,3.1,3.2
HHS Region 3,2 wk ahead,percent,0.00799999855517704,Bin,3.2,3.3
HHS Region 3,2 wk ahead,percent,2.11347094204077e-12,Bin,3.3,3.4
HHS Region 3,2 wk ahead,percent,0.00399999926945535,Bin,3.4,3.5
HHS Region 3,2 wk ahead,percent,0.00799999853853227,Bin,3.5,3.6
HHS Region 3,2 wk ahead,percent,0.00399999926926019,Bin,3.6,3.7
HHS Region 3,2 wk ahead,percent,2.29578994358809e-17,Bin,3.7,3.8
HHS Region 3,2 wk ahead,percent,0.00599999890388932,Bin,3.8,3.9
HHS Region 3,2 wk ahead,percent,0.0019999996346298,Bin,3.9,4.0
HHS Region 3,2 wk ahead,percent,0.0039999992692602,Bin,4.0,4.1
HHS Region 3,2 wk ahead,percent,1.25827183160688e-14,Bin,4.1,4.2
HHS Region 3,2 wk ahead,percent,1.75705069196882e-13,Bin,4.2,4.3
HHS Region 3,2 wk ahead,percent,1.776169184389e-12,Bin,4.3,4.4
HHS Region 3,2 wk ahead,percent,1.30201919602065e-11,Bin,4.4,4.5
HHS Region 3,2 wk ahead,percent,6.92219119858684e-11,Bin,4.5,4.6
HHS Region 3,2 wk ahead,percent,2.66978906771206e-10,Bin,4.6,4.7
HHS Region 3,2 wk ahead,percent,7.47320590495122e-10,Bin,4.7,4.8
HHS Region 3,2 wk ahead,percent,1.51857713842067e-09,Bin,4.8,4.9
HHS Region 3,2 wk ahead,percent,2.24060269316979e-09,Bin,4.9,5.0
HHS Region 3,2 wk ahead,percent,0.00200000203550598,Bin,5.0,5.1
HHS Region 3,2 wk ahead,percent,1.86809198003224e-09,Bin,5.1,5.2
HHS Region 3,2 wk ahead,percent,1.05554829641346e-09,Bin,5.2,5.3
HHS Region 3,2 wk ahead,percent,4.3304914783946e-10,Bin,5.3,5.4
HHS Region 3,2 wk ahead,percent,1.28952120522864e-10,Bin,5.4,5.5
HHS Region 3,2 wk ahead,percent,3.35996825763992e-11,Bin,5.5,5.6
HHS Region 3,2 wk ahead,percent,2.78268441427905e-11,Bin,5.6,5.7
HHS Region 3,2 wk ahead,percent,2.78268441427905e-11,Bin,5.7,5.8
HHS Region 3,2 wk ahead,percent,2.78268441427905e-11,Bin,5.8,5.9
HHS Region 3,2 wk ahead,percent,2.78268441427905e-11,Bin,5.9,6.0
HHS Region 3,2 wk ahead,percent,2.78268441427905e-11,Bin,6.0,6.1
HHS Region 3,2 wk ahead,percent,2.78268441427905e-11,Bin,6.1,6.2
HHS Region 3,2 wk ahead,percent,2.78268441427905e-11,Bin,6.2,6.3
HHS Region 3,2 wk ahead,percent,2.78268441427905e-11,Bin,6.3,6.4
HHS Region 3,2 wk ahead,percent,2.78268441427905e-11,Bin,6.4,6.5
HHS Region 3,2 wk ahead,percent,2.78268441427905e-11,Bin,6.5,6.6
HHS Region 3,2 wk ahead,percent,2.78268441427905e-11,Bin,6.6,6.7
HHS Region 3,2 wk ahead,percent,2.78268441427905e-11,Bin,6.7,6.8
HHS Region 3,2 wk ahead,percent,2.78268441427905e-11,Bin,6.8,6.9
HHS Region 3,2 wk ahead,percent,2.78268441427905e-11,Bin,6.9,7.0
HHS Region 3,2 wk ahead,percent,2.78268441427905e-11,Bin,7.0,7.1
HHS Region 3,2 wk ahead,percent,2.78268441427905e-11,Bin,7.1,7.2
HHS Region 3,2 wk ahead,percent,2.78268441427905e-11,Bin,7.2,7.3
HHS Region 3,2 wk ahead,percent,2.78268441427905e-11,Bin,7.3,7.4
HHS Region 3,2 wk ahead,percent,2.78268441427905e-11,Bin,7.4,7.5
HHS Region 3,2 wk ahead,percent,2.78268441427905e-11,Bin,7.5,7.6
HHS Region 3,2 wk ahead,percent,2.78268441427905e-11,Bin,7.6,7.7
HHS Region 3,2 wk ahead,percent,2.78268441427905e-11,Bin,7.7,7.8
HHS Region 3,2 wk ahead,percent,2.78268441427905e-11,Bin,7.8,7.9
HHS Region 3,2 wk ahead,percent,2.78268441427905e-11,Bin,7.9,8.0
HHS Region 3,2 wk ahead,percent,2.78268441427908e-11,Bin,8.0,8.1
HHS Region 3,2 wk ahead,percent,2.7826844142791e-11,Bin,8.1,8.2
HHS Region 3,2 wk ahead,percent,2.7826844142791e-11,Bin,8.2,8.3
HHS Region 3,2 wk ahead,percent,2.7826844142791e-11,Bin,8.3,8.4
HHS Region 3,2 wk ahead,percent,2.7826844142791e-11,Bin,8.4,8.5
HHS Region 3,2 wk ahead,percent,2.7826844142791e-11,Bin,8.5,8.6
HHS Region 3,2 wk ahead,percent,2.7826844142791e-11,Bin,8.6,8.7
HHS Region 3,2 wk ahead,percent,2.7826844142791e-11,Bin,8.7,8.8
HHS Region 3,2 wk ahead,percent,2.7826844142791e-11,Bin,8.8,8.9
HHS Region 3,2 wk ahead,percent,2.7826844142791e-11,Bin,8.9,9.0
HHS Region 3,2 wk ahead,percent,2.7826844142791e-11,Bin,9.0,9.1
HHS Region 3,2 wk ahead,percent,2.7826844142791e-11,Bin,9.1,9.2
HHS Region 3,2 wk ahead,percent,2.7826844142791e-11,Bin,9.2,9.3
HHS Region 3,2 wk ahead,percent,2.7826844142791e-11,Bin,9.3,9.4
HHS Region 3,2 wk ahead,percent,2.7826844142791e-11,Bin,9.4,9.5
HHS Region 3,2 wk ahead,percent,2.7826844142791e-11,Bin,9.5,9.6
HHS Region 3,2 wk ahead,percent,2.7826844142791e-11,Bin,9.6,9.7
HHS Region 3,2 wk ahead,percent,2.7826844142791e-11,Bin,9.7,9.8
HHS Region 3,2 wk ahead,percent,2.7826844142791e-11,Bin,9.8,9.9
HHS Region 3,2 wk ahead,percent,2.7826844142791e-11,Bin,9.9,10.0
HHS Region 3,2 wk ahead,percent,2.7826844142791e-11,Bin,10.0,10.1
HHS Region 3,2 wk ahead,percent,2.7826844142791e-11,Bin,10.1,10.2
HHS Region 3,2 wk ahead,percent,2.7826844142791e-11,Bin,10.2,10.3
HHS Region 3,2 wk ahead,percent,2.7826844142791e-11,Bin,10.3,10.4
HHS Region 3,2 wk ahead,percent,2.7826844142791e-11,Bin,10.4,10.5
HHS Region 3,2 wk ahead,percent,2.7826844142791e-11,Bin,10.5,10.6
HHS Region 3,2 wk ahead,percent,2.7826844142791e-11,Bin,10.6,10.7
HHS Region 3,2 wk ahead,percent,2.7826844142791e-11,Bin,10.7,10.8
HHS Region 3,2 wk ahead,percent,2.7826844142791e-11,Bin,10.8,10.9
HHS Region 3,2 wk ahead,percent,2.7826844142791e-11,Bin,10.9,11.0
HHS Region 3,2 wk ahead,percent,2.7826844142791e-11,Bin,11.0,11.1
HHS Region 3,2 wk ahead,percent,2.7826844142791e-11,Bin,11.1,11.2
HHS Region 3,2 wk ahead,percent,2.7826844142791e-11,Bin,11.2,11.3
HHS Region 3,2 wk ahead,percent,2.7826844142791e-11,Bin,11.3,11.4
HHS Region 3,2 wk ahead,percent,2.7826844142791e-11,Bin,11.4,11.5
HHS Region 3,2 wk ahead,percent,2.7826844142791e-11,Bin,11.5,11.6
HHS Region 3,2 wk ahead,percent,2.7826844142791e-11,Bin,11.6,11.7
HHS Region 3,2 wk ahead,percent,2.7826844142791e-11,Bin,11.7,11.8
HHS Region 3,2 wk ahead,percent,2.7826844142791e-11,Bin,11.8,11.9
HHS Region 3,2 wk ahead,percent,2.7826844142791e-11,Bin,11.9,12.0
HHS Region 3,2 wk ahead,percent,2.7826844142791e-11,Bin,12.0,12.1
HHS Region 3,2 wk ahead,percent,2.7826844142791e-11,Bin,12.1,12.2
HHS Region 3,2 wk ahead,percent,2.7826844142791e-11,Bin,12.2,12.3
HHS Region 3,2 wk ahead,percent,2.7826844142791e-11,Bin,12.3,12.4
HHS Region 3,2 wk ahead,percent,2.7826844142791e-11,Bin,12.4,12.5
HHS Region 3,2 wk ahead,percent,2.7826844142791e-11,Bin,12.5,12.6
HHS Region 3,2 wk ahead,percent,2.7826844142791e-11,Bin,12.6,12.7
HHS Region 3,2 wk ahead,percent,2.7826844142791e-11,Bin,12.7,12.8
HHS Region 3,2 wk ahead,percent,2.7826844142791e-11,Bin,12.8,12.9
HHS Region 3,2 wk ahead,percent,2.7826844142791e-11,Bin,12.9,13.0
HHS Region 3,2 wk ahead,percent,2.7826844142791e-11,Bin,13.0,100.0
HHS Region 3,3 wk ahead,percent,1.70491384096786e-11,Bin,0.0,0.1
HHS Region 3,3 wk ahead,percent,3.40982768193571e-11,Bin,0.1,0.2
HHS Region 3,3 wk ahead,percent,3.40982768193571e-11,Bin,0.2,0.3
HHS Region 3,3 wk ahead,percent,3.40982768193571e-11,Bin,0.3,0.4
HHS Region 3,3 wk ahead,percent,3.7747384548218e-11,Bin,0.4,0.5
HHS Region 3,3 wk ahead,percent,9.85059719029104e-11,Bin,0.5,0.6
HHS Region 3,3 wk ahead,percent,2.67807050182414e-10,Bin,0.6,0.7
HHS Region 3,3 wk ahead,percent,6.37893435648291e-10,Bin,0.7,0.8
HHS Region 3,3 wk ahead,percent,1.33915070825222e-09,Bin,0.8,0.9
HHS Region 3,3 wk ahead,percent,0.00400000176675266,Bin,0.9,1.0
HHS Region 3,3 wk ahead,percent,0.00200000381087203,Bin,1.0,1.1
HHS Region 3,3 wk ahead,percent,0.00800000486029961,Bin,1.1,1.2
HHS Region 3,3 wk ahead,percent,0.0220000047221286,Bin,1.2,1.3
HHS Region 3,3 wk ahead,percent,0.0380000041773481,Bin,1.3,1.4
HHS Region 3,3 wk ahead,percent,0.0420000054087771,Bin,1.4,1.5
HHS Region 3,3 wk ahead,percent,0.0540000044366475,Bin,1.5,1.6
HHS Region 3,3 wk ahead,percent,0.10399999562832,Bin,1.6,1.7
HHS Region 3,3 wk ahead,percent,0.0839999987977357,Bin,1.7,1.8
HHS Region 3,3 wk ahead,percent,0.113999992274142,Bin,1.8,1.9
HHS Region 3,3 wk ahead,percent,0.119999989832873,Bin,1.9,2.0
HHS Region 3,3 wk ahead,percent,0.0719999970900962,Bin,2.0,2.1
HHS Region 3,3 wk ahead,percent,0.0779999943453258,Bin,2.1,2.2
HHS Region 3,3 wk ahead,percent,0.0479999980863704,Bin,2.2,2.3
HHS Region 3,3 wk ahead,percent,0.0579999945886978,Bin,2.3,2.4
HHS Region 3,3 wk ahead,percent,0.039999996519465,Bin,2.4,2.5
HHS Region 3,3 wk ahead,percent,0.0160000000554669,Bin,2.5,2.6
HHS Region 3,3 wk ahead,percent,0.0199999990019914,Bin,2.6,2.7
HHS Region 3,3 wk ahead,percent,0.0159999997465844,Bin,2.7,2.8
HHS Region 3,3 wk ahead,percent,0.0120000005372746,Bin,2.8,2.9
HHS Region 3,3 wk ahead,percent,0.00400000188005104,Bin,2.9,3.0
HHS Region 3,3 wk ahead,percent,0.0159999993501655,Bin,3.0,3.1
HHS Region 3,3 wk ahead,percent,0.0100000000254927,Bin,3.1,3.2
HHS Region 3,3 wk ahead,percent,0.00400000081078359,Bin,3.2,3.3
HHS Region 3,3 wk ahead,percent,0.00799999999109568,Bin,3.3,3.4
HHS Region 3,3 wk ahead,percent,0.00200000118423744,Bin,3.4,3.5
HHS Region 3,3 wk ahead,percent,0.00200000131861235,Bin,3.5,3.6
HHS Region 3,3 wk ahead,percent,1.69620922633146e-09,Bin,3.6,3.7
HHS Region 3,3 wk ahead,percent,1.51200055620082e-09,Bin,3.7,3.8
HHS Region 3,3 wk ahead,percent,1.1719497309218e-09,Bin,3.8,3.9
HHS Region 3,3 wk ahead,percent,7.84995721531323e-10,Bin,3.9,4.0
HHS Region 3,3 wk ahead,percent,4.53448429721661e-10,Bin,4.0,4.1
HHS Region 3,3 wk ahead,percent,2.25721377176697e-10,Bin,4.1,4.2
HHS Region 3,3 wk ahead,percent,9.68027592227453e-11,Bin,4.2,4.3
HHS Region 3,3 wk ahead,percent,3.57669106680775e-11,Bin,4.3,4.4
HHS Region 3,3 wk ahead,percent,1.88667975614761e-11,Bin,4.4,4.5
HHS Region 3,3 wk ahead,percent,1.88552580203324e-11,Bin,4.5,4.6
HHS Region 3,3 wk ahead,percent,1.88552580203324e-11,Bin,4.6,4.7
HHS Region 3,3 wk ahead,percent,1.88552580203324e-11,Bin,4.7,4.8
HHS Region 3,3 wk ahead,percent,1.88552580203324e-11,Bin,4.8,4.9
HHS Region 3,3 wk ahead,percent,1.88552580203324e-11,Bin,4.9,5.0
HHS Region 3,3 wk ahead,percent,0.00199999965348503,Bin,5.0,5.1
HHS Region 3,3 wk ahead,percent,1.88552580203324e-11,Bin,5.1,5.2
HHS Region 3,3 wk ahead,percent,1.88552580203324e-11,Bin,5.2,5.3
HHS Region 3,3 wk ahead,percent,1.88552580203324e-11,Bin,5.3,5.4
HHS Region 3,3 wk ahead,percent,1.88552580203324e-11,Bin,5.4,5.5
HHS Region 3,3 wk ahead,percent,1.88552580203324e-11,Bin,5.5,5.6
HHS Region 3,3 wk ahead,percent,1.88552580203324e-11,Bin,5.6,5.7
HHS Region 3,3 wk ahead,percent,1.88552580203324e-11,Bin,5.7,5.8
HHS Region 3,3 wk ahead,percent,1.88552580203324e-11,Bin,5.8,5.9
HHS Region 3,3 wk ahead,percent,1.88552580203324e-11,Bin,5.9,6.0
HHS Region 3,3 wk ahead,percent,1.88552580203324e-11,Bin,6.0,6.1
HHS Region 3,3 wk ahead,percent,1.88552580203324e-11,Bin,6.1,6.2
HHS Region 3,3 wk ahead,percent,1.88552580203324e-11,Bin,6.2,6.3
HHS Region 3,3 wk ahead,percent,1.88552580203324e-11,Bin,6.3,6.4
HHS Region 3,3 wk ahead,percent,1.88552580203324e-11,Bin,6.4,6.5
HHS Region 3,3 wk ahead,percent,1.88552580203324e-11,Bin,6.5,6.6
HHS Region 3,3 wk ahead,percent,1.88552580203324e-11,Bin,6.6,6.7
HHS Region 3,3 wk ahead,percent,1.88552580203324e-11,Bin,6.7,6.8
HHS Region 3,3 wk ahead,percent,1.88552580203324e-11,Bin,6.8,6.9
HHS Region 3,3 wk ahead,percent,1.88552580203324e-11,Bin,6.9,7.0
HHS Region 3,3 wk ahead,percent,1.88552580203324e-11,Bin,7.0,7.1
HHS Region 3,3 wk ahead,percent,1.88552580203324e-11,Bin,7.1,7.2
HHS Region 3,3 wk ahead,percent,1.88552580203324e-11,Bin,7.2,7.3
HHS Region 3,3 wk ahead,percent,1.88552580203324e-11,Bin,7.3,7.4
HHS Region 3,3 wk ahead,percent,1.88552580203324e-11,Bin,7.4,7.5
HHS Region 3,3 wk ahead,percent,1.88552580203324e-11,Bin,7.5,7.6
HHS Region 3,3 wk ahead,percent,1.88552580203324e-11,Bin,7.6,7.7
HHS Region 3,3 wk ahead,percent,1.88552580203324e-11,Bin,7.7,7.8
HHS Region 3,3 wk ahead,percent,1.88552580203324e-11,Bin,7.8,7.9
HHS Region 3,3 wk ahead,percent,1.88552580203324e-11,Bin,7.9,8.0
HHS Region 3,3 wk ahead,percent,1.88552580203325e-11,Bin,8.0,8.1
HHS Region 3,3 wk ahead,percent,1.88552580203327e-11,Bin,8.1,8.2
HHS Region 3,3 wk ahead,percent,1.88552580203327e-11,Bin,8.2,8.3
HHS Region 3,3 wk ahead,percent,1.88552580203327e-11,Bin,8.3,8.4
HHS Region 3,3 wk ahead,percent,1.88552580203327e-11,Bin,8.4,8.5
HHS Region 3,3 wk ahead,percent,1.88552580203327e-11,Bin,8.5,8.6
HHS Region 3,3 wk ahead,percent,1.88552580203327e-11,Bin,8.6,8.7
HHS Region 3,3 wk ahead,percent,1.88552580203327e-11,Bin,8.7,8.8
HHS Region 3,3 wk ahead,percent,1.88552580203327e-11,Bin,8.8,8.9
HHS Region 3,3 wk ahead,percent,1.88552580203327e-11,Bin,8.9,9.0
HHS Region 3,3 wk ahead,percent,1.88552580203327e-11,Bin,9.0,9.1
HHS Region 3,3 wk ahead,percent,1.88552580203327e-11,Bin,9.1,9.2
HHS Region 3,3 wk ahead,percent,1.88552580203327e-11,Bin,9.2,9.3
HHS Region 3,3 wk ahead,percent,1.88552580203327e-11,Bin,9.3,9.4
HHS Region 3,3 wk ahead,percent,1.88552580203327e-11,Bin,9.4,9.5
HHS Region 3,3 wk ahead,percent,1.88552580203327e-11,Bin,9.5,9.6
HHS Region 3,3 wk ahead,percent,1.88552580203327e-11,Bin,9.6,9.7
HHS Region 3,3 wk ahead,percent,1.88552580203327e-11,Bin,9.7,9.8
HHS Region 3,3 wk ahead,percent,1.88552580203327e-11,Bin,9.8,9.9
HHS Region 3,3 wk ahead,percent,1.88552580203327e-11,Bin,9.9,10.0
HHS Region 3,3 wk ahead,percent,1.88552580203327e-11,Bin,10.0,10.1
HHS Region 3,3 wk ahead,percent,1.88552580203327e-11,Bin,10.1,10.2
HHS Region 3,3 wk ahead,percent,1.88552580203327e-11,Bin,10.2,10.3
HHS Region 3,3 wk ahead,percent,1.88552580203327e-11,Bin,10.3,10.4
HHS Region 3,3 wk ahead,percent,1.88552580203327e-11,Bin,10.4,10.5
HHS Region 3,3 wk ahead,percent,1.88552580203327e-11,Bin,10.5,10.6
HHS Region 3,3 wk ahead,percent,1.88552580203327e-11,Bin,10.6,10.7
HHS Region 3,3 wk ahead,percent,1.88552580203327e-11,Bin,10.7,10.8
HHS Region 3,3 wk ahead,percent,1.88552580203327e-11,Bin,10.8,10.9
HHS Region 3,3 wk ahead,percent,1.88552580203327e-11,Bin,10.9,11.0
HHS Region 3,3 wk ahead,percent,1.88552580203327e-11,Bin,11.0,11.1
HHS Region 3,3 wk ahead,percent,1.88552580203327e-11,Bin,11.1,11.2
HHS Region 3,3 wk ahead,percent,1.88552580203327e-11,Bin,11.2,11.3
HHS Region 3,3 wk ahead,percent,1.88552580203327e-11,Bin,11.3,11.4
HHS Region 3,3 wk ahead,percent,1.88552580203327e-11,Bin,11.4,11.5
HHS Region 3,3 wk ahead,percent,1.88552580203327e-11,Bin,11.5,11.6
HHS Region 3,3 wk ahead,percent,1.88552580203327e-11,Bin,11.6,11.7
HHS Region 3,3 wk ahead,percent,1.88552580203327e-11,Bin,11.7,11.8
HHS Region 3,3 wk ahead,percent,1.88552580203327e-11,Bin,11.8,11.9
HHS Region 3,3 wk ahead,percent,1.88552580203327e-11,Bin,11.9,12.0
HHS Region 3,3 wk ahead,percent,1.88552580203327e-11,Bin,12.0,12.1
HHS Region 3,3 wk ahead,percent,1.88552580203327e-11,Bin,12.1,12.2
HHS Region 3,3 wk ahead,percent,1.88552580203327e-11,Bin,12.2,12.3
HHS Region 3,3 wk ahead,percent,1.88552580203327e-11,Bin,12.3,12.4
HHS Region 3,3 wk ahead,percent,1.88552580203327e-11,Bin,12.4,12.5
HHS Region 3,3 wk ahead,percent,1.88552580203327e-11,Bin,12.5,12.6
HHS Region 3,3 wk ahead,percent,1.88552580203327e-11,Bin,12.6,12.7
HHS Region 3,3 wk ahead,percent,1.88552580203327e-11,Bin,12.7,12.8
HHS Region 3,3 wk ahead,percent,1.88552580203327e-11,Bin,12.8,12.9
HHS Region 3,3 wk ahead,percent,1.88552580203327e-11,Bin,12.9,13.0
HHS Region 3,3 wk ahead,percent,1.88552580203327e-11,Bin,13.0,100.0
HHS Region 3,4 wk ahead,percent,2.31394884583437e-11,Bin,0.0,0.1
HHS Region 3,4 wk ahead,percent,4.62789769166874e-11,Bin,0.1,0.2
HHS Region 3,4 wk ahead,percent,4.62789769166873e-11,Bin,0.2,0.3
HHS Region 3,4 wk ahead,percent,4.62789769166873e-11,Bin,0.3,0.4
HHS Region 3,4 wk ahead,percent,4.62789769166873e-11,Bin,0.4,0.5
HHS Region 3,4 wk ahead,percent,4.62789769166874e-11,Bin,0.5,0.6
HHS Region 3,4 wk ahead,percent,9.52634695968808e-11,Bin,0.6,0.7
HHS Region 3,4 wk ahead,percent,4.23033838213155e-10,Bin,0.7,0.8
HHS Region 3,4 wk ahead,percent,0.00200000106584704,Bin,0.8,0.9
HHS Region 3,4 wk ahead,percent,0.0160000007888816,Bin,0.9,1.0
HHS Region 3,4 wk ahead,percent,0.0140000049952308,Bin,1.0,1.1
HHS Region 3,4 wk ahead,percent,0.0200000088003778,Bin,1.1,1.2
HHS Region 3,4 wk ahead,percent,0.0440000092271749,Bin,1.2,1.3
HHS Region 3,4 wk ahead,percent,0.0660000086512252,Bin,1.3,1.4
HHS Region 3,4 wk ahead,percent,0.0960000041653118,Bin,1.4,1.5
HHS Region 3,4 wk ahead,percent,0.1020000012142,Bin,1.5,1.6
HHS Region 3,4 wk ahead,percent,0.121999993734992,Bin,1.6,1.7
HHS Region 3,4 wk ahead,percent,0.103999992877636,Bin,1.7,1.8
HHS Region 3,4 wk ahead,percent,0.0819999934339391,Bin,1.8,1.9
HHS Region 3,4 wk ahead,percent,0.0739999920854141,Bin,1.9,2.0
HHS Region 3,4 wk ahead,percent,0.0679999908580542,Bin,2.0,2.1
HHS Region 3,4 wk ahead,percent,0.0459999932497114,Bin,2.1,2.2
HHS Region 3,4 wk ahead,percent,0.0459999925821686,Bin,2.2,2.3
HHS Region 3,4 wk ahead,percent,0.0279999961934816,Bin,2.3,2.4
HHS Region 3,4 wk ahead,percent,0.0179999990550513,Bin,2.4,2.5
HHS Region 3,4 wk ahead,percent,0.0100000015709433,Bin,2.5,2.6
HHS Region 3,4 wk ahead,percent,0.0120000014529032,Bin,2.6,2.7
HHS Region 3,4 wk ahead,percent,0.00800000140437883,Bin,2.7,2.8
HHS Region 3,4 wk ahead,percent,0.00800000020010709,Bin,2.8,2.9
HHS Region 3,4 wk ahead,percent,0.00200000040564922,Bin,2.9,3.0
HHS Region 3,4 wk ahead,percent,0.00200000013911588,Bin,3.0,3.1
HHS Region 3,4 wk ahead,percent,0.00599999973846514,Bin,3.1,3.2
HHS Region 3,4 wk ahead,percent,1.55902518708287e-09,Bin,3.2,3.3
HHS Region 3,4 wk ahead,percent,2.23753389770662e-09,Bin,3.3,3.4
HHS Region 3,4 wk ahead,percent,2.35867904242458e-09,Bin,3.4,3.5
HHS Region 3,4 wk ahead,percent,0.00200000145386119,Bin,3.5,3.6
HHS Region 3,4 wk ahead,percent,1.02621102229416e-09,Bin,3.6,3.7
HHS Region 3,4 wk ahead,percent,0.0020000000579204,Bin,3.7,3.8
HHS Region 3,4 wk ahead,percent,1.27653072275574e-10,Bin,3.8,3.9
HHS Region 3,4 wk ahead,percent,3.34111801078681e-11,Bin,3.9,4.0
HHS Region 3,4 wk ahead,percent,2.72814492929954e-11,Bin,4.0,4.1
HHS Region 3,4 wk ahead,percent,2.72814492929954e-11,Bin,4.1,4.2
HHS Region 3,4 wk ahead,percent,2.72814492929954e-11,Bin,4.2,4.3
HHS Region 3,4 wk ahead,percent,2.72814492929954e-11,Bin,4.3,4.4
HHS Region 3,4 wk ahead,percent,2.72814492929954e-11,Bin,4.4,4.5
HHS Region 3,4 wk ahead,percent,2.72814492929954e-11,Bin,4.5,4.6
HHS Region 3,4 wk ahead,percent,2.72814492929954e-11,Bin,4.6,4.7
HHS Region 3,4 wk ahead,percent,2.72814492929954e-11,Bin,4.7,4.8
HHS Region 3,4 wk ahead,percent,2.72814492929954e-11,Bin,4.8,4.9
HHS Region 3,4 wk ahead,percent,2.72814492929954e-11,Bin,4.9,5.0
HHS Region 3,4 wk ahead,percent,2.72814492929954e-11,Bin,5.0,5.1
HHS Region 3,4 wk ahead,percent,2.72814492929954e-11,Bin,5.1,5.2
HHS Region 3,4 wk ahead,percent,2.72814492929954e-11,Bin,5.2,5.3
HHS Region 3,4 wk ahead,percent,2.72814492929954e-11,Bin,5.3,5.4
HHS Region 3,4 wk ahead,percent,2.72814492929954e-11,Bin,5.4,5.5
HHS Region 3,4 wk ahead,percent,2.72814492929954e-11,Bin,5.5,5.6
HHS Region 3,4 wk ahead,percent,2.72814492929954e-11,Bin,5.6,5.7
HHS Region 3,4 wk ahead,percent,2.72814492929954e-11,Bin,5.7,5.8
HHS Region 3,4 wk ahead,percent,2.72814492929954e-11,Bin,5.8,5.9
HHS Region 3,4 wk ahead,percent,2.72814492929954e-11,Bin,5.9,6.0
HHS Region 3,4 wk ahead,percent,2.72814492929954e-11,Bin,6.0,6.1
HHS Region 3,4 wk ahead,percent,2.72814492929954e-11,Bin,6.1,6.2
HHS Region 3,4 wk ahead,percent,2.72814492929954e-11,Bin,6.2,6.3
HHS Region 3,4 wk ahead,percent,2.72814492929954e-11,Bin,6.3,6.4
HHS Region 3,4 wk ahead,percent,2.72814492929954e-11,Bin,6.4,6.5
HHS Region 3,4 wk ahead,percent,2.72814492929954e-11,Bin,6.5,6.6
HHS Region 3,4 wk ahead,percent,2.72814492929954e-11,Bin,6.6,6.7
HHS Region 3,4 wk ahead,percent,2.72814492929954e-11,Bin,6.7,6.8
HHS Region 3,4 wk ahead,percent,2.72814492929954e-11,Bin,6.8,6.9
HHS Region 3,4 wk ahead,percent,2.72814492929954e-11,Bin,6.9,7.0
HHS Region 3,4 wk ahead,percent,2.72814492929954e-11,Bin,7.0,7.1
HHS Region 3,4 wk ahead,percent,2.72814492929954e-11,Bin,7.1,7.2
HHS Region 3,4 wk ahead,percent,2.72814492929954e-11,Bin,7.2,7.3
HHS Region 3,4 wk ahead,percent,2.72814492929954e-11,Bin,7.3,7.4
HHS Region 3,4 wk ahead,percent,2.72814492929954e-11,Bin,7.4,7.5
HHS Region 3,4 wk ahead,percent,2.72814492929954e-11,Bin,7.5,7.6
HHS Region 3,4 wk ahead,percent,2.72814492929954e-11,Bin,7.6,7.7
HHS Region 3,4 wk ahead,percent,2.72814492929954e-11,Bin,7.7,7.8
HHS Region 3,4 wk ahead,percent,2.72814492929954e-11,Bin,7.8,7.9
HHS Region 3,4 wk ahead,percent,2.72814492929954e-11,Bin,7.9,8.0
HHS Region 3,4 wk ahead,percent,2.72814492929957e-11,Bin,8.0,8.1
HHS Region 3,4 wk ahead,percent,2.72814492929959e-11,Bin,8.1,8.2
HHS Region 3,4 wk ahead,percent,2.72814492929959e-11,Bin,8.2,8.3
HHS Region 3,4 wk ahead,percent,2.72814492929959e-11,Bin,8.3,8.4
HHS Region 3,4 wk ahead,percent,2.72814492929959e-11,Bin,8.4,8.5
HHS Region 3,4 wk ahead,percent,2.72814492929959e-11,Bin,8.5,8.6
HHS Region 3,4 wk ahead,percent,2.72814492929959e-11,Bin,8.6,8.7
HHS Region 3,4 wk ahead,percent,2.72814492929959e-11,Bin,8.7,8.8
HHS Region 3,4 wk ahead,percent,2.72814492929959e-11,Bin,8.8,8.9
HHS Region 3,4 wk ahead,percent,2.72814492929959e-11,Bin,8.9,9.0
HHS Region 3,4 wk ahead,percent,2.72814492929959e-11,Bin,9.0,9.1
HHS Region 3,4 wk ahead,percent,2.72814492929959e-11,Bin,9.1,9.2
HHS Region 3,4 wk ahead,percent,2.72814492929959e-11,Bin,9.2,9.3
HHS Region 3,4 wk ahead,percent,2.72814492929959e-11,Bin,9.3,9.4
HHS Region 3,4 wk ahead,percent,2.72814492929959e-11,Bin,9.4,9.5
HHS Region 3,4 wk ahead,percent,2.72814492929959e-11,Bin,9.5,9.6
HHS Region 3,4 wk ahead,percent,2.72814492929959e-11,Bin,9.6,9.7
HHS Region 3,4 wk ahead,percent,2.72814492929959e-11,Bin,9.7,9.8
HHS Region 3,4 wk ahead,percent,2.72814492929959e-11,Bin,9.8,9.9
HHS Region 3,4 wk ahead,percent,2.72814492929959e-11,Bin,9.9,10.0
HHS Region 3,4 wk ahead,percent,2.72814492929959e-11,Bin,10.0,10.1
HHS Region 3,4 wk ahead,percent,2.72814492929959e-11,Bin,10.1,10.2
HHS Region 3,4 wk ahead,percent,2.72814492929959e-11,Bin,10.2,10.3
HHS Region 3,4 wk ahead,percent,2.72814492929959e-11,Bin,10.3,10.4
HHS Region 3,4 wk ahead,percent,2.72814492929959e-11,Bin,10.4,10.5
HHS Region 3,4 wk ahead,percent,2.72814492929959e-11,Bin,10.5,10.6
HHS Region 3,4 wk ahead,percent,2.72814492929959e-11,Bin,10.6,10.7
HHS Region 3,4 wk ahead,percent,2.72814492929959e-11,Bin,10.7,10.8
HHS Region 3,4 wk ahead,percent,2.72814492929959e-11,Bin,10.8,10.9
HHS Region 3,4 wk ahead,percent,2.72814492929959e-11,Bin,10.9,11.0
HHS Region 3,4 wk ahead,percent,2.72814492929959e-11,Bin,11.0,11.1
HHS Region 3,4 wk ahead,percent,2.72814492929959e-11,Bin,11.1,11.2
HHS Region 3,4 wk ahead,percent,2.72814492929959e-11,Bin,11.2,11.3
HHS Region 3,4 wk ahead,percent,2.72814492929959e-11,Bin,11.3,11.4
HHS Region 3,4 wk ahead,percent,2.72814492929959e-11,Bin,11.4,11.5
HHS Region 3,4 wk ahead,percent,2.72814492929959e-11,Bin,11.5,11.6
HHS Region 3,4 wk ahead,percent,2.72814492929959e-11,Bin,11.6,11.7
HHS Region 3,4 wk ahead,percent,2.72814492929959e-11,Bin,11.7,11.8
HHS Region 3,4 wk ahead,percent,2.72814492929959e-11,Bin,11.8,11.9
HHS Region 3,4 wk ahead,percent,2.72814492929959e-11,Bin,11.9,12.0
HHS Region 3,4 wk ahead,percent,2.72814492929959e-11,Bin,12.0,12.1
HHS Region 3,4 wk ahead,percent,2.72814492929959e-11,Bin,12.1,12.2
HHS Region 3,4 wk ahead,percent,2.72814492929959e-11,Bin,12.2,12.3
HHS Region 3,4 wk ahead,percent,2.72814492929959e-11,Bin,12.3,12.4
HHS Region 3,4 wk ahead,percent,2.72814492929959e-11,Bin,12.4,12.5
HHS Region 3,4 wk ahead,percent,2.72814492929959e-11,Bin,12.5,12.6
HHS Region 3,4 wk ahead,percent,2.72814492929959e-11,Bin,12.6,12.7
HHS Region 3,4 wk ahead,percent,2.72814492929959e-11,Bin,12.7,12.8
HHS Region 3,4 wk ahead,percent,2.72814492929959e-11,Bin,12.8,12.9
HHS Region 3,4 wk ahead,percent,2.72814492929959e-11,Bin,12.9,13.0
HHS Region 3,4 wk ahead,percent,2.72814492929959e-11,Bin,13.0,100.0
HHS Region 4,Season onset,week,1.18058726613506e-05,Bin,40.0,41.0
HHS Region 4,Season onset,week,1.18058726613506e-05,Bin,41.0,42.0
HHS Region 4,Season onset,week,3.26299477385668e-05,Bin,42.0,43.0
HHS Region 4,Season onset,week,0.000185540817153229,Bin,43.0,44.0
HHS Region 4,Season onset,week,0.000720231642796134,Bin,44.0,45.0
HHS Region 4,Season onset,week,0.00191872098654806,Bin,45.0,46.0
HHS Region 4,Season onset,week,0.00353452475395063,Bin,46.0,47.0
HHS Region 4,Season onset,week,0.00457281980407646,Bin,47.0,48.0
HHS Region 4,Season onset,week,0.0043501867296406,Bin,48.0,49.0
HHS Region 4,Season onset,week,0.00340727358564505,Bin,49.0,50.0
HHS Region 4,Season onset,week,0.00255323032766789,Bin,50.0,51.0
HHS Region 4,Season onset,week,0.00186463290731674,Bin,51.0,52.0
HHS Region 4,Season onset,week,0.00128148094596654,Bin,52.0,53.0
HHS Region 4,Season onset,week,0.00112693478977916,Bin,1.0,2.0
HHS Region 4,Season onset,week,0.00154357543586898,Bin,2.0,3.0
HHS Region 4,Season onset,week,0.963823993580231,Bin,3.0,4.0
HHS Region 4,Season onset,week,0.0022595415966741,Bin,4.0,5.0
HHS Region 4,Season onset,week,0.00190743492577456,Bin,5.0,6.0
HHS Region 4,Season onset,week,0.00122827186185574,Bin,6.0,7.0
HHS Region 4,Season onset,week,0.000568558921210677,Bin,7.0,8.0
HHS Region 4,Season onset,week,0.000179244936875485,Bin,8.0,9.0
HHS Region 4,Season onset,week,3.73450949668905e-05,Bin,9.0,10.0
HHS Region 4,Season onset,week,1.46692572506472e-05,Bin,10.0,11.0
HHS Region 4,Season onset,week,1.46692572506472e-05,Bin,11.0,12.0
HHS Region 4,Season onset,week,1.46692572506472e-05,Bin,12.0,13.0
HHS Region 4,Season onset,week,1.46692572506472e-05,Bin,13.0,14.0
HHS Region 4,Season onset,week,1.46692572506472e-05,Bin,14.0,15.0
HHS Region 4,Season onset,week,1.46692572506472e-05,Bin,15.0,16.0
HHS Region 4,Season onset,week,1.46692572506472e-05,Bin,16.0,17.0
HHS Region 4,Season onset,week,1.46692572506472e-05,Bin,17.0,18.0
HHS Region 4,Season onset,week,1.46692572506472e-05,Bin,18.0,19.0
HHS Region 4,Season onset,week,1.46692572506472e-05,Bin,19.0,20.0
HHS Region 4,Season onset,week,1.46692572506472e-05,Bin,20.0,21.0
HHS Region 4,Season onset,week,0.00271885283318407,Bin,none,none
HHS Region 4,Season peak week,week,2.32009123199495e-05,Bin,40.0,41.0
HHS Region 4,Season peak week,week,2.32009123199495e-05,Bin,41.0,42.0
HHS Region 4,Season peak week,week,2.32009123199495e-05,Bin,42.0,43.0
HHS Region 4,Season peak week,week,2.32009123199495e-05,Bin,43.0,44.0
HHS Region 4,Season peak week,week,2.32009123199495e-05,Bin,44.0,45.0
HHS Region 4,Season peak week,week,2.32009123199495e-05,Bin,45.0,46.0
HHS Region 4,Season peak week,week,2.32009123199495e-05,Bin,46.0,47.0
HHS Region 4,Season peak week,week,2.32009123199495e-05,Bin,47.0,48.0
HHS Region 4,Season peak week,week,2.32009123199495e-05,Bin,48.0,49.0
HHS Region 4,Season peak week,week,0.000104144178480718,Bin,49.0,50.0
HHS Region 4,Season peak week,week,0.0012304962891463,Bin,50.0,51.0
HHS Region 4,Season peak week,week,0.00504326234286856,Bin,51.0,52.0
HHS Region 4,Season peak week,week,0.00753926933575698,Bin,52.0,53.0
HHS Region 4,Season peak week,week,0.00327557641673316,Bin,1.0,2.0
HHS Region 4,Season peak week,week,0.000497018859173973,Bin,2.0,3.0
HHS Region 4,Season peak week,week,0.00153979381718967,Bin,3.0,4.0
HHS Region 4,Season peak week,week,0.00391437928106363,Bin,4.0,5.0
HHS Region 4,Season peak week,week,0.00451387438575432,Bin,5.0,6.0
HHS Region 4,Season peak week,week,0.00496750179350919,Bin,6.0,7.0
HHS Region 4,Season peak week,week,0.00377894101807811,Bin,7.0,8.0
HHS Region 4,Season peak week,week,0.00123464222572483,Bin,8.0,9.0
HHS Region 4,Season peak week,week,0.000120224628636329,Bin,9.0,10.0
HHS Region 4,Season peak week,week,0.917780842639232,Bin,10.0,11.0
HHS Region 4,Season peak week,week,2.75546193487025e-05,Bin,11.0,12.0
HHS Region 4,Season peak week,week,2.75546193487025e-05,Bin,12.0,13.0
HHS Region 4,Season peak week,week,0.00385152665276488,Bin,13.0,14.0
HHS Region 4,Season peak week,week,0.00958748470288915,Bin,14.0,15.0
HHS Region 4,Season peak week,week,0.00576351266947297,Bin,15.0,16.0
HHS Region 4,Season peak week,week,0.00767549868618106,Bin,16.0,17.0
HHS Region 4,Season peak week,week,0.00193954063605679,Bin,17.0,18.0
HHS Region 4,Season peak week,week,0.00958748470288915,Bin,18.0,19.0
HHS Region 4,Season peak week,week,0.00385152665276488,Bin,19.0,20.0
HHS Region 4,Season peak week,week,0.00193954063605679,Bin,20.0,21.0
HHS Region 4,Season peak percentage,percent,7.80852936411555e-06,Bin,0.0,0.1
HHS Region 4,Season peak percentage,percent,1.86518045851784e-05,Bin,0.1,0.2
HHS Region 4,Season peak percentage,percent,2.34133238944211e-05,Bin,0.2,0.3
HHS Region 4,Season peak percentage,percent,2.91360877160412e-05,Bin,0.3,0.4
HHS Region 4,Season peak percentage,percent,3.59509815989384e-05,Bin,0.4,0.5
HHS Region 4,Season peak percentage,percent,4.39884680893633e-05,Bin,0.5,0.6
HHS Region 4,Season peak percentage,percent,5.3380364416766e-05,Bin,0.6,0.7
HHS Region 4,Season peak percentage,percent,6.42481501865961e-05,Bin,0.7,0.8
HHS Region 4,Season peak percentage,percent,7.67071308621517e-05,Bin,0.8,0.9
HHS Region 4,Season peak percentage,percent,9.0862274020901e-05,Bin,0.9,1.0
HHS Region 4,Season peak percentage,percent,0.0001067977433941,Bin,1.0,1.1
HHS Region 4,Season peak percentage,percent,0.000124573467583585,Bin,1.1,1.2
HHS Region 4,Season peak percentage,percent,0.000144227894095221,Bin,1.2,1.3
HHS Region 4,Season peak percentage,percent,0.000165776230817704,Bin,1.3,1.4
HHS Region 4,Season peak percentage,percent,0.000189194840510207,Bin,1.4,1.5
HHS Region 4,Season peak percentage,percent,0.000214433498037793,Bin,1.5,1.6
HHS Region 4,Season peak percentage,percent,0.000241413585923691,Bin,1.6,1.7
HHS Region 4,Season peak percentage,percent,0.000270022934519437,Bin,1.7,1.8
HHS Region 4,Season peak percentage,percent,0.000300120728838245,Bin,1.8,1.9
HHS Region 4,Season peak percentage,percent,0.000331535724646412,Bin,1.9,2.0
HHS Region 4,Season peak percentage,percent,0.000364072964692695,Bin,2.0,2.1
HHS Region 4,Season peak percentage,percent,0.000397518486963806,Bin,2.1,2.2
HHS Region 4,Season peak percentage,percent,0.00043162955964788,Bin,2.2,2.3
HHS Region 4,Season peak percentage,percent,0.000466149422747208,Bin,2.3,2.4
HHS Region 4,Season peak percentage,percent,0.000500803937833679,Bin,2.4,2.5
HHS Region 4,Season peak percentage,percent,0.000535302016124686,Bin,2.5,2.6
HHS Region 4,Season peak percentage,percent,0.000569339911331114,Bin,2.6,2.7
HHS Region 4,Season peak percentage,percent,0.000602603763303556,Bin,2.7,2.8
HHS Region 4,Season peak percentage,percent,0.000634768540120348,Bin,2.8,2.9
HHS Region 4,Season peak percentage,percent,0.000665503840331743,Bin,2.9,3.0
HHS Region 4,Season peak percentage,percent,0.000694476070310911,Bin,3.0,3.1
HHS Region 4,Season peak percentage,percent,0.000721363409616697,Bin,3.1,3.2
HHS Region 4,Season peak percentage,percent,0.000745839334016015,Bin,3.2,3.3
HHS Region 4,Season peak percentage,percent,0.000767603864125679,Bin,3.3,3.4
HHS Region 4,Season peak percentage,percent,0.000786384300065206,Bin,3.4,3.5
HHS Region 4,Season peak percentage,percent,0.000801942580140868,Bin,3.5,3.6
HHS Region 4,Season peak percentage,percent,0.000814078727338862,Bin,3.6,3.7
HHS Region 4,Season peak percentage,percent,0.924082464234021,Bin,3.7,3.8
HHS Region 4,Season peak percentage,percent,0.00467451729225952,Bin,3.8,3.9
HHS Region 4,Season peak percentage,percent,0.00659928723672826,Bin,3.9,4.0
HHS Region 4,Season peak percentage,percent,0.00852048184083482,Bin,4.0,4.1
HHS Region 4,Season peak percentage,percent,0.00274441953880562,Bin,4.1,4.2
HHS Region 4,Season peak percentage,percent,0.00465898881398825,Bin,4.2,4.3
HHS Region 4,Season peak percentage,percent,0.00464717668184756,Bin,4.3,4.4
HHS Region 4,Season peak percentage,percent,0.00078587818824784,Bin,4.4,4.5
HHS Region 4,Season peak percentage,percent,0.000769319012474469,Bin,4.5,4.6
HHS Region 4,Season peak percentage,percent,0.000751018730426747,Bin,4.6,4.7
HHS Region 4,Season peak percentage,percent,0.00265488252239696,Bin,4.7,4.8
HHS Region 4,Season peak percentage,percent,0.000710987647575059,Bin,4.8,4.9
HHS Region 4,Season peak percentage,percent,0.000690146249251212,Bin,4.9,5.0
HHS Region 4,Season peak percentage,percent,0.000669305924042918,Bin,5.0,5.1
HHS Region 4,Season peak percentage,percent,0.000648827500111048,Bin,5.1,5.2
HHS Region 4,Season peak percentage,percent,0.000629016551752835,Bin,5.2,5.3
HHS Region 4,Season peak percentage,percent,0.00253356940950663,Bin,5.3,5.4
HHS Region 4,Season peak percentage,percent,0.000592279394428356,Bin,5.4,5.5
HHS Region 4,Season peak percentage,percent,0.000575619034283499,Bin,5.5,5.6
HHS Region 4,Season peak percentage,percent,0.000560154076388382,Bin,5.6,5.7
HHS Region 4,Season peak percentage,percent,0.000545845130514191,Bin,5.7,5.8
HHS Region 4,Season peak percentage,percent,0.000532589071828783,Bin,5.8,5.9
HHS Region 4,Season peak percentage,percent,0.00244369769440598,Bin,5.9,6.0
HHS Region 4,Season peak percentage,percent,0.000508610504506536,Bin,6.0,6.1
HHS Region 4,Season peak percentage,percent,0.00242094388187883,Bin,6.1,6.2
HHS Region 4,Season peak percentage,percent,0.000486639623248672,Bin,6.2,6.3
HHS Region 4,Season peak percentage,percent,0.000475840582699147,Bin,6.3,6.4
HHS Region 4,Season peak percentage,percent,0.00238832311253916,Bin,6.4,6.5
HHS Region 4,Season peak percentage,percent,0.000453508089559943,Bin,6.5,6.6
HHS Region 4,Season peak percentage,percent,0.000441589143451423,Bin,6.6,6.7
HHS Region 4,Season peak percentage,percent,0.00235241684690703,Bin,6.7,6.8
HHS Region 4,Season peak percentage,percent,0.000415503163908622,Bin,6.8,6.9
HHS Region 4,Season peak percentage,percent,0.000401150929627841,Bin,6.9,7.0
HHS Region 4,Season peak percentage,percent,0.000385865780515222,Bin,7.0,7.1
HHS Region 4,Season peak percentage,percent,0.000369653579721375,Bin,7.1,7.2
HHS Region 4,Season peak percentage,percent,0.000352558121186928,Bin,7.2,7.3
HHS Region 4,Season peak percentage,percent,0.0003346595764542,Bin,7.3,7.4
HHS Region 4,Season peak percentage,percent,0.000316067329356488,Bin,7.4,7.5
HHS Region 4,Season peak percentage,percent,0.000296918338601495,Bin,7.5,7.6
HHS Region 4,Season peak percentage,percent,0.000277370993064077,Bin,7.6,7.7
HHS Region 4,Season peak percentage,percent,0.000257599787581948,Bin,7.7,7.8
HHS Region 4,Season peak percentage,percent,0.000237786769545409,Bin,7.8,7.9
HHS Region 4,Season peak percentage,percent,0.000218119143496392,Bin,7.9,8.0
HHS Region 4,Season peak percentage,percent,0.000198779861055461,Bin,8.0,8.1
HHS Region 4,Season peak percentage,percent,0.000179943843628442,Bin,8.1,8.2
HHS Region 4,Season peak percentage,percent,0.000161773978391871,Bin,8.2,8.3
HHS Region 4,Season peak percentage,percent,0.000144414522118262,Bin,8.3,8.4
HHS Region 4,Season peak percentage,percent,0.000127988817422407,Bin,8.4,8.5
HHS Region 4,Season peak percentage,percent,0.000112594786948585,Bin,8.5,8.6
HHS Region 4,Season peak percentage,percent,9.83066769135138e-05,Bin,8.6,8.7
HHS Region 4,Season peak percentage,percent,8.51759394451546e-05,Bin,8.7,8.8
HHS Region 4,Season peak percentage,percent,7.32233121655482e-05,Bin,8.8,8.9
HHS Region 4,Season peak percentage,percent,6.24483889947604e-05,Bin,8.9,9.0
HHS Region 4,Season peak percentage,percent,5.28315436587299e-05,Bin,9.0,9.1
HHS Region 4,Season peak percentage,percent,4.43325599968879e-05,Bin,9.1,9.2
HHS Region 4,Season peak percentage,percent,3.68933206292453e-05,Bin,9.2,9.3
HHS Region 4,Season peak percentage,percent,3.04453815564109e-05,Bin,9.3,9.4
HHS Region 4,Season peak percentage,percent,2.49134146683688e-05,Bin,9.4,9.5
HHS Region 4,Season peak percentage,percent,2.02129000102671e-05,Bin,9.5,9.6
HHS Region 4,Season peak percentage,percent,1.62584856274458e-05,Bin,9.6,9.7
HHS Region 4,Season peak percentage,percent,1.29631755183079e-05,Bin,9.7,9.8
HHS Region 4,Season peak percentage,percent,1.02464528389244e-05,Bin,9.8,9.9
HHS Region 4,Season peak percentage,percent,8.02758347727223e-06,Bin,9.9,10.0
HHS Region 4,Season peak percentage,percent,6.23330622554927e-06,Bin,10.0,10.1
HHS Region 4,Season peak percentage,percent,4.79699742366099e-06,Bin,10.1,10.2
HHS Region 4,Season peak percentage,percent,3.6586331608015e-06,Bin,10.2,10.3
HHS Region 4,Season peak percentage,percent,2.76546971210227e-06,Bin,10.3,10.4
HHS Region 4,Season peak percentage,percent,2.07131308089026e-06,Bin,10.4,10.5
HHS Region 4,Season peak percentage,percent,1.53931479207401e-06,Bin,10.5,10.6
HHS Region 4,Season peak percentage,percent,1.35753819026583e-06,Bin,10.6,10.7
HHS Region 4,Season peak percentage,percent,1.35753819026583e-06,Bin,10.7,10.8
HHS Region 4,Season peak percentage,percent,1.35753819026583e-06,Bin,10.8,10.9
HHS Region 4,Season peak percentage,percent,1.35753819026583e-06,Bin,10.9,11.0
HHS Region 4,Season peak percentage,percent,1.35753819026583e-06,Bin,11.0,11.1
HHS Region 4,Season peak percentage,percent,1.35753819026583e-06,Bin,11.1,11.2
HHS Region 4,Season peak percentage,percent,1.35753819026583e-06,Bin,11.2,11.3
HHS Region 4,Season peak percentage,percent,1.35753819026583e-06,Bin,11.3,11.4
HHS Region 4,Season peak percentage,percent,1.35753819026583e-06,Bin,11.4,11.5
HHS Region 4,Season peak percentage,percent,1.35753819026583e-06,Bin,11.5,11.6
HHS Region 4,Season peak percentage,percent,1.35753819026583e-06,Bin,11.6,11.7
HHS Region 4,Season peak percentage,percent,1.35753819026583e-06,Bin,11.7,11.8
HHS Region 4,Season peak percentage,percent,1.35753819026583e-06,Bin,11.8,11.9
HHS Region 4,Season peak percentage,percent,1.35753819026583e-06,Bin,11.9,12.0
HHS Region 4,Season peak percentage,percent,1.35753819026583e-06,Bin,12.0,12.1
HHS Region 4,Season peak percentage,percent,1.35753819026583e-06,Bin,12.1,12.2
HHS Region 4,Season peak percentage,percent,1.35753819026583e-06,Bin,12.2,12.3
HHS Region 4,Season peak percentage,percent,1.35753819026583e-06,Bin,12.3,12.4
HHS Region 4,Season peak percentage,percent,1.35753819026583e-06,Bin,12.4,12.5
HHS Region 4,Season peak percentage,percent,1.35753819026583e-06,Bin,12.5,12.6
HHS Region 4,Season peak percentage,percent,1.35753819026583e-06,Bin,12.6,12.7
HHS Region 4,Season peak percentage,percent,1.35753819026583e-06,Bin,12.7,12.8
HHS Region 4,Season peak percentage,percent,1.35753819026583e-06,Bin,12.8,12.9
HHS Region 4,Season peak percentage,percent,1.35753819026583e-06,Bin,12.9,13.0
HHS Region 4,Season peak percentage,percent,1.35753819026583e-06,Bin,13.0,100.0
HHS Region 4,1 wk ahead,percent,4.69906937636255e-11,Bin,0.0,0.1
HHS Region 4,1 wk ahead,percent,2.89100841526401e-10,Bin,0.1,0.2
HHS Region 4,1 wk ahead,percent,9.12842587363197e-10,Bin,0.2,0.3
HHS Region 4,1 wk ahead,percent,2.135693462941e-09,Bin,0.3,0.4
HHS Region 4,1 wk ahead,percent,3.71698298700685e-09,Bin,0.4,0.5
HHS Region 4,1 wk ahead,percent,4.87960383990678e-09,Bin,0.5,0.6
HHS Region 4,1 wk ahead,percent,5.08349903134029e-09,Bin,0.6,0.7
HHS Region 4,1 wk ahead,percent,4.88586592362061e-09,Bin,0.7,0.8
HHS Region 4,1 wk ahead,percent,5.4636765653583e-09,Bin,0.8,0.9
HHS Region 4,1 wk ahead,percent,7.20403645305773e-09,Bin,0.9,1.0
HHS Region 4,1 wk ahead,percent,9.29431779261153e-09,Bin,1.0,1.1
HHS Region 4,1 wk ahead,percent,1.08831728034409e-08,Bin,1.1,1.2
HHS Region 4,1 wk ahead,percent,1.22052707616777e-08,Bin,1.2,1.3
HHS Region 4,1 wk ahead,percent,1.40510446710497e-08,Bin,1.3,1.4
HHS Region 4,1 wk ahead,percent,1.62721828949415e-08,Bin,1.4,1.5
HHS Region 4,1 wk ahead,percent,0.00600001643597925,Bin,1.5,1.6
HHS Region 4,1 wk ahead,percent,1.66536775874801e-08,Bin,1.6,1.7
HHS Region 4,1 wk ahead,percent,0.0140000110685539,Bin,1.7,1.8
HHS Region 4,1 wk ahead,percent,0.00200000905887863,Bin,1.8,1.9
HHS Region 4,1 wk ahead,percent,0.0240000010317737,Bin,1.9,2.0
HHS Region 4,1 wk ahead,percent,0.0479999939669068,Bin,2.0,2.1
HHS Region 4,1 wk ahead,percent,0.0499999926475661,Bin,2.1,2.2
HHS Region 4,1 wk ahead,percent,0.0499999930457662,Bin,2.2,2.3
HHS Region 4,1 wk ahead,percent,0.0939999858674597,Bin,2.3,2.4
HHS Region 4,1 wk ahead,percent,0.157999974526182,Bin,2.4,2.5
HHS Region 4,1 wk ahead,percent,0.0859999871118305,Bin,2.5,2.6
HHS Region 4,1 wk ahead,percent,0.125999978719106,Bin,2.6,2.7
HHS Region 4,1 wk ahead,percent,0.107999981059515,Bin,2.7,2.8
HHS Region 4,1 wk ahead,percent,0.0819999852845784,Bin,2.8,2.9
HHS Region 4,1 wk ahead,percent,0.0259999953172323,Bin,2.9,3.0
HHS Region 4,1 wk ahead,percent,0.0459999916350891,Bin,3.0,3.1
HHS Region 4,1 wk ahead,percent,0.0219999960195318,Bin,3.1,3.2
HHS Region 4,1 wk ahead,percent,0.0199999963849021,Bin,3.2,3.3
HHS Region 4,1 wk ahead,percent,0.011999997846383,Bin,3.3,3.4
HHS Region 4,1 wk ahead,percent,0.011999997846383,Bin,3.4,3.5
HHS Region 4,1 wk ahead,percent,0.00599999894249365,Bin,3.5,3.6
HHS Region 4,1 wk ahead,percent,0.0019999996732341,Bin,3.6,3.7
HHS Region 4,1 wk ahead,percent,3.86043314211786e-11,Bin,3.7,3.8
HHS Region 4,1 wk ahead,percent,3.86043314211786e-11,Bin,3.8,3.9
HHS Region 4,1 wk ahead,percent,3.86043314211786e-11,Bin,3.9,4.0
HHS Region 4,1 wk ahead,percent,3.86043314211786e-11,Bin,4.0,4.1
HHS Region 4,1 wk ahead,percent,0.0019999996732341,Bin,4.1,4.2
HHS Region 4,1 wk ahead,percent,3.86043314211786e-11,Bin,4.2,4.3
HHS Region 4,1 wk ahead,percent,0.00399999930786388,Bin,4.3,4.4
HHS Region 4,1 wk ahead,percent,3.86043314211786e-11,Bin,4.4,4.5
HHS Region 4,1 wk ahead,percent,3.86043314211786e-11,Bin,4.5,4.6
HHS Region 4,1 wk ahead,percent,3.86043314211786e-11,Bin,4.6,4.7
HHS Region 4,1 wk ahead,percent,3.86043314211786e-11,Bin,4.7,4.8
HHS Region 4,1 wk ahead,percent,3.86043314211786e-11,Bin,4.8,4.9
HHS Region 4,1 wk ahead,percent,3.86043314211786e-11,Bin,4.9,5.0
HHS Region 4,1 wk ahead,percent,3.86043314211786e-11,Bin,5.0,5.1
HHS Region 4,1 wk ahead,percent,3.86043314211786e-11,Bin,5.1,5.2
HHS Region 4,1 wk ahead,percent,3.86043314211786e-11,Bin,5.2,5.3
HHS Region 4,1 wk ahead,percent,3.86043314211786e-11,Bin,5.3,5.4
HHS Region 4,1 wk ahead,percent,3.86043314211786e-11,Bin,5.4,5.5
HHS Region 4,1 wk ahead,percent,3.86043314211786e-11,Bin,5.5,5.6
HHS Region 4,1 wk ahead,percent,3.86043314211786e-11,Bin,5.6,5.7
HHS Region 4,1 wk ahead,percent,3.86043314211786e-11,Bin,5.7,5.8
HHS Region 4,1 wk ahead,percent,3.86043314211786e-11,Bin,5.8,5.9
HHS Region 4,1 wk ahead,percent,3.86043314211786e-11,Bin,5.9,6.0
HHS Region 4,1 wk ahead,percent,3.86043314211786e-11,Bin,6.0,6.1
HHS Region 4,1 wk ahead,percent,3.86043314211786e-11,Bin,6.1,6.2
HHS Region 4,1 wk ahead,percent,3.86043314211786e-11,Bin,6.2,6.3
HHS Region 4,1 wk ahead,percent,3.86043314211786e-11,Bin,6.3,6.4
HHS Region 4,1 wk ahead,percent,3.86043314211786e-11,Bin,6.4,6.5
HHS Region 4,1 wk ahead,percent,3.86043314211786e-11,Bin,6.5,6.6
HHS Region 4,1 wk ahead,percent,3.86043314211786e-11,Bin,6.6,6.7
HHS Region 4,1 wk ahead,percent,3.86043314211786e-11,Bin,6.7,6.8
HHS Region 4,1 wk ahead,percent,3.86043314211786e-11,Bin,6.8,6.9
HHS Region 4,1 wk ahead,percent,3.86043314211786e-11,Bin,6.9,7.0
HHS Region 4,1 wk ahead,percent,3.86043314211786e-11,Bin,7.0,7.1
HHS Region 4,1 wk ahead,percent,3.86043314211786e-11,Bin,7.1,7.2
HHS Region 4,1 wk ahead,percent,3.86043314211786e-11,Bin,7.2,7.3
HHS Region 4,1 wk ahead,percent,3.86043314211786e-11,Bin,7.3,7.4
HHS Region 4,1 wk ahead,percent,3.86043314211786e-11,Bin,7.4,7.5
HHS Region 4,1 wk ahead,percent,3.86043314211786e-11,Bin,7.5,7.6
HHS Region 4,1 wk ahead,percent,3.86043314211786e-11,Bin,7.6,7.7
HHS Region 4,1 wk ahead,percent,3.86043314211786e-11,Bin,7.7,7.8
HHS Region 4,1 wk ahead,percent,3.86043314211786e-11,Bin,7.8,7.9
HHS Region 4,1 wk ahead,percent,3.86043314211786e-11,Bin,7.9,8.0
HHS Region 4,1 wk ahead,percent,3.86043314211789e-11,Bin,8.0,8.1
HHS Region 4,1 wk ahead,percent,3.86043314211792e-11,Bin,8.1,8.2
HHS Region 4,1 wk ahead,percent,3.86043314211792e-11,Bin,8.2,8.3
HHS Region 4,1 wk ahead,percent,3.86043314211792e-11,Bin,8.3,8.4
HHS Region 4,1 wk ahead,percent,3.86043314211792e-11,Bin,8.4,8.5
HHS Region 4,1 wk ahead,percent,3.86043314211792e-11,Bin,8.5,8.6
HHS Region 4,1 wk ahead,percent,3.86043314211792e-11,Bin,8.6,8.7
HHS Region 4,1 wk ahead,percent,3.86043314211792e-11,Bin,8.7,8.8
HHS Region 4,1 wk ahead,percent,3.86043314211792e-11,Bin,8.8,8.9
HHS Region 4,1 wk ahead,percent,3.86043314211792e-11,Bin,8.9,9.0
HHS Region 4,1 wk ahead,percent,3.86043314211792e-11,Bin,9.0,9.1
HHS Region 4,1 wk ahead,percent,3.86043314211792e-11,Bin,9.1,9.2
HHS Region 4,1 wk ahead,percent,3.86043314211792e-11,Bin,9.2,9.3
HHS Region 4,1 wk ahead,percent,3.86043314211792e-11,Bin,9.3,9.4
HHS Region 4,1 wk ahead,percent,3.86043314211792e-11,Bin,9.4,9.5
HHS Region 4,1 wk ahead,percent,3.86043314211792e-11,Bin,9.5,9.6
HHS Region 4,1 wk ahead,percent,3.86043314211792e-11,Bin,9.6,9.7
HHS Region 4,1 wk ahead,percent,3.86043314211792e-11,Bin,9.7,9.8
HHS Region 4,1 wk ahead,percent,3.86043314211792e-11,Bin,9.8,9.9
HHS Region 4,1 wk ahead,percent,3.86043314211792e-11,Bin,9.9,10.0
HHS Region 4,1 wk ahead,percent,3.86043314211792e-11,Bin,10.0,10.1
HHS Region 4,1 wk ahead,percent,3.86043314211792e-11,Bin,10.1,10.2
HHS Region 4,1 wk ahead,percent,3.86043314211792e-11,Bin,10.2,10.3
HHS Region 4,1 wk ahead,percent,3.86043314211792e-11,Bin,10.3,10.4
HHS Region 4,1 wk ahead,percent,3.86043314211792e-11,Bin,10.4,10.5
HHS Region 4,1 wk ahead,percent,3.86043314211792e-11,Bin,10.5,10.6
HHS Region 4,1 wk ahead,percent,3.86043314211792e-11,Bin,10.6,10.7
HHS Region 4,1 wk ahead,percent,3.86043314211792e-11,Bin,10.7,10.8
HHS Region 4,1 wk ahead,percent,3.86043314211792e-11,Bin,10.8,10.9
HHS Region 4,1 wk ahead,percent,3.86043314211792e-11,Bin,10.9,11.0
HHS Region 4,1 wk ahead,percent,3.86043314211792e-11,Bin,11.0,11.1
HHS Region 4,1 wk ahead,percent,3.86043314211792e-11,Bin,11.1,11.2
HHS Region 4,1 wk ahead,percent,3.86043314211792e-11,Bin,11.2,11.3
HHS Region 4,1 wk ahead,percent,3.86043314211792e-11,Bin,11.3,11.4
HHS Region 4,1 wk ahead,percent,3.86043314211792e-11,Bin,11.4,11.5
HHS Region 4,1 wk ahead,percent,3.86043314211792e-11,Bin,11.5,11.6
HHS Region 4,1 wk ahead,percent,3.86043314211792e-11,Bin,11.6,11.7
HHS Region 4,1 wk ahead,percent,3.86043314211792e-11,Bin,11.7,11.8
HHS Region 4,1 wk ahead,percent,3.86043314211792e-11,Bin,11.8,11.9
HHS Region 4,1 wk ahead,percent,3.86043314211792e-11,Bin,11.9,12.0
HHS Region 4,1 wk ahead,percent,3.86043314211792e-11,Bin,12.0,12.1
HHS Region 4,1 wk ahead,percent,3.86043314211792e-11,Bin,12.1,12.2
HHS Region 4,1 wk ahead,percent,3.86043314211792e-11,Bin,12.2,12.3
HHS Region 4,1 wk ahead,percent,3.86043314211792e-11,Bin,12.3,12.4
HHS Region 4,1 wk ahead,percent,3.86043314211792e-11,Bin,12.4,12.5
HHS Region 4,1 wk ahead,percent,3.86043314211792e-11,Bin,12.5,12.6
HHS Region 4,1 wk ahead,percent,3.86043314211792e-11,Bin,12.6,12.7
HHS Region 4,1 wk ahead,percent,3.86043314211792e-11,Bin,12.7,12.8
HHS Region 4,1 wk ahead,percent,3.86043314211792e-11,Bin,12.8,12.9
HHS Region 4,1 wk ahead,percent,3.86043314211792e-11,Bin,12.9,13.0
HHS Region 4,1 wk ahead,percent,3.86043314211792e-11,Bin,13.0,100.0
HHS Region 4,2 wk ahead,percent,5.88701779628921e-11,Bin,0.0,0.1
HHS Region 4,2 wk ahead,percent,3.67459112861301e-10,Bin,0.1,0.2
HHS Region 4,2 wk ahead,percent,1.15556578830838e-09,Bin,0.2,0.3
HHS Region 4,2 wk ahead,percent,2.72348080949001e-09,Bin,0.3,0.4
HHS Region 4,2 wk ahead,percent,5.06449194170307e-09,Bin,0.4,0.5
HHS Region 4,2 wk ahead,percent,7.81279867282442e-09,Bin,0.5,0.6
HHS Region 4,2 wk ahead,percent,1.03635556062684e-08,Bin,0.6,0.7
HHS Region 4,2 wk ahead,percent,1.21570417935439e-08,Bin,0.7,0.8
HHS Region 4,2 wk ahead,percent,1.30191329579124e-08,Bin,0.8,0.9
HHS Region 4,2 wk ahead,percent,0.00200001296912639,Bin,0.9,1.0
HHS Region 4,2 wk ahead,percent,1.41653569551422e-08,Bin,1.0,1.1
HHS Region 4,2 wk ahead,percent,0.00600001539411213,Bin,1.1,1.2
HHS Region 4,2 wk ahead,percent,0.00800001794408845,Bin,1.2,1.3
HHS Region 4,2 wk ahead,percent,0.00400001945819189,Bin,1.3,1.4
HHS Region 4,2 wk ahead,percent,0.00800001586551925,Bin,1.4,1.5
HHS Region 4,2 wk ahead,percent,0.0140000096758698,Bin,1.5,1.6
HHS Region 4,2 wk ahead,percent,0.0220000032282462,Bin,1.6,1.7
HHS Region 4,2 wk ahead,percent,0.0539999937213567,Bin,1.7,1.8
HHS Region 4,2 wk ahead,percent,0.0459999930176665,Bin,1.8,1.9
HHS Region 4,2 wk ahead,percent,0.0659999883701595,Bin,1.9,2.0
HHS Region 4,2 wk ahead,percent,0.0819999851134604,Bin,2.0,2.1
HHS Region 4,2 wk ahead,percent,0.109999979941381,Bin,2.1,2.2
HHS Region 4,2 wk ahead,percent,0.0859999843258239,Bin,2.2,2.3
HHS Region 4,2 wk ahead,percent,0.093999982864343,Bin,2.3,2.4
HHS Region 4,2 wk ahead,percent,0.0699999872487857,Bin,2.4,2.5
HHS Region 4,2 wk ahead,percent,0.0659999879795262,Bin,2.5,2.6
HHS Region 4,2 wk ahead,percent,0.0559999898063773,Bin,2.6,2.7
HHS Region 4,2 wk ahead,percent,0.0419999923639689,Bin,2.7,2.8
HHS Region 4,2 wk ahead,percent,0.0419999923639689,Bin,2.8,2.9
HHS Region 4,2 wk ahead,percent,0.0279999949215605,Bin,2.9,3.0
HHS Region 4,2 wk ahead,percent,0.0259999952869307,Bin,3.0,3.1
HHS Region 4,2 wk ahead,percent,0.0199999963830414,Bin,3.1,3.2
HHS Region 4,2 wk ahead,percent,0.00799999857526279,Bin,3.2,3.3
HHS Region 4,2 wk ahead,percent,0.00999999820989256,Bin,3.3,3.4
HHS Region 4,2 wk ahead,percent,0.00599999894063302,Bin,3.4,3.5
HHS Region 4,2 wk ahead,percent,0.00599999894063302,Bin,3.5,3.6
HHS Region 4,2 wk ahead,percent,0.00199999967137347,Bin,3.6,3.7
HHS Region 4,2 wk ahead,percent,0.00399999930600324,Bin,3.7,3.8
HHS Region 4,2 wk ahead,percent,0.00199999967137347,Bin,3.8,3.9
HHS Region 4,2 wk ahead,percent,3.6743699117043e-11,Bin,3.9,4.0
HHS Region 4,2 wk ahead,percent,0.00599999894063302,Bin,4.0,4.1
HHS Region 4,2 wk ahead,percent,0.00199999967137347,Bin,4.1,4.2
HHS Region 4,2 wk ahead,percent,3.6743699117043e-11,Bin,4.2,4.3
HHS Region 4,2 wk ahead,percent,3.6743699117043e-11,Bin,4.3,4.4
HHS Region 4,2 wk ahead,percent,3.6743699117043e-11,Bin,4.4,4.5
HHS Region 4,2 wk ahead,percent,3.6743699117043e-11,Bin,4.5,4.6
HHS Region 4,2 wk ahead,percent,3.6743699117043e-11,Bin,4.6,4.7
HHS Region 4,2 wk ahead,percent,3.6743699117043e-11,Bin,4.7,4.8
HHS Region 4,2 wk ahead,percent,3.6743699117043e-11,Bin,4.8,4.9
HHS Region 4,2 wk ahead,percent,3.6743699117043e-11,Bin,4.9,5.0
HHS Region 4,2 wk ahead,percent,3.6743699117043e-11,Bin,5.0,5.1
HHS Region 4,2 wk ahead,percent,3.6743699117043e-11,Bin,5.1,5.2
HHS Region 4,2 wk ahead,percent,3.6743699117043e-11,Bin,5.2,5.3
HHS Region 4,2 wk ahead,percent,3.6743699117043e-11,Bin,5.3,5.4
HHS Region 4,2 wk ahead,percent,3.6743699117043e-11,Bin,5.4,5.5
HHS Region 4,2 wk ahead,percent,3.6743699117043e-11,Bin,5.5,5.6
HHS Region 4,2 wk ahead,percent,3.6743699117043e-11,Bin,5.6,5.7
HHS Region 4,2 wk ahead,percent,3.6743699117043e-11,Bin,5.7,5.8
HHS Region 4,2 wk ahead,percent,3.6743699117043e-11,Bin,5.8,5.9
HHS Region 4,2 wk ahead,percent,3.6743699117043e-11,Bin,5.9,6.0
HHS Region 4,2 wk ahead,percent,3.6743699117043e-11,Bin,6.0,6.1
HHS Region 4,2 wk ahead,percent,3.6743699117043e-11,Bin,6.1,6.2
HHS Region 4,2 wk ahead,percent,3.6743699117043e-11,Bin,6.2,6.3
HHS Region 4,2 wk ahead,percent,3.6743699117043e-11,Bin,6.3,6.4
HHS Region 4,2 wk ahead,percent,0.00199999967137347,Bin,6.4,6.5
HHS Region 4,2 wk ahead,percent,3.6743699117043e-11,Bin,6.5,6.6
HHS Region 4,2 wk ahead,percent,3.6743699117043e-11,Bin,6.6,6.7
HHS Region 4,2 wk ahead,percent,3.6743699117043e-11,Bin,6.7,6.8
HHS Region 4,2 wk ahead,percent,3.6743699117043e-11,Bin,6.8,6.9
HHS Region 4,2 wk ahead,percent,3.6743699117043e-11,Bin,6.9,7.0
HHS Region 4,2 wk ahead,percent,3.6743699117043e-11,Bin,7.0,7.1
HHS Region 4,2 wk ahead,percent,3.6743699117043e-11,Bin,7.1,7.2
HHS Region 4,2 wk ahead,percent,3.6743699117043e-11,Bin,7.2,7.3
HHS Region 4,2 wk ahead,percent,3.6743699117043e-11,Bin,7.3,7.4
HHS Region 4,2 wk ahead,percent,3.6743699117043e-11,Bin,7.4,7.5
HHS Region 4,2 wk ahead,percent,3.6743699117043e-11,Bin,7.5,7.6
HHS Region 4,2 wk ahead,percent,3.6743699117043e-11,Bin,7.6,7.7
HHS Region 4,2 wk ahead,percent,3.6743699117043e-11,Bin,7.7,7.8
HHS Region 4,2 wk ahead,percent,3.6743699117043e-11,Bin,7.8,7.9
HHS Region 4,2 wk ahead,percent,3.6743699117043e-11,Bin,7.9,8.0
HHS Region 4,2 wk ahead,percent,3.67436991170433e-11,Bin,8.0,8.1
HHS Region 4,2 wk ahead,percent,3.67436991170437e-11,Bin,8.1,8.2
HHS Region 4,2 wk ahead,percent,3.67436991170437e-11,Bin,8.2,8.3
HHS Region 4,2 wk ahead,percent,3.67436991170437e-11,Bin,8.3,8.4
HHS Region 4,2 wk ahead,percent,3.67436991170437e-11,Bin,8.4,8.5
HHS Region 4,2 wk ahead,percent,3.67436991170437e-11,Bin,8.5,8.6
HHS Region 4,2 wk ahead,percent,3.67436991170437e-11,Bin,8.6,8.7
HHS Region 4,2 wk ahead,percent,3.67436991170437e-11,Bin,8.7,8.8
HHS Region 4,2 wk ahead,percent,3.67436991170437e-11,Bin,8.8,8.9
HHS Region 4,2 wk ahead,percent,3.67436991170437e-11,Bin,8.9,9.0
HHS Region 4,2 wk ahead,percent,3.67436991170437e-11,Bin,9.0,9.1
HHS Region 4,2 wk ahead,percent,3.67436991170437e-11,Bin,9.1,9.2
HHS Region 4,2 wk ahead,percent,3.67436991170437e-11,Bin,9.2,9.3
HHS Region 4,2 wk ahead,percent,3.67436991170437e-11,Bin,9.3,9.4
HHS Region 4,2 wk ahead,percent,3.67436991170437e-11,Bin,9.4,9.5
HHS Region 4,2 wk ahead,percent,3.67436991170437e-11,Bin,9.5,9.6
HHS Region 4,2 wk ahead,percent,3.67436991170437e-11,Bin,9.6,9.7
HHS Region 4,2 wk ahead,percent,3.67436991170437e-11,Bin,9.7,9.8
HHS Region 4,2 wk ahead,percent,3.67436991170437e-11,Bin,9.8,9.9
HHS Region 4,2 wk ahead,percent,3.67436991170437e-11,Bin,9.9,10.0
HHS Region 4,2 wk ahead,percent,3.67436991170437e-11,Bin,10.0,10.1
HHS Region 4,2 wk ahead,percent,3.67436991170437e-11,Bin,10.1,10.2
HHS Region 4,2 wk ahead,percent,3.67436991170437e-11,Bin,10.2,10.3
HHS Region 4,2 wk ahead,percent,3.67436991170437e-11,Bin,10.3,10.4
HHS Region 4,2 wk ahead,percent,3.67436991170437e-11,Bin,10.4,10.5
HHS Region 4,2 wk ahead,percent,3.67436991170437e-11,Bin,10.5,10.6
HHS Region 4,2 wk ahead,percent,3.67436991170437e-11,Bin,10.6,10.7
HHS Region 4,2 wk ahead,percent,3.67436991170437e-11,Bin,10.7,10.8
HHS Region 4,2 wk ahead,percent,3.67436991170437e-11,Bin,10.8,10.9
HHS Region 4,2 wk ahead,percent,3.67436991170437e-11,Bin,10.9,11.0
HHS Region 4,2 wk ahead,percent,3.67436991170437e-11,Bin,11.0,11.1
HHS Region 4,2 wk ahead,percent,3.67436991170437e-11,Bin,11.1,11.2
HHS Region 4,2 wk ahead,percent,3.67436991170437e-11,Bin,11.2,11.3
HHS Region 4,2 wk ahead,percent,3.67436991170437e-11,Bin,11.3,11.4
HHS Region 4,2 wk ahead,percent,3.67436991170437e-11,Bin,11.4,11.5
HHS Region 4,2 wk ahead,percent,3.67436991170437e-11,Bin,11.5,11.6
HHS Region 4,2 wk ahead,percent,3.67436991170437e-11,Bin,11.6,11.7
HHS Region 4,2 wk ahead,percent,3.67436991170437e-11,Bin,11.7,11.8
HHS Region 4,2 wk ahead,percent,3.67436991170437e-11,Bin,11.8,11.9
HHS Region 4,2 wk ahead,percent,3.67436991170437e-11,Bin,11.9,12.0
HHS Region 4,2 wk ahead,percent,3.67436991170437e-11,Bin,12.0,12.1
HHS Region 4,2 wk ahead,percent,3.67436991170437e-11,Bin,12.1,12.2
HHS Region 4,2 wk ahead,percent,3.67436991170437e-11,Bin,12.2,12.3
HHS Region 4,2 wk ahead,percent,3.67436991170437e-11,Bin,12.3,12.4
HHS Region 4,2 wk ahead,percent,3.67436991170437e-11,Bin,12.4,12.5
HHS Region 4,2 wk ahead,percent,3.67436991170437e-11,Bin,12.5,12.6
HHS Region 4,2 wk ahead,percent,3.67436991170437e-11,Bin,12.6,12.7
HHS Region 4,2 wk ahead,percent,3.67436991170437e-11,Bin,12.7,12.8
HHS Region 4,2 wk ahead,percent,3.67436991170437e-11,Bin,12.8,12.9
HHS Region 4,2 wk ahead,percent,3.67436991170437e-11,Bin,12.9,13.0
HHS Region 4,2 wk ahead,percent,3.67436991170437e-11,Bin,13.0,100.0
HHS Region 4,3 wk ahead,percent,2.21387956560195e-10,Bin,0.0,0.1
HHS Region 4,3 wk ahead,percent,1.15517580610137e-09,Bin,0.1,0.2
HHS Region 4,3 wk ahead,percent,2.79860824457466e-09,Bin,0.2,0.3
HHS Region 4,3 wk ahead,percent,5.01184688472517e-09,Bin,0.3,0.4
HHS Region 4,3 wk ahead,percent,7.24103613384355e-09,Bin,0.4,0.5
HHS Region 4,3 wk ahead,percent,8.78908698416795e-09,Bin,0.5,0.6
HHS Region 4,3 wk ahead,percent,9.45050537803885e-09,Bin,0.6,0.7
HHS Region 4,3 wk ahead,percent,0.00200001033014189,Bin,0.7,0.8
HHS Region 4,3 wk ahead,percent,0.00200001349557018,Bin,0.8,0.9
HHS Region 4,3 wk ahead,percent,0.00200001786600833,Bin,0.9,1.0
HHS Region 4,3 wk ahead,percent,0.00800002108019901,Bin,1.0,1.1
HHS Region 4,3 wk ahead,percent,0.010000022866203,Bin,1.1,1.2
HHS Region 4,3 wk ahead,percent,0.00800002049644219,Bin,1.2,1.3
HHS Region 4,3 wk ahead,percent,0.0280000101742881,Bin,1.3,1.4
HHS Region 4,3 wk ahead,percent,0.0300000033770951,Bin,1.4,1.5
HHS Region 4,3 wk ahead,percent,0.0399999973389861,Bin,1.5,1.6
HHS Region 4,3 wk ahead,percent,0.0559999918711471,Bin,1.6,1.7
HHS Region 4,3 wk ahead,percent,0.0859999849985211,Bin,1.7,1.8
HHS Region 4,3 wk ahead,percent,0.0799999855465626,Bin,1.8,1.9
HHS Region 4,3 wk ahead,percent,0.103999981040611,Bin,1.9,2.0
HHS Region 4,3 wk ahead,percent,0.0859999843271998,Bin,2.0,2.1
HHS Region 4,3 wk ahead,percent,0.0619999887116426,Bin,2.1,2.2
HHS Region 4,3 wk ahead,percent,0.0639999883462723,Bin,2.2,2.3
HHS Region 4,3 wk ahead,percent,0.0499999909038639,Bin,2.3,2.4
HHS Region 4,3 wk ahead,percent,0.057999989442383,Bin,2.4,2.5
HHS Region 4,3 wk ahead,percent,0.0459999916346044,Bin,2.5,2.6
HHS Region 4,3 wk ahead,percent,0.0239999956536769,Bin,2.6,2.7
HHS Region 4,3 wk ahead,percent,0.0239999956536769,Bin,2.7,2.8
HHS Region 4,3 wk ahead,percent,0.0299999945575662,Bin,2.8,2.9
HHS Region 4,3 wk ahead,percent,0.0199999963844173,Bin,2.9,3.0
HHS Region 4,3 wk ahead,percent,0.0159999971151578,Bin,3.0,3.1
HHS Region 4,3 wk ahead,percent,0.0179999967497876,Bin,3.1,3.2
HHS Region 4,3 wk ahead,percent,0.00399999930737917,Bin,3.2,3.3
HHS Region 4,3 wk ahead,percent,0.0119999978458983,Bin,3.3,3.4
HHS Region 4,3 wk ahead,percent,0.00599999894200894,Bin,3.4,3.5
HHS Region 4,3 wk ahead,percent,0.00799999857663871,Bin,3.5,3.6
HHS Region 4,3 wk ahead,percent,0.00399999930737917,Bin,3.6,3.7
HHS Region 4,3 wk ahead,percent,3.81196221892669e-11,Bin,3.7,3.8
HHS Region 4,3 wk ahead,percent,0.00199999967274939,Bin,3.8,3.9
HHS Region 4,3 wk ahead,percent,0.00399999930737917,Bin,3.9,4.0
HHS Region 4,3 wk ahead,percent,0.00199999967274939,Bin,4.0,4.1
HHS Region 4,3 wk ahead,percent,3.81196221892669e-11,Bin,4.1,4.2
HHS Region 4,3 wk ahead,percent,3.81196221892669e-11,Bin,4.2,4.3
HHS Region 4,3 wk ahead,percent,3.81196221892669e-11,Bin,4.3,4.4
HHS Region 4,3 wk ahead,percent,3.81196221892669e-11,Bin,4.4,4.5
HHS Region 4,3 wk ahead,percent,3.81196221892669e-11,Bin,4.5,4.6
HHS Region 4,3 wk ahead,percent,3.81196221892669e-11,Bin,4.6,4.7
HHS Region 4,3 wk ahead,percent,3.81196221892669e-11,Bin,4.7,4.8
HHS Region 4,3 wk ahead,percent,3.81196221892669e-11,Bin,4.8,4.9
HHS Region 4,3 wk ahead,percent,3.81196221892669e-11,Bin,4.9,5.0
HHS Region 4,3 wk ahead,percent,3.81196221892669e-11,Bin,5.0,5.1
HHS Region 4,3 wk ahead,percent,3.81196221892669e-11,Bin,5.1,5.2
HHS Region 4,3 wk ahead,percent,0.00199999967274939,Bin,5.2,5.3
HHS Region 4,3 wk ahead,percent,3.81196221892669e-11,Bin,5.3,5.4
HHS Region 4,3 wk ahead,percent,3.81196221892669e-11,Bin,5.4,5.5
HHS Region 4,3 wk ahead,percent,3.81196221892669e-11,Bin,5.5,5.6
HHS Region 4,3 wk ahead,percent,3.81196221892669e-11,Bin,5.6,5.7
HHS Region 4,3 wk ahead,percent,3.81196221892669e-11,Bin,5.7,5.8
HHS Region 4,3 wk ahead,percent,3.81196221892669e-11,Bin,5.8,5.9
HHS Region 4,3 wk ahead,percent,0.00199999967274939,Bin,5.9,6.0
HHS Region 4,3 wk ahead,percent,3.81196221892669e-11,Bin,6.0,6.1
HHS Region 4,3 wk ahead,percent,3.81196221892669e-11,Bin,6.1,6.2
HHS Region 4,3 wk ahead,percent,3.81196221892669e-11,Bin,6.2,6.3
HHS Region 4,3 wk ahead,percent,3.81196221892669e-11,Bin,6.3,6.4
HHS Region 4,3 wk ahead,percent,3.81196221892669e-11,Bin,6.4,6.5
HHS Region 4,3 wk ahead,percent,3.81196221892669e-11,Bin,6.5,6.6
HHS Region 4,3 wk ahead,percent,3.81196221892669e-11,Bin,6.6,6.7
HHS Region 4,3 wk ahead,percent,3.81196221892669e-11,Bin,6.7,6.8
HHS Region 4,3 wk ahead,percent,3.81196221892669e-11,Bin,6.8,6.9
HHS Region 4,3 wk ahead,percent,3.81196221892669e-11,Bin,6.9,7.0
HHS Region 4,3 wk ahead,percent,3.81196221892669e-11,Bin,7.0,7.1
HHS Region 4,3 wk ahead,percent,3.81196221892669e-11,Bin,7.1,7.2
HHS Region 4,3 wk ahead,percent,3.81196221892669e-11,Bin,7.2,7.3
HHS Region 4,3 wk ahead,percent,3.81196221892669e-11,Bin,7.3,7.4
HHS Region 4,3 wk ahead,percent,3.81196221892669e-11,Bin,7.4,7.5
HHS Region 4,3 wk ahead,percent,3.81196221892669e-11,Bin,7.5,7.6
HHS Region 4,3 wk ahead,percent,3.81196221892669e-11,Bin,7.6,7.7
HHS Region 4,3 wk ahead,percent,3.81196221892669e-11,Bin,7.7,7.8
HHS Region 4,3 wk ahead,percent,3.81196221892669e-11,Bin,7.8,7.9
HHS Region 4,3 wk ahead,percent,3.81196221892669e-11,Bin,7.9,8.0
HHS Region 4,3 wk ahead,percent,3.81196221892673e-11,Bin,8.0,8.1
HHS Region 4,3 wk ahead,percent,3.81196221892676e-11,Bin,8.1,8.2
HHS Region 4,3 wk ahead,percent,3.81196221892676e-11,Bin,8.2,8.3
HHS Region 4,3 wk ahead,percent,3.81196221892676e-11,Bin,8.3,8.4
HHS Region 4,3 wk ahead,percent,3.81196221892676e-11,Bin,8.4,8.5
HHS Region 4,3 wk ahead,percent,3.81196221892676e-11,Bin,8.5,8.6
HHS Region 4,3 wk ahead,percent,3.81196221892676e-11,Bin,8.6,8.7
HHS Region 4,3 wk ahead,percent,3.81196221892676e-11,Bin,8.7,8.8
HHS Region 4,3 wk ahead,percent,3.81196221892676e-11,Bin,8.8,8.9
HHS Region 4,3 wk ahead,percent,3.81196221892676e-11,Bin,8.9,9.0
HHS Region 4,3 wk ahead,percent,3.81196221892676e-11,Bin,9.0,9.1
HHS Region 4,3 wk ahead,percent,3.81196221892676e-11,Bin,9.1,9.2
HHS Region 4,3 wk ahead,percent,3.81196221892676e-11,Bin,9.2,9.3
HHS Region 4,3 wk ahead,percent,3.81196221892676e-11,Bin,9.3,9.4
HHS Region 4,3 wk ahead,percent,3.81196221892676e-11,Bin,9.4,9.5
HHS Region 4,3 wk ahead,percent,3.81196221892676e-11,Bin,9.5,9.6
HHS Region 4,3 wk ahead,percent,3.81196221892676e-11,Bin,9.6,9.7
HHS Region 4,3 wk ahead,percent,3.81196221892676e-11,Bin,9.7,9.8
HHS Region 4,3 wk ahead,percent,3.81196221892676e-11,Bin,9.8,9.9
HHS Region 4,3 wk ahead,percent,3.81196221892676e-11,Bin,9.9,10.0
HHS Region 4,3 wk ahead,percent,3.81196221892676e-11,Bin,10.0,10.1
HHS Region 4,3 wk ahead,percent,3.81196221892676e-11,Bin,10.1,10.2
HHS Region 4,3 wk ahead,percent,3.81196221892676e-11,Bin,10.2,10.3
HHS Region 4,3 wk ahead,percent,3.81196221892676e-11,Bin,10.3,10.4
HHS Region 4,3 wk ahead,percent,3.81196221892676e-11,Bin,10.4,10.5
HHS Region 4,3 wk ahead,percent,3.81196221892676e-11,Bin,10.5,10.6
HHS Region 4,3 wk ahead,percent,3.81196221892676e-11,Bin,10.6,10.7
HHS Region 4,3 wk ahead,percent,3.81196221892676e-11,Bin,10.7,10.8
HHS Region 4,3 wk ahead,percent,3.81196221892676e-11,Bin,10.8,10.9
HHS Region 4,3 wk ahead,percent,3.81196221892676e-11,Bin,10.9,11.0
HHS Region 4,3 wk ahead,percent,3.81196221892676e-11,Bin,11.0,11.1
HHS Region 4,3 wk ahead,percent,3.81196221892676e-11,Bin,11.1,11.2
HHS Region 4,3 wk ahead,percent,3.81196221892676e-11,Bin,11.2,11.3
HHS Region 4,3 wk ahead,percent,3.81196221892676e-11,Bin,11.3,11.4
HHS Region 4,3 wk ahead,percent,3.81196221892676e-11,Bin,11.4,11.5
HHS Region 4,3 wk ahead,percent,3.81196221892676e-11,Bin,11.5,11.6
HHS Region 4,3 wk ahead,percent,3.81196221892676e-11,Bin,11.6,11.7
HHS Region 4,3 wk ahead,percent,3.81196221892676e-11,Bin,11.7,11.8
HHS Region 4,3 wk ahead,percent,3.81196221892676e-11,Bin,11.8,11.9
HHS Region 4,3 wk ahead,percent,3.81196221892676e-11,Bin,11.9,12.0
HHS Region 4,3 wk ahead,percent,3.81196221892676e-11,Bin,12.0,12.1
HHS Region 4,3 wk ahead,percent,3.81196221892676e-11,Bin,12.1,12.2
HHS Region 4,3 wk ahead,percent,3.81196221892676e-11,Bin,12.2,12.3
HHS Region 4,3 wk ahead,percent,3.81196221892676e-11,Bin,12.3,12.4
HHS Region 4,3 wk ahead,percent,3.81196221892676e-11,Bin,12.4,12.5
HHS Region 4,3 wk ahead,percent,3.81196221892676e-11,Bin,12.5,12.6
HHS Region 4,3 wk ahead,percent,3.81196221892676e-11,Bin,12.6,12.7
HHS Region 4,3 wk ahead,percent,3.81196221892676e-11,Bin,12.7,12.8
HHS Region 4,3 wk ahead,percent,3.81196221892676e-11,Bin,12.8,12.9
HHS Region 4,3 wk ahead,percent,3.81196221892676e-11,Bin,12.9,13.0
HHS Region 4,3 wk ahead,percent,3.81196221892676e-11,Bin,13.0,100.0
HHS Region 4,4 wk ahead,percent,3.68265640416642e-10,Bin,0.0,0.1
HHS Region 4,4 wk ahead,percent,1.59317281224983e-09,Bin,0.1,0.2
HHS Region 4,4 wk ahead,percent,3.46504719335774e-09,Bin,0.2,0.3
HHS Region 4,4 wk ahead,percent,6.07101849588893e-09,Bin,0.3,0.4
HHS Region 4,4 wk ahead,percent,8.95488185797944e-09,Bin,0.4,0.5
HHS Region 4,4 wk ahead,percent,1.18801496516488e-08,Bin,0.5,0.6
HHS Region 4,4 wk ahead,percent,0.00200001475525961,Bin,0.6,0.7
HHS Region 4,4 wk ahead,percent,0.0020000182890133,Bin,0.7,0.8
HHS Region 4,4 wk ahead,percent,0.00800001995654716,Bin,0.8,0.9
HHS Region 4,4 wk ahead,percent,0.00600002097344986,Bin,0.9,1.0
HHS Region 4,4 wk ahead,percent,0.0180000168822055,Bin,1.0,1.1
HHS Region 4,4 wk ahead,percent,0.0180000131483894,Bin,1.1,1.2
HHS Region 4,4 wk ahead,percent,0.0360000056563126,Bin,1.2,1.3
HHS Region 4,4 wk ahead,percent,0.0440000005825263,Bin,1.3,1.4
HHS Region 4,4 wk ahead,percent,0.0679999933573475,Bin,1.4,1.5
HHS Region 4,4 wk ahead,percent,0.0699999907029464,Bin,1.5,1.6
HHS Region 4,4 wk ahead,percent,0.0919999849510789,Bin,1.6,1.7
HHS Region 4,4 wk ahead,percent,0.0819999857158362,Bin,1.7,1.8
HHS Region 4,4 wk ahead,percent,0.0839999848636889,Bin,1.8,1.9
HHS Region 4,4 wk ahead,percent,0.0579999894540548,Bin,1.9,2.0
HHS Region 4,4 wk ahead,percent,0.0559999898024721,Bin,2.0,2.1
HHS Region 4,4 wk ahead,percent,0.0579999894371019,Bin,2.1,2.2
HHS Region 4,4 wk ahead,percent,0.065999987975621,Bin,2.2,2.3
HHS Region 4,4 wk ahead,percent,0.0379999930908042,Bin,2.3,2.4
HHS Region 4,4 wk ahead,percent,0.0359999934561744,Bin,2.4,2.5
HHS Region 4,4 wk ahead,percent,0.0319999941869149,Bin,2.5,2.6
HHS Region 4,4 wk ahead,percent,0.0199999963791362,Bin,2.6,2.7
HHS Region 4,4 wk ahead,percent,0.00999999820598737,Bin,2.7,2.8
HHS Region 4,4 wk ahead,percent,0.0199999963791362,Bin,2.8,2.9
HHS Region 4,4 wk ahead,percent,0.0179999967445065,Bin,2.9,3.0
HHS Region 4,4 wk ahead,percent,0.00599999893672782,Bin,3.0,3.1
HHS Region 4,4 wk ahead,percent,0.00999999820598737,Bin,3.1,3.2
HHS Region 4,4 wk ahead,percent,0.0119999978406171,Bin,3.2,3.3
HHS Region 4,4 wk ahead,percent,3.28385083644318e-11,Bin,3.3,3.4
HHS Region 4,4 wk ahead,percent,0.00399999930209805,Bin,3.4,3.5
HHS Region 4,4 wk ahead,percent,3.28385083644318e-11,Bin,3.5,3.6
HHS Region 4,4 wk ahead,percent,0.0079999985713576,Bin,3.6,3.7
HHS Region 4,4 wk ahead,percent,0.00199999966746828,Bin,3.7,3.8
HHS Region 4,4 wk ahead,percent,3.28385083644318e-11,Bin,3.8,3.9
HHS Region 4,4 wk ahead,percent,0.00199999966746828,Bin,3.9,4.0
HHS Region 4,4 wk ahead,percent,0.00399999930209805,Bin,4.0,4.1
HHS Region 4,4 wk ahead,percent,3.28385083644318e-11,Bin,4.1,4.2
HHS Region 4,4 wk ahead,percent,0.00199999966746828,Bin,4.2,4.3
HHS Region 4,4 wk ahead,percent,3.28385083644318e-11,Bin,4.3,4.4
HHS Region 4,4 wk ahead,percent,3.28385083644318e-11,Bin,4.4,4.5
HHS Region 4,4 wk ahead,percent,3.28385083644318e-11,Bin,4.5,4.6
HHS Region 4,4 wk ahead,percent,3.28385083644318e-11,Bin,4.6,4.7
HHS Region 4,4 wk ahead,percent,0.00199999966746828,Bin,4.7,4.8
HHS Region 4,4 wk ahead,percent,3.28385083644318e-11,Bin,4.8,4.9
HHS Region 4,4 wk ahead,percent,3.28385083644318e-11,Bin,4.9,5.0
HHS Region 4,4 wk ahead,percent,3.28385083644318e-11,Bin,5.0,5.1
HHS Region 4,4 wk ahead,percent,3.28385083644318e-11,Bin,5.1,5.2
HHS Region 4,4 wk ahead,percent,3.28385083644318e-11,Bin,5.2,5.3
HHS Region 4,4 wk ahead,percent,0.00199999966746828,Bin,5.3,5.4
HHS Region 4,4 wk ahead,percent,3.28385083644318e-11,Bin,5.4,5.5
HHS Region 4,4 wk ahead,percent,3.28385083644318e-11,Bin,5.5,5.6
HHS Region 4,4 wk ahead,percent,0.00199999966746828,Bin,5.6,5.7
HHS Region 4,4 wk ahead,percent,0.00199999966746828,Bin,5.7,5.8
HHS Region 4,4 wk ahead,percent,3.28385083644318e-11,Bin,5.8,5.9
HHS Region 4,4 wk ahead,percent,3.28385083644318e-11,Bin,5.9,6.0
HHS Region 4,4 wk ahead,percent,3.28385083644318e-11,Bin,6.0,6.1
HHS Region 4,4 wk ahead,percent,3.28385083644318e-11,Bin,6.1,6.2
HHS Region 4,4 wk ahead,percent,3.28385083644318e-11,Bin,6.2,6.3
HHS Region 4,4 wk ahead,percent,3.28385083644318e-11,Bin,6.3,6.4
HHS Region 4,4 wk ahead,percent,3.28385083644318e-11,Bin,6.4,6.5
HHS Region 4,4 wk ahead,percent,3.28385083644318e-11,Bin,6.5,6.6
HHS Region 4,4 wk ahead,percent,3.28385083644318e-11,Bin,6.6,6.7
HHS Region 4,4 wk ahead,percent,3.28385083644318e-11,Bin,6.7,6.8
HHS Region 4,4 wk ahead,percent,3.28385083644318e-11,Bin,6.8,6.9
HHS Region 4,4 wk ahead,percent,3.28385083644318e-11,Bin,6.9,7.0
HHS Region 4,4 wk ahead,percent,3.28385083644318e-11,Bin,7.0,7.1
HHS Region 4,4 wk ahead,percent,3.28385083644318e-11,Bin,7.1,7.2
HHS Region 4,4 wk ahead,percent,3.28385083644318e-11,Bin,7.2,7.3
HHS Region 4,4 wk ahead,percent,3.28385083644318e-11,Bin,7.3,7.4
HHS Region 4,4 wk ahead,percent,3.28385083644318e-11,Bin,7.4,7.5
HHS Region 4,4 wk ahead,percent,3.28385083644318e-11,Bin,7.5,7.6
HHS Region 4,4 wk ahead,percent,3.28385083644318e-11,Bin,7.6,7.7
HHS Region 4,4 wk ahead,percent,3.28385083644318e-11,Bin,7.7,7.8
HHS Region 4,4 wk ahead,percent,3.28385083644318e-11,Bin,7.8,7.9
HHS Region 4,4 wk ahead,percent,3.28385083644318e-11,Bin,7.9,8.0
HHS Region 4,4 wk ahead,percent,3.28385083644321e-11,Bin,8.0,8.1
HHS Region 4,4 wk ahead,percent,3.28385083644324e-11,Bin,8.1,8.2
HHS Region 4,4 wk ahead,percent,3.28385083644324e-11,Bin,8.2,8.3
HHS Region 4,4 wk ahead,percent,3.28385083644324e-11,Bin,8.3,8.4
HHS Region 4,4 wk ahead,percent,3.28385083644324e-11,Bin,8.4,8.5
HHS Region 4,4 wk ahead,percent,3.28385083644324e-11,Bin,8.5,8.6
HHS Region 4,4 wk ahead,percent,3.28385083644324e-11,Bin,8.6,8.7
HHS Region 4,4 wk ahead,percent,3.28385083644324e-11,Bin,8.7,8.8
HHS Region 4,4 wk ahead,percent,3.28385083644324e-11,Bin,8.8,8.9
HHS Region 4,4 wk ahead,percent,3.28385083644324e-11,Bin,8.9,9.0
HHS Region 4,4 wk ahead,percent,3.28385083644324e-11,Bin,9.0,9.1
HHS Region 4,4 wk ahead,percent,3.28385083644324e-11,Bin,9.1,9.2
HHS Region 4,4 wk ahead,percent,3.28385083644324e-11,Bin,9.2,9.3
HHS Region 4,4 wk ahead,percent,3.28385083644324e-11,Bin,9.3,9.4
HHS Region 4,4 wk ahead,percent,3.28385083644324e-11,Bin,9.4,9.5
HHS Region 4,4 wk ahead,percent,3.28385083644324e-11,Bin,9.5,9.6
HHS Region 4,4 wk ahead,percent,3.28385083644324e-11,Bin,9.6,9.7
HHS Region 4,4 wk ahead,percent,3.28385083644324e-11,Bin,9.7,9.8
HHS Region 4,4 wk ahead,percent,3.28385083644324e-11,Bin,9.8,9.9
HHS Region 4,4 wk ahead,percent,3.28385083644324e-11,Bin,9.9,10.0
HHS Region 4,4 wk ahead,percent,3.28385083644324e-11,Bin,10.0,10.1
HHS Region 4,4 wk ahead,percent,3.28385083644324e-11,Bin,10.1,10.2
HHS Region 4,4 wk ahead,percent,3.28385083644324e-11,Bin,10.2,10.3
HHS Region 4,4 wk ahead,percent,3.28385083644324e-11,Bin,10.3,10.4
HHS Region 4,4 wk ahead,percent,3.28385083644324e-11,Bin,10.4,10.5
HHS Region 4,4 wk ahead,percent,3.28385083644324e-11,Bin,10.5,10.6
HHS Region 4,4 wk ahead,percent,3.28385083644324e-11,Bin,10.6,10.7
HHS Region 4,4 wk ahead,percent,3.28385083644324e-11,Bin,10.7,10.8
HHS Region 4,4 wk ahead,percent,3.28385083644324e-11,Bin,10.8,10.9
HHS Region 4,4 wk ahead,percent,3.28385083644324e-11,Bin,10.9,11.0
HHS Region 4,4 wk ahead,percent,3.28385083644324e-11,Bin,11.0,11.1
HHS Region 4,4 wk ahead,percent,3.28385083644324e-11,Bin,11.1,11.2
HHS Region 4,4 wk ahead,percent,3.28385083644324e-11,Bin,11.2,11.3
HHS Region 4,4 wk ahead,percent,3.28385083644324e-11,Bin,11.3,11.4
HHS Region 4,4 wk ahead,percent,3.28385083644324e-11,Bin,11.4,11.5
HHS Region 4,4 wk ahead,percent,3.28385083644324e-11,Bin,11.5,11.6
HHS Region 4,4 wk ahead,percent,3.28385083644324e-11,Bin,11.6,11.7
HHS Region 4,4 wk ahead,percent,3.28385083644324e-11,Bin,11.7,11.8
HHS Region 4,4 wk ahead,percent,3.28385083644324e-11,Bin,11.8,11.9
HHS Region 4,4 wk ahead,percent,3.28385083644324e-11,Bin,11.9,12.0
HHS Region 4,4 wk ahead,percent,3.28385083644324e-11,Bin,12.0,12.1
HHS Region 4,4 wk ahead,percent,3.28385083644324e-11,Bin,12.1,12.2
HHS Region 4,4 wk ahead,percent,3.28385083644324e-11,Bin,12.2,12.3
HHS Region 4,4 wk ahead,percent,3.28385083644324e-11,Bin,12.3,12.4
HHS Region 4,4 wk ahead,percent,3.28385083644324e-11,Bin,12.4,12.5
HHS Region 4,4 wk ahead,percent,3.28385083644324e-11,Bin,12.5,12.6
HHS Region 4,4 wk ahead,percent,3.28385083644324e-11,Bin,12.6,12.7
HHS Region 4,4 wk ahead,percent,3.28385083644324e-11,Bin,12.7,12.8
HHS Region 4,4 wk ahead,percent,3.28385083644324e-11,Bin,12.8,12.9
HHS Region 4,4 wk ahead,percent,3.28385083644324e-11,Bin,12.9,13.0
HHS Region 4,4 wk ahead,percent,3.28385083644324e-11,Bin,13.0,100.0
HHS Region 5,Season onset,week,9.30512196419858e-06,Bin,40.0,41.0
HHS Region 5,Season onset,week,9.30512196419858e-06,Bin,41.0,42.0
HHS Region 5,Season onset,week,9.67306000706799e-06,Bin,42.0,43.0
HHS Region 5,Season onset,week,3.75870750232103e-05,Bin,43.0,44.0
HHS Region 5,Season onset,week,0.000172836498225975,Bin,44.0,45.0
HHS Region 5,Season onset,week,0.000568343388934226,Bin,45.0,46.0
HHS Region 5,Season onset,week,0.0013666295765969,Bin,46.0,47.0
HHS Region 5,Season onset,week,0.00246479976988362,Bin,47.0,48.0
HHS Region 5,Season onset,week,0.00341428496386153,Bin,48.0,49.0
HHS Region 5,Season onset,week,0.00368198164957407,Bin,49.0,50.0
HHS Region 5,Season onset,week,0.0030959835731767,Bin,50.0,51.0
HHS Region 5,Season onset,week,0.00208380944373765,Bin,51.0,52.0
HHS Region 5,Season onset,week,0.00139721321497352,Bin,52.0,53.0
HHS Region 5,Season onset,week,0.00148766869166237,Bin,1.0,2.0
HHS Region 5,Season onset,week,0.00216961151151954,Bin,2.0,3.0
HHS Region 5,Season onset,week,0.00286342067751218,Bin,3.0,4.0
HHS Region 5,Season onset,week,0.00312899715309531,Bin,4.0,5.0
HHS Region 5,Season onset,week,0.00295866377415599,Bin,5.0,6.0
HHS Region 5,Season onset,week,0.00254855497827989,Bin,6.0,7.0
HHS Region 5,Season onset,week,0.963735767219765,Bin,7.0,8.0
HHS Region 5,Season onset,week,0.00139396918782073,Bin,8.0,9.0
HHS Region 5,Season onset,week,0.000811056628817141,Bin,9.0,10.0
HHS Region 5,Season onset,week,0.000371008080875449,Bin,10.0,11.0
HHS Region 5,Season onset,week,0.000125524239501797,Bin,11.0,12.0
HHS Region 5,Season onset,week,3.00518389590221e-05,Bin,12.0,13.0
HHS Region 5,Season onset,week,8.25798315002049e-06,Bin,13.0,14.0
HHS Region 5,Season onset,week,7.95651099476052e-06,Bin,14.0,15.0
HHS Region 5,Season onset,week,7.95651099476052e-06,Bin,15.0,16.0
HHS Region 5,Season onset,week,7.95651099476052e-06,Bin,16.0,17.0
HHS Region 5,Season onset,week,7.95651099476052e-06,Bin,17.0,18.0
HHS Region 5,Season onset,week,7.95651099476052e-06,Bin,18.0,19.0
HHS Region 5,Season onset,week,7.95651099476052e-06,Bin,19.0,20.0
HHS Region 5,Season onset,week,7.95651099476052e-06,Bin,20.0,21.0
HHS Region 5,Season onset,week,0,Bin,none,none
HHS Region 5,Season peak week,week,4.48812155640552e-05,Bin,40.0,41.0
HHS Region 5,Season peak week,week,4.48812155640552e-05,Bin,41.0,42.0
HHS Region 5,Season peak week,week,4.48812155640552e-05,Bin,42.0,43.0
HHS Region 5,Season peak week,week,4.48812155640552e-05,Bin,43.0,44.0
HHS Region 5,Season peak week,week,4.48812155640552e-05,Bin,44.0,45.0
HHS Region 5,Season peak week,week,4.48812155640552e-05,Bin,45.0,46.0
HHS Region 5,Season peak week,week,4.48812155640552e-05,Bin,46.0,47.0
HHS Region 5,Season peak week,week,4.48812155640552e-05,Bin,47.0,48.0
HHS Region 5,Season peak week,week,4.48812155640552e-05,Bin,48.0,49.0
HHS Region 5,Season peak week,week,0.000117770590568304,Bin,49.0,50.0
HHS Region 5,Season peak week,week,0.000812794902479753,Bin,50.0,51.0
HHS Region 5,Season peak week,week,0.00261527998541011,Bin,51.0,52.0
HHS Region 5,Season peak week,week,0.00385887254627712,Bin,52.0,53.0
HHS Region 5,Season peak week,week,0.00262076851832076,Bin,1.0,2.0
HHS Region 5,Season peak week,week,0.000899413759731889,Bin,2.0,3.0
HHS Region 5,Season peak week,week,0.00075196514281668,Bin,3.0,4.0
HHS Region 5,Season peak week,week,0.00227854167871977,Bin,4.0,5.0
HHS Region 5,Season peak week,week,0.00435413935971677,Bin,5.0,6.0
HHS Region 5,Season peak week,week,0.00541831166109979,Bin,6.0,7.0
HHS Region 5,Season peak week,week,0.00503135949782094,Bin,7.0,8.0
HHS Region 5,Season peak week,week,0.0033400672114334,Bin,8.0,9.0
HHS Region 5,Season peak week,week,0.00187476621090145,Bin,9.0,10.0
HHS Region 5,Season peak week,week,0.961365245571577,Bin,10.0,11.0
HHS Region 5,Season peak week,week,0.0013499297354866,Bin,11.0,12.0
HHS Region 5,Season peak week,week,0.000707034890427371,Bin,12.0,13.0
HHS Region 5,Season peak week,week,0.000192039960717846,Bin,13.0,14.0
HHS Region 5,Season peak week,week,0.00194945136837656,Bin,14.0,15.0
HHS Region 5,Season peak week,week,9.71941134025691e-06,Bin,15.0,16.0
HHS Region 5,Season peak week,week,9.71941134025691e-06,Bin,16.0,17.0
HHS Region 5,Season peak week,week,9.71941134025691e-06,Bin,17.0,18.0
HHS Region 5,Season peak week,week,9.71941134025691e-06,Bin,18.0,19.0
HHS Region 5,Season peak week,week,9.71941134025691e-06,Bin,19.0,20.0
HHS Region 5,Season peak week,week,9.71941134025691e-06,Bin,20.0,21.0
HHS Region 5,Season peak percentage,percent,1.39512366818928e-06,Bin,0.0,0.1
HHS Region 5,Season peak percentage,percent,2.79024733637857e-06,Bin,0.1,0.2
HHS Region 5,Season peak percentage,percent,2.79024733637857e-06,Bin,0.2,0.3
HHS Region 5,Season peak percentage,percent,2.79024733637857e-06,Bin,0.3,0.4
HHS Region 5,Season peak percentage,percent,2.79024733637857e-06,Bin,0.4,0.5
HHS Region 5,Season peak percentage,percent,2.79024733637857e-06,Bin,0.5,0.6
HHS Region 5,Season peak percentage,percent,2.79024733637857e-06,Bin,0.6,0.7
HHS Region 5,Season peak percentage,percent,2.79024733637857e-06,Bin,0.7,0.8
HHS Region 5,Season peak percentage,percent,2.79024733637857e-06,Bin,0.8,0.9
HHS Region 5,Season peak percentage,percent,2.79024733637857e-06,Bin,0.9,1.0
HHS Region 5,Season peak percentage,percent,2.79024733637857e-06,Bin,1.0,1.1
HHS Region 5,Season peak percentage,percent,2.79024733637857e-06,Bin,1.1,1.2
HHS Region 5,Season peak percentage,percent,2.79024733637857e-06,Bin,1.2,1.3
HHS Region 5,Season peak percentage,percent,3.34851415101466e-06,Bin,1.3,1.4
HHS Region 5,Season peak percentage,percent,6.844151349387e-06,Bin,1.4,1.5
HHS Region 5,Season peak percentage,percent,1.35143048496946e-05,Bin,1.5,1.6
HHS Region 5,Season peak percentage,percent,2.48546467920454e-05,Bin,1.6,1.7
HHS Region 5,Season peak percentage,percent,4.25667188195277e-05,Bin,1.7,1.8
HHS Region 5,Season peak percentage,percent,6.78822881981096e-05,Bin,1.8,1.9
HHS Region 5,Season peak percentage,percent,0.000100885133731931,Bin,1.9,2.0
HHS Region 5,Season peak percentage,percent,0.000139922731684179,Bin,2.0,2.1
HHS Region 5,Season peak percentage,percent,0.00018154914226435,Bin,2.1,2.2
HHS Region 5,Season peak percentage,percent,0.000221543354232972,Bin,2.2,2.3
HHS Region 5,Season peak percentage,percent,0.000256916269568817,Bin,2.3,2.4
HHS Region 5,Season peak percentage,percent,0.000288578705092952,Bin,2.4,2.5
HHS Region 5,Season peak percentage,percent,0.000323768950670403,Bin,2.5,2.6
HHS Region 5,Season peak percentage,percent,0.000376864647956622,Bin,2.6,2.7
HHS Region 5,Season peak percentage,percent,0.000467734128315767,Bin,2.7,2.8
HHS Region 5,Season peak percentage,percent,0.000617062076788621,Bin,2.8,2.9
HHS Region 5,Season peak percentage,percent,0.000839197160842353,Bin,2.9,3.0
HHS Region 5,Season peak percentage,percent,0.00113436254843576,Bin,3.0,3.1
HHS Region 5,Season peak percentage,percent,0.00148330695550228,Bin,3.1,3.2
HHS Region 5,Season peak percentage,percent,0.001846737852817,Bin,3.2,3.3
HHS Region 5,Season peak percentage,percent,0.00217135232252244,Bin,3.3,3.4
HHS Region 5,Season peak percentage,percent,0.962207925481598,Bin,3.4,3.5
HHS Region 5,Season peak percentage,percent,0.0024978760848131,Bin,3.5,3.6
HHS Region 5,Season peak percentage,percent,0.00243963615769739,Bin,3.6,3.7
HHS Region 5,Season peak percentage,percent,0.00223895833244812,Bin,3.7,3.8
HHS Region 5,Season peak percentage,percent,0.00385528917318716,Bin,3.8,3.9
HHS Region 5,Season peak percentage,percent,0.00156778648949872,Bin,3.9,4.0
HHS Region 5,Season peak percentage,percent,0.00119737576996825,Bin,4.0,4.1
HHS Region 5,Season peak percentage,percent,0.000861067889141751,Bin,4.1,4.2
HHS Region 5,Season peak percentage,percent,0.000583432038386536,Bin,4.2,4.3
HHS Region 5,Season peak percentage,percent,0.000373176278180502,Bin,4.3,4.4
HHS Region 5,Season peak percentage,percent,0.000227012114336937,Bin,4.4,4.5
HHS Region 5,Season peak percentage,percent,0.000134714177871654,Bin,4.5,4.6
HHS Region 5,Season peak percentage,percent,8.45964565548809e-05,Bin,4.6,4.7
HHS Region 5,Season peak percentage,percent,6.67929529243458e-05,Bin,4.7,4.8
HHS Region 5,Season peak percentage,percent,7.46575324304892e-05,Bin,4.8,4.9
HHS Region 5,Season peak percentage,percent,0.000104456977249685,Bin,4.9,5.0
HHS Region 5,Season peak percentage,percent,0.000153962986216711,Bin,5.0,5.1
HHS Region 5,Season peak percentage,percent,0.000220572362472442,Bin,5.1,5.2
HHS Region 5,Season peak percentage,percent,0.000299693428513821,Bin,5.2,5.3
HHS Region 5,Season peak percentage,percent,0.000384092802639398,Bin,5.3,5.4
HHS Region 5,Season peak percentage,percent,0.000464644263710205,Bin,5.4,5.5
HHS Region 5,Season peak percentage,percent,0.00053210078755298,Bin,5.5,5.6
HHS Region 5,Season peak percentage,percent,0.000579270042643866,Bin,5.6,5.7
HHS Region 5,Season peak percentage,percent,0.000602835195661633,Bin,5.7,5.8
HHS Region 5,Season peak percentage,percent,0.000603833466003338,Bin,5.8,5.9
HHS Region 5,Season peak percentage,percent,0.000586749474112623,Bin,5.9,6.0
HHS Region 5,Season peak percentage,percent,0.00055781390941651,Bin,6.0,6.1
HHS Region 5,Season peak percentage,percent,0.000523066315556249,Bin,6.1,6.2
HHS Region 5,Season peak percentage,percent,0.000486771142988839,Bin,6.2,6.3
HHS Region 5,Season peak percentage,percent,0.000450763133002104,Bin,6.3,6.4
HHS Region 5,Season peak percentage,percent,0.000414625266934139,Bin,6.4,6.5
HHS Region 5,Season peak percentage,percent,0.000376580479209384,Bin,6.5,6.6
HHS Region 5,Season peak percentage,percent,0.000334781450993264,Bin,6.6,6.7
HHS Region 5,Season peak percentage,percent,0.000288488748171368,Bin,6.7,6.8
HHS Region 5,Season peak percentage,percent,0.000238746295922265,Bin,6.8,6.9
HHS Region 5,Season peak percentage,percent,0.000188261434745028,Bin,6.9,7.0
HHS Region 5,Season peak percentage,percent,0.000140556035806576,Bin,7.0,7.1
HHS Region 5,Season peak percentage,percent,9.88802946466318e-05,Bin,7.1,7.2
HHS Region 5,Season peak percentage,percent,6.5320766446778e-05,Bin,7.2,7.3
HHS Region 5,Season peak percentage,percent,4.04138571295784e-05,Bin,7.3,7.4
HHS Region 5,Season peak percentage,percent,2.33716317051475e-05,Bin,7.4,7.5
HHS Region 5,Season peak percentage,percent,1.26193636282796e-05,Bin,7.5,7.6
HHS Region 5,Season peak percentage,percent,6.35764426709648e-06,Bin,7.6,7.7
HHS Region 5,Season peak percentage,percent,2.98571240300918e-06,Bin,7.7,7.8
HHS Region 5,Season peak percentage,percent,1.30621470516086e-06,Bin,7.8,7.9
HHS Region 5,Season peak percentage,percent,5.32608359744889e-07,Bin,7.9,8.0
HHS Region 5,Season peak percentage,percent,2.0414337098056e-07,Bin,8.0,8.1
HHS Region 5,Season peak percentage,percent,7.86325024555968e-08,Bin,8.1,8.2
HHS Region 5,Season peak percentage,percent,4.69348373530561e-08,Bin,8.2,8.3
HHS Region 5,Season peak percentage,percent,7.82993284873868e-08,Bin,8.3,8.4
HHS Region 5,Season peak percentage,percent,2.03169002782252e-07,Bin,8.4,8.5
HHS Region 5,Season peak percentage,percent,5.29844733947731e-07,Bin,8.5,8.6
HHS Region 5,Season peak percentage,percent,1.29561518472351e-06,Bin,8.6,8.7
HHS Region 5,Season peak percentage,percent,2.95229838118023e-06,Bin,8.7,8.8
HHS Region 5,Season peak percentage,percent,6.26662722044171e-06,Bin,8.8,8.9
HHS Region 5,Season peak percentage,percent,1.23781076820544e-05,Bin,8.9,9.0
HHS Region 5,Season peak percentage,percent,2.27525901047465e-05,Bin,9.0,9.1
HHS Region 5,Season peak percentage,percent,3.89400010057004e-05,Bin,9.1,9.2
HHS Region 5,Season peak percentage,percent,6.20394542505284e-05,Bin,9.2,9.3
HHS Region 5,Season peak percentage,percent,9.19991143500249e-05,Bin,9.3,9.4
HHS Region 5,Season peak percentage,percent,0.000126995165841957,Bin,9.4,9.5
HHS Region 5,Season peak percentage,percent,0.0001631896590187,Bin,9.5,9.6
HHS Region 5,Season peak percentage,percent,0.000195197701570724,Bin,9.6,9.7
HHS Region 5,Season peak percentage,percent,0.000217336218960424,Bin,9.7,9.8
HHS Region 5,Season peak percentage,percent,0.000225266934353902,Bin,9.8,9.9
HHS Region 5,Season peak percentage,percent,0.000217348185612699,Bin,9.9,10.0
HHS Region 5,Season peak percentage,percent,0.000195193851550681,Bin,10.0,10.1
HHS Region 5,Season peak percentage,percent,0.00016318614134234,Bin,10.1,10.2
HHS Region 5,Season peak percentage,percent,0.000126996985160715,Bin,10.2,10.3
HHS Region 5,Season peak percentage,percent,9.19951840136723e-05,Bin,10.3,10.4
HHS Region 5,Season peak percentage,percent,6.20398670560106e-05,Bin,10.4,10.5
HHS Region 5,Season peak percentage,percent,3.89453668497999e-05,Bin,10.5,10.6
HHS Region 5,Season peak percentage,percent,2.27520466680936e-05,Bin,10.6,10.7
HHS Region 5,Season peak percentage,percent,1.23741627281616e-05,Bin,10.7,10.8
HHS Region 5,Season peak percentage,percent,6.26749946862111e-06,Bin,10.8,10.9
HHS Region 5,Season peak percentage,percent,3.06656346332589e-06,Bin,10.9,11.0
HHS Region 5,Season peak percentage,percent,2.55532934484989e-06,Bin,11.0,11.1
HHS Region 5,Season peak percentage,percent,2.55532934484989e-06,Bin,11.1,11.2
HHS Region 5,Season peak percentage,percent,2.55532934484989e-06,Bin,11.2,11.3
HHS Region 5,Season peak percentage,percent,2.55532934484989e-06,Bin,11.3,11.4
HHS Region 5,Season peak percentage,percent,2.55532934484989e-06,Bin,11.4,11.5
HHS Region 5,Season peak percentage,percent,2.55532934484989e-06,Bin,11.5,11.6
HHS Region 5,Season peak percentage,percent,2.55532934484989e-06,Bin,11.6,11.7
HHS Region 5,Season peak percentage,percent,2.55532934484989e-06,Bin,11.7,11.8
HHS Region 5,Season peak percentage,percent,2.55532934484989e-06,Bin,11.8,11.9
HHS Region 5,Season peak percentage,percent,2.55532934484989e-06,Bin,11.9,12.0
HHS Region 5,Season peak percentage,percent,2.55532934484989e-06,Bin,12.0,12.1
HHS Region 5,Season peak percentage,percent,2.55532934484989e-06,Bin,12.1,12.2
HHS Region 5,Season peak percentage,percent,2.55532934484989e-06,Bin,12.2,12.3
HHS Region 5,Season peak percentage,percent,2.55532934484989e-06,Bin,12.3,12.4
HHS Region 5,Season peak percentage,percent,2.55532934484989e-06,Bin,12.4,12.5
HHS Region 5,Season peak percentage,percent,2.55532934484989e-06,Bin,12.5,12.6
HHS Region 5,Season peak percentage,percent,2.55532934484989e-06,Bin,12.6,12.7
HHS Region 5,Season peak percentage,percent,2.55532934484989e-06,Bin,12.7,12.8
HHS Region 5,Season peak percentage,percent,2.55532934484989e-06,Bin,12.8,12.9
HHS Region 5,Season peak percentage,percent,2.55532934484989e-06,Bin,12.9,13.0
HHS Region 5,Season peak percentage,percent,2.55532934484989e-06,Bin,13.0,100.0
HHS Region 5,1 wk ahead,percent,2.55984100911015e-11,Bin,0.0,0.1
HHS Region 5,1 wk ahead,percent,5.1196820182203e-11,Bin,0.1,0.2
HHS Region 5,1 wk ahead,percent,9.65307612583005e-11,Bin,0.2,0.3
HHS Region 5,1 wk ahead,percent,4.41735434393156e-10,Bin,0.3,0.4
HHS Region 5,1 wk ahead,percent,1.45170919654118e-09,Bin,0.4,0.5
HHS Region 5,1 wk ahead,percent,3.42213723944811e-09,Bin,0.5,0.6
HHS Region 5,1 wk ahead,percent,5.98339920006297e-09,Bin,0.6,0.7
HHS Region 5,1 wk ahead,percent,8.06862919619654e-09,Bin,0.7,0.8
HHS Region 5,1 wk ahead,percent,8.60662197517311e-09,Bin,0.8,0.9
HHS Region 5,1 wk ahead,percent,7.2525500085414e-09,Bin,0.9,1.0
HHS Region 5,1 wk ahead,percent,4.91708660198645e-09,Bin,1.0,1.1
HHS Region 5,1 wk ahead,percent,3.5027891247474e-09,Bin,1.1,1.2
HHS Region 5,1 wk ahead,percent,0.00200000429855444,Bin,1.2,1.3
HHS Region 5,1 wk ahead,percent,8.73905046929981e-09,Bin,1.3,1.4
HHS Region 5,1 wk ahead,percent,0.0100000123275201,Bin,1.4,1.5
HHS Region 5,1 wk ahead,percent,0.0400000105290897,Bin,1.5,1.6
HHS Region 5,1 wk ahead,percent,0.056000007488602,Bin,1.6,1.7
HHS Region 5,1 wk ahead,percent,0.0720000015285925,Bin,1.7,1.8
HHS Region 5,1 wk ahead,percent,0.113999990280902,Bin,1.8,1.9
HHS Region 5,1 wk ahead,percent,0.131999984601967,Bin,1.9,2.0
HHS Region 5,1 wk ahead,percent,0.223999966860724,Bin,2.0,2.1
HHS Region 5,1 wk ahead,percent,0.127999983870568,Bin,2.1,2.2
HHS Region 5,1 wk ahead,percent,0.0699999932255174,Bin,2.2,2.3
HHS Region 5,1 wk ahead,percent,0.0359999974959464,Bin,2.3,2.4
HHS Region 5,1 wk ahead,percent,0.0539999924916336,Bin,2.4,2.5
HHS Region 5,1 wk ahead,percent,0.0219999976672923,Bin,2.5,2.6
HHS Region 5,1 wk ahead,percent,0.0100000002009313,Bin,2.6,2.7
HHS Region 5,1 wk ahead,percent,0.0100000006905399,Bin,2.7,2.8
HHS Region 5,1 wk ahead,percent,2.32121712646627e-09,Bin,2.8,2.9
HHS Region 5,1 wk ahead,percent,0.00400000075499739,Bin,2.9,3.0
HHS Region 5,1 wk ahead,percent,0.00200000028797453,Bin,3.0,3.1
HHS Region 5,1 wk ahead,percent,1.97039105241289e-10,Bin,3.1,3.2
HHS Region 5,1 wk ahead,percent,0.0139999974862911,Bin,3.2,3.3
HHS Region 5,1 wk ahead,percent,2.89292292544739e-11,Bin,3.3,3.4
HHS Region 5,1 wk ahead,percent,2.89292292544739e-11,Bin,3.4,3.5
HHS Region 5,1 wk ahead,percent,2.89292292544739e-11,Bin,3.5,3.6
HHS Region 5,1 wk ahead,percent,2.89292292544739e-11,Bin,3.6,3.7
HHS Region 5,1 wk ahead,percent,2.89292292544739e-11,Bin,3.7,3.8
HHS Region 5,1 wk ahead,percent,2.89292292544739e-11,Bin,3.8,3.9
HHS Region 5,1 wk ahead,percent,2.89292292544739e-11,Bin,3.9,4.0
HHS Region 5,1 wk ahead,percent,2.89292292544739e-11,Bin,4.0,4.1
HHS Region 5,1 wk ahead,percent,2.89292292544739e-11,Bin,4.1,4.2
HHS Region 5,1 wk ahead,percent,2.89292292544739e-11,Bin,4.2,4.3
HHS Region 5,1 wk ahead,percent,2.89292292544739e-11,Bin,4.3,4.4
HHS Region 5,1 wk ahead,percent,2.89292292544739e-11,Bin,4.4,4.5
HHS Region 5,1 wk ahead,percent,2.89292292544739e-11,Bin,4.5,4.6
HHS Region 5,1 wk ahead,percent,2.89292292544739e-11,Bin,4.6,4.7
HHS Region 5,1 wk ahead,percent,2.89292292544739e-11,Bin,4.7,4.8
HHS Region 5,1 wk ahead,percent,2.89292292544739e-11,Bin,4.8,4.9
HHS Region 5,1 wk ahead,percent,2.89292292544739e-11,Bin,4.9,5.0
HHS Region 5,1 wk ahead,percent,2.89292292544739e-11,Bin,5.0,5.1
HHS Region 5,1 wk ahead,percent,2.89292292544739e-11,Bin,5.1,5.2
HHS Region 5,1 wk ahead,percent,2.89292292544739e-11,Bin,5.2,5.3
HHS Region 5,1 wk ahead,percent,2.89292292544739e-11,Bin,5.3,5.4
HHS Region 5,1 wk ahead,percent,2.89292292544739e-11,Bin,5.4,5.5
HHS Region 5,1 wk ahead,percent,2.89292292544739e-11,Bin,5.5,5.6
HHS Region 5,1 wk ahead,percent,2.89292292544739e-11,Bin,5.6,5.7
HHS Region 5,1 wk ahead,percent,2.89292292544739e-11,Bin,5.7,5.8
HHS Region 5,1 wk ahead,percent,2.89292292544739e-11,Bin,5.8,5.9
HHS Region 5,1 wk ahead,percent,2.89292292544739e-11,Bin,5.9,6.0
HHS Region 5,1 wk ahead,percent,2.89292292544739e-11,Bin,6.0,6.1
HHS Region 5,1 wk ahead,percent,2.89292292544739e-11,Bin,6.1,6.2
HHS Region 5,1 wk ahead,percent,2.89292292544739e-11,Bin,6.2,6.3
HHS Region 5,1 wk ahead,percent,2.89292292544739e-11,Bin,6.3,6.4
HHS Region 5,1 wk ahead,percent,2.89292292544739e-11,Bin,6.4,6.5
HHS Region 5,1 wk ahead,percent,2.89292292544739e-11,Bin,6.5,6.6
HHS Region 5,1 wk ahead,percent,2.89292292544739e-11,Bin,6.6,6.7
HHS Region 5,1 wk ahead,percent,2.89292292544739e-11,Bin,6.7,6.8
HHS Region 5,1 wk ahead,percent,2.89292292544739e-11,Bin,6.8,6.9
HHS Region 5,1 wk ahead,percent,2.89292292544739e-11,Bin,6.9,7.0
HHS Region 5,1 wk ahead,percent,2.89292292544739e-11,Bin,7.0,7.1
HHS Region 5,1 wk ahead,percent,2.89292292544739e-11,Bin,7.1,7.2
HHS Region 5,1 wk ahead,percent,2.89292292544739e-11,Bin,7.2,7.3
HHS Region 5,1 wk ahead,percent,2.89292292544739e-11,Bin,7.3,7.4
HHS Region 5,1 wk ahead,percent,2.89292292544739e-11,Bin,7.4,7.5
HHS Region 5,1 wk ahead,percent,2.89292292544739e-11,Bin,7.5,7.6
HHS Region 5,1 wk ahead,percent,2.89292292544739e-11,Bin,7.6,7.7
HHS Region 5,1 wk ahead,percent,2.89292292544739e-11,Bin,7.7,7.8
HHS Region 5,1 wk ahead,percent,2.89292292544739e-11,Bin,7.8,7.9
HHS Region 5,1 wk ahead,percent,2.89292292544739e-11,Bin,7.9,8.0
HHS Region 5,1 wk ahead,percent,2.89292292544742e-11,Bin,8.0,8.1
HHS Region 5,1 wk ahead,percent,2.89292292544744e-11,Bin,8.1,8.2
HHS Region 5,1 wk ahead,percent,2.89292292544744e-11,Bin,8.2,8.3
HHS Region 5,1 wk ahead,percent,2.89292292544744e-11,Bin,8.3,8.4
HHS Region 5,1 wk ahead,percent,2.89292292544744e-11,Bin,8.4,8.5
HHS Region 5,1 wk ahead,percent,2.89292292544744e-11,Bin,8.5,8.6
HHS Region 5,1 wk ahead,percent,2.89292292544744e-11,Bin,8.6,8.7
HHS Region 5,1 wk ahead,percent,2.89292292544744e-11,Bin,8.7,8.8
HHS Region 5,1 wk ahead,percent,2.89292292544744e-11,Bin,8.8,8.9
HHS Region 5,1 wk ahead,percent,2.89292292544744e-11,Bin,8.9,9.0
HHS Region 5,1 wk ahead,percent,2.89292292544744e-11,Bin,9.0,9.1
HHS Region 5,1 wk ahead,percent,2.89292292544744e-11,Bin,9.1,9.2
HHS Region 5,1 wk ahead,percent,2.89292292544744e-11,Bin,9.2,9.3
HHS Region 5,1 wk ahead,percent,2.89292292544744e-11,Bin,9.3,9.4
HHS Region 5,1 wk ahead,percent,2.89292292544744e-11,Bin,9.4,9.5
HHS Region 5,1 wk ahead,percent,2.89292292544744e-11,Bin,9.5,9.6
HHS Region 5,1 wk ahead,percent,2.89292292544744e-11,Bin,9.6,9.7
HHS Region 5,1 wk ahead,percent,2.89292292544744e-11,Bin,9.7,9.8
HHS Region 5,1 wk ahead,percent,2.89292292544744e-11,Bin,9.8,9.9
HHS Region 5,1 wk ahead,percent,2.89292292544744e-11,Bin,9.9,10.0
HHS Region 5,1 wk ahead,percent,2.89292292544744e-11,Bin,10.0,10.1
HHS Region 5,1 wk ahead,percent,2.89292292544744e-11,Bin,10.1,10.2
HHS Region 5,1 wk ahead,percent,2.89292292544744e-11,Bin,10.2,10.3
HHS Region 5,1 wk ahead,percent,2.89292292544744e-11,Bin,10.3,10.4
HHS Region 5,1 wk ahead,percent,2.89292292544744e-11,Bin,10.4,10.5
HHS Region 5,1 wk ahead,percent,2.89292292544744e-11,Bin,10.5,10.6
HHS Region 5,1 wk ahead,percent,2.89292292544744e-11,Bin,10.6,10.7
HHS Region 5,1 wk ahead,percent,2.89292292544744e-11,Bin,10.7,10.8
HHS Region 5,1 wk ahead,percent,2.89292292544744e-11,Bin,10.8,10.9
HHS Region 5,1 wk ahead,percent,2.89292292544744e-11,Bin,10.9,11.0
HHS Region 5,1 wk ahead,percent,2.89292292544744e-11,Bin,11.0,11.1
HHS Region 5,1 wk ahead,percent,2.89292292544744e-11,Bin,11.1,11.2
HHS Region 5,1 wk ahead,percent,2.89292292544744e-11,Bin,11.2,11.3
HHS Region 5,1 wk ahead,percent,2.89292292544744e-11,Bin,11.3,11.4
HHS Region 5,1 wk ahead,percent,2.89292292544744e-11,Bin,11.4,11.5
HHS Region 5,1 wk ahead,percent,2.89292292544744e-11,Bin,11.5,11.6
HHS Region 5,1 wk ahead,percent,2.89292292544744e-11,Bin,11.6,11.7
HHS Region 5,1 wk ahead,percent,2.89292292544744e-11,Bin,11.7,11.8
HHS Region 5,1 wk ahead,percent,2.89292292544744e-11,Bin,11.8,11.9
HHS Region 5,1 wk ahead,percent,2.89292292544744e-11,Bin,11.9,12.0
HHS Region 5,1 wk ahead,percent,2.89292292544744e-11,Bin,12.0,12.1
HHS Region 5,1 wk ahead,percent,2.89292292544744e-11,Bin,12.1,12.2
HHS Region 5,1 wk ahead,percent,2.89292292544744e-11,Bin,12.2,12.3
HHS Region 5,1 wk ahead,percent,2.89292292544744e-11,Bin,12.3,12.4
HHS Region 5,1 wk ahead,percent,2.89292292544744e-11,Bin,12.4,12.5
HHS Region 5,1 wk ahead,percent,2.89292292544744e-11,Bin,12.5,12.6
HHS Region 5,1 wk ahead,percent,2.89292292544744e-11,Bin,12.6,12.7
HHS Region 5,1 wk ahead,percent,2.89292292544744e-11,Bin,12.7,12.8
HHS Region 5,1 wk ahead,percent,2.89292292544744e-11,Bin,12.8,12.9
HHS Region 5,1 wk ahead,percent,2.89292292544744e-11,Bin,12.9,13.0
HHS Region 5,1 wk ahead,percent,2.89292292544744e-11,Bin,13.0,100.0
HHS Region 5,2 wk ahead,percent,2.53467439656253e-11,Bin,0.0,0.1
HHS Region 5,2 wk ahead,percent,5.06934879312506e-11,Bin,0.1,0.2
HHS Region 5,2 wk ahead,percent,5.06934879312506e-11,Bin,0.2,0.3
HHS Region 5,2 wk ahead,percent,1.64527303043353e-10,Bin,0.3,0.4
HHS Region 5,2 wk ahead,percent,1.55756608438239e-09,Bin,0.4,0.5
HHS Region 5,2 wk ahead,percent,5.64892308072863e-09,Bin,0.5,0.6
HHS Region 5,2 wk ahead,percent,1.04772811125694e-08,Bin,0.6,0.7
HHS Region 5,2 wk ahead,percent,1.22564650391385e-08,Bin,0.7,0.8
HHS Region 5,2 wk ahead,percent,8.43453568665054e-09,Bin,0.8,0.9
HHS Region 5,2 wk ahead,percent,0.00200000234370394,Bin,0.9,1.0
HHS Region 5,2 wk ahead,percent,0.00399999978326638,Bin,1.0,1.1
HHS Region 5,2 wk ahead,percent,0.010000000984733,Bin,1.1,1.2
HHS Region 5,2 wk ahead,percent,0.0180000102504456,Bin,1.2,1.3
HHS Region 5,2 wk ahead,percent,0.0640000159831367,Bin,1.3,1.4
HHS Region 5,2 wk ahead,percent,0.0660000195816257,Bin,1.4,1.5
HHS Region 5,2 wk ahead,percent,0.1160000007031,Bin,1.5,1.6
HHS Region 5,2 wk ahead,percent,0.121999988753969,Bin,1.6,1.7
HHS Region 5,2 wk ahead,percent,0.129999985906391,Bin,1.7,1.8
HHS Region 5,2 wk ahead,percent,0.119999987622007,Bin,1.8,1.9
HHS Region 5,2 wk ahead,percent,0.0919999876014938,Bin,1.9,2.0
HHS Region 5,2 wk ahead,percent,0.0639999890018821,Bin,2.0,2.1
HHS Region 5,2 wk ahead,percent,0.0459999916722323,Bin,2.1,2.2
HHS Region 5,2 wk ahead,percent,0.0479999913028394,Bin,2.2,2.3
HHS Region 5,2 wk ahead,percent,0.0319999942258012,Bin,2.3,2.4
HHS Region 5,2 wk ahead,percent,0.0139999975141332,Bin,2.4,2.5
HHS Region 5,2 wk ahead,percent,0.0199999964180226,Bin,2.5,2.6
HHS Region 5,2 wk ahead,percent,0.00799999861024393,Bin,2.6,2.7
HHS Region 5,2 wk ahead,percent,0.00799999861024393,Bin,2.7,2.8
HHS Region 5,2 wk ahead,percent,0.0099999982448737,Bin,2.8,2.9
HHS Region 5,2 wk ahead,percent,0.00199999970635462,Bin,2.9,3.0
HHS Region 5,2 wk ahead,percent,0.00199999970635462,Bin,3.0,3.1
HHS Region 5,2 wk ahead,percent,7.17248438094918e-11,Bin,3.1,3.2
HHS Region 5,2 wk ahead,percent,7.17248438094918e-11,Bin,3.2,3.3
HHS Region 5,2 wk ahead,percent,7.17248438094918e-11,Bin,3.3,3.4
HHS Region 5,2 wk ahead,percent,7.17248438094918e-11,Bin,3.4,3.5
HHS Region 5,2 wk ahead,percent,7.17248438094918e-11,Bin,3.5,3.6
HHS Region 5,2 wk ahead,percent,7.17248438094918e-11,Bin,3.6,3.7
HHS Region 5,2 wk ahead,percent,7.17248438094918e-11,Bin,3.7,3.8
HHS Region 5,2 wk ahead,percent,0.00199999970635462,Bin,3.8,3.9
HHS Region 5,2 wk ahead,percent,7.17248438094918e-11,Bin,3.9,4.0
HHS Region 5,2 wk ahead,percent,7.17248438094918e-11,Bin,4.0,4.1
HHS Region 5,2 wk ahead,percent,7.17248438094918e-11,Bin,4.1,4.2
HHS Region 5,2 wk ahead,percent,7.17248438094918e-11,Bin,4.2,4.3
HHS Region 5,2 wk ahead,percent,7.17248438094918e-11,Bin,4.3,4.4
HHS Region 5,2 wk ahead,percent,7.17248438094918e-11,Bin,4.4,4.5
HHS Region 5,2 wk ahead,percent,7.17248438094918e-11,Bin,4.5,4.6
HHS Region 5,2 wk ahead,percent,7.17248438094918e-11,Bin,4.6,4.7
HHS Region 5,2 wk ahead,percent,7.17248438094918e-11,Bin,4.7,4.8
HHS Region 5,2 wk ahead,percent,7.17248438094918e-11,Bin,4.8,4.9
HHS Region 5,2 wk ahead,percent,7.17248438094918e-11,Bin,4.9,5.0
HHS Region 5,2 wk ahead,percent,7.17248438094918e-11,Bin,5.0,5.1
HHS Region 5,2 wk ahead,percent,7.17248438094918e-11,Bin,5.1,5.2
HHS Region 5,2 wk ahead,percent,7.17248438094918e-11,Bin,5.2,5.3
HHS Region 5,2 wk ahead,percent,7.17248438094918e-11,Bin,5.3,5.4
HHS Region 5,2 wk ahead,percent,7.17248438094918e-11,Bin,5.4,5.5
HHS Region 5,2 wk ahead,percent,7.17248438094918e-11,Bin,5.5,5.6
HHS Region 5,2 wk ahead,percent,7.17248438094918e-11,Bin,5.6,5.7
HHS Region 5,2 wk ahead,percent,7.17248438094918e-11,Bin,5.7,5.8
HHS Region 5,2 wk ahead,percent,7.17248438094918e-11,Bin,5.8,5.9
HHS Region 5,2 wk ahead,percent,7.17248438094918e-11,Bin,5.9,6.0
HHS Region 5,2 wk ahead,percent,7.17248438094918e-11,Bin,6.0,6.1
HHS Region 5,2 wk ahead,percent,7.17248438094918e-11,Bin,6.1,6.2
HHS Region 5,2 wk ahead,percent,7.17248438094918e-11,Bin,6.2,6.3
HHS Region 5,2 wk ahead,percent,7.17248438094918e-11,Bin,6.3,6.4
HHS Region 5,2 wk ahead,percent,7.17248438094918e-11,Bin,6.4,6.5
HHS Region 5,2 wk ahead,percent,7.17248438094918e-11,Bin,6.5,6.6
HHS Region 5,2 wk ahead,percent,7.17248438094918e-11,Bin,6.6,6.7
HHS Region 5,2 wk ahead,percent,7.17248438094918e-11,Bin,6.7,6.8
HHS Region 5,2 wk ahead,percent,7.17248438094918e-11,Bin,6.8,6.9
HHS Region 5,2 wk ahead,percent,7.17248438094918e-11,Bin,6.9,7.0
HHS Region 5,2 wk ahead,percent,7.17248438094918e-11,Bin,7.0,7.1
HHS Region 5,2 wk ahead,percent,7.17248438094918e-11,Bin,7.1,7.2
HHS Region 5,2 wk ahead,percent,7.17248438094918e-11,Bin,7.2,7.3
HHS Region 5,2 wk ahead,percent,7.17248438094918e-11,Bin,7.3,7.4
HHS Region 5,2 wk ahead,percent,7.17248438094918e-11,Bin,7.4,7.5
HHS Region 5,2 wk ahead,percent,7.17248438094918e-11,Bin,7.5,7.6
HHS Region 5,2 wk ahead,percent,7.17248438094918e-11,Bin,7.6,7.7
HHS Region 5,2 wk ahead,percent,7.17248438094918e-11,Bin,7.7,7.8
HHS Region 5,2 wk ahead,percent,7.17248438094918e-11,Bin,7.8,7.9
HHS Region 5,2 wk ahead,percent,7.17248438094918e-11,Bin,7.9,8.0
HHS Region 5,2 wk ahead,percent,7.17248438094925e-11,Bin,8.0,8.1
HHS Region 5,2 wk ahead,percent,7.17248438094931e-11,Bin,8.1,8.2
HHS Region 5,2 wk ahead,percent,7.17248438094931e-11,Bin,8.2,8.3
HHS Region 5,2 wk ahead,percent,7.17248438094931e-11,Bin,8.3,8.4
HHS Region 5,2 wk ahead,percent,7.17248438094931e-11,Bin,8.4,8.5
HHS Region 5,2 wk ahead,percent,7.17248438094931e-11,Bin,8.5,8.6
HHS Region 5,2 wk ahead,percent,7.17248438094931e-11,Bin,8.6,8.7
HHS Region 5,2 wk ahead,percent,7.17248438094931e-11,Bin,8.7,8.8
HHS Region 5,2 wk ahead,percent,7.17248438094931e-11,Bin,8.8,8.9
HHS Region 5,2 wk ahead,percent,7.17248438094931e-11,Bin,8.9,9.0
HHS Region 5,2 wk ahead,percent,7.17248438094931e-11,Bin,9.0,9.1
HHS Region 5,2 wk ahead,percent,7.17248438094931e-11,Bin,9.1,9.2
HHS Region 5,2 wk ahead,percent,7.17248438094931e-11,Bin,9.2,9.3
HHS Region 5,2 wk ahead,percent,7.17248438094931e-11,Bin,9.3,9.4
HHS Region 5,2 wk ahead,percent,7.17248438094931e-11,Bin,9.4,9.5
HHS Region 5,2 wk ahead,percent,7.17248438094931e-11,Bin,9.5,9.6
HHS Region 5,2 wk ahead,percent,7.17248438094931e-11,Bin,9.6,9.7
HHS Region 5,2 wk ahead,percent,7.17248438094931e-11,Bin,9.7,9.8
HHS Region 5,2 wk ahead,percent,7.17248438094931e-11,Bin,9.8,9.9
HHS Region 5,2 wk ahead,percent,7.17248438094931e-11,Bin,9.9,10.0
HHS Region 5,2 wk ahead,percent,7.17248438094931e-11,Bin,10.0,10.1
HHS Region 5,2 wk ahead,percent,7.17248438094931e-11,Bin,10.1,10.2
HHS Region 5,2 wk ahead,percent,7.17248438094931e-11,Bin,10.2,10.3
HHS Region 5,2 wk ahead,percent,7.17248438094931e-11,Bin,10.3,10.4
HHS Region 5,2 wk ahead,percent,7.17248438094931e-11,Bin,10.4,10.5
HHS Region 5,2 wk ahead,percent,7.17248438094931e-11,Bin,10.5,10.6
HHS Region 5,2 wk ahead,percent,7.17248438094931e-11,Bin,10.6,10.7
HHS Region 5,2 wk ahead,percent,7.17248438094931e-11,Bin,10.7,10.8
HHS Region 5,2 wk ahead,percent,7.17248438094931e-11,Bin,10.8,10.9
HHS Region 5,2 wk ahead,percent,7.17248438094931e-11,Bin,10.9,11.0
HHS Region 5,2 wk ahead,percent,7.17248438094931e-11,Bin,11.0,11.1
HHS Region 5,2 wk ahead,percent,7.17248438094931e-11,Bin,11.1,11.2
HHS Region 5,2 wk ahead,percent,7.17248438094931e-11,Bin,11.2,11.3
HHS Region 5,2 wk ahead,percent,7.17248438094931e-11,Bin,11.3,11.4
HHS Region 5,2 wk ahead,percent,7.17248438094931e-11,Bin,11.4,11.5
HHS Region 5,2 wk ahead,percent,7.17248438094931e-11,Bin,11.5,11.6
HHS Region 5,2 wk ahead,percent,7.17248438094931e-11,Bin,11.6,11.7
HHS Region 5,2 wk ahead,percent,7.17248438094931e-11,Bin,11.7,11.8
HHS Region 5,2 wk ahead,percent,7.17248438094931e-11,Bin,11.8,11.9
HHS Region 5,2 wk ahead,percent,7.17248438094931e-11,Bin,11.9,12.0
HHS Region 5,2 wk ahead,percent,7.17248438094931e-11,Bin,12.0,12.1
HHS Region 5,2 wk ahead,percent,7.17248438094931e-11,Bin,12.1,12.2
HHS Region 5,2 wk ahead,percent,7.17248438094931e-11,Bin,12.2,12.3
HHS Region 5,2 wk ahead,percent,7.17248438094931e-11,Bin,12.3,12.4
HHS Region 5,2 wk ahead,percent,7.17248438094931e-11,Bin,12.4,12.5
HHS Region 5,2 wk ahead,percent,7.17248438094931e-11,Bin,12.5,12.6
HHS Region 5,2 wk ahead,percent,7.17248438094931e-11,Bin,12.6,12.7
HHS Region 5,2 wk ahead,percent,7.17248438094931e-11,Bin,12.7,12.8
HHS Region 5,2 wk ahead,percent,7.17248438094931e-11,Bin,12.8,12.9
HHS Region 5,2 wk ahead,percent,7.17248438094931e-11,Bin,12.9,13.0
HHS Region 5,2 wk ahead,percent,7.17248438094931e-11,Bin,13.0,100.0
HHS Region 5,3 wk ahead,percent,4.84246103269502e-11,Bin,0.0,0.1
HHS Region 5,3 wk ahead,percent,9.68492206539004e-11,Bin,0.1,0.2
HHS Region 5,3 wk ahead,percent,3.46541739146089e-10,Bin,0.2,0.3
HHS Region 5,3 wk ahead,percent,3.22706855872142e-09,Bin,0.3,0.4
HHS Region 5,3 wk ahead,percent,8.43623298356611e-09,Bin,0.4,0.5
HHS Region 5,3 wk ahead,percent,9.66513606679929e-09,Bin,0.5,0.6
HHS Region 5,3 wk ahead,percent,1.1647091897054e-08,Bin,0.6,0.7
HHS Region 5,3 wk ahead,percent,7.86430021555158e-09,Bin,0.7,0.8
HHS Region 5,3 wk ahead,percent,0.0040000054755894,Bin,0.8,0.9
HHS Region 5,3 wk ahead,percent,0.0140000084477847,Bin,0.9,1.0
HHS Region 5,3 wk ahead,percent,0.0280000058831613,Bin,1.0,1.1
HHS Region 5,3 wk ahead,percent,0.0620000080390696,Bin,1.1,1.2
HHS Region 5,3 wk ahead,percent,0.0880000169334702,Bin,1.2,1.3
HHS Region 5,3 wk ahead,percent,0.132000006444493,Bin,1.3,1.4
HHS Region 5,3 wk ahead,percent,0.127999988955725,Bin,1.4,1.5
HHS Region 5,3 wk ahead,percent,0.105999983184102,Bin,1.5,1.6
HHS Region 5,3 wk ahead,percent,0.115999982238125,Bin,1.6,1.7
HHS Region 5,3 wk ahead,percent,0.0799999896492777,Bin,1.7,1.8
HHS Region 5,3 wk ahead,percent,0.0779999871942584,Bin,1.8,1.9
HHS Region 5,3 wk ahead,percent,0.0479999913671259,Bin,1.9,2.0
HHS Region 5,3 wk ahead,percent,0.0359999934778192,Bin,2.0,2.1
HHS Region 5,3 wk ahead,percent,0.0299999945739299,Bin,2.1,2.2
HHS Region 5,3 wk ahead,percent,0.0159999971315215,Bin,2.2,2.3
HHS Region 5,3 wk ahead,percent,0.00599999895837261,Bin,2.3,2.4
HHS Region 5,3 wk ahead,percent,0.0139999974968917,Bin,2.4,2.5
HHS Region 5,3 wk ahead,percent,0.00199999968911307,Bin,2.5,2.6
HHS Region 5,3 wk ahead,percent,0.00799999859300239,Bin,2.6,2.7
HHS Region 5,3 wk ahead,percent,0.00199999968911307,Bin,2.7,2.8
HHS Region 5,3 wk ahead,percent,5.44832972797739e-11,Bin,2.8,2.9
HHS Region 5,3 wk ahead,percent,0.00199999968911307,Bin,2.9,3.0
HHS Region 5,3 wk ahead,percent,5.44832972797739e-11,Bin,3.0,3.1
HHS Region 5,3 wk ahead,percent,5.44832972797739e-11,Bin,3.1,3.2
HHS Region 5,3 wk ahead,percent,5.44832972797739e-11,Bin,3.2,3.3
HHS Region 5,3 wk ahead,percent,5.44832972797739e-11,Bin,3.3,3.4
HHS Region 5,3 wk ahead,percent,5.44832972797739e-11,Bin,3.4,3.5
HHS Region 5,3 wk ahead,percent,5.44832972797739e-11,Bin,3.5,3.6
HHS Region 5,3 wk ahead,percent,5.44832972797739e-11,Bin,3.6,3.7
HHS Region 5,3 wk ahead,percent,5.44832972797739e-11,Bin,3.7,3.8
HHS Region 5,3 wk ahead,percent,5.44832972797739e-11,Bin,3.8,3.9
HHS Region 5,3 wk ahead,percent,5.44832972797739e-11,Bin,3.9,4.0
HHS Region 5,3 wk ahead,percent,5.44832972797739e-11,Bin,4.0,4.1
HHS Region 5,3 wk ahead,percent,5.44832972797739e-11,Bin,4.1,4.2
HHS Region 5,3 wk ahead,percent,5.44832972797739e-11,Bin,4.2,4.3
HHS Region 5,3 wk ahead,percent,5.44832972797739e-11,Bin,4.3,4.4
HHS Region 5,3 wk ahead,percent,5.44832972797739e-11,Bin,4.4,4.5
HHS Region 5,3 wk ahead,percent,5.44832972797739e-11,Bin,4.5,4.6
HHS Region 5,3 wk ahead,percent,5.44832972797739e-11,Bin,4.6,4.7
HHS Region 5,3 wk ahead,percent,5.44832972797739e-11,Bin,4.7,4.8
HHS Region 5,3 wk ahead,percent,5.44832972797739e-11,Bin,4.8,4.9
HHS Region 5,3 wk ahead,percent,5.44832972797739e-11,Bin,4.9,5.0
HHS Region 5,3 wk ahead,percent,5.44832972797739e-11,Bin,5.0,5.1
HHS Region 5,3 wk ahead,percent,5.44832972797739e-11,Bin,5.1,5.2
HHS Region 5,3 wk ahead,percent,5.44832972797739e-11,Bin,5.2,5.3
HHS Region 5,3 wk ahead,percent,5.44832972797739e-11,Bin,5.3,5.4
HHS Region 5,3 wk ahead,percent,5.44832972797739e-11,Bin,5.4,5.5
HHS Region 5,3 wk ahead,percent,5.44832972797739e-11,Bin,5.5,5.6
HHS Region 5,3 wk ahead,percent,5.44832972797739e-11,Bin,5.6,5.7
HHS Region 5,3 wk ahead,percent,5.44832972797739e-11,Bin,5.7,5.8
HHS Region 5,3 wk ahead,percent,5.44832972797739e-11,Bin,5.8,5.9
HHS Region 5,3 wk ahead,percent,5.44832972797739e-11,Bin,5.9,6.0
HHS Region 5,3 wk ahead,percent,5.44832972797739e-11,Bin,6.0,6.1
HHS Region 5,3 wk ahead,percent,5.44832972797739e-11,Bin,6.1,6.2
HHS Region 5,3 wk ahead,percent,5.44832972797739e-11,Bin,6.2,6.3
HHS Region 5,3 wk ahead,percent,5.44832972797739e-11,Bin,6.3,6.4
HHS Region 5,3 wk ahead,percent,5.44832972797739e-11,Bin,6.4,6.5
HHS Region 5,3 wk ahead,percent,5.44832972797739e-11,Bin,6.5,6.6
HHS Region 5,3 wk ahead,percent,5.44832972797739e-11,Bin,6.6,6.7
HHS Region 5,3 wk ahead,percent,5.44832972797739e-11,Bin,6.7,6.8
HHS Region 5,3 wk ahead,percent,5.44832972797739e-11,Bin,6.8,6.9
HHS Region 5,3 wk ahead,percent,5.44832972797739e-11,Bin,6.9,7.0
HHS Region 5,3 wk ahead,percent,5.44832972797739e-11,Bin,7.0,7.1
HHS Region 5,3 wk ahead,percent,5.44832972797739e-11,Bin,7.1,7.2
HHS Region 5,3 wk ahead,percent,5.44832972797739e-11,Bin,7.2,7.3
HHS Region 5,3 wk ahead,percent,5.44832972797739e-11,Bin,7.3,7.4
HHS Region 5,3 wk ahead,percent,5.44832972797739e-11,Bin,7.4,7.5
HHS Region 5,3 wk ahead,percent,5.44832972797739e-11,Bin,7.5,7.6
HHS Region 5,3 wk ahead,percent,5.44832972797739e-11,Bin,7.6,7.7
HHS Region 5,3 wk ahead,percent,5.44832972797739e-11,Bin,7.7,7.8
HHS Region 5,3 wk ahead,percent,5.44832972797739e-11,Bin,7.8,7.9
HHS Region 5,3 wk ahead,percent,5.44832972797739e-11,Bin,7.9,8.0
HHS Region 5,3 wk ahead,percent,5.44832972797744e-11,Bin,8.0,8.1
HHS Region 5,3 wk ahead,percent,5.44832972797749e-11,Bin,8.1,8.2
HHS Region 5,3 wk ahead,percent,5.44832972797749e-11,Bin,8.2,8.3
HHS Region 5,3 wk ahead,percent,5.44832972797749e-11,Bin,8.3,8.4
HHS Region 5,3 wk ahead,percent,5.44832972797749e-11,Bin,8.4,8.5
HHS Region 5,3 wk ahead,percent,5.44832972797749e-11,Bin,8.5,8.6
HHS Region 5,3 wk ahead,percent,5.44832972797749e-11,Bin,8.6,8.7
HHS Region 5,3 wk ahead,percent,5.44832972797749e-11,Bin,8.7,8.8
HHS Region 5,3 wk ahead,percent,5.44832972797749e-11,Bin,8.8,8.9
HHS Region 5,3 wk ahead,percent,5.44832972797749e-11,Bin,8.9,9.0
HHS Region 5,3 wk ahead,percent,5.44832972797749e-11,Bin,9.0,9.1
HHS Region 5,3 wk ahead,percent,5.44832972797749e-11,Bin,9.1,9.2
HHS Region 5,3 wk ahead,percent,5.44832972797749e-11,Bin,9.2,9.3
HHS Region 5,3 wk ahead,percent,5.44832972797749e-11,Bin,9.3,9.4
HHS Region 5,3 wk ahead,percent,5.44832972797749e-11,Bin,9.4,9.5
HHS Region 5,3 wk ahead,percent,5.44832972797749e-11,Bin,9.5,9.6
HHS Region 5,3 wk ahead,percent,5.44832972797749e-11,Bin,9.6,9.7
HHS Region 5,3 wk ahead,percent,5.44832972797749e-11,Bin,9.7,9.8
HHS Region 5,3 wk ahead,percent,5.44832972797749e-11,Bin,9.8,9.9
HHS Region 5,3 wk ahead,percent,5.44832972797749e-11,Bin,9.9,10.0
HHS Region 5,3 wk ahead,percent,5.44832972797749e-11,Bin,10.0,10.1
HHS Region 5,3 wk ahead,percent,5.44832972797749e-11,Bin,10.1,10.2
HHS Region 5,3 wk ahead,percent,5.44832972797749e-11,Bin,10.2,10.3
HHS Region 5,3 wk ahead,percent,5.44832972797749e-11,Bin,10.3,10.4
HHS Region 5,3 wk ahead,percent,5.44832972797749e-11,Bin,10.4,10.5
HHS Region 5,3 wk ahead,percent,5.44832972797749e-11,Bin,10.5,10.6
HHS Region 5,3 wk ahead,percent,5.44832972797749e-11,Bin,10.6,10.7
HHS Region 5,3 wk ahead,percent,5.44832972797749e-11,Bin,10.7,10.8
HHS Region 5,3 wk ahead,percent,5.44832972797749e-11,Bin,10.8,10.9
HHS Region 5,3 wk ahead,percent,5.44832972797749e-11,Bin,10.9,11.0
HHS Region 5,3 wk ahead,percent,5.44832972797749e-11,Bin,11.0,11.1
HHS Region 5,3 wk ahead,percent,5.44832972797749e-11,Bin,11.1,11.2
HHS Region 5,3 wk ahead,percent,5.44832972797749e-11,Bin,11.2,11.3
HHS Region 5,3 wk ahead,percent,5.44832972797749e-11,Bin,11.3,11.4
HHS Region 5,3 wk ahead,percent,5.44832972797749e-11,Bin,11.4,11.5
HHS Region 5,3 wk ahead,percent,5.44832972797749e-11,Bin,11.5,11.6
HHS Region 5,3 wk ahead,percent,5.44832972797749e-11,Bin,11.6,11.7
HHS Region 5,3 wk ahead,percent,5.44832972797749e-11,Bin,11.7,11.8
HHS Region 5,3 wk ahead,percent,5.44832972797749e-11,Bin,11.8,11.9
HHS Region 5,3 wk ahead,percent,5.44832972797749e-11,Bin,11.9,12.0
HHS Region 5,3 wk ahead,percent,5.44832972797749e-11,Bin,12.0,12.1
HHS Region 5,3 wk ahead,percent,5.44832972797749e-11,Bin,12.1,12.2
HHS Region 5,3 wk ahead,percent,5.44832972797749e-11,Bin,12.2,12.3
HHS Region 5,3 wk ahead,percent,5.44832972797749e-11,Bin,12.3,12.4
HHS Region 5,3 wk ahead,percent,5.44832972797749e-11,Bin,12.4,12.5
HHS Region 5,3 wk ahead,percent,5.44832972797749e-11,Bin,12.5,12.6
HHS Region 5,3 wk ahead,percent,5.44832972797749e-11,Bin,12.6,12.7
HHS Region 5,3 wk ahead,percent,5.44832972797749e-11,Bin,12.7,12.8
HHS Region 5,3 wk ahead,percent,5.44832972797749e-11,Bin,12.8,12.9
HHS Region 5,3 wk ahead,percent,5.44832972797749e-11,Bin,12.9,13.0
HHS Region 5,3 wk ahead,percent,5.44832972797749e-11,Bin,13.0,100.0
HHS Region 5,4 wk ahead,percent,5.24560587706732e-11,Bin,0.0,0.1
HHS Region 5,4 wk ahead,percent,1.04930573429266e-10,Bin,0.1,0.2
HHS Region 5,4 wk ahead,percent,5.12502064473064e-10,Bin,0.2,0.3
HHS Region 5,4 wk ahead,percent,3.45419618827039e-09,Bin,0.3,0.4
HHS Region 5,4 wk ahead,percent,1.03761830688708e-08,Bin,0.4,0.5
HHS Region 5,4 wk ahead,percent,1.44827371188783e-08,Bin,0.5,0.6
HHS Region 5,4 wk ahead,percent,0.002000010267638,Bin,0.6,0.7
HHS Region 5,4 wk ahead,percent,0.00200000802115359,Bin,0.7,0.8
HHS Region 5,4 wk ahead,percent,0.0240000094228356,Bin,0.8,0.9
HHS Region 5,4 wk ahead,percent,0.0460000111963383,Bin,0.9,1.0
HHS Region 5,4 wk ahead,percent,0.0840000082107652,Bin,1.0,1.1
HHS Region 5,4 wk ahead,percent,0.114000006385983,Bin,1.1,1.2
HHS Region 5,4 wk ahead,percent,0.14799999567992,Bin,1.2,1.3
HHS Region 5,4 wk ahead,percent,0.149999985036479,Bin,1.3,1.4
HHS Region 5,4 wk ahead,percent,0.107999986490107,Bin,1.4,1.5
HHS Region 5,4 wk ahead,percent,0.0819999881903449,Bin,1.5,1.6
HHS Region 5,4 wk ahead,percent,0.0559999907535213,Bin,1.6,1.7
HHS Region 5,4 wk ahead,percent,0.0579999895454345,Bin,1.7,1.8
HHS Region 5,4 wk ahead,percent,0.0459999916392706,Bin,1.8,1.9
HHS Region 5,4 wk ahead,percent,0.0239999956583431,Bin,1.9,2.0
HHS Region 5,4 wk ahead,percent,0.0219999960237133,Bin,2.0,2.1
HHS Region 5,4 wk ahead,percent,0.0139999974851942,Bin,2.1,2.2
HHS Region 5,4 wk ahead,percent,0.0019999996774156,Bin,2.2,2.3
HHS Region 5,4 wk ahead,percent,0.00399999931204537,Bin,2.3,2.4
HHS Region 5,4 wk ahead,percent,0.0019999996774156,Bin,2.4,2.5
HHS Region 5,4 wk ahead,percent,0.00399999931204537,Bin,2.5,2.6
HHS Region 5,4 wk ahead,percent,0.00399999931204537,Bin,2.6,2.7
HHS Region 5,4 wk ahead,percent,0.0019999996774156,Bin,2.7,2.8
HHS Region 5,4 wk ahead,percent,4.27858254773972e-11,Bin,2.8,2.9
HHS Region 5,4 wk ahead,percent,4.27858254773972e-11,Bin,2.9,3.0
HHS Region 5,4 wk ahead,percent,0.0019999996774156,Bin,3.0,3.1
HHS Region 5,4 wk ahead,percent,4.27858254773972e-11,Bin,3.1,3.2
HHS Region 5,4 wk ahead,percent,4.27858254773972e-11,Bin,3.2,3.3
HHS Region 5,4 wk ahead,percent,4.27858254773972e-11,Bin,3.3,3.4
HHS Region 5,4 wk ahead,percent,4.27858254773972e-11,Bin,3.4,3.5
HHS Region 5,4 wk ahead,percent,4.27858254773972e-11,Bin,3.5,3.6
HHS Region 5,4 wk ahead,percent,4.27858254773972e-11,Bin,3.6,3.7
HHS Region 5,4 wk ahead,percent,4.27858254773972e-11,Bin,3.7,3.8
HHS Region 5,4 wk ahead,percent,4.27858254773972e-11,Bin,3.8,3.9
HHS Region 5,4 wk ahead,percent,4.27858254773972e-11,Bin,3.9,4.0
HHS Region 5,4 wk ahead,percent,4.27858254773972e-11,Bin,4.0,4.1
HHS Region 5,4 wk ahead,percent,4.27858254773972e-11,Bin,4.1,4.2
HHS Region 5,4 wk ahead,percent,4.27858254773972e-11,Bin,4.2,4.3
HHS Region 5,4 wk ahead,percent,4.27858254773972e-11,Bin,4.3,4.4
HHS Region 5,4 wk ahead,percent,4.27858254773972e-11,Bin,4.4,4.5
HHS Region 5,4 wk ahead,percent,4.27858254773972e-11,Bin,4.5,4.6
HHS Region 5,4 wk ahead,percent,4.27858254773972e-11,Bin,4.6,4.7
HHS Region 5,4 wk ahead,percent,4.27858254773972e-11,Bin,4.7,4.8
HHS Region 5,4 wk ahead,percent,4.27858254773972e-11,Bin,4.8,4.9
HHS Region 5,4 wk ahead,percent,4.27858254773972e-11,Bin,4.9,5.0
HHS Region 5,4 wk ahead,percent,4.27858254773972e-11,Bin,5.0,5.1
HHS Region 5,4 wk ahead,percent,4.27858254773972e-11,Bin,5.1,5.2
HHS Region 5,4 wk ahead,percent,4.27858254773972e-11,Bin,5.2,5.3
HHS Region 5,4 wk ahead,percent,4.27858254773972e-11,Bin,5.3,5.4
HHS Region 5,4 wk ahead,percent,4.27858254773972e-11,Bin,5.4,5.5
HHS Region 5,4 wk ahead,percent,4.27858254773972e-11,Bin,5.5,5.6
HHS Region 5,4 wk ahead,percent,4.27858254773972e-11,Bin,5.6,5.7
HHS Region 5,4 wk ahead,percent,4.27858254773972e-11,Bin,5.7,5.8
HHS Region 5,4 wk ahead,percent,4.27858254773972e-11,Bin,5.8,5.9
HHS Region 5,4 wk ahead,percent,4.27858254773972e-11,Bin,5.9,6.0
HHS Region 5,4 wk ahead,percent,4.27858254773972e-11,Bin,6.0,6.1
HHS Region 5,4 wk ahead,percent,4.27858254773972e-11,Bin,6.1,6.2
HHS Region 5,4 wk ahead,percent,4.27858254773972e-11,Bin,6.2,6.3
HHS Region 5,4 wk ahead,percent,4.27858254773972e-11,Bin,6.3,6.4
HHS Region 5,4 wk ahead,percent,4.27858254773972e-11,Bin,6.4,6.5
HHS Region 5,4 wk ahead,percent,4.27858254773972e-11,Bin,6.5,6.6
HHS Region 5,4 wk ahead,percent,4.27858254773972e-11,Bin,6.6,6.7
HHS Region 5,4 wk ahead,percent,4.27858254773972e-11,Bin,6.7,6.8
HHS Region 5,4 wk ahead,percent,4.27858254773972e-11,Bin,6.8,6.9
HHS Region 5,4 wk ahead,percent,4.27858254773972e-11,Bin,6.9,7.0
HHS Region 5,4 wk ahead,percent,4.27858254773972e-11,Bin,7.0,7.1
HHS Region 5,4 wk ahead,percent,4.27858254773972e-11,Bin,7.1,7.2
HHS Region 5,4 wk ahead,percent,4.27858254773972e-11,Bin,7.2,7.3
HHS Region 5,4 wk ahead,percent,4.27858254773972e-11,Bin,7.3,7.4
HHS Region 5,4 wk ahead,percent,4.27858254773972e-11,Bin,7.4,7.5
HHS Region 5,4 wk ahead,percent,4.27858254773972e-11,Bin,7.5,7.6
HHS Region 5,4 wk ahead,percent,4.27858254773972e-11,Bin,7.6,7.7
HHS Region 5,4 wk ahead,percent,4.27858254773972e-11,Bin,7.7,7.8
HHS Region 5,4 wk ahead,percent,4.27858254773972e-11,Bin,7.8,7.9
HHS Region 5,4 wk ahead,percent,4.27858254773972e-11,Bin,7.9,8.0
HHS Region 5,4 wk ahead,percent,4.27858254773976e-11,Bin,8.0,8.1
HHS Region 5,4 wk ahead,percent,4.2785825477398e-11,Bin,8.1,8.2
HHS Region 5,4 wk ahead,percent,4.2785825477398e-11,Bin,8.2,8.3
HHS Region 5,4 wk ahead,percent,4.2785825477398e-11,Bin,8.3,8.4
HHS Region 5,4 wk ahead,percent,4.2785825477398e-11,Bin,8.4,8.5
HHS Region 5,4 wk ahead,percent,4.2785825477398e-11,Bin,8.5,8.6
HHS Region 5,4 wk ahead,percent,4.2785825477398e-11,Bin,8.6,8.7
HHS Region 5,4 wk ahead,percent,4.2785825477398e-11,Bin,8.7,8.8
HHS Region 5,4 wk ahead,percent,4.2785825477398e-11,Bin,8.8,8.9
HHS Region 5,4 wk ahead,percent,4.2785825477398e-11,Bin,8.9,9.0
HHS Region 5,4 wk ahead,percent,4.2785825477398e-11,Bin,9.0,9.1
HHS Region 5,4 wk ahead,percent,4.2785825477398e-11,Bin,9.1,9.2
HHS Region 5,4 wk ahead,percent,4.2785825477398e-11,Bin,9.2,9.3
HHS Region 5,4 wk ahead,percent,4.2785825477398e-11,Bin,9.3,9.4
HHS Region 5,4 wk ahead,percent,4.2785825477398e-11,Bin,9.4,9.5
HHS Region 5,4 wk ahead,percent,4.2785825477398e-11,Bin,9.5,9.6
HHS Region 5,4 wk ahead,percent,4.2785825477398e-11,Bin,9.6,9.7
HHS Region 5,4 wk ahead,percent,4.2785825477398e-11,Bin,9.7,9.8
HHS Region 5,4 wk ahead,percent,4.2785825477398e-11,Bin,9.8,9.9
HHS Region 5,4 wk ahead,percent,4.2785825477398e-11,Bin,9.9,10.0
HHS Region 5,4 wk ahead,percent,4.2785825477398e-11,Bin,10.0,10.1
HHS Region 5,4 wk ahead,percent,4.2785825477398e-11,Bin,10.1,10.2
HHS Region 5,4 wk ahead,percent,4.2785825477398e-11,Bin,10.2,10.3
HHS Region 5,4 wk ahead,percent,4.2785825477398e-11,Bin,10.3,10.4
HHS Region 5,4 wk ahead,percent,4.2785825477398e-11,Bin,10.4,10.5
HHS Region 5,4 wk ahead,percent,4.2785825477398e-11,Bin,10.5,10.6
HHS Region 5,4 wk ahead,percent,4.2785825477398e-11,Bin,10.6,10.7
HHS Region 5,4 wk ahead,percent,4.2785825477398e-11,Bin,10.7,10.8
HHS Region 5,4 wk ahead,percent,4.2785825477398e-11,Bin,10.8,10.9
HHS Region 5,4 wk ahead,percent,4.2785825477398e-11,Bin,10.9,11.0
HHS Region 5,4 wk ahead,percent,4.2785825477398e-11,Bin,11.0,11.1
HHS Region 5,4 wk ahead,percent,4.2785825477398e-11,Bin,11.1,11.2
HHS Region 5,4 wk ahead,percent,4.2785825477398e-11,Bin,11.2,11.3
HHS Region 5,4 wk ahead,percent,4.2785825477398e-11,Bin,11.3,11.4
HHS Region 5,4 wk ahead,percent,4.2785825477398e-11,Bin,11.4,11.5
HHS Region 5,4 wk ahead,percent,4.2785825477398e-11,Bin,11.5,11.6
HHS Region 5,4 wk ahead,percent,4.2785825477398e-11,Bin,11.6,11.7
HHS Region 5,4 wk ahead,percent,4.2785825477398e-11,Bin,11.7,11.8
HHS Region 5,4 wk ahead,percent,4.2785825477398e-11,Bin,11.8,11.9
HHS Region 5,4 wk ahead,percent,4.2785825477398e-11,Bin,11.9,12.0
HHS Region 5,4 wk ahead,percent,4.2785825477398e-11,Bin,12.0,12.1
HHS Region 5,4 wk ahead,percent,4.2785825477398e-11,Bin,12.1,12.2
HHS Region 5,4 wk ahead,percent,4.2785825477398e-11,Bin,12.2,12.3
HHS Region 5,4 wk ahead,percent,4.2785825477398e-11,Bin,12.3,12.4
HHS Region 5,4 wk ahead,percent,4.2785825477398e-11,Bin,12.4,12.5
HHS Region 5,4 wk ahead,percent,4.2785825477398e-11,Bin,12.5,12.6
HHS Region 5,4 wk ahead,percent,4.2785825477398e-11,Bin,12.6,12.7
HHS Region 5,4 wk ahead,percent,4.2785825477398e-11,Bin,12.7,12.8
HHS Region 5,4 wk ahead,percent,4.2785825477398e-11,Bin,12.8,12.9
HHS Region 5,4 wk ahead,percent,4.2785825477398e-11,Bin,12.9,13.0
HHS Region 5,4 wk ahead,percent,4.2785825477398e-11,Bin,13.0,100.0
HHS Region 6,Season onset,week,0.000594243016082712,Bin,40.0,41.0
HHS Region 6,Season onset,week,0.000884795670520733,Bin,41.0,42.0
HHS Region 6,Season onset,week,0.00127649380741678,Bin,42.0,43.0
HHS Region 6,Season onset,week,0.0017719307667479,Bin,43.0,44.0
HHS Region 6,Season onset,week,0.00228285398530254,Bin,44.0,45.0
HHS Region 6,Season onset,week,0.00263815933481085,Bin,45.0,46.0
HHS Region 6,Season onset,week,0.00269165368927137,Bin,46.0,47.0
HHS Region 6,Season onset,week,0.964162872021927,Bin,47.0,48.0
HHS Region 6,Season onset,week,0.00199660188913333,Bin,48.0,49.0
HHS Region 6,Season onset,week,0.00155977790977743,Bin,49.0,50.0
HHS Region 6,Season onset,week,0.00126409004598418,Bin,50.0,51.0
HHS Region 6,Season onset,week,0.00118696966884428,Bin,51.0,52.0
HHS Region 6,Season onset,week,0.00134621327981079,Bin,52.0,53.0
HHS Region 6,Season onset,week,0.00168446277013652,Bin,1.0,2.0
HHS Region 6,Season onset,week,0.00205905685472552,Bin,2.0,3.0
HHS Region 6,Season onset,week,0.00228926730970104,Bin,3.0,4.0
HHS Region 6,Season onset,week,0.0022488651392484,Bin,4.0,5.0
HHS Region 6,Season onset,week,0.00193134563094361,Bin,5.0,6.0
HHS Region 6,Season onset,week,0.00144143221203312,Bin,6.0,7.0
HHS Region 6,Season onset,week,0.000928613913242057,Bin,7.0,8.0
HHS Region 6,Season onset,week,0.0005121506591169,Bin,8.0,9.0
HHS Region 6,Season onset,week,0.00023970703640815,Bin,9.0,10.0
HHS Region 6,Season onset,week,9.44518842730908e-05,Bin,10.0,11.0
HHS Region 6,Season onset,week,3.11244575958795e-05,Bin,11.0,12.0
HHS Region 6,Season onset,week,1.2038563677099e-05,Bin,12.0,13.0
HHS Region 6,Season onset,week,1.16002915640501e-05,Bin,13.0,14.0
HHS Region 6,Season onset,week,1.16002915640501e-05,Bin,14.0,15.0
HHS Region 6,Season onset,week,1.16002915640501e-05,Bin,15.0,16.0
HHS Region 6,Season onset,week,1.16002915640501e-05,Bin,16.0,17.0
HHS Region 6,Season onset,week,1.16002915640501e-05,Bin,17.0,18.0
HHS Region 6,Season onset,week,1.16002915640501e-05,Bin,18.0,19.0
HHS Region 6,Season onset,week,1.16002915640501e-05,Bin,19.0,20.0
HHS Region 6,Season onset,week,1.16002915640501e-05,Bin,20.0,21.0
HHS Region 6,Season onset,week,0.00277802615075681,Bin,none,none
HHS Region 6,Season peak week,week,1.05925437350437e-05,Bin,40.0,41.0
HHS Region 6,Season peak week,week,1.05925437350437e-05,Bin,41.0,42.0
HHS Region 6,Season peak week,week,1.05925437350437e-05,Bin,42.0,43.0
HHS Region 6,Season peak week,week,1.05925437350437e-05,Bin,43.0,44.0
HHS Region 6,Season peak week,week,1.60143724743045e-05,Bin,44.0,45.0
HHS Region 6,Season peak week,week,0.000138091145148974,Bin,45.0,46.0
HHS Region 6,Season peak week,week,0.000563939773694415,Bin,46.0,47.0
HHS Region 6,Season peak week,week,0.00090152770977883,Bin,47.0,48.0
HHS Region 6,Season peak week,week,0.000601101552621441,Bin,48.0,49.0
HHS Region 6,Season peak week,week,0.000574192404831533,Bin,49.0,50.0
HHS Region 6,Season peak week,week,0.00224928577530323,Bin,50.0,51.0
HHS Region 6,Season peak week,week,0.00541329417429878,Bin,51.0,52.0
HHS Region 6,Season peak week,week,0.00632350327813412,Bin,52.0,53.0
HHS Region 6,Season peak week,week,0.00338968971191397,Bin,1.0,2.0
HHS Region 6,Season peak week,week,0.000788230229441889,Bin,2.0,3.0
HHS Region 6,Season peak week,week,0.000226980069081446,Bin,3.0,4.0
HHS Region 6,Season peak week,week,0.000778840415843355,Bin,4.0,5.0
HHS Region 6,Season peak week,week,0.0020773444357915,Bin,5.0,6.0
HHS Region 6,Season peak week,week,0.003719053468727,Bin,6.0,7.0
HHS Region 6,Season peak week,week,0.906372386142159,Bin,7.0,8.0
HHS Region 6,Season peak week,week,0.00229285557291363,Bin,8.0,9.0
HHS Region 6,Season peak week,week,0.000728743560757565,Bin,9.0,10.0
HHS Region 6,Season peak week,week,0.000863609166825144,Bin,10.0,11.0
HHS Region 6,Season peak week,week,0.00130194065179192,Bin,11.0,12.0
HHS Region 6,Season peak week,week,0.00081446980483969,Bin,12.0,13.0
HHS Region 6,Season peak week,week,0.0232348626507201,Bin,13.0,14.0
HHS Region 6,Season peak week,week,0.0115408409500439,Bin,14.0,15.0
HHS Region 6,Season peak week,week,0.0115330104670878,Bin,15.0,16.0
HHS Region 6,Season peak week,week,0.00385453568541781,Bin,16.0,17.0
HHS Region 6,Season peak week,week,0.00193491699000031,Bin,17.0,18.0
HHS Region 6,Season peak week,week,1.52982945828074e-05,Bin,18.0,19.0
HHS Region 6,Season peak week,week,0.00577415438083532,Bin,19.0,20.0
HHS Region 6,Season peak week,week,0.00193491699000031,Bin,20.0,21.0
HHS Region 6,Season peak percentage,percent,6.03444838000946e-07,Bin,0.0,0.1
HHS Region 6,Season peak percentage,percent,1.25571806746289e-06,Bin,0.1,0.2
HHS Region 6,Season peak percentage,percent,1.54317788917892e-06,Bin,0.2,0.3
HHS Region 6,Season peak percentage,percent,1.92147149287055e-06,Bin,0.3,0.4
HHS Region 6,Season peak percentage,percent,2.3802254870339e-06,Bin,0.4,0.5
HHS Region 6,Season peak percentage,percent,2.93230626657823e-06,Bin,0.5,0.6
HHS Region 6,Season peak percentage,percent,3.59457945565932e-06,Bin,0.6,0.7
HHS Region 6,Season peak percentage,percent,4.38212007516013e-06,Bin,0.7,0.8
HHS Region 6,Season peak percentage,percent,5.31603038354861e-06,Bin,0.8,0.9
HHS Region 6,Season peak percentage,percent,6.41393755871883e-06,Bin,0.9,1.0
HHS Region 6,Season peak percentage,percent,7.70067985557515e-06,Bin,1.0,1.1
HHS Region 6,Season peak percentage,percent,9.19643680866842e-06,Bin,1.1,1.2
HHS Region 6,Season peak percentage,percent,1.09290317068726e-05,Bin,1.2,1.3
HHS Region 6,Season peak percentage,percent,1.29205905740178e-05,Bin,1.3,1.4
HHS Region 6,Season peak percentage,percent,1.5200722944091e-05,Bin,1.4,1.5
HHS Region 6,Season peak percentage,percent,1.77925419006002e-05,Bin,1.5,1.6
HHS Region 6,Season peak percentage,percent,2.07259787214656e-05,Bin,1.6,1.7
HHS Region 6,Season peak percentage,percent,2.40235864514539e-05,Bin,1.7,1.8
HHS Region 6,Season peak percentage,percent,2.77129697276068e-05,Bin,1.8,1.9
HHS Region 6,Season peak percentage,percent,3.18153678052624e-05,Bin,1.9,2.0
HHS Region 6,Season peak percentage,percent,3.6353017234446e-05,Bin,2.0,2.1
HHS Region 6,Season peak percentage,percent,4.13443946393085e-05,Bin,2.1,2.2
HHS Region 6,Season peak percentage,percent,4.68038095045815e-05,Bin,2.2,2.3
HHS Region 6,Season peak percentage,percent,5.27450404254962e-05,Bin,2.3,2.4
HHS Region 6,Season peak percentage,percent,5.9172575745249e-05,Bin,2.4,2.5
HHS Region 6,Season peak percentage,percent,6.60935927370071e-05,Bin,2.5,2.6
HHS Region 6,Season peak percentage,percent,7.35024727536664e-05,Bin,2.6,2.7
HHS Region 6,Season peak percentage,percent,8.13949073217417e-05,Bin,2.7,2.8
HHS Region 6,Season peak percentage,percent,8.97580481578839e-05,Bin,2.8,2.9
HHS Region 6,Season peak percentage,percent,9.85744449277363e-05,Bin,2.9,3.0
HHS Region 6,Season peak percentage,percent,0.000107823757229044,Bin,3.0,3.1
HHS Region 6,Season peak percentage,percent,0.000117476112398384,Bin,3.1,3.2
HHS Region 6,Season peak percentage,percent,0.000127504044904907,Bin,3.2,3.3
HHS Region 6,Season peak percentage,percent,0.000137867077545795,Bin,3.3,3.4
HHS Region 6,Season peak percentage,percent,0.000148531066390257,Bin,3.4,3.5
HHS Region 6,Season peak percentage,percent,0.000159448484883347,Bin,3.5,3.6
HHS Region 6,Season peak percentage,percent,0.000170578534558032,Bin,3.6,3.7
HHS Region 6,Season peak percentage,percent,0.000181870844531262,Bin,3.7,3.8
HHS Region 6,Season peak percentage,percent,0.000193279886530137,Bin,3.8,3.9
HHS Region 6,Season peak percentage,percent,0.000204755319797987,Bin,3.9,4.0
HHS Region 6,Season peak percentage,percent,0.00021624968514567,Bin,4.0,4.1
HHS Region 6,Season peak percentage,percent,0.000227715580972169,Bin,4.1,4.2
HHS Region 6,Season peak percentage,percent,0.000239106574950801,Bin,4.2,4.3
HHS Region 6,Season peak percentage,percent,0.000250380878934552,Bin,4.3,4.4
HHS Region 6,Season peak percentage,percent,0.000261496297631224,Bin,4.4,4.5
HHS Region 6,Season peak percentage,percent,0.00027241870966458,Bin,4.5,4.6
HHS Region 6,Season peak percentage,percent,0.000283113993282208,Bin,4.6,4.7
HHS Region 6,Season peak percentage,percent,0.000293556843677834,Bin,4.7,4.8
HHS Region 6,Season peak percentage,percent,0.000303724585469765,Bin,4.8,4.9
HHS Region 6,Season peak percentage,percent,0.000313601941562707,Bin,4.9,5.0
HHS Region 6,Season peak percentage,percent,0.000323180012384478,Bin,5.0,5.1
HHS Region 6,Season peak percentage,percent,0.000332454834696673,Bin,5.1,5.2
HHS Region 6,Season peak percentage,percent,0.000341431817690836,Bin,5.2,5.3
HHS Region 6,Season peak percentage,percent,0.000350119942107497,Bin,5.3,5.4
HHS Region 6,Season peak percentage,percent,0.000358537239192479,Bin,5.4,5.5
HHS Region 6,Season peak percentage,percent,0.000366706133935228,Bin,5.5,5.6
HHS Region 6,Season peak percentage,percent,0.904399883386652,Bin,5.6,5.7
HHS Region 6,Season peak percentage,percent,0.00807624897533794,Bin,5.7,5.8
HHS Region 6,Season peak percentage,percent,0.00423694496818462,Bin,5.8,5.9
HHS Region 6,Season peak percentage,percent,0.00232098854245977,Bin,5.9,6.0
HHS Region 6,Season peak percentage,percent,0.00232841978969921,Bin,6.0,6.1
HHS Region 6,Season peak percentage,percent,0.00233582160145686,Bin,6.1,6.2
HHS Region 6,Season peak percentage,percent,0.0100370648799777,Bin,6.2,6.3
HHS Region 6,Season peak percentage,percent,0.000427231745463037,Bin,6.3,6.4
HHS Region 6,Season peak percentage,percent,0.00428168157673677,Bin,6.4,6.5
HHS Region 6,Season peak percentage,percent,0.000442401006516092,Bin,6.5,6.6
HHS Region 6,Season peak percentage,percent,0.00237361584316426,Bin,6.6,6.7
HHS Region 6,Season peak percentage,percent,0.000458044479839962,Bin,6.7,6.8
HHS Region 6,Season peak percentage,percent,0.00815989625559084,Bin,6.8,6.9
HHS Region 6,Season peak percentage,percent,0.000474207863558801,Bin,6.9,7.0
HHS Region 6,Season peak percentage,percent,0.00240591737039532,Bin,7.0,7.1
HHS Region 6,Season peak percentage,percent,0.00241424901248427,Bin,7.1,7.2
HHS Region 6,Season peak percentage,percent,0.000499168621573956,Bin,7.2,7.3
HHS Region 6,Season peak percentage,percent,0.00050754834806343,Bin,7.3,7.4
HHS Region 6,Season peak percentage,percent,0.00243933834219916,Bin,7.4,7.5
HHS Region 6,Season peak percentage,percent,0.000524108376014712,Bin,7.5,7.6
HHS Region 6,Season peak percentage,percent,0.000532172821468157,Bin,7.6,7.7
HHS Region 6,Season peak percentage,percent,0.000540007978524671,Bin,7.7,7.8
HHS Region 6,Season peak percentage,percent,0.000547552064403662,Bin,7.8,7.9
HHS Region 6,Season peak percentage,percent,0.000554733169871673,Bin,7.9,8.0
HHS Region 6,Season peak percentage,percent,0.000561493048697205,Bin,8.0,8.1
HHS Region 6,Season peak percentage,percent,0.000567758917759683,Bin,8.1,8.2
HHS Region 6,Season peak percentage,percent,0.000573477923232892,Bin,8.2,8.3
HHS Region 6,Season peak percentage,percent,0.00250203814426166,Bin,8.3,8.4
HHS Region 6,Season peak percentage,percent,0.00635339320960102,Bin,8.4,8.5
HHS Region 6,Season peak percentage,percent,0.00058673022456036,Bin,8.5,8.6
HHS Region 6,Season peak percentage,percent,0.000589672157707657,Bin,8.6,8.7
HHS Region 6,Season peak percentage,percent,0.000591784806742275,Bin,8.7,8.8
HHS Region 6,Season peak percentage,percent,0.000593032138523587,Bin,8.8,8.9
HHS Region 6,Season peak percentage,percent,0.000593358540187828,Bin,8.9,9.0
HHS Region 6,Season peak percentage,percent,0.000592730483175227,Bin,9.0,9.1
HHS Region 6,Season peak percentage,percent,0.000591099064385067,Bin,9.1,9.2
HHS Region 6,Season peak percentage,percent,0.00058843037154207,Bin,9.2,9.3
HHS Region 6,Season peak percentage,percent,0.00250814227039467,Bin,9.3,9.4
HHS Region 6,Season peak percentage,percent,0.000579828090662911,Bin,9.4,9.5
HHS Region 6,Season peak percentage,percent,0.00249729176953976,Bin,9.5,9.6
HHS Region 6,Season peak percentage,percent,0.0005666726827216,Bin,9.6,9.7
HHS Region 6,Season peak percentage,percent,0.000558332610915712,Bin,9.7,9.8
HHS Region 6,Season peak percentage,percent,0.000548797545344153,Bin,9.8,9.9
HHS Region 6,Season peak percentage,percent,0.000538071364294202,Bin,9.9,10.0
HHS Region 6,Season peak percentage,percent,0.000526162566876103,Bin,10.0,10.1
HHS Region 6,Season peak percentage,percent,0.000513091538588367,Bin,10.1,10.2
HHS Region 6,Season peak percentage,percent,0.000498898713645094,Bin,10.2,10.3
HHS Region 6,Season peak percentage,percent,0.000483624494547359,Bin,10.3,10.4
HHS Region 6,Season peak percentage,percent,0.000467343363974917,Bin,10.4,10.5
HHS Region 6,Season peak percentage,percent,0.000450119013699255,Bin,10.5,10.6
HHS Region 6,Season peak percentage,percent,0.000432056860866218,Bin,10.6,10.7
HHS Region 6,Season peak percentage,percent,0.000413247113416439,Bin,10.7,10.8
HHS Region 6,Season peak percentage,percent,0.00039381743837515,Bin,10.8,10.9
HHS Region 6,Season peak percentage,percent,0.000373882771391929,Bin,10.9,11.0
HHS Region 6,Season peak percentage,percent,0.000353583834218431,Bin,11.0,11.1
HHS Region 6,Season peak percentage,percent,0.000333053129965747,Bin,11.1,11.2
HHS Region 6,Season peak percentage,percent,0.000312434753652434,Bin,11.2,11.3
HHS Region 6,Season peak percentage,percent,0.000291869056473557,Bin,11.3,11.4
HHS Region 6,Season peak percentage,percent,0.000271492715302006,Bin,11.4,11.5
HHS Region 6,Season peak percentage,percent,0.000251443250347521,Bin,11.5,11.6
HHS Region 6,Season peak percentage,percent,0.00023184068208006,Bin,11.6,11.7
HHS Region 6,Season peak percentage,percent,0.000212807382328321,Bin,11.7,11.8
HHS Region 6,Season peak percentage,percent,0.000194441847348366,Bin,11.8,11.9
HHS Region 6,Season peak percentage,percent,0.000176840111044298,Bin,11.9,12.0
HHS Region 6,Season peak percentage,percent,0.000160076489606003,Bin,12.0,12.1
HHS Region 6,Season peak percentage,percent,0.000144213903834523,Bin,12.1,12.2
HHS Region 6,Season peak percentage,percent,0.000129301544794403,Bin,12.2,12.3
HHS Region 6,Season peak percentage,percent,0.000115366607801858,Bin,12.3,12.4
HHS Region 6,Season peak percentage,percent,0.000102434544535029,Bin,12.4,12.5
HHS Region 6,Season peak percentage,percent,9.0500740173878e-05,Bin,12.5,12.6
HHS Region 6,Season peak percentage,percent,7.95625693818816e-05,Bin,12.6,12.7
HHS Region 6,Season peak percentage,percent,6.95953162181779e-05,Bin,12.7,12.8
HHS Region 6,Season peak percentage,percent,6.05707594881899e-05,Bin,12.8,12.9
HHS Region 6,Season peak percentage,percent,5.24501659369542e-05,Bin,12.9,13.0
HHS Region 6,Season peak percentage,percent,0.000277460914676624,Bin,13.0,100.0
HHS Region 6,1 wk ahead,percent,1.07661938810709e-09,Bin,0.0,0.1
HHS Region 6,1 wk ahead,percent,2.74846731988679e-09,Bin,0.1,0.2
HHS Region 6,1 wk ahead,percent,3.57574181431794e-09,Bin,0.2,0.3
HHS Region 6,1 wk ahead,percent,4.35360495179231e-09,Bin,0.3,0.4
HHS Region 6,1 wk ahead,percent,4.97310020383283e-09,Bin,0.4,0.5
HHS Region 6,1 wk ahead,percent,5.34042749213806e-09,Bin,0.5,0.6
HHS Region 6,1 wk ahead,percent,5.39860861890447e-09,Bin,0.6,0.7
HHS Region 6,1 wk ahead,percent,5.13948765858382e-09,Bin,0.7,0.8
HHS Region 6,1 wk ahead,percent,4.60588309498932e-09,Bin,0.8,0.9
HHS Region 6,1 wk ahead,percent,3.88246693626695e-09,Bin,0.9,1.0
HHS Region 6,1 wk ahead,percent,3.07826554083633e-09,Bin,1.0,1.1
HHS Region 6,1 wk ahead,percent,2.30547721380787e-09,Bin,1.1,1.2
HHS Region 6,1 wk ahead,percent,1.66019277101054e-09,Bin,1.2,1.3
HHS Region 6,1 wk ahead,percent,1.21127189725782e-09,Bin,1.3,1.4
HHS Region 6,1 wk ahead,percent,9.99206777402546e-10,Bin,1.4,1.5
HHS Region 6,1 wk ahead,percent,1.04288882435057e-09,Bin,1.5,1.6
HHS Region 6,1 wk ahead,percent,0.00200000098216968,Bin,1.6,1.7
HHS Region 6,1 wk ahead,percent,1.9095483444518e-09,Bin,1.7,1.8
HHS Region 6,1 wk ahead,percent,2.71549328023642e-09,Bin,1.8,1.9
HHS Region 6,1 wk ahead,percent,3.73608042787969e-09,Bin,1.9,2.0
HHS Region 6,1 wk ahead,percent,0.00600000382338689,Bin,2.0,2.1
HHS Region 6,1 wk ahead,percent,0.00400000545619096,Bin,2.1,2.2
HHS Region 6,1 wk ahead,percent,0.0140000048778264,Bin,2.2,2.3
HHS Region 6,1 wk ahead,percent,0.022000004531064,Bin,2.3,2.4
HHS Region 6,1 wk ahead,percent,0.0220000054056971,Bin,2.4,2.5
HHS Region 6,1 wk ahead,percent,0.0300000045023067,Bin,2.5,2.6
HHS Region 6,1 wk ahead,percent,0.0599999992293802,Bin,2.6,2.7
HHS Region 6,1 wk ahead,percent,0.0380000031129469,Bin,2.7,2.8
HHS Region 6,1 wk ahead,percent,0.065999997553252,Bin,2.8,2.9
HHS Region 6,1 wk ahead,percent,0.0839999935569849,Bin,2.9,3.0
HHS Region 6,1 wk ahead,percent,0.121999985692231,Bin,3.0,3.1
HHS Region 6,1 wk ahead,percent,0.0739999933772246,Bin,3.1,3.2
HHS Region 6,1 wk ahead,percent,0.063999994024567,Bin,3.2,3.3
HHS Region 6,1 wk ahead,percent,0.0439999964818088,Bin,3.3,3.4
HHS Region 6,1 wk ahead,percent,0.0679999909676162,Bin,3.4,3.5
HHS Region 6,1 wk ahead,percent,0.03599999582338,Bin,3.5,3.6
HHS Region 6,1 wk ahead,percent,0.0299999961161496,Bin,3.6,3.7
HHS Region 6,1 wk ahead,percent,0.0319999951487719,Bin,3.7,3.8
HHS Region 6,1 wk ahead,percent,0.0399999932709704,Bin,3.8,3.9
HHS Region 6,1 wk ahead,percent,0.0199999966593912,Bin,3.9,4.0
HHS Region 6,1 wk ahead,percent,0.0239999957730134,Bin,4.0,4.1
HHS Region 6,1 wk ahead,percent,0.00799999861191952,Bin,4.1,4.2
HHS Region 6,1 wk ahead,percent,0.0159999971087106,Bin,4.2,4.3
HHS Region 6,1 wk ahead,percent,0.0139999974614936,Bin,4.3,4.4
HHS Region 6,1 wk ahead,percent,0.00599999892296771,Bin,4.4,4.5
HHS Region 6,1 wk ahead,percent,0.0139999974614868,Bin,4.5,4.6
HHS Region 6,1 wk ahead,percent,0.00399999928833794,Bin,4.6,4.7
HHS Region 6,1 wk ahead,percent,0.00599999892296771,Bin,4.7,4.8
HHS Region 6,1 wk ahead,percent,1.90783921172908e-11,Bin,4.8,4.9
HHS Region 6,1 wk ahead,percent,1.90783921172908e-11,Bin,4.9,5.0
HHS Region 6,1 wk ahead,percent,1.90783921172908e-11,Bin,5.0,5.1
HHS Region 6,1 wk ahead,percent,1.90783921172908e-11,Bin,5.1,5.2
HHS Region 6,1 wk ahead,percent,0.00399999928833794,Bin,5.2,5.3
HHS Region 6,1 wk ahead,percent,1.90783921172908e-11,Bin,5.3,5.4
HHS Region 6,1 wk ahead,percent,1.90783921172908e-11,Bin,5.4,5.5
HHS Region 6,1 wk ahead,percent,1.90783921172908e-11,Bin,5.5,5.6
HHS Region 6,1 wk ahead,percent,0.00199999965370816,Bin,5.6,5.7
HHS Region 6,1 wk ahead,percent,1.90783921172908e-11,Bin,5.7,5.8
HHS Region 6,1 wk ahead,percent,1.90783921172908e-11,Bin,5.8,5.9
HHS Region 6,1 wk ahead,percent,1.90783921172908e-11,Bin,5.9,6.0
HHS Region 6,1 wk ahead,percent,0.00199999965370816,Bin,6.0,6.1
HHS Region 6,1 wk ahead,percent,1.90783921172908e-11,Bin,6.1,6.2
HHS Region 6,1 wk ahead,percent,0.00799999855759748,Bin,6.2,6.3
HHS Region 6,1 wk ahead,percent,1.90783921172908e-11,Bin,6.3,6.4
HHS Region 6,1 wk ahead,percent,1.90783921172908e-11,Bin,6.4,6.5
HHS Region 6,1 wk ahead,percent,1.90783921172908e-11,Bin,6.5,6.6
HHS Region 6,1 wk ahead,percent,1.90783921172908e-11,Bin,6.6,6.7
HHS Region 6,1 wk ahead,percent,1.90783921172908e-11,Bin,6.7,6.8
HHS Region 6,1 wk ahead,percent,0.00599999892296771,Bin,6.8,6.9
HHS Region 6,1 wk ahead,percent,1.90783921172908e-11,Bin,6.9,7.0
HHS Region 6,1 wk ahead,percent,1.90783921172908e-11,Bin,7.0,7.1
HHS Region 6,1 wk ahead,percent,1.90783921172908e-11,Bin,7.1,7.2
HHS Region 6,1 wk ahead,percent,1.90783921172908e-11,Bin,7.2,7.3
HHS Region 6,1 wk ahead,percent,1.90783921172908e-11,Bin,7.3,7.4
HHS Region 6,1 wk ahead,percent,1.90783921172908e-11,Bin,7.4,7.5
HHS Region 6,1 wk ahead,percent,1.90783921172908e-11,Bin,7.5,7.6
HHS Region 6,1 wk ahead,percent,1.90783921172908e-11,Bin,7.6,7.7
HHS Region 6,1 wk ahead,percent,1.90783921172908e-11,Bin,7.7,7.8
HHS Region 6,1 wk ahead,percent,1.90783921172908e-11,Bin,7.8,7.9
HHS Region 6,1 wk ahead,percent,1.90783921172908e-11,Bin,7.9,8.0
HHS Region 6,1 wk ahead,percent,1.9078392117291e-11,Bin,8.0,8.1
HHS Region 6,1 wk ahead,percent,1.90783921172912e-11,Bin,8.1,8.2
HHS Region 6,1 wk ahead,percent,1.90783921172912e-11,Bin,8.2,8.3
HHS Region 6,1 wk ahead,percent,1.90783921172912e-11,Bin,8.3,8.4
HHS Region 6,1 wk ahead,percent,0.00599999892296771,Bin,8.4,8.5
HHS Region 6,1 wk ahead,percent,1.90783921172912e-11,Bin,8.5,8.6
HHS Region 6,1 wk ahead,percent,1.90783921172912e-11,Bin,8.6,8.7
HHS Region 6,1 wk ahead,percent,1.90783921172912e-11,Bin,8.7,8.8
HHS Region 6,1 wk ahead,percent,1.90783921172912e-11,Bin,8.8,8.9
HHS Region 6,1 wk ahead,percent,1.90783921172912e-11,Bin,8.9,9.0
HHS Region 6,1 wk ahead,percent,1.90783921172912e-11,Bin,9.0,9.1
HHS Region 6,1 wk ahead,percent,1.90783921172912e-11,Bin,9.1,9.2
HHS Region 6,1 wk ahead,percent,1.90783921172912e-11,Bin,9.2,9.3
HHS Region 6,1 wk ahead,percent,0.00199999965370816,Bin,9.3,9.4
HHS Region 6,1 wk ahead,percent,1.90783921172912e-11,Bin,9.4,9.5
HHS Region 6,1 wk ahead,percent,1.90783921172912e-11,Bin,9.5,9.6
HHS Region 6,1 wk ahead,percent,1.90783921172912e-11,Bin,9.6,9.7
HHS Region 6,1 wk ahead,percent,1.90783921172912e-11,Bin,9.7,9.8
HHS Region 6,1 wk ahead,percent,1.90783921172912e-11,Bin,9.8,9.9
HHS Region 6,1 wk ahead,percent,1.90783921172912e-11,Bin,9.9,10.0
HHS Region 6,1 wk ahead,percent,1.90783921172912e-11,Bin,10.0,10.1
HHS Region 6,1 wk ahead,percent,1.90783921172912e-11,Bin,10.1,10.2
HHS Region 6,1 wk ahead,percent,1.90783921172912e-11,Bin,10.2,10.3
HHS Region 6,1 wk ahead,percent,1.90783921172912e-11,Bin,10.3,10.4
HHS Region 6,1 wk ahead,percent,1.90783921172912e-11,Bin,10.4,10.5
HHS Region 6,1 wk ahead,percent,1.90783921172912e-11,Bin,10.5,10.6
HHS Region 6,1 wk ahead,percent,1.90783921172912e-11,Bin,10.6,10.7
HHS Region 6,1 wk ahead,percent,1.90783921172912e-11,Bin,10.7,10.8
HHS Region 6,1 wk ahead,percent,1.90783921172912e-11,Bin,10.8,10.9
HHS Region 6,1 wk ahead,percent,1.90783921172912e-11,Bin,10.9,11.0
HHS Region 6,1 wk ahead,percent,1.90783921172912e-11,Bin,11.0,11.1
HHS Region 6,1 wk ahead,percent,1.90783921172912e-11,Bin,11.1,11.2
HHS Region 6,1 wk ahead,percent,1.90783921172912e-11,Bin,11.2,11.3
HHS Region 6,1 wk ahead,percent,1.90783921172912e-11,Bin,11.3,11.4
HHS Region 6,1 wk ahead,percent,1.90783921172912e-11,Bin,11.4,11.5
HHS Region 6,1 wk ahead,percent,1.90783921172912e-11,Bin,11.5,11.6
HHS Region 6,1 wk ahead,percent,1.90783921172912e-11,Bin,11.6,11.7
HHS Region 6,1 wk ahead,percent,1.90783921172912e-11,Bin,11.7,11.8
HHS Region 6,1 wk ahead,percent,1.90783921172912e-11,Bin,11.8,11.9
HHS Region 6,1 wk ahead,percent,1.90783921172912e-11,Bin,11.9,12.0
HHS Region 6,1 wk ahead,percent,1.90783921172912e-11,Bin,12.0,12.1
HHS Region 6,1 wk ahead,percent,1.90783921172912e-11,Bin,12.1,12.2
HHS Region 6,1 wk ahead,percent,1.90783921172912e-11,Bin,12.2,12.3
HHS Region 6,1 wk ahead,percent,1.90783921172912e-11,Bin,12.3,12.4
HHS Region 6,1 wk ahead,percent,1.90783921172912e-11,Bin,12.4,12.5
HHS Region 6,1 wk ahead,percent,1.90783921172912e-11,Bin,12.5,12.6
HHS Region 6,1 wk ahead,percent,1.90783921172912e-11,Bin,12.6,12.7
HHS Region 6,1 wk ahead,percent,1.90783921172912e-11,Bin,12.7,12.8
HHS Region 6,1 wk ahead,percent,1.90783921172912e-11,Bin,12.8,12.9
HHS Region 6,1 wk ahead,percent,1.90783921172912e-11,Bin,12.9,13.0
HHS Region 6,1 wk ahead,percent,1.90783921172912e-11,Bin,13.0,100.0
HHS Region 6,2 wk ahead,percent,9.30380835794074e-10,Bin,0.0,0.1
HHS Region 6,2 wk ahead,percent,2.37788934272723e-09,Bin,0.1,0.2
HHS Region 6,2 wk ahead,percent,3.1191496336964e-09,Bin,0.2,0.3
HHS Region 6,2 wk ahead,percent,3.85484326332517e-09,Bin,0.3,0.4
HHS Region 6,2 wk ahead,percent,4.49423691182126e-09,Bin,0.4,0.5
HHS Region 6,2 wk ahead,percent,4.94916501402777e-09,Bin,0.5,0.6
HHS Region 6,2 wk ahead,percent,5.1551064221669e-09,Bin,0.6,0.7
HHS Region 6,2 wk ahead,percent,5.08749498041355e-09,Bin,0.7,0.8
HHS Region 6,2 wk ahead,percent,4.7699962821201e-09,Bin,0.8,0.9
HHS Region 6,2 wk ahead,percent,4.2715365921331e-09,Bin,0.9,1.0
HHS Region 6,2 wk ahead,percent,3.69369353853606e-09,Bin,1.0,1.1
HHS Region 6,2 wk ahead,percent,3.15181315687065e-09,Bin,1.1,1.2
HHS Region 6,2 wk ahead,percent,2.75408794892757e-09,Bin,1.2,1.3
HHS Region 6,2 wk ahead,percent,2.58274492047796e-09,Bin,1.3,1.4
HHS Region 6,2 wk ahead,percent,0.00200000231549413,Bin,1.4,1.5
HHS Region 6,2 wk ahead,percent,3.0473486088161e-09,Bin,1.5,1.6
HHS Region 6,2 wk ahead,percent,0.00200000327457427,Bin,1.6,1.7
HHS Region 6,2 wk ahead,percent,0.00200000402151101,Bin,1.7,1.8
HHS Region 6,2 wk ahead,percent,0.0060000041069563,Bin,1.8,1.9
HHS Region 6,2 wk ahead,percent,0.012000003815186,Bin,1.9,2.0
HHS Region 6,2 wk ahead,percent,0.0160000038134303,Bin,2.0,2.1
HHS Region 6,2 wk ahead,percent,0.0240000029658512,Bin,2.1,2.2
HHS Region 6,2 wk ahead,percent,0.0240000034465554,Bin,2.2,2.3
HHS Region 6,2 wk ahead,percent,0.0340000019620572,Bin,2.3,2.4
HHS Region 6,2 wk ahead,percent,0.0420000007016041,Bin,2.4,2.5
HHS Region 6,2 wk ahead,percent,0.065999996368274,Bin,2.5,2.6
HHS Region 6,2 wk ahead,percent,0.0779999940622267,Bin,2.6,2.7
HHS Region 6,2 wk ahead,percent,0.0679999955951243,Bin,2.7,2.8
HHS Region 6,2 wk ahead,percent,0.0679999951158903,Bin,2.8,2.9
HHS Region 6,2 wk ahead,percent,0.0679999944650295,Bin,2.9,3.0
HHS Region 6,2 wk ahead,percent,0.0719999929470604,Bin,3.0,3.1
HHS Region 6,2 wk ahead,percent,0.0419999975560188,Bin,3.1,3.2
HHS Region 6,2 wk ahead,percent,0.0579999937359676,Bin,3.2,3.3
HHS Region 6,2 wk ahead,percent,0.0399999961570875,Bin,3.3,3.4
HHS Region 6,2 wk ahead,percent,0.0439999946331096,Bin,3.4,3.5
HHS Region 6,2 wk ahead,percent,0.0499999928472958,Bin,3.5,3.6
HHS Region 6,2 wk ahead,percent,0.0199999977566819,Bin,3.6,3.7
HHS Region 6,2 wk ahead,percent,0.0139999984024517,Bin,3.7,3.8
HHS Region 6,2 wk ahead,percent,0.0219999966036607,Bin,3.8,3.9
HHS Region 6,2 wk ahead,percent,0.0219999963644657,Bin,3.9,4.0
HHS Region 6,2 wk ahead,percent,0.0159999973005836,Bin,4.0,4.1
HHS Region 6,2 wk ahead,percent,0.0179999968345874,Bin,4.1,4.2
HHS Region 6,2 wk ahead,percent,0.0119999978713833,Bin,4.2,4.3
HHS Region 6,2 wk ahead,percent,3.09061499342209e-11,Bin,4.3,4.4
HHS Region 6,2 wk ahead,percent,0.00999999818904165,Bin,4.4,4.5
HHS Region 6,2 wk ahead,percent,0.00599999891864898,Bin,4.5,4.6
HHS Region 6,2 wk ahead,percent,0.00599999891864898,Bin,4.6,4.7
HHS Region 6,2 wk ahead,percent,0.00599999891864898,Bin,4.7,4.8
HHS Region 6,2 wk ahead,percent,0.00399999928401921,Bin,4.8,4.9
HHS Region 6,2 wk ahead,percent,0.00199999964938943,Bin,4.9,5.0
HHS Region 6,2 wk ahead,percent,0.00399999928401921,Bin,5.0,5.1
HHS Region 6,2 wk ahead,percent,1.47596615685352e-11,Bin,5.1,5.2
HHS Region 6,2 wk ahead,percent,1.47596615685352e-11,Bin,5.2,5.3
HHS Region 6,2 wk ahead,percent,1.47596615685352e-11,Bin,5.3,5.4
HHS Region 6,2 wk ahead,percent,0.00399999928401921,Bin,5.4,5.5
HHS Region 6,2 wk ahead,percent,1.47596615685352e-11,Bin,5.5,5.6
HHS Region 6,2 wk ahead,percent,0.00199999964938943,Bin,5.6,5.7
HHS Region 6,2 wk ahead,percent,0.00599999891864898,Bin,5.7,5.8
HHS Region 6,2 wk ahead,percent,0.00199999964938943,Bin,5.8,5.9
HHS Region 6,2 wk ahead,percent,1.47596615685352e-11,Bin,5.9,6.0
HHS Region 6,2 wk ahead,percent,1.47596615685352e-11,Bin,6.0,6.1
HHS Region 6,2 wk ahead,percent,1.47596615685352e-11,Bin,6.1,6.2
HHS Region 6,2 wk ahead,percent,1.47596615685352e-11,Bin,6.2,6.3
HHS Region 6,2 wk ahead,percent,1.47596615685352e-11,Bin,6.3,6.4
HHS Region 6,2 wk ahead,percent,0.00399999928401921,Bin,6.4,6.5
HHS Region 6,2 wk ahead,percent,1.47596615685352e-11,Bin,6.5,6.6
HHS Region 6,2 wk ahead,percent,1.47596615685352e-11,Bin,6.6,6.7
HHS Region 6,2 wk ahead,percent,1.47596615685352e-11,Bin,6.7,6.8
HHS Region 6,2 wk ahead,percent,1.47596615685352e-11,Bin,6.8,6.9
HHS Region 6,2 wk ahead,percent,1.47596615685352e-11,Bin,6.9,7.0
HHS Region 6,2 wk ahead,percent,0.00199999964938943,Bin,7.0,7.1
HHS Region 6,2 wk ahead,percent,1.47596615685352e-11,Bin,7.1,7.2
HHS Region 6,2 wk ahead,percent,1.47596615685352e-11,Bin,7.2,7.3
HHS Region 6,2 wk ahead,percent,1.47596615685352e-11,Bin,7.3,7.4
HHS Region 6,2 wk ahead,percent,1.47596615685352e-11,Bin,7.4,7.5
HHS Region 6,2 wk ahead,percent,1.47596615685352e-11,Bin,7.5,7.6
HHS Region 6,2 wk ahead,percent,1.47596615685352e-11,Bin,7.6,7.7
HHS Region 6,2 wk ahead,percent,1.47596615685352e-11,Bin,7.7,7.8
HHS Region 6,2 wk ahead,percent,1.47596615685352e-11,Bin,7.8,7.9
HHS Region 6,2 wk ahead,percent,1.47596615685352e-11,Bin,7.9,8.0
HHS Region 6,2 wk ahead,percent,1.47596615685354e-11,Bin,8.0,8.1
HHS Region 6,2 wk ahead,percent,1.47596615685355e-11,Bin,8.1,8.2
HHS Region 6,2 wk ahead,percent,1.47596615685355e-11,Bin,8.2,8.3
HHS Region 6,2 wk ahead,percent,1.47596615685355e-11,Bin,8.3,8.4
HHS Region 6,2 wk ahead,percent,1.47596615685355e-11,Bin,8.4,8.5
HHS Region 6,2 wk ahead,percent,1.47596615685355e-11,Bin,8.5,8.6
HHS Region 6,2 wk ahead,percent,1.47596615685355e-11,Bin,8.6,8.7
HHS Region 6,2 wk ahead,percent,1.47596615685355e-11,Bin,8.7,8.8
HHS Region 6,2 wk ahead,percent,1.47596615685355e-11,Bin,8.8,8.9
HHS Region 6,2 wk ahead,percent,1.47596615685355e-11,Bin,8.9,9.0
HHS Region 6,2 wk ahead,percent,1.47596615685355e-11,Bin,9.0,9.1
HHS Region 6,2 wk ahead,percent,1.47596615685355e-11,Bin,9.1,9.2
HHS Region 6,2 wk ahead,percent,1.47596615685355e-11,Bin,9.2,9.3
HHS Region 6,2 wk ahead,percent,1.47596615685355e-11,Bin,9.3,9.4
HHS Region 6,2 wk ahead,percent,1.47596615685355e-11,Bin,9.4,9.5
HHS Region 6,2 wk ahead,percent,1.47596615685355e-11,Bin,9.5,9.6
HHS Region 6,2 wk ahead,percent,1.47596615685355e-11,Bin,9.6,9.7
HHS Region 6,2 wk ahead,percent,1.47596615685355e-11,Bin,9.7,9.8
HHS Region 6,2 wk ahead,percent,1.47596615685355e-11,Bin,9.8,9.9
HHS Region 6,2 wk ahead,percent,1.47596615685355e-11,Bin,9.9,10.0
HHS Region 6,2 wk ahead,percent,1.47596615685355e-11,Bin,10.0,10.1
HHS Region 6,2 wk ahead,percent,1.47596615685355e-11,Bin,10.1,10.2
HHS Region 6,2 wk ahead,percent,1.47596615685355e-11,Bin,10.2,10.3
HHS Region 6,2 wk ahead,percent,1.47596615685355e-11,Bin,10.3,10.4
HHS Region 6,2 wk ahead,percent,1.47596615685355e-11,Bin,10.4,10.5
HHS Region 6,2 wk ahead,percent,1.47596615685355e-11,Bin,10.5,10.6
HHS Region 6,2 wk ahead,percent,1.47596615685355e-11,Bin,10.6,10.7
HHS Region 6,2 wk ahead,percent,1.47596615685355e-11,Bin,10.7,10.8
HHS Region 6,2 wk ahead,percent,1.47596615685355e-11,Bin,10.8,10.9
HHS Region 6,2 wk ahead,percent,1.47596615685355e-11,Bin,10.9,11.0
HHS Region 6,2 wk ahead,percent,1.47596615685355e-11,Bin,11.0,11.1
HHS Region 6,2 wk ahead,percent,1.47596615685355e-11,Bin,11.1,11.2
HHS Region 6,2 wk ahead,percent,1.47596615685355e-11,Bin,11.2,11.3
HHS Region 6,2 wk ahead,percent,1.47596615685355e-11,Bin,11.3,11.4
HHS Region 6,2 wk ahead,percent,1.47596615685355e-11,Bin,11.4,11.5
HHS Region 6,2 wk ahead,percent,1.47596615685355e-11,Bin,11.5,11.6
HHS Region 6,2 wk ahead,percent,1.47596615685355e-11,Bin,11.6,11.7
HHS Region 6,2 wk ahead,percent,1.47596615685355e-11,Bin,11.7,11.8
HHS Region 6,2 wk ahead,percent,1.47596615685355e-11,Bin,11.8,11.9
HHS Region 6,2 wk ahead,percent,1.47596615685355e-11,Bin,11.9,12.0
HHS Region 6,2 wk ahead,percent,1.47596615685355e-11,Bin,12.0,12.1
HHS Region 6,2 wk ahead,percent,1.47596615685355e-11,Bin,12.1,12.2
HHS Region 6,2 wk ahead,percent,1.47596615685355e-11,Bin,12.2,12.3
HHS Region 6,2 wk ahead,percent,1.47596615685355e-11,Bin,12.3,12.4
HHS Region 6,2 wk ahead,percent,1.47596615685355e-11,Bin,12.4,12.5
HHS Region 6,2 wk ahead,percent,1.47596615685355e-11,Bin,12.5,12.6
HHS Region 6,2 wk ahead,percent,1.47596615685355e-11,Bin,12.6,12.7
HHS Region 6,2 wk ahead,percent,1.47596615685355e-11,Bin,12.7,12.8
HHS Region 6,2 wk ahead,percent,1.47596615685355e-11,Bin,12.8,12.9
HHS Region 6,2 wk ahead,percent,1.47596615685355e-11,Bin,12.9,13.0
HHS Region 6,2 wk ahead,percent,1.47596615685355e-11,Bin,13.0,100.0
HHS Region 6,3 wk ahead,percent,8.85784147637753e-10,Bin,0.0,0.1
HHS Region 6,3 wk ahead,percent,2.04648149901767e-09,Bin,0.1,0.2
HHS Region 6,3 wk ahead,percent,2.42906289907592e-09,Bin,0.2,0.3
HHS Region 6,3 wk ahead,percent,2.82078015803164e-09,Bin,0.3,0.4
HHS Region 6,3 wk ahead,percent,3.20991917963595e-09,Bin,0.4,0.5
HHS Region 6,3 wk ahead,percent,3.58574740253611e-09,Bin,0.5,0.6
HHS Region 6,3 wk ahead,percent,3.93964393328858e-09,Bin,0.6,0.7
HHS Region 6,3 wk ahead,percent,4.26594364599961e-09,Bin,0.7,0.8
HHS Region 6,3 wk ahead,percent,4.56240736431448e-09,Bin,0.8,0.9
HHS Region 6,3 wk ahead,percent,4.83015192597355e-09,Bin,0.9,1.0
HHS Region 6,3 wk ahead,percent,5.07323919894469e-09,Bin,1.0,1.1
HHS Region 6,3 wk ahead,percent,5.29789035689367e-09,Bin,1.1,1.2
HHS Region 6,3 wk ahead,percent,5.51141099132308e-09,Bin,1.2,1.3
HHS Region 6,3 wk ahead,percent,5.72090332652137e-09,Bin,1.3,1.4
HHS Region 6,3 wk ahead,percent,0.00200000556654142,Bin,1.4,1.5
HHS Region 6,3 wk ahead,percent,0.00400000541637801,Bin,1.5,1.6
HHS Region 6,3 wk ahead,percent,0.00800000490381549,Bin,1.6,1.7
HHS Region 6,3 wk ahead,percent,0.00800000511924737,Bin,1.7,1.8
HHS Region 6,3 wk ahead,percent,0.0240000023988295,Bin,1.8,1.9
HHS Region 6,3 wk ahead,percent,0.0160000040362326,Bin,1.9,2.0
HHS Region 6,3 wk ahead,percent,0.0220000030735357,Bin,2.0,2.1
HHS Region 6,3 wk ahead,percent,0.0360000005907646,Bin,2.1,2.2
HHS Region 6,3 wk ahead,percent,0.0360000005928824,Bin,2.2,2.3
HHS Region 6,3 wk ahead,percent,0.0839999917429599,Bin,2.3,2.4
HHS Region 6,3 wk ahead,percent,0.0979999890157955,Bin,2.4,2.5
HHS Region 6,3 wk ahead,percent,0.0619999953344346,Bin,2.5,2.6
HHS Region 6,3 wk ahead,percent,0.0739999928012915,Bin,2.6,2.7
HHS Region 6,3 wk ahead,percent,0.0539999960413113,Bin,2.7,2.8
HHS Region 6,3 wk ahead,percent,0.0519999959338046,Bin,2.8,2.9
HHS Region 6,3 wk ahead,percent,0.0599999939561248,Bin,2.9,3.0
HHS Region 6,3 wk ahead,percent,0.0459999959712291,Bin,3.0,3.1
HHS Region 6,3 wk ahead,percent,0.039999996515702,Bin,3.1,3.2
HHS Region 6,3 wk ahead,percent,0.029999997798205,Bin,3.2,3.3
HHS Region 6,3 wk ahead,percent,0.031999996910759,Bin,3.3,3.4
HHS Region 6,3 wk ahead,percent,0.0279999971545406,Bin,3.4,3.5
HHS Region 6,3 wk ahead,percent,0.0259999970782056,Bin,3.5,3.6
HHS Region 6,3 wk ahead,percent,0.0159999985155857,Bin,3.6,3.7
HHS Region 6,3 wk ahead,percent,0.0139999985473381,Bin,3.7,3.8
HHS Region 6,3 wk ahead,percent,0.0219999968084254,Bin,3.8,3.9
HHS Region 6,3 wk ahead,percent,0.0139999980461286,Bin,3.9,4.0
HHS Region 6,3 wk ahead,percent,0.0159999975057514,Bin,4.0,4.1
HHS Region 6,3 wk ahead,percent,0.00399999956535088,Bin,4.1,4.2
HHS Region 6,3 wk ahead,percent,0.0159999972758047,Bin,4.2,4.3
HHS Region 6,3 wk ahead,percent,0.0139999975720374,Bin,4.3,4.4
HHS Region 6,3 wk ahead,percent,8.20837605074137e-11,Bin,4.4,4.5
HHS Region 6,3 wk ahead,percent,0.0019999996850783,Bin,4.5,4.6
HHS Region 6,3 wk ahead,percent,0.00599999893397001,Bin,4.6,4.7
HHS Region 6,3 wk ahead,percent,0.00399999928841945,Bin,4.7,4.8
HHS Region 6,3 wk ahead,percent,0.00199999965297462,Bin,4.8,4.9
HHS Region 6,3 wk ahead,percent,0.00199999965297462,Bin,4.9,5.0
HHS Region 6,3 wk ahead,percent,0.00399999928760439,Bin,5.0,5.1
HHS Region 6,3 wk ahead,percent,1.83448506605263e-11,Bin,5.1,5.2
HHS Region 6,3 wk ahead,percent,0.00399999928760439,Bin,5.2,5.3
HHS Region 6,3 wk ahead,percent,1.83448506605263e-11,Bin,5.3,5.4
HHS Region 6,3 wk ahead,percent,1.83448506605263e-11,Bin,5.4,5.5
HHS Region 6,3 wk ahead,percent,0.00399999928760439,Bin,5.5,5.6
HHS Region 6,3 wk ahead,percent,0.00399999928760439,Bin,5.6,5.7
HHS Region 6,3 wk ahead,percent,0.00399999928760439,Bin,5.7,5.8
HHS Region 6,3 wk ahead,percent,0.00199999965297462,Bin,5.8,5.9
HHS Region 6,3 wk ahead,percent,1.83448506605263e-11,Bin,5.9,6.0
HHS Region 6,3 wk ahead,percent,1.83448506605263e-11,Bin,6.0,6.1
HHS Region 6,3 wk ahead,percent,1.83448506605263e-11,Bin,6.1,6.2
HHS Region 6,3 wk ahead,percent,0.00199999965297462,Bin,6.2,6.3
HHS Region 6,3 wk ahead,percent,1.83448506605263e-11,Bin,6.3,6.4
HHS Region 6,3 wk ahead,percent,1.83448506605263e-11,Bin,6.4,6.5
HHS Region 6,3 wk ahead,percent,1.83448506605263e-11,Bin,6.5,6.6
HHS Region 6,3 wk ahead,percent,1.83448506605263e-11,Bin,6.6,6.7
HHS Region 6,3 wk ahead,percent,1.83448506605263e-11,Bin,6.7,6.8
HHS Region 6,3 wk ahead,percent,1.83448506605263e-11,Bin,6.8,6.9
HHS Region 6,3 wk ahead,percent,1.83448506605263e-11,Bin,6.9,7.0
HHS Region 6,3 wk ahead,percent,1.83448506605263e-11,Bin,7.0,7.1
HHS Region 6,3 wk ahead,percent,1.83448506605263e-11,Bin,7.1,7.2
HHS Region 6,3 wk ahead,percent,1.83448506605263e-11,Bin,7.2,7.3
HHS Region 6,3 wk ahead,percent,1.83448506605263e-11,Bin,7.3,7.4
HHS Region 6,3 wk ahead,percent,1.83448506605263e-11,Bin,7.4,7.5
HHS Region 6,3 wk ahead,percent,1.83448506605263e-11,Bin,7.5,7.6
HHS Region 6,3 wk ahead,percent,1.83448506605263e-11,Bin,7.6,7.7
HHS Region 6,3 wk ahead,percent,1.83448506605263e-11,Bin,7.7,7.8
HHS Region 6,3 wk ahead,percent,1.83448506605263e-11,Bin,7.8,7.9
HHS Region 6,3 wk ahead,percent,1.83448506605263e-11,Bin,7.9,8.0
HHS Region 6,3 wk ahead,percent,1.83448506605264e-11,Bin,8.0,8.1
HHS Region 6,3 wk ahead,percent,1.83448506605266e-11,Bin,8.1,8.2
HHS Region 6,3 wk ahead,percent,1.83448506605266e-11,Bin,8.2,8.3
HHS Region 6,3 wk ahead,percent,0.00199999965297462,Bin,8.3,8.4
HHS Region 6,3 wk ahead,percent,1.83448506605266e-11,Bin,8.4,8.5
HHS Region 6,3 wk ahead,percent,1.83448506605266e-11,Bin,8.5,8.6
HHS Region 6,3 wk ahead,percent,1.83448506605266e-11,Bin,8.6,8.7
HHS Region 6,3 wk ahead,percent,1.83448506605266e-11,Bin,8.7,8.8
HHS Region 6,3 wk ahead,percent,1.83448506605266e-11,Bin,8.8,8.9
HHS Region 6,3 wk ahead,percent,1.83448506605266e-11,Bin,8.9,9.0
HHS Region 6,3 wk ahead,percent,1.83448506605266e-11,Bin,9.0,9.1
HHS Region 6,3 wk ahead,percent,1.83448506605266e-11,Bin,9.1,9.2
HHS Region 6,3 wk ahead,percent,1.83448506605266e-11,Bin,9.2,9.3
HHS Region 6,3 wk ahead,percent,1.83448506605266e-11,Bin,9.3,9.4
HHS Region 6,3 wk ahead,percent,1.83448506605266e-11,Bin,9.4,9.5
HHS Region 6,3 wk ahead,percent,1.83448506605266e-11,Bin,9.5,9.6
HHS Region 6,3 wk ahead,percent,1.83448506605266e-11,Bin,9.6,9.7
HHS Region 6,3 wk ahead,percent,1.83448506605266e-11,Bin,9.7,9.8
HHS Region 6,3 wk ahead,percent,1.83448506605266e-11,Bin,9.8,9.9
HHS Region 6,3 wk ahead,percent,1.83448506605266e-11,Bin,9.9,10.0
HHS Region 6,3 wk ahead,percent,1.83448506605266e-11,Bin,10.0,10.1
HHS Region 6,3 wk ahead,percent,1.83448506605266e-11,Bin,10.1,10.2
HHS Region 6,3 wk ahead,percent,1.83448506605266e-11,Bin,10.2,10.3
HHS Region 6,3 wk ahead,percent,1.83448506605266e-11,Bin,10.3,10.4
HHS Region 6,3 wk ahead,percent,1.83448506605266e-11,Bin,10.4,10.5
HHS Region 6,3 wk ahead,percent,1.83448506605266e-11,Bin,10.5,10.6
HHS Region 6,3 wk ahead,percent,1.83448506605266e-11,Bin,10.6,10.7
HHS Region 6,3 wk ahead,percent,1.83448506605266e-11,Bin,10.7,10.8
HHS Region 6,3 wk ahead,percent,1.83448506605266e-11,Bin,10.8,10.9
HHS Region 6,3 wk ahead,percent,1.83448506605266e-11,Bin,10.9,11.0
HHS Region 6,3 wk ahead,percent,1.83448506605266e-11,Bin,11.0,11.1
HHS Region 6,3 wk ahead,percent,1.83448506605266e-11,Bin,11.1,11.2
HHS Region 6,3 wk ahead,percent,1.83448506605266e-11,Bin,11.2,11.3
HHS Region 6,3 wk ahead,percent,1.83448506605266e-11,Bin,11.3,11.4
HHS Region 6,3 wk ahead,percent,1.83448506605266e-11,Bin,11.4,11.5
HHS Region 6,3 wk ahead,percent,1.83448506605266e-11,Bin,11.5,11.6
HHS Region 6,3 wk ahead,percent,1.83448506605266e-11,Bin,11.6,11.7
HHS Region 6,3 wk ahead,percent,1.83448506605266e-11,Bin,11.7,11.8
HHS Region 6,3 wk ahead,percent,1.83448506605266e-11,Bin,11.8,11.9
HHS Region 6,3 wk ahead,percent,1.83448506605266e-11,Bin,11.9,12.0
HHS Region 6,3 wk ahead,percent,1.83448506605266e-11,Bin,12.0,12.1
HHS Region 6,3 wk ahead,percent,1.83448506605266e-11,Bin,12.1,12.2
HHS Region 6,3 wk ahead,percent,1.83448506605266e-11,Bin,12.2,12.3
HHS Region 6,3 wk ahead,percent,1.83448506605266e-11,Bin,12.3,12.4
HHS Region 6,3 wk ahead,percent,1.83448506605266e-11,Bin,12.4,12.5
HHS Region 6,3 wk ahead,percent,1.83448506605266e-11,Bin,12.5,12.6
HHS Region 6,3 wk ahead,percent,1.83448506605266e-11,Bin,12.6,12.7
HHS Region 6,3 wk ahead,percent,1.83448506605266e-11,Bin,12.7,12.8
HHS Region 6,3 wk ahead,percent,1.83448506605266e-11,Bin,12.8,12.9
HHS Region 6,3 wk ahead,percent,1.83448506605266e-11,Bin,12.9,13.0
HHS Region 6,3 wk ahead,percent,1.83448506605266e-11,Bin,13.0,100.0
HHS Region 6,4 wk ahead,percent,7.43510828391554e-10,Bin,0.0,0.1
HHS Region 6,4 wk ahead,percent,1.94125134201321e-09,Bin,0.1,0.2
HHS Region 6,4 wk ahead,percent,2.61110679137769e-09,Bin,0.2,0.3
HHS Region 6,4 wk ahead,percent,3.30508582024382e-09,Bin,0.3,0.4
HHS Region 6,4 wk ahead,percent,3.95320432243817e-09,Bin,0.4,0.5
HHS Region 6,4 wk ahead,percent,4.49196101725804e-09,Bin,0.5,0.6
HHS Region 6,4 wk ahead,percent,4.88258669950951e-09,Bin,0.6,0.7
HHS Region 6,4 wk ahead,percent,5.12239921155008e-09,Bin,0.7,0.8
HHS Region 6,4 wk ahead,percent,5.24551559512632e-09,Bin,0.8,0.9
HHS Region 6,4 wk ahead,percent,0.00400000458207792,Bin,0.9,1.0
HHS Region 6,4 wk ahead,percent,0.0020000050293424,Bin,1.0,1.1
HHS Region 6,4 wk ahead,percent,0.00200000518711718,Bin,1.1,1.2
HHS Region 6,4 wk ahead,percent,5.82388205285674e-09,Bin,1.2,1.3
HHS Region 6,4 wk ahead,percent,0.00600000512165904,Bin,1.3,1.4
HHS Region 6,4 wk ahead,percent,0.0100000048915932,Bin,1.4,1.5
HHS Region 6,4 wk ahead,percent,0.00800000583422667,Bin,1.5,1.6
HHS Region 6,4 wk ahead,percent,0.00800000645188334,Bin,1.6,1.7
HHS Region 6,4 wk ahead,percent,0.0300000030496341,Bin,1.7,1.8
HHS Region 6,4 wk ahead,percent,0.0400000017865503,Bin,1.8,1.9
HHS Region 6,4 wk ahead,percent,0.0440000014980213,Bin,1.9,2.0
HHS Region 6,4 wk ahead,percent,0.0559999995461016,Bin,2.0,2.1
HHS Region 6,4 wk ahead,percent,0.0480000009712979,Bin,2.1,2.2
HHS Region 6,4 wk ahead,percent,0.0619999980555297,Bin,2.2,2.3
HHS Region 6,4 wk ahead,percent,0.083999993358342,Bin,2.3,2.4
HHS Region 6,4 wk ahead,percent,0.0679999953355979,Bin,2.4,2.5
HHS Region 6,4 wk ahead,percent,0.0459999982308764,Bin,2.5,2.6
HHS Region 6,4 wk ahead,percent,0.0619999941108708,Bin,2.6,2.7
HHS Region 6,4 wk ahead,percent,0.05199999476634,Bin,2.7,2.8
HHS Region 6,4 wk ahead,percent,0.0459999947951147,Bin,2.8,2.9
HHS Region 6,4 wk ahead,percent,0.0519999927869897,Bin,2.9,3.0
HHS Region 6,4 wk ahead,percent,0.0399999942464572,Bin,3.0,3.1
HHS Region 6,4 wk ahead,percent,0.0339999947890162,Bin,3.1,3.2
HHS Region 6,4 wk ahead,percent,0.0379999936659064,Bin,3.2,3.3
HHS Region 6,4 wk ahead,percent,0.0179999970593063,Bin,3.3,3.4
HHS Region 6,4 wk ahead,percent,0.0219999961673935,Bin,3.4,3.5
HHS Region 6,4 wk ahead,percent,0.0139999975359898,Bin,3.5,3.6
HHS Region 6,4 wk ahead,percent,0.0159999971208783,Bin,3.6,3.7
HHS Region 6,4 wk ahead,percent,0.0179999967339958,Bin,3.7,3.8
HHS Region 6,4 wk ahead,percent,0.0159999970981064,Bin,3.8,3.9
HHS Region 6,4 wk ahead,percent,0.00599999892495753,Bin,3.9,4.0
HHS Region 6,4 wk ahead,percent,0.00399999929032776,Bin,4.0,4.1
HHS Region 6,4 wk ahead,percent,0.00399999929032776,Bin,4.1,4.2
HHS Region 6,4 wk ahead,percent,0.00199999965569799,Bin,4.2,4.3
HHS Region 6,4 wk ahead,percent,0.00399999929032776,Bin,4.3,4.4
HHS Region 6,4 wk ahead,percent,0.0079999985595873,Bin,4.4,4.5
HHS Region 6,4 wk ahead,percent,0.00599999892495753,Bin,4.5,4.6
HHS Region 6,4 wk ahead,percent,2.10682173104516e-11,Bin,4.6,4.7
HHS Region 6,4 wk ahead,percent,2.10682173104516e-11,Bin,4.7,4.8
HHS Region 6,4 wk ahead,percent,0.00399999929032776,Bin,4.8,4.9
HHS Region 6,4 wk ahead,percent,0.00399999929032776,Bin,4.9,5.0
HHS Region 6,4 wk ahead,percent,2.10682173104516e-11,Bin,5.0,5.1
HHS Region 6,4 wk ahead,percent,0.00199999965569799,Bin,5.1,5.2
HHS Region 6,4 wk ahead,percent,2.10682173104516e-11,Bin,5.2,5.3
HHS Region 6,4 wk ahead,percent,2.10682173104516e-11,Bin,5.3,5.4
HHS Region 6,4 wk ahead,percent,0.00399999929032776,Bin,5.4,5.5
HHS Region 6,4 wk ahead,percent,2.10682173104516e-11,Bin,5.5,5.6
HHS Region 6,4 wk ahead,percent,2.10682173104516e-11,Bin,5.6,5.7
HHS Region 6,4 wk ahead,percent,2.10682173104516e-11,Bin,5.7,5.8
HHS Region 6,4 wk ahead,percent,0.00199999965569799,Bin,5.8,5.9
HHS Region 6,4 wk ahead,percent,2.10682173104516e-11,Bin,5.9,6.0
HHS Region 6,4 wk ahead,percent,2.10682173104516e-11,Bin,6.0,6.1
HHS Region 6,4 wk ahead,percent,2.10682173104516e-11,Bin,6.1,6.2
HHS Region 6,4 wk ahead,percent,2.10682173104516e-11,Bin,6.2,6.3
HHS Region 6,4 wk ahead,percent,2.10682173104516e-11,Bin,6.3,6.4
HHS Region 6,4 wk ahead,percent,2.10682173104516e-11,Bin,6.4,6.5
HHS Region 6,4 wk ahead,percent,2.10682173104516e-11,Bin,6.5,6.6
HHS Region 6,4 wk ahead,percent,2.10682173104516e-11,Bin,6.6,6.7
HHS Region 6,4 wk ahead,percent,2.10682173104516e-11,Bin,6.7,6.8
HHS Region 6,4 wk ahead,percent,2.10682173104516e-11,Bin,6.8,6.9
HHS Region 6,4 wk ahead,percent,2.10682173104516e-11,Bin,6.9,7.0
HHS Region 6,4 wk ahead,percent,2.10682173104516e-11,Bin,7.0,7.1
HHS Region 6,4 wk ahead,percent,0.00199999965569799,Bin,7.1,7.2
HHS Region 6,4 wk ahead,percent,2.10682173104516e-11,Bin,7.2,7.3
HHS Region 6,4 wk ahead,percent,2.10682173104516e-11,Bin,7.3,7.4
HHS Region 6,4 wk ahead,percent,2.10682173104516e-11,Bin,7.4,7.5
HHS Region 6,4 wk ahead,percent,2.10682173104516e-11,Bin,7.5,7.6
HHS Region 6,4 wk ahead,percent,2.10682173104516e-11,Bin,7.6,7.7
HHS Region 6,4 wk ahead,percent,2.10682173104516e-11,Bin,7.7,7.8
HHS Region 6,4 wk ahead,percent,2.10682173104516e-11,Bin,7.8,7.9
HHS Region 6,4 wk ahead,percent,2.10682173104516e-11,Bin,7.9,8.0
HHS Region 6,4 wk ahead,percent,2.10682173104518e-11,Bin,8.0,8.1
HHS Region 6,4 wk ahead,percent,2.1068217310452e-11,Bin,8.1,8.2
HHS Region 6,4 wk ahead,percent,2.1068217310452e-11,Bin,8.2,8.3
HHS Region 6,4 wk ahead,percent,2.1068217310452e-11,Bin,8.3,8.4
HHS Region 6,4 wk ahead,percent,2.1068217310452e-11,Bin,8.4,8.5
HHS Region 6,4 wk ahead,percent,2.1068217310452e-11,Bin,8.5,8.6
HHS Region 6,4 wk ahead,percent,2.1068217310452e-11,Bin,8.6,8.7
HHS Region 6,4 wk ahead,percent,2.1068217310452e-11,Bin,8.7,8.8
HHS Region 6,4 wk ahead,percent,2.1068217310452e-11,Bin,8.8,8.9
HHS Region 6,4 wk ahead,percent,2.1068217310452e-11,Bin,8.9,9.0
HHS Region 6,4 wk ahead,percent,2.1068217310452e-11,Bin,9.0,9.1
HHS Region 6,4 wk ahead,percent,2.1068217310452e-11,Bin,9.1,9.2
HHS Region 6,4 wk ahead,percent,2.1068217310452e-11,Bin,9.2,9.3
HHS Region 6,4 wk ahead,percent,2.1068217310452e-11,Bin,9.3,9.4
HHS Region 6,4 wk ahead,percent,2.1068217310452e-11,Bin,9.4,9.5
HHS Region 6,4 wk ahead,percent,0.00199999965569799,Bin,9.5,9.6
HHS Region 6,4 wk ahead,percent,2.1068217310452e-11,Bin,9.6,9.7
HHS Region 6,4 wk ahead,percent,2.1068217310452e-11,Bin,9.7,9.8
HHS Region 6,4 wk ahead,percent,2.1068217310452e-11,Bin,9.8,9.9
HHS Region 6,4 wk ahead,percent,2.1068217310452e-11,Bin,9.9,10.0
HHS Region 6,4 wk ahead,percent,2.1068217310452e-11,Bin,10.0,10.1
HHS Region 6,4 wk ahead,percent,2.1068217310452e-11,Bin,10.1,10.2
HHS Region 6,4 wk ahead,percent,2.1068217310452e-11,Bin,10.2,10.3
HHS Region 6,4 wk ahead,percent,2.1068217310452e-11,Bin,10.3,10.4
HHS Region 6,4 wk ahead,percent,2.1068217310452e-11,Bin,10.4,10.5
HHS Region 6,4 wk ahead,percent,2.1068217310452e-11,Bin,10.5,10.6
HHS Region 6,4 wk ahead,percent,2.1068217310452e-11,Bin,10.6,10.7
HHS Region 6,4 wk ahead,percent,2.1068217310452e-11,Bin,10.7,10.8
HHS Region 6,4 wk ahead,percent,2.1068217310452e-11,Bin,10.8,10.9
HHS Region 6,4 wk ahead,percent,2.1068217310452e-11,Bin,10.9,11.0
HHS Region 6,4 wk ahead,percent,2.1068217310452e-11,Bin,11.0,11.1
HHS Region 6,4 wk ahead,percent,2.1068217310452e-11,Bin,11.1,11.2
HHS Region 6,4 wk ahead,percent,2.1068217310452e-11,Bin,11.2,11.3
HHS Region 6,4 wk ahead,percent,2.1068217310452e-11,Bin,11.3,11.4
HHS Region 6,4 wk ahead,percent,2.1068217310452e-11,Bin,11.4,11.5
HHS Region 6,4 wk ahead,percent,2.1068217310452e-11,Bin,11.5,11.6
HHS Region 6,4 wk ahead,percent,2.1068217310452e-11,Bin,11.6,11.7
HHS Region 6,4 wk ahead,percent,2.1068217310452e-11,Bin,11.7,11.8
HHS Region 6,4 wk ahead,percent,2.1068217310452e-11,Bin,11.8,11.9
HHS Region 6,4 wk ahead,percent,2.1068217310452e-11,Bin,11.9,12.0
HHS Region 6,4 wk ahead,percent,2.1068217310452e-11,Bin,12.0,12.1
HHS Region 6,4 wk ahead,percent,2.1068217310452e-11,Bin,12.1,12.2
HHS Region 6,4 wk ahead,percent,2.1068217310452e-11,Bin,12.2,12.3
HHS Region 6,4 wk ahead,percent,2.1068217310452e-11,Bin,12.3,12.4
HHS Region 6,4 wk ahead,percent,2.1068217310452e-11,Bin,12.4,12.5
HHS Region 6,4 wk ahead,percent,2.1068217310452e-11,Bin,12.5,12.6
HHS Region 6,4 wk ahead,percent,2.1068217310452e-11,Bin,12.6,12.7
HHS Region 6,4 wk ahead,percent,2.1068217310452e-11,Bin,12.7,12.8
HHS Region 6,4 wk ahead,percent,2.1068217310452e-11,Bin,12.8,12.9
HHS Region 6,4 wk ahead,percent,2.1068217310452e-11,Bin,12.9,13.0
HHS Region 6,4 wk ahead,percent,2.1068217310452e-11,Bin,13.0,100.0
HHS Region 7,Season onset,week,9.04775863351137e-06,Bin,40.0,41.0
HHS Region 7,Season onset,week,9.04775863351137e-06,Bin,41.0,42.0
HHS Region 7,Season onset,week,9.61552648805382e-06,Bin,42.0,43.0
HHS Region 7,Season onset,week,5.09601174712934e-05,Bin,43.0,44.0
HHS Region 7,Season onset,week,0.000265438896204222,Bin,44.0,45.0
HHS Region 7,Season onset,week,0.00080785025113392,Bin,45.0,46.0
HHS Region 7,Season onset,week,0.00152763231256109,Bin,46.0,47.0
HHS Region 7,Season onset,week,0.00198931864103683,Bin,47.0,48.0
HHS Region 7,Season onset,week,0.0022277932601481,Bin,48.0,49.0
HHS Region 7,Season onset,week,0.00289378560487356,Bin,49.0,50.0
HHS Region 7,Season onset,week,0.00383245636193398,Bin,50.0,51.0
HHS Region 7,Season onset,week,0.00366880527423543,Bin,51.0,52.0
HHS Region 7,Season onset,week,0.0022316420670611,Bin,52.0,53.0
HHS Region 7,Season onset,week,0.00115847662869942,Bin,1.0,2.0
HHS Region 7,Season onset,week,0.0016360777642094,Bin,2.0,3.0
HHS Region 7,Season onset,week,0.00327459874935118,Bin,3.0,4.0
HHS Region 7,Season onset,week,0.00428538903483162,Bin,4.0,5.0
HHS Region 7,Season onset,week,0.00338015656175339,Bin,5.0,6.0
HHS Region 7,Season onset,week,0.00160402506365877,Bin,6.0,7.0
HHS Region 7,Season onset,week,0.962186922711001,Bin,7.0,8.0
HHS Region 7,Season onset,week,7.78198991744344e-05,Bin,8.0,9.0
HHS Region 7,Season onset,week,1.3570035619127e-05,Bin,9.0,10.0
HHS Region 7,Season onset,week,1.27399387045587e-05,Bin,10.0,11.0
HHS Region 7,Season onset,week,1.27399387045587e-05,Bin,11.0,12.0
HHS Region 7,Season onset,week,1.27399387045587e-05,Bin,12.0,13.0
HHS Region 7,Season onset,week,1.27399387045587e-05,Bin,13.0,14.0
HHS Region 7,Season onset,week,1.27399387045587e-05,Bin,14.0,15.0
HHS Region 7,Season onset,week,1.27399387045587e-05,Bin,15.0,16.0
HHS Region 7,Season onset,week,1.27399387045587e-05,Bin,16.0,17.0
HHS Region 7,Season onset,week,1.27399387045587e-05,Bin,17.0,18.0
HHS Region 7,Season onset,week,1.27399387045587e-05,Bin,18.0,19.0
HHS Region 7,Season onset,week,1.27399387045587e-05,Bin,19.0,20.0
HHS Region 7,Season onset,week,1.27399387045587e-05,Bin,20.0,21.0
HHS Region 7,Season onset,week,0.0027194303955366,Bin,none,none
HHS Region 7,Season peak week,week,6.8923539652754e-06,Bin,40.0,41.0
HHS Region 7,Season peak week,week,6.8923539652754e-06,Bin,41.0,42.0
HHS Region 7,Season peak week,week,6.8923539652754e-06,Bin,42.0,43.0
HHS Region 7,Season peak week,week,6.8923539652754e-06,Bin,43.0,44.0
HHS Region 7,Season peak week,week,6.8923539652754e-06,Bin,44.0,45.0
HHS Region 7,Season peak week,week,6.8923539652754e-06,Bin,45.0,46.0
HHS Region 7,Season peak week,week,1.52514570475383e-05,Bin,46.0,47.0
HHS Region 7,Season peak week,week,8.04490715980086e-05,Bin,47.0,48.0
HHS Region 7,Season peak week,week,0.000291224756133298,Bin,48.0,49.0
HHS Region 7,Season peak week,week,0.000761842849076069,Bin,49.0,50.0
HHS Region 7,Season peak week,week,0.00152920207331452,Bin,50.0,51.0
HHS Region 7,Season peak week,week,0.0023555928293226,Bin,51.0,52.0
HHS Region 7,Season peak week,week,0.00264603109698572,Bin,52.0,53.0
HHS Region 7,Season peak week,week,0.00216819579114739,Bin,1.0,2.0
HHS Region 7,Season peak week,week,0.00173446683744533,Bin,2.0,3.0
HHS Region 7,Season peak week,week,0.00223837815343387,Bin,3.0,4.0
HHS Region 7,Season peak week,week,0.00339189378482942,Bin,4.0,5.0
HHS Region 7,Season peak week,week,0.00416192114222981,Bin,5.0,6.0
HHS Region 7,Season peak week,week,0.00421433162035346,Bin,6.0,7.0
HHS Region 7,Season peak week,week,0.00403226449085164,Bin,7.0,8.0
HHS Region 7,Season peak week,week,0.00365803717533105,Bin,8.0,9.0
HHS Region 7,Season peak week,week,0.0027142260304625,Bin,9.0,10.0
HHS Region 7,Season peak week,week,0.879892235500952,Bin,10.0,11.0
HHS Region 7,Season peak week,week,0.000543816083696189,Bin,11.0,12.0
HHS Region 7,Season peak week,week,0.000136678115174917,Bin,12.0,13.0
HHS Region 7,Season peak week,week,0.0378865877462538,Bin,13.0,14.0
HHS Region 7,Season peak week,week,0.0321938440938823,Bin,14.0,15.0
HHS Region 7,Season peak week,week,0.00190316798666434,Bin,15.0,16.0
HHS Region 7,Season peak week,week,0.0075826697567677,Bin,16.0,17.0
HHS Region 7,Season peak week,week,0.00190316798666434,Bin,17.0,18.0
HHS Region 7,Season peak week,week,1.00007299632232e-05,Bin,18.0,19.0
HHS Region 7,Season peak week,week,0.00190316798666434,Bin,19.0,20.0
HHS Region 7,Season peak week,week,1.00007299632232e-05,Bin,20.0,21.0
HHS Region 7,Season peak percentage,percent,5.51127831311437e-06,Bin,0.0,0.1
HHS Region 7,Season peak percentage,percent,1.31707577152554e-05,Bin,0.1,0.2
HHS Region 7,Season peak percentage,percent,1.65516045749699e-05,Bin,0.2,0.3
HHS Region 7,Season peak percentage,percent,2.0639663513071e-05,Bin,0.3,0.4
HHS Region 7,Season peak percentage,percent,2.55339979690106e-05,Bin,0.4,0.5
HHS Region 7,Season peak percentage,percent,3.1343538294219e-05,Bin,0.5,0.6
HHS Region 7,Season peak percentage,percent,3.81836501727269e-05,Bin,0.6,0.7
HHS Region 7,Season peak percentage,percent,4.61677967803741e-05,Bin,0.7,0.8
HHS Region 7,Season peak percentage,percent,5.5401651350045e-05,Bin,0.8,0.9
HHS Region 7,Season peak percentage,percent,6.59895093424847e-05,Bin,0.9,1.0
HHS Region 7,Season peak percentage,percent,7.80314486690676e-05,Bin,1.0,1.1
HHS Region 7,Season peak percentage,percent,9.16232158823831e-05,Bin,1.1,1.2
HHS Region 7,Season peak percentage,percent,0.000106827029688831,Bin,1.2,1.3
HHS Region 7,Season peak percentage,percent,0.000123693876900061,Bin,1.3,1.4
HHS Region 7,Season peak percentage,percent,0.000142269887065459,Bin,1.4,1.5
HHS Region 7,Season peak percentage,percent,0.000162568682840596,Bin,1.5,1.6
HHS Region 7,Season peak percentage,percent,0.000184579587764743,Bin,1.6,1.7
HHS Region 7,Season peak percentage,percent,0.000208278021032084,Bin,1.7,1.8
HHS Region 7,Season peak percentage,percent,0.000233612882715355,Bin,1.8,1.9
HHS Region 7,Season peak percentage,percent,0.000260506606563507,Bin,1.9,2.0
HHS Region 7,Season peak percentage,percent,0.000288871863253181,Bin,2.0,2.1
HHS Region 7,Season peak percentage,percent,0.000318599442524937,Bin,2.1,2.2
HHS Region 7,Season peak percentage,percent,0.000349559328316862,Bin,2.2,2.3
HHS Region 7,Season peak percentage,percent,0.000381604232096384,Bin,2.3,2.4
HHS Region 7,Season peak percentage,percent,0.000414577057580553,Bin,2.4,2.5
HHS Region 7,Season peak percentage,percent,0.000448309872036803,Bin,2.5,2.6
HHS Region 7,Season peak percentage,percent,0.892967092898461,Bin,2.6,2.7
HHS Region 7,Season peak percentage,percent,0.00628765186167716,Bin,2.7,2.8
HHS Region 7,Season peak percentage,percent,0.0101693797469803,Bin,2.8,2.9
HHS Region 7,Season peak percentage,percent,0.00443372549626852,Bin,2.9,3.0
HHS Region 7,Season peak percentage,percent,0.00831500959574514,Bin,3.0,3.1
HHS Region 7,Season peak percentage,percent,0.0121956621243819,Bin,3.1,3.2
HHS Region 7,Season peak percentage,percent,0.000687718270359834,Bin,3.2,3.3
HHS Region 7,Season peak percentage,percent,0.00264272631546055,Bin,3.3,3.4
HHS Region 7,Season peak percentage,percent,0.00459613928874588,Bin,3.4,3.5
HHS Region 7,Season peak percentage,percent,0.0103945223242678,Bin,3.5,3.6
HHS Region 7,Season peak percentage,percent,0.00272638102175778,Bin,3.6,3.7
HHS Region 7,Season peak percentage,percent,0.00467286223216117,Bin,3.7,3.8
HHS Region 7,Season peak percentage,percent,0.000845966131876311,Bin,3.8,3.9
HHS Region 7,Season peak percentage,percent,0.00278610419092598,Bin,3.9,4.0
HHS Region 7,Season peak percentage,percent,0.000875684132820843,Bin,4.0,4.1
HHS Region 7,Season peak percentage,percent,0.000884869037342486,Bin,4.1,4.2
HHS Region 7,Season peak percentage,percent,0.000890029995349162,Bin,4.2,4.3
HHS Region 7,Season peak percentage,percent,0.000891058134302097,Bin,4.3,4.4
HHS Region 7,Season peak percentage,percent,0.000887918679352267,Bin,4.4,4.5
HHS Region 7,Season peak percentage,percent,0.000880691811109838,Bin,4.5,4.6
HHS Region 7,Season peak percentage,percent,0.000869536572396659,Bin,4.6,4.7
HHS Region 7,Season peak percentage,percent,0.000854683165704777,Bin,4.7,4.8
HHS Region 7,Season peak percentage,percent,0.000836449404031081,Bin,4.8,4.9
HHS Region 7,Season peak percentage,percent,0.000815221670323421,Bin,4.9,5.0
HHS Region 7,Season peak percentage,percent,0.000791435520256031,Bin,5.0,5.1
HHS Region 7,Season peak percentage,percent,0.00268901772644493,Bin,5.1,5.2
HHS Region 7,Season peak percentage,percent,0.000738096571518292,Bin,5.2,5.3
HHS Region 7,Season peak percentage,percent,0.000709530136924412,Bin,5.3,5.4
HHS Region 7,Season peak percentage,percent,0.000680325823692237,Bin,5.4,5.5
HHS Region 7,Season peak percentage,percent,0.000650921418458488,Bin,5.5,5.6
HHS Region 7,Season peak percentage,percent,0.000621695987896299,Bin,5.6,5.7
HHS Region 7,Season peak percentage,percent,0.000592964614147315,Bin,5.7,5.8
HHS Region 7,Season peak percentage,percent,0.00248843380597333,Bin,5.8,5.9
HHS Region 7,Season peak percentage,percent,0.000537905499012468,Bin,5.9,6.0
HHS Region 7,Season peak percentage,percent,0.000511850791493217,Bin,6.0,6.1
HHS Region 7,Season peak percentage,percent,0.000486843066909769,Bin,6.1,6.2
HHS Region 7,Season peak percentage,percent,0.00238632111373178,Bin,6.2,6.3
HHS Region 7,Season peak percentage,percent,0.000439834582633077,Bin,6.3,6.4
HHS Region 7,Season peak percentage,percent,0.000417648824665973,Bin,6.4,6.5
HHS Region 7,Season peak percentage,percent,0.000396179706928724,Bin,6.5,6.6
HHS Region 7,Season peak percentage,percent,0.00229874714004124,Bin,6.6,6.7
HHS Region 7,Season peak percentage,percent,0.00035484538182287,Bin,6.7,6.8
HHS Region 7,Season peak percentage,percent,0.000334735726578829,Bin,6.8,6.9
HHS Region 7,Season peak percentage,percent,0.000314869991947885,Bin,6.9,7.0
HHS Region 7,Season peak percentage,percent,0.000295187750266754,Bin,7.0,7.1
HHS Region 7,Season peak percentage,percent,0.00027566399256592,Bin,7.1,7.2
HHS Region 7,Season peak percentage,percent,0.00025630745201255,Bin,7.2,7.3
HHS Region 7,Season peak percentage,percent,0.000237160467132121,Bin,7.3,7.4
HHS Region 7,Season peak percentage,percent,0.000218292780305945,Bin,7.4,7.5
HHS Region 7,Season peak percentage,percent,0.000199794716135743,Bin,7.5,7.6
HHS Region 7,Season peak percentage,percent,0.000181775225041125,Bin,7.6,7.7
HHS Region 7,Season peak percentage,percent,0.000164352727894483,Bin,7.7,7.8
HHS Region 7,Season peak percentage,percent,0.000147643698955822,Bin,7.8,7.9
HHS Region 7,Season peak percentage,percent,0.000131762598694838,Bin,7.9,8.0
HHS Region 7,Season peak percentage,percent,0.000116816457942083,Bin,8.0,8.1
HHS Region 7,Season peak percentage,percent,0.000102888416128331,Bin,8.1,8.2
HHS Region 7,Season peak percentage,percent,9.00512076242469e-05,Bin,8.2,8.3
HHS Region 7,Season peak percentage,percent,7.83612981942937e-05,Bin,8.3,8.4
HHS Region 7,Season peak percentage,percent,6.7849186061306e-05,Bin,8.4,8.5
HHS Region 7,Season peak percentage,percent,5.85241630486211e-05,Bin,8.5,8.6
HHS Region 7,Season peak percentage,percent,5.03806787578534e-05,Bin,8.6,8.7
HHS Region 7,Season peak percentage,percent,4.3402862992429e-05,Bin,8.7,8.8
HHS Region 7,Season peak percentage,percent,3.75637638750749e-05,Bin,8.8,8.9
HHS Region 7,Season peak percentage,percent,3.28113621335801e-05,Bin,8.9,9.0
HHS Region 7,Season peak percentage,percent,2.90962882522657e-05,Bin,9.0,9.1
HHS Region 7,Season peak percentage,percent,2.63707222058455e-05,Bin,9.1,9.2
HHS Region 7,Season peak percentage,percent,2.45742038467375e-05,Bin,9.2,9.3
HHS Region 7,Season peak percentage,percent,2.36473881349012e-05,Bin,9.3,9.4
HHS Region 7,Season peak percentage,percent,2.35313706728308e-05,Bin,9.4,9.5
HHS Region 7,Season peak percentage,percent,2.41663961661327e-05,Bin,9.5,9.6
HHS Region 7,Season peak percentage,percent,2.54904083789268e-05,Bin,9.6,9.7
HHS Region 7,Season peak percentage,percent,2.74423980256376e-05,Bin,9.7,9.8
HHS Region 7,Season peak percentage,percent,2.99597234294721e-05,Bin,9.8,9.9
HHS Region 7,Season peak percentage,percent,3.29729072766596e-05,Bin,9.9,10.0
HHS Region 7,Season peak percentage,percent,3.64099109692066e-05,Bin,10.0,10.1
HHS Region 7,Season peak percentage,percent,4.01949329257339e-05,Bin,10.1,10.2
HHS Region 7,Season peak percentage,percent,4.42479967599373e-05,Bin,10.2,10.3
HHS Region 7,Season peak percentage,percent,4.84802872435826e-05,Bin,10.3,10.4
HHS Region 7,Season peak percentage,percent,5.27995409949831e-05,Bin,10.4,10.5
HHS Region 7,Season peak percentage,percent,5.71108020589819e-05,Bin,10.5,10.6
HHS Region 7,Season peak percentage,percent,6.13154263366251e-05,Bin,10.6,10.7
HHS Region 7,Season peak percentage,percent,6.53153454528257e-05,Bin,10.7,10.8
HHS Region 7,Season peak percentage,percent,6.90140258825787e-05,Bin,10.8,10.9
HHS Region 7,Season peak percentage,percent,7.23206591826574e-05,Bin,10.9,11.0
HHS Region 7,Season peak percentage,percent,7.51517618014276e-05,Bin,11.0,11.1
HHS Region 7,Season peak percentage,percent,7.74342752327837e-05,Bin,11.1,11.2
HHS Region 7,Season peak percentage,percent,7.91088791444452e-05,Bin,11.2,11.3
HHS Region 7,Season peak percentage,percent,8.0127482691783e-05,Bin,11.3,11.4
HHS Region 7,Season peak percentage,percent,8.04666530857667e-05,Bin,11.4,11.5
HHS Region 7,Season peak percentage,percent,8.01172473048099e-05,Bin,11.5,11.6
HHS Region 7,Season peak percentage,percent,7.90835803339615e-05,Bin,11.6,11.7
HHS Region 7,Season peak percentage,percent,7.73906114127475e-05,Bin,11.7,11.8
HHS Region 7,Season peak percentage,percent,7.50850838014488e-05,Bin,11.8,11.9
HHS Region 7,Season peak percentage,percent,7.22236903255751e-05,Bin,11.9,12.0
HHS Region 7,Season peak percentage,percent,6.88737149129382e-05,Bin,12.0,12.1
HHS Region 7,Season peak percentage,percent,6.51136699210114e-05,Bin,12.1,12.2
HHS Region 7,Season peak percentage,percent,6.10297726424389e-05,Bin,12.2,12.3
HHS Region 7,Season peak percentage,percent,5.67109099984166e-05,Bin,12.3,12.4
HHS Region 7,Season peak percentage,percent,5.22443552799208e-05,Bin,12.4,12.5
HHS Region 7,Season peak percentage,percent,4.77156999875902e-05,Bin,12.5,12.6
HHS Region 7,Season peak percentage,percent,4.3204882473759e-05,Bin,12.6,12.7
HHS Region 7,Season peak percentage,percent,3.87842261912565e-05,Bin,12.7,12.8
HHS Region 7,Season peak percentage,percent,3.45170356439316e-05,Bin,12.8,12.9
HHS Region 7,Season peak percentage,percent,3.04545431289713e-05,Bin,12.9,13.0
HHS Region 7,Season peak percentage,percent,0.000162816368890243,Bin,13.0,100.0
HHS Region 7,1 wk ahead,percent,5.34837930699359e-11,Bin,0.0,0.1
HHS Region 7,1 wk ahead,percent,1.06967586139872e-10,Bin,0.1,0.2
HHS Region 7,1 wk ahead,percent,1.10626105778558e-10,Bin,0.2,0.3
HHS Region 7,1 wk ahead,percent,0.0019999999758857,Bin,0.3,0.4
HHS Region 7,1 wk ahead,percent,1.25416952271402e-09,Bin,0.4,0.5
HHS Region 7,1 wk ahead,percent,0.0140000009743381,Bin,0.5,0.6
HHS Region 7,1 wk ahead,percent,0.0060000065690935,Bin,0.6,0.7
HHS Region 7,1 wk ahead,percent,0.0200000093000159,Bin,0.7,0.8
HHS Region 7,1 wk ahead,percent,0.0140000148416303,Bin,0.8,0.9
HHS Region 7,1 wk ahead,percent,0.0280000142226024,Bin,0.9,1.0
HHS Region 7,1 wk ahead,percent,0.012000016830073,Bin,1.0,1.1
HHS Region 7,1 wk ahead,percent,0.0380000109018325,Bin,1.1,1.2
HHS Region 7,1 wk ahead,percent,0.0400000091082273,Bin,1.2,1.3
HHS Region 7,1 wk ahead,percent,0.0740000008216842,Bin,1.3,1.4
HHS Region 7,1 wk ahead,percent,0.0899999949846136,Bin,1.4,1.5
HHS Region 7,1 wk ahead,percent,0.111999987776821,Bin,1.5,1.6
HHS Region 7,1 wk ahead,percent,0.0979999877179348,Bin,1.6,1.7
HHS Region 7,1 wk ahead,percent,0.087999988045802,Bin,1.7,1.8
HHS Region 7,1 wk ahead,percent,0.0999999854339591,Bin,1.8,1.9
HHS Region 7,1 wk ahead,percent,0.0419999961572246,Bin,1.9,2.0
HHS Region 7,1 wk ahead,percent,0.0639999921793251,Bin,2.0,2.1
HHS Region 7,1 wk ahead,percent,0.0279999983350449,Bin,2.1,2.2
HHS Region 7,1 wk ahead,percent,0.0219999985560279,Bin,2.2,2.3
HHS Region 7,1 wk ahead,percent,0.0339999953438442,Bin,2.3,2.4
HHS Region 7,1 wk ahead,percent,0.0239999963562935,Bin,2.4,2.5
HHS Region 7,1 wk ahead,percent,0.00599999917731298,Bin,2.5,2.6
HHS Region 7,1 wk ahead,percent,0.00799999861587758,Bin,2.6,2.7
HHS Region 7,1 wk ahead,percent,2.76336099489518e-11,Bin,2.7,2.8
HHS Region 7,1 wk ahead,percent,0.00999999820031701,Bin,2.8,2.9
HHS Region 7,1 wk ahead,percent,2.71681460799587e-11,Bin,2.9,3.0
HHS Region 7,1 wk ahead,percent,0.00199999966179792,Bin,3.0,3.1
HHS Region 7,1 wk ahead,percent,0.0119999978349468,Bin,3.1,3.2
HHS Region 7,1 wk ahead,percent,2.71681460799587e-11,Bin,3.2,3.3
HHS Region 7,1 wk ahead,percent,2.71681460799587e-11,Bin,3.3,3.4
HHS Region 7,1 wk ahead,percent,0.00199999966179792,Bin,3.4,3.5
HHS Region 7,1 wk ahead,percent,0.00599999893105746,Bin,3.5,3.6
HHS Region 7,1 wk ahead,percent,2.71681460799587e-11,Bin,3.6,3.7
HHS Region 7,1 wk ahead,percent,2.71681460799587e-11,Bin,3.7,3.8
HHS Region 7,1 wk ahead,percent,2.71681460799587e-11,Bin,3.8,3.9
HHS Region 7,1 wk ahead,percent,2.71681460799587e-11,Bin,3.9,4.0
HHS Region 7,1 wk ahead,percent,2.71681460799587e-11,Bin,4.0,4.1
HHS Region 7,1 wk ahead,percent,2.71681460799587e-11,Bin,4.1,4.2
HHS Region 7,1 wk ahead,percent,2.71681460799587e-11,Bin,4.2,4.3
HHS Region 7,1 wk ahead,percent,2.71681460799587e-11,Bin,4.3,4.4
HHS Region 7,1 wk ahead,percent,2.71681460799587e-11,Bin,4.4,4.5
HHS Region 7,1 wk ahead,percent,0.00199999966179792,Bin,4.5,4.6
HHS Region 7,1 wk ahead,percent,2.71681460799587e-11,Bin,4.6,4.7
HHS Region 7,1 wk ahead,percent,2.71681460799587e-11,Bin,4.7,4.8
HHS Region 7,1 wk ahead,percent,2.71681460799587e-11,Bin,4.8,4.9
HHS Region 7,1 wk ahead,percent,2.71681460799587e-11,Bin,4.9,5.0
HHS Region 7,1 wk ahead,percent,2.71681460799587e-11,Bin,5.0,5.1
HHS Region 7,1 wk ahead,percent,2.71681460799587e-11,Bin,5.1,5.2
HHS Region 7,1 wk ahead,percent,2.71681460799587e-11,Bin,5.2,5.3
HHS Region 7,1 wk ahead,percent,2.71681460799587e-11,Bin,5.3,5.4
HHS Region 7,1 wk ahead,percent,2.71681460799587e-11,Bin,5.4,5.5
HHS Region 7,1 wk ahead,percent,2.71681460799587e-11,Bin,5.5,5.6
HHS Region 7,1 wk ahead,percent,2.71681460799587e-11,Bin,5.6,5.7
HHS Region 7,1 wk ahead,percent,2.71681460799587e-11,Bin,5.7,5.8
HHS Region 7,1 wk ahead,percent,2.71681460799587e-11,Bin,5.8,5.9
HHS Region 7,1 wk ahead,percent,2.71681460799587e-11,Bin,5.9,6.0
HHS Region 7,1 wk ahead,percent,2.71681460799587e-11,Bin,6.0,6.1
HHS Region 7,1 wk ahead,percent,2.71681460799587e-11,Bin,6.1,6.2
HHS Region 7,1 wk ahead,percent,0.00199999966179792,Bin,6.2,6.3
HHS Region 7,1 wk ahead,percent,2.71681460799587e-11,Bin,6.3,6.4
HHS Region 7,1 wk ahead,percent,2.71681460799587e-11,Bin,6.4,6.5
HHS Region 7,1 wk ahead,percent,2.71681460799587e-11,Bin,6.5,6.6
HHS Region 7,1 wk ahead,percent,2.71681460799587e-11,Bin,6.6,6.7
HHS Region 7,1 wk ahead,percent,2.71681460799587e-11,Bin,6.7,6.8
HHS Region 7,1 wk ahead,percent,2.71681460799587e-11,Bin,6.8,6.9
HHS Region 7,1 wk ahead,percent,2.71681460799587e-11,Bin,6.9,7.0
HHS Region 7,1 wk ahead,percent,2.71681460799587e-11,Bin,7.0,7.1
HHS Region 7,1 wk ahead,percent,2.71681460799587e-11,Bin,7.1,7.2
HHS Region 7,1 wk ahead,percent,2.71681460799587e-11,Bin,7.2,7.3
HHS Region 7,1 wk ahead,percent,2.71681460799587e-11,Bin,7.3,7.4
HHS Region 7,1 wk ahead,percent,2.71681460799587e-11,Bin,7.4,7.5
HHS Region 7,1 wk ahead,percent,2.71681460799587e-11,Bin,7.5,7.6
HHS Region 7,1 wk ahead,percent,2.71681460799587e-11,Bin,7.6,7.7
HHS Region 7,1 wk ahead,percent,2.71681460799587e-11,Bin,7.7,7.8
HHS Region 7,1 wk ahead,percent,2.71681460799587e-11,Bin,7.8,7.9
HHS Region 7,1 wk ahead,percent,2.71681460799587e-11,Bin,7.9,8.0
HHS Region 7,1 wk ahead,percent,2.7168146079959e-11,Bin,8.0,8.1
HHS Region 7,1 wk ahead,percent,2.71681460799592e-11,Bin,8.1,8.2
HHS Region 7,1 wk ahead,percent,2.71681460799592e-11,Bin,8.2,8.3
HHS Region 7,1 wk ahead,percent,2.71681460799592e-11,Bin,8.3,8.4
HHS Region 7,1 wk ahead,percent,2.71681460799592e-11,Bin,8.4,8.5
HHS Region 7,1 wk ahead,percent,2.71681460799592e-11,Bin,8.5,8.6
HHS Region 7,1 wk ahead,percent,2.71681460799592e-11,Bin,8.6,8.7
HHS Region 7,1 wk ahead,percent,2.71681460799592e-11,Bin,8.7,8.8
HHS Region 7,1 wk ahead,percent,2.71681460799592e-11,Bin,8.8,8.9
HHS Region 7,1 wk ahead,percent,2.71681460799592e-11,Bin,8.9,9.0
HHS Region 7,1 wk ahead,percent,2.71681460799592e-11,Bin,9.0,9.1
HHS Region 7,1 wk ahead,percent,2.71681460799592e-11,Bin,9.1,9.2
HHS Region 7,1 wk ahead,percent,2.71681460799592e-11,Bin,9.2,9.3
HHS Region 7,1 wk ahead,percent,2.71681460799592e-11,Bin,9.3,9.4
HHS Region 7,1 wk ahead,percent,2.71681460799592e-11,Bin,9.4,9.5
HHS Region 7,1 wk ahead,percent,2.71681460799592e-11,Bin,9.5,9.6
HHS Region 7,1 wk ahead,percent,2.71681460799592e-11,Bin,9.6,9.7
HHS Region 7,1 wk ahead,percent,2.71681460799592e-11,Bin,9.7,9.8
HHS Region 7,1 wk ahead,percent,2.71681460799592e-11,Bin,9.8,9.9
HHS Region 7,1 wk ahead,percent,2.71681460799592e-11,Bin,9.9,10.0
HHS Region 7,1 wk ahead,percent,2.71681460799592e-11,Bin,10.0,10.1
HHS Region 7,1 wk ahead,percent,2.71681460799592e-11,Bin,10.1,10.2
HHS Region 7,1 wk ahead,percent,2.71681460799592e-11,Bin,10.2,10.3
HHS Region 7,1 wk ahead,percent,2.71681460799592e-11,Bin,10.3,10.4
HHS Region 7,1 wk ahead,percent,2.71681460799592e-11,Bin,10.4,10.5
HHS Region 7,1 wk ahead,percent,2.71681460799592e-11,Bin,10.5,10.6
HHS Region 7,1 wk ahead,percent,2.71681460799592e-11,Bin,10.6,10.7
HHS Region 7,1 wk ahead,percent,2.71681460799592e-11,Bin,10.7,10.8
HHS Region 7,1 wk ahead,percent,2.71681460799592e-11,Bin,10.8,10.9
HHS Region 7,1 wk ahead,percent,2.71681460799592e-11,Bin,10.9,11.0
HHS Region 7,1 wk ahead,percent,2.71681460799592e-11,Bin,11.0,11.1
HHS Region 7,1 wk ahead,percent,2.71681460799592e-11,Bin,11.1,11.2
HHS Region 7,1 wk ahead,percent,2.71681460799592e-11,Bin,11.2,11.3
HHS Region 7,1 wk ahead,percent,2.71681460799592e-11,Bin,11.3,11.4
HHS Region 7,1 wk ahead,percent,2.71681460799592e-11,Bin,11.4,11.5
HHS Region 7,1 wk ahead,percent,2.71681460799592e-11,Bin,11.5,11.6
HHS Region 7,1 wk ahead,percent,2.71681460799592e-11,Bin,11.6,11.7
HHS Region 7,1 wk ahead,percent,2.71681460799592e-11,Bin,11.7,11.8
HHS Region 7,1 wk ahead,percent,2.71681460799592e-11,Bin,11.8,11.9
HHS Region 7,1 wk ahead,percent,2.71681460799592e-11,Bin,11.9,12.0
HHS Region 7,1 wk ahead,percent,2.71681460799592e-11,Bin,12.0,12.1
HHS Region 7,1 wk ahead,percent,2.71681460799592e-11,Bin,12.1,12.2
HHS Region 7,1 wk ahead,percent,2.71681460799592e-11,Bin,12.2,12.3
HHS Region 7,1 wk ahead,percent,2.71681460799592e-11,Bin,12.3,12.4
HHS Region 7,1 wk ahead,percent,2.71681460799592e-11,Bin,12.4,12.5
HHS Region 7,1 wk ahead,percent,2.71681460799592e-11,Bin,12.5,12.6
HHS Region 7,1 wk ahead,percent,2.71681460799592e-11,Bin,12.6,12.7
HHS Region 7,1 wk ahead,percent,2.71681460799592e-11,Bin,12.7,12.8
HHS Region 7,1 wk ahead,percent,2.71681460799592e-11,Bin,12.8,12.9
HHS Region 7,1 wk ahead,percent,2.71681460799592e-11,Bin,12.9,13.0
HHS Region 7,1 wk ahead,percent,2.71681460799592e-11,Bin,13.0,100.0
HHS Region 7,2 wk ahead,percent,3.57758731229391e-10,Bin,0.0,0.1
HHS Region 7,2 wk ahead,percent,1.36421196492717e-09,Bin,0.1,0.2
HHS Region 7,2 wk ahead,percent,0.0020000023057671,Bin,0.2,0.3
HHS Region 7,2 wk ahead,percent,0.00200000409579829,Bin,0.3,0.4
HHS Region 7,2 wk ahead,percent,0.0100000047122001,Bin,0.4,0.5
HHS Region 7,2 wk ahead,percent,0.0260000039103175,Bin,0.5,0.6
HHS Region 7,2 wk ahead,percent,0.0280000056558173,Bin,0.6,0.7
HHS Region 7,2 wk ahead,percent,0.0460000047542858,Bin,0.7,0.8
HHS Region 7,2 wk ahead,percent,0.0300000105368947,Bin,0.8,0.9
HHS Region 7,2 wk ahead,percent,0.0700000058970273,Bin,0.9,1.0
HHS Region 7,2 wk ahead,percent,0.0840000043939031,Bin,1.0,1.1
HHS Region 7,2 wk ahead,percent,0.100000000000902,Bin,1.1,1.2
HHS Region 7,2 wk ahead,percent,0.0979999968752772,Bin,1.2,1.3
HHS Region 7,2 wk ahead,percent,0.071999997550097,Bin,1.3,1.4
HHS Region 7,2 wk ahead,percent,0.0779999931356409,Bin,1.4,1.5
HHS Region 7,2 wk ahead,percent,0.0699999927025562,Bin,1.5,1.6
HHS Region 7,2 wk ahead,percent,0.0639999931865586,Bin,1.6,1.7
HHS Region 7,2 wk ahead,percent,0.029999999284966,Bin,1.7,1.8
HHS Region 7,2 wk ahead,percent,0.041999996633472,Bin,1.8,1.9
HHS Region 7,2 wk ahead,percent,0.0359999966648366,Bin,1.9,2.0
HHS Region 7,2 wk ahead,percent,0.0219999979312801,Bin,2.0,2.1
HHS Region 7,2 wk ahead,percent,0.017999997636035,Bin,2.1,2.2
HHS Region 7,2 wk ahead,percent,0.0119999981508833,Bin,2.2,2.3
HHS Region 7,2 wk ahead,percent,0.0099999982726133,Bin,2.3,2.4
HHS Region 7,2 wk ahead,percent,0.00799999856974565,Bin,2.4,2.5
HHS Region 7,2 wk ahead,percent,0.00599999893307732,Bin,2.5,2.6
HHS Region 7,2 wk ahead,percent,0.00399999929844755,Bin,2.6,2.7
HHS Region 7,2 wk ahead,percent,0.00599999893307732,Bin,2.7,2.8
HHS Region 7,2 wk ahead,percent,0.00199999966381778,Bin,2.8,2.9
HHS Region 7,2 wk ahead,percent,0.00199999966381778,Bin,2.9,3.0
HHS Region 7,2 wk ahead,percent,0.00199999966381778,Bin,3.0,3.1
HHS Region 7,2 wk ahead,percent,0.00199999966381778,Bin,3.1,3.2
HHS Region 7,2 wk ahead,percent,2.91880050040499e-11,Bin,3.2,3.3
HHS Region 7,2 wk ahead,percent,0.00199999966381778,Bin,3.3,3.4
HHS Region 7,2 wk ahead,percent,0.00399999929844755,Bin,3.4,3.5
HHS Region 7,2 wk ahead,percent,0.00199999966381778,Bin,3.5,3.6
HHS Region 7,2 wk ahead,percent,0.00199999966381778,Bin,3.6,3.7
HHS Region 7,2 wk ahead,percent,0.00199999966381778,Bin,3.7,3.8
HHS Region 7,2 wk ahead,percent,2.91880050040499e-11,Bin,3.8,3.9
HHS Region 7,2 wk ahead,percent,2.91880050040499e-11,Bin,3.9,4.0
HHS Region 7,2 wk ahead,percent,2.91880050040499e-11,Bin,4.0,4.1
HHS Region 7,2 wk ahead,percent,2.91880050040499e-11,Bin,4.1,4.2
HHS Region 7,2 wk ahead,percent,2.91880050040499e-11,Bin,4.2,4.3
HHS Region 7,2 wk ahead,percent,2.91880050040499e-11,Bin,4.3,4.4
HHS Region 7,2 wk ahead,percent,2.91880050040499e-11,Bin,4.4,4.5
HHS Region 7,2 wk ahead,percent,2.91880050040499e-11,Bin,4.5,4.6
HHS Region 7,2 wk ahead,percent,0.00199999966381778,Bin,4.6,4.7
HHS Region 7,2 wk ahead,percent,2.91880050040499e-11,Bin,4.7,4.8
HHS Region 7,2 wk ahead,percent,2.91880050040499e-11,Bin,4.8,4.9
HHS Region 7,2 wk ahead,percent,2.91880050040499e-11,Bin,4.9,5.0
HHS Region 7,2 wk ahead,percent,2.91880050040499e-11,Bin,5.0,5.1
HHS Region 7,2 wk ahead,percent,0.00199999966381778,Bin,5.1,5.2
HHS Region 7,2 wk ahead,percent,2.91880050040499e-11,Bin,5.2,5.3
HHS Region 7,2 wk ahead,percent,2.91880050040499e-11,Bin,5.3,5.4
HHS Region 7,2 wk ahead,percent,2.91880050040499e-11,Bin,5.4,5.5
HHS Region 7,2 wk ahead,percent,2.91880050040499e-11,Bin,5.5,5.6
HHS Region 7,2 wk ahead,percent,2.91880050040499e-11,Bin,5.6,5.7
HHS Region 7,2 wk ahead,percent,2.91880050040499e-11,Bin,5.7,5.8
HHS Region 7,2 wk ahead,percent,2.91880050040499e-11,Bin,5.8,5.9
HHS Region 7,2 wk ahead,percent,2.91880050040499e-11,Bin,5.9,6.0
HHS Region 7,2 wk ahead,percent,2.91880050040499e-11,Bin,6.0,6.1
HHS Region 7,2 wk ahead,percent,2.91880050040499e-11,Bin,6.1,6.2
HHS Region 7,2 wk ahead,percent,2.91880050040499e-11,Bin,6.2,6.3
HHS Region 7,2 wk ahead,percent,2.91880050040499e-11,Bin,6.3,6.4
HHS Region 7,2 wk ahead,percent,2.91880050040499e-11,Bin,6.4,6.5
HHS Region 7,2 wk ahead,percent,2.91880050040499e-11,Bin,6.5,6.6
HHS Region 7,2 wk ahead,percent,0.00199999966381778,Bin,6.6,6.7
HHS Region 7,2 wk ahead,percent,2.91880050040499e-11,Bin,6.7,6.8
HHS Region 7,2 wk ahead,percent,2.91880050040499e-11,Bin,6.8,6.9
HHS Region 7,2 wk ahead,percent,2.91880050040499e-11,Bin,6.9,7.0
HHS Region 7,2 wk ahead,percent,2.91880050040499e-11,Bin,7.0,7.1
HHS Region 7,2 wk ahead,percent,2.91880050040499e-11,Bin,7.1,7.2
HHS Region 7,2 wk ahead,percent,2.91880050040499e-11,Bin,7.2,7.3
HHS Region 7,2 wk ahead,percent,2.91880050040499e-11,Bin,7.3,7.4
HHS Region 7,2 wk ahead,percent,2.91880050040499e-11,Bin,7.4,7.5
HHS Region 7,2 wk ahead,percent,2.91880050040499e-11,Bin,7.5,7.6
HHS Region 7,2 wk ahead,percent,2.91880050040499e-11,Bin,7.6,7.7
HHS Region 7,2 wk ahead,percent,2.91880050040499e-11,Bin,7.7,7.8
HHS Region 7,2 wk ahead,percent,2.91880050040499e-11,Bin,7.8,7.9
HHS Region 7,2 wk ahead,percent,2.91880050040499e-11,Bin,7.9,8.0
HHS Region 7,2 wk ahead,percent,2.91880050040502e-11,Bin,8.0,8.1
HHS Region 7,2 wk ahead,percent,2.91880050040504e-11,Bin,8.1,8.2
HHS Region 7,2 wk ahead,percent,2.91880050040504e-11,Bin,8.2,8.3
HHS Region 7,2 wk ahead,percent,2.91880050040504e-11,Bin,8.3,8.4
HHS Region 7,2 wk ahead,percent,2.91880050040504e-11,Bin,8.4,8.5
HHS Region 7,2 wk ahead,percent,2.91880050040504e-11,Bin,8.5,8.6
HHS Region 7,2 wk ahead,percent,2.91880050040504e-11,Bin,8.6,8.7
HHS Region 7,2 wk ahead,percent,2.91880050040504e-11,Bin,8.7,8.8
HHS Region 7,2 wk ahead,percent,2.91880050040504e-11,Bin,8.8,8.9
HHS Region 7,2 wk ahead,percent,2.91880050040504e-11,Bin,8.9,9.0
HHS Region 7,2 wk ahead,percent,2.91880050040504e-11,Bin,9.0,9.1
HHS Region 7,2 wk ahead,percent,2.91880050040504e-11,Bin,9.1,9.2
HHS Region 7,2 wk ahead,percent,2.91880050040504e-11,Bin,9.2,9.3
HHS Region 7,2 wk ahead,percent,2.91880050040504e-11,Bin,9.3,9.4
HHS Region 7,2 wk ahead,percent,2.91880050040504e-11,Bin,9.4,9.5
HHS Region 7,2 wk ahead,percent,2.91880050040504e-11,Bin,9.5,9.6
HHS Region 7,2 wk ahead,percent,2.91880050040504e-11,Bin,9.6,9.7
HHS Region 7,2 wk ahead,percent,2.91880050040504e-11,Bin,9.7,9.8
HHS Region 7,2 wk ahead,percent,2.91880050040504e-11,Bin,9.8,9.9
HHS Region 7,2 wk ahead,percent,2.91880050040504e-11,Bin,9.9,10.0
HHS Region 7,2 wk ahead,percent,2.91880050040504e-11,Bin,10.0,10.1
HHS Region 7,2 wk ahead,percent,2.91880050040504e-11,Bin,10.1,10.2
HHS Region 7,2 wk ahead,percent,2.91880050040504e-11,Bin,10.2,10.3
HHS Region 7,2 wk ahead,percent,2.91880050040504e-11,Bin,10.3,10.4
HHS Region 7,2 wk ahead,percent,2.91880050040504e-11,Bin,10.4,10.5
HHS Region 7,2 wk ahead,percent,2.91880050040504e-11,Bin,10.5,10.6
HHS Region 7,2 wk ahead,percent,2.91880050040504e-11,Bin,10.6,10.7
HHS Region 7,2 wk ahead,percent,2.91880050040504e-11,Bin,10.7,10.8
HHS Region 7,2 wk ahead,percent,2.91880050040504e-11,Bin,10.8,10.9
HHS Region 7,2 wk ahead,percent,2.91880050040504e-11,Bin,10.9,11.0
HHS Region 7,2 wk ahead,percent,2.91880050040504e-11,Bin,11.0,11.1
HHS Region 7,2 wk ahead,percent,2.91880050040504e-11,Bin,11.1,11.2
HHS Region 7,2 wk ahead,percent,2.91880050040504e-11,Bin,11.2,11.3
HHS Region 7,2 wk ahead,percent,2.91880050040504e-11,Bin,11.3,11.4
HHS Region 7,2 wk ahead,percent,2.91880050040504e-11,Bin,11.4,11.5
HHS Region 7,2 wk ahead,percent,2.91880050040504e-11,Bin,11.5,11.6
HHS Region 7,2 wk ahead,percent,2.91880050040504e-11,Bin,11.6,11.7
HHS Region 7,2 wk ahead,percent,2.91880050040504e-11,Bin,11.7,11.8
HHS Region 7,2 wk ahead,percent,2.91880050040504e-11,Bin,11.8,11.9
HHS Region 7,2 wk ahead,percent,2.91880050040504e-11,Bin,11.9,12.0
HHS Region 7,2 wk ahead,percent,2.91880050040504e-11,Bin,12.0,12.1
HHS Region 7,2 wk ahead,percent,2.91880050040504e-11,Bin,12.1,12.2
HHS Region 7,2 wk ahead,percent,2.91880050040504e-11,Bin,12.2,12.3
HHS Region 7,2 wk ahead,percent,2.91880050040504e-11,Bin,12.3,12.4
HHS Region 7,2 wk ahead,percent,2.91880050040504e-11,Bin,12.4,12.5
HHS Region 7,2 wk ahead,percent,2.91880050040504e-11,Bin,12.5,12.6
HHS Region 7,2 wk ahead,percent,2.91880050040504e-11,Bin,12.6,12.7
HHS Region 7,2 wk ahead,percent,2.91880050040504e-11,Bin,12.7,12.8
HHS Region 7,2 wk ahead,percent,2.91880050040504e-11,Bin,12.8,12.9
HHS Region 7,2 wk ahead,percent,2.91880050040504e-11,Bin,12.9,13.0
HHS Region 7,2 wk ahead,percent,2.91880050040504e-11,Bin,13.0,100.0
HHS Region 7,3 wk ahead,percent,9.52624691378197e-10,Bin,0.0,0.1
HHS Region 7,3 wk ahead,percent,2.92674613967976e-09,Bin,0.1,0.2
HHS Region 7,3 wk ahead,percent,0.00400000391793789,Bin,0.2,0.3
HHS Region 7,3 wk ahead,percent,0.00800000545513995,Bin,0.3,0.4
HHS Region 7,3 wk ahead,percent,0.0300000044500158,Bin,0.4,0.5
HHS Region 7,3 wk ahead,percent,0.0440000055516916,Bin,0.5,0.6
HHS Region 7,3 wk ahead,percent,0.0580000065754766,Bin,0.6,0.7
HHS Region 7,3 wk ahead,percent,0.0980000017956606,Bin,0.7,0.8
HHS Region 7,3 wk ahead,percent,0.100000002434958,Bin,0.8,0.9
HHS Region 7,3 wk ahead,percent,0.106000000922392,Bin,0.9,1.0
HHS Region 7,3 wk ahead,percent,0.115999997298694,Bin,1.0,1.1
HHS Region 7,3 wk ahead,percent,0.0899999988171778,Bin,1.1,1.2
HHS Region 7,3 wk ahead,percent,0.0779999969007157,Bin,1.2,1.3
HHS Region 7,3 wk ahead,percent,0.0739999938164176,Bin,1.3,1.4
HHS Region 7,3 wk ahead,percent,0.0319999987772648,Bin,1.4,1.5
HHS Region 7,3 wk ahead,percent,0.0439999948988942,Bin,1.5,1.6
HHS Region 7,3 wk ahead,percent,0.013999999256093,Bin,1.6,1.7
HHS Region 7,3 wk ahead,percent,0.0179999977065147,Bin,1.7,1.8
HHS Region 7,3 wk ahead,percent,0.0219999964328444,Bin,1.8,1.9
HHS Region 7,3 wk ahead,percent,0.0179999968757868,Bin,1.9,2.0
HHS Region 7,3 wk ahead,percent,0.00599999895093674,Bin,2.0,2.1
HHS Region 7,3 wk ahead,percent,0.00199999965820633,Bin,2.1,2.2
HHS Region 7,3 wk ahead,percent,0.00599999892746587,Bin,2.2,2.3
HHS Region 7,3 wk ahead,percent,0.013999997465985,Bin,2.3,2.4
HHS Region 7,3 wk ahead,percent,0.00199999965820633,Bin,2.4,2.5
HHS Region 7,3 wk ahead,percent,0.00599999892746587,Bin,2.5,2.6
HHS Region 7,3 wk ahead,percent,2.35765535801052e-11,Bin,2.6,2.7
HHS Region 7,3 wk ahead,percent,0.00199999965820633,Bin,2.7,2.8
HHS Region 7,3 wk ahead,percent,2.35765535801052e-11,Bin,2.8,2.9
HHS Region 7,3 wk ahead,percent,2.35765535801052e-11,Bin,2.9,3.0
HHS Region 7,3 wk ahead,percent,0.00199999965820633,Bin,3.0,3.1
HHS Region 7,3 wk ahead,percent,2.35765535801052e-11,Bin,3.1,3.2
HHS Region 7,3 wk ahead,percent,2.35765535801052e-11,Bin,3.2,3.3
HHS Region 7,3 wk ahead,percent,2.35765535801052e-11,Bin,3.3,3.4
HHS Region 7,3 wk ahead,percent,2.35765535801052e-11,Bin,3.4,3.5
HHS Region 7,3 wk ahead,percent,0.00199999965820633,Bin,3.5,3.6
HHS Region 7,3 wk ahead,percent,2.35765535801052e-11,Bin,3.6,3.7
HHS Region 7,3 wk ahead,percent,0.00199999965820633,Bin,3.7,3.8
HHS Region 7,3 wk ahead,percent,2.35765535801052e-11,Bin,3.8,3.9
HHS Region 7,3 wk ahead,percent,2.35765535801052e-11,Bin,3.9,4.0
HHS Region 7,3 wk ahead,percent,2.35765535801052e-11,Bin,4.0,4.1
HHS Region 7,3 wk ahead,percent,2.35765535801052e-11,Bin,4.1,4.2
HHS Region 7,3 wk ahead,percent,2.35765535801052e-11,Bin,4.2,4.3
HHS Region 7,3 wk ahead,percent,2.35765535801052e-11,Bin,4.3,4.4
HHS Region 7,3 wk ahead,percent,0.00199999965820633,Bin,4.4,4.5
HHS Region 7,3 wk ahead,percent,2.35765535801052e-11,Bin,4.5,4.6
HHS Region 7,3 wk ahead,percent,2.35765535801052e-11,Bin,4.6,4.7
HHS Region 7,3 wk ahead,percent,2.35765535801052e-11,Bin,4.7,4.8
HHS Region 7,3 wk ahead,percent,2.35765535801052e-11,Bin,4.8,4.9
HHS Region 7,3 wk ahead,percent,2.35765535801052e-11,Bin,4.9,5.0
HHS Region 7,3 wk ahead,percent,2.35765535801052e-11,Bin,5.0,5.1
HHS Region 7,3 wk ahead,percent,2.35765535801052e-11,Bin,5.1,5.2
HHS Region 7,3 wk ahead,percent,2.35765535801052e-11,Bin,5.2,5.3
HHS Region 7,3 wk ahead,percent,2.35765535801052e-11,Bin,5.3,5.4
HHS Region 7,3 wk ahead,percent,2.35765535801052e-11,Bin,5.4,5.5
HHS Region 7,3 wk ahead,percent,2.35765535801052e-11,Bin,5.5,5.6
HHS Region 7,3 wk ahead,percent,2.35765535801052e-11,Bin,5.6,5.7
HHS Region 7,3 wk ahead,percent,2.35765535801052e-11,Bin,5.7,5.8
HHS Region 7,3 wk ahead,percent,2.35765535801052e-11,Bin,5.8,5.9
HHS Region 7,3 wk ahead,percent,2.35765535801052e-11,Bin,5.9,6.0
HHS Region 7,3 wk ahead,percent,2.35765535801052e-11,Bin,6.0,6.1
HHS Region 7,3 wk ahead,percent,2.35765535801052e-11,Bin,6.1,6.2
HHS Region 7,3 wk ahead,percent,2.35765535801052e-11,Bin,6.2,6.3
HHS Region 7,3 wk ahead,percent,2.35765535801052e-11,Bin,6.3,6.4
HHS Region 7,3 wk ahead,percent,2.35765535801052e-11,Bin,6.4,6.5
HHS Region 7,3 wk ahead,percent,2.35765535801052e-11,Bin,6.5,6.6
HHS Region 7,3 wk ahead,percent,2.35765535801052e-11,Bin,6.6,6.7
HHS Region 7,3 wk ahead,percent,2.35765535801052e-11,Bin,6.7,6.8
HHS Region 7,3 wk ahead,percent,2.35765535801052e-11,Bin,6.8,6.9
HHS Region 7,3 wk ahead,percent,2.35765535801052e-11,Bin,6.9,7.0
HHS Region 7,3 wk ahead,percent,2.35765535801052e-11,Bin,7.0,7.1
HHS Region 7,3 wk ahead,percent,2.35765535801052e-11,Bin,7.1,7.2
HHS Region 7,3 wk ahead,percent,2.35765535801052e-11,Bin,7.2,7.3
HHS Region 7,3 wk ahead,percent,2.35765535801052e-11,Bin,7.3,7.4
HHS Region 7,3 wk ahead,percent,2.35765535801052e-11,Bin,7.4,7.5
HHS Region 7,3 wk ahead,percent,2.35765535801052e-11,Bin,7.5,7.6
HHS Region 7,3 wk ahead,percent,2.35765535801052e-11,Bin,7.6,7.7
HHS Region 7,3 wk ahead,percent,2.35765535801052e-11,Bin,7.7,7.8
HHS Region 7,3 wk ahead,percent,2.35765535801052e-11,Bin,7.8,7.9
HHS Region 7,3 wk ahead,percent,2.35765535801052e-11,Bin,7.9,8.0
HHS Region 7,3 wk ahead,percent,2.35765535801054e-11,Bin,8.0,8.1
HHS Region 7,3 wk ahead,percent,2.35765535801056e-11,Bin,8.1,8.2
HHS Region 7,3 wk ahead,percent,2.35765535801056e-11,Bin,8.2,8.3
HHS Region 7,3 wk ahead,percent,2.35765535801056e-11,Bin,8.3,8.4
HHS Region 7,3 wk ahead,percent,2.35765535801056e-11,Bin,8.4,8.5
HHS Region 7,3 wk ahead,percent,2.35765535801056e-11,Bin,8.5,8.6
HHS Region 7,3 wk ahead,percent,2.35765535801056e-11,Bin,8.6,8.7
HHS Region 7,3 wk ahead,percent,2.35765535801056e-11,Bin,8.7,8.8
HHS Region 7,3 wk ahead,percent,2.35765535801056e-11,Bin,8.8,8.9
HHS Region 7,3 wk ahead,percent,2.35765535801056e-11,Bin,8.9,9.0
HHS Region 7,3 wk ahead,percent,2.35765535801056e-11,Bin,9.0,9.1
HHS Region 7,3 wk ahead,percent,2.35765535801056e-11,Bin,9.1,9.2
HHS Region 7,3 wk ahead,percent,2.35765535801056e-11,Bin,9.2,9.3
HHS Region 7,3 wk ahead,percent,2.35765535801056e-11,Bin,9.3,9.4
HHS Region 7,3 wk ahead,percent,2.35765535801056e-11,Bin,9.4,9.5
HHS Region 7,3 wk ahead,percent,2.35765535801056e-11,Bin,9.5,9.6
HHS Region 7,3 wk ahead,percent,2.35765535801056e-11,Bin,9.6,9.7
HHS Region 7,3 wk ahead,percent,2.35765535801056e-11,Bin,9.7,9.8
HHS Region 7,3 wk ahead,percent,2.35765535801056e-11,Bin,9.8,9.9
HHS Region 7,3 wk ahead,percent,2.35765535801056e-11,Bin,9.9,10.0
HHS Region 7,3 wk ahead,percent,2.35765535801056e-11,Bin,10.0,10.1
HHS Region 7,3 wk ahead,percent,2.35765535801056e-11,Bin,10.1,10.2
HHS Region 7,3 wk ahead,percent,2.35765535801056e-11,Bin,10.2,10.3
HHS Region 7,3 wk ahead,percent,2.35765535801056e-11,Bin,10.3,10.4
HHS Region 7,3 wk ahead,percent,2.35765535801056e-11,Bin,10.4,10.5
HHS Region 7,3 wk ahead,percent,2.35765535801056e-11,Bin,10.5,10.6
HHS Region 7,3 wk ahead,percent,2.35765535801056e-11,Bin,10.6,10.7
HHS Region 7,3 wk ahead,percent,2.35765535801056e-11,Bin,10.7,10.8
HHS Region 7,3 wk ahead,percent,2.35765535801056e-11,Bin,10.8,10.9
HHS Region 7,3 wk ahead,percent,2.35765535801056e-11,Bin,10.9,11.0
HHS Region 7,3 wk ahead,percent,2.35765535801056e-11,Bin,11.0,11.1
HHS Region 7,3 wk ahead,percent,2.35765535801056e-11,Bin,11.1,11.2
HHS Region 7,3 wk ahead,percent,2.35765535801056e-11,Bin,11.2,11.3
HHS Region 7,3 wk ahead,percent,2.35765535801056e-11,Bin,11.3,11.4
HHS Region 7,3 wk ahead,percent,2.35765535801056e-11,Bin,11.4,11.5
HHS Region 7,3 wk ahead,percent,2.35765535801056e-11,Bin,11.5,11.6
HHS Region 7,3 wk ahead,percent,2.35765535801056e-11,Bin,11.6,11.7
HHS Region 7,3 wk ahead,percent,2.35765535801056e-11,Bin,11.7,11.8
HHS Region 7,3 wk ahead,percent,2.35765535801056e-11,Bin,11.8,11.9
HHS Region 7,3 wk ahead,percent,2.35765535801056e-11,Bin,11.9,12.0
HHS Region 7,3 wk ahead,percent,2.35765535801056e-11,Bin,12.0,12.1
HHS Region 7,3 wk ahead,percent,2.35765535801056e-11,Bin,12.1,12.2
HHS Region 7,3 wk ahead,percent,2.35765535801056e-11,Bin,12.2,12.3
HHS Region 7,3 wk ahead,percent,2.35765535801056e-11,Bin,12.3,12.4
HHS Region 7,3 wk ahead,percent,2.35765535801056e-11,Bin,12.4,12.5
HHS Region 7,3 wk ahead,percent,2.35765535801056e-11,Bin,12.5,12.6
HHS Region 7,3 wk ahead,percent,2.35765535801056e-11,Bin,12.6,12.7
HHS Region 7,3 wk ahead,percent,2.35765535801056e-11,Bin,12.7,12.8
HHS Region 7,3 wk ahead,percent,2.35765535801056e-11,Bin,12.8,12.9
HHS Region 7,3 wk ahead,percent,2.35765535801056e-11,Bin,12.9,13.0
HHS Region 7,3 wk ahead,percent,2.35765535801056e-11,Bin,13.0,100.0
HHS Region 7,4 wk ahead,percent,6.58183422098573e-10,Bin,0.0,0.1
HHS Region 7,4 wk ahead,percent,3.8318552333535e-09,Bin,0.1,0.2
HHS Region 7,4 wk ahead,percent,0.0160000043680439,Bin,0.2,0.3
HHS Region 7,4 wk ahead,percent,0.0380000005293745,Bin,0.3,0.4
HHS Region 7,4 wk ahead,percent,0.073999996035594,Bin,0.4,0.5
HHS Region 7,4 wk ahead,percent,0.0900000028071985,Bin,0.5,0.6
HHS Region 7,4 wk ahead,percent,0.116000006618625,Bin,0.6,0.7
HHS Region 7,4 wk ahead,percent,0.112000005568054,Bin,0.7,0.8
HHS Region 7,4 wk ahead,percent,0.141999994806825,Bin,0.8,0.9
HHS Region 7,4 wk ahead,percent,0.101999998605842,Bin,0.9,1.0
HHS Region 7,4 wk ahead,percent,0.0740000016248884,Bin,1.0,1.1
HHS Region 7,4 wk ahead,percent,0.0580000019256229,Bin,1.1,1.2
HHS Region 7,4 wk ahead,percent,0.0459999984223501,Bin,1.2,1.3
HHS Region 7,4 wk ahead,percent,0.041999994284047,Bin,1.3,1.4
HHS Region 7,4 wk ahead,percent,0.0159999973490117,Bin,1.4,1.5
HHS Region 7,4 wk ahead,percent,0.00999999822565811,Bin,1.5,1.6
HHS Region 7,4 wk ahead,percent,0.0199999963987384,Bin,1.6,1.7
HHS Region 7,4 wk ahead,percent,0.00799999859095973,Bin,1.7,1.8
HHS Region 7,4 wk ahead,percent,0.00799999859095973,Bin,1.8,1.9
HHS Region 7,4 wk ahead,percent,0.00599999895632995,Bin,1.9,2.0
HHS Region 7,4 wk ahead,percent,0.00199999968707041,Bin,2.0,2.1
HHS Region 7,4 wk ahead,percent,0.00199999968707041,Bin,2.1,2.2
HHS Region 7,4 wk ahead,percent,0.00199999968707041,Bin,2.2,2.3
HHS Region 7,4 wk ahead,percent,0.00199999968707041,Bin,2.3,2.4
HHS Region 7,4 wk ahead,percent,0.00199999968707041,Bin,2.4,2.5
HHS Region 7,4 wk ahead,percent,5.24406365314697e-11,Bin,2.5,2.6
HHS Region 7,4 wk ahead,percent,0.00199999968707041,Bin,2.6,2.7
HHS Region 7,4 wk ahead,percent,5.24406365314697e-11,Bin,2.7,2.8
HHS Region 7,4 wk ahead,percent,5.24406365314697e-11,Bin,2.8,2.9
HHS Region 7,4 wk ahead,percent,5.24406365314697e-11,Bin,2.9,3.0
HHS Region 7,4 wk ahead,percent,0.00199999968707041,Bin,3.0,3.1
HHS Region 7,4 wk ahead,percent,5.24406365314697e-11,Bin,3.1,3.2
HHS Region 7,4 wk ahead,percent,5.24406365314697e-11,Bin,3.2,3.3
HHS Region 7,4 wk ahead,percent,5.24406365314697e-11,Bin,3.3,3.4
HHS Region 7,4 wk ahead,percent,5.24406365314697e-11,Bin,3.4,3.5
HHS Region 7,4 wk ahead,percent,0.00199999968707041,Bin,3.5,3.6
HHS Region 7,4 wk ahead,percent,0.00199999968707041,Bin,3.6,3.7
HHS Region 7,4 wk ahead,percent,5.24406365314697e-11,Bin,3.7,3.8
HHS Region 7,4 wk ahead,percent,5.24406365314697e-11,Bin,3.8,3.9
HHS Region 7,4 wk ahead,percent,0.00199999968707041,Bin,3.9,4.0
HHS Region 7,4 wk ahead,percent,5.24406365314697e-11,Bin,4.0,4.1
HHS Region 7,4 wk ahead,percent,5.24406365314697e-11,Bin,4.1,4.2
HHS Region 7,4 wk ahead,percent,5.24406365314697e-11,Bin,4.2,4.3
HHS Region 7,4 wk ahead,percent,5.24406365314697e-11,Bin,4.3,4.4
HHS Region 7,4 wk ahead,percent,5.24406365314697e-11,Bin,4.4,4.5
HHS Region 7,4 wk ahead,percent,5.24406365314697e-11,Bin,4.5,4.6
HHS Region 7,4 wk ahead,percent,5.24406365314697e-11,Bin,4.6,4.7
HHS Region 7,4 wk ahead,percent,5.24406365314697e-11,Bin,4.7,4.8
HHS Region 7,4 wk ahead,percent,5.24406365314697e-11,Bin,4.8,4.9
HHS Region 7,4 wk ahead,percent,5.24406365314697e-11,Bin,4.9,5.0
HHS Region 7,4 wk ahead,percent,5.24406365314697e-11,Bin,5.0,5.1
HHS Region 7,4 wk ahead,percent,5.24406365314697e-11,Bin,5.1,5.2
HHS Region 7,4 wk ahead,percent,5.24406365314697e-11,Bin,5.2,5.3
HHS Region 7,4 wk ahead,percent,5.24406365314697e-11,Bin,5.3,5.4
HHS Region 7,4 wk ahead,percent,5.24406365314697e-11,Bin,5.4,5.5
HHS Region 7,4 wk ahead,percent,5.24406365314697e-11,Bin,5.5,5.6
HHS Region 7,4 wk ahead,percent,5.24406365314697e-11,Bin,5.6,5.7
HHS Region 7,4 wk ahead,percent,5.24406365314697e-11,Bin,5.7,5.8
HHS Region 7,4 wk ahead,percent,0.00199999968707041,Bin,5.8,5.9
HHS Region 7,4 wk ahead,percent,5.24406365314697e-11,Bin,5.9,6.0
HHS Region 7,4 wk ahead,percent,5.24406365314697e-11,Bin,6.0,6.1
HHS Region 7,4 wk ahead,percent,5.24406365314697e-11,Bin,6.1,6.2
HHS Region 7,4 wk ahead,percent,5.24406365314697e-11,Bin,6.2,6.3
HHS Region 7,4 wk ahead,percent,5.24406365314697e-11,Bin,6.3,6.4
HHS Region 7,4 wk ahead,percent,5.24406365314697e-11,Bin,6.4,6.5
HHS Region 7,4 wk ahead,percent,5.24406365314697e-11,Bin,6.5,6.6
HHS Region 7,4 wk ahead,percent,5.24406365314697e-11,Bin,6.6,6.7
HHS Region 7,4 wk ahead,percent,5.24406365314697e-11,Bin,6.7,6.8
HHS Region 7,4 wk ahead,percent,5.24406365314697e-11,Bin,6.8,6.9
HHS Region 7,4 wk ahead,percent,5.24406365314697e-11,Bin,6.9,7.0
HHS Region 7,4 wk ahead,percent,5.24406365314697e-11,Bin,7.0,7.1
HHS Region 7,4 wk ahead,percent,5.24406365314697e-11,Bin,7.1,7.2
HHS Region 7,4 wk ahead,percent,5.24406365314697e-11,Bin,7.2,7.3
HHS Region 7,4 wk ahead,percent,5.24406365314697e-11,Bin,7.3,7.4
HHS Region 7,4 wk ahead,percent,5.24406365314697e-11,Bin,7.4,7.5
HHS Region 7,4 wk ahead,percent,5.24406365314697e-11,Bin,7.5,7.6
HHS Region 7,4 wk ahead,percent,5.24406365314697e-11,Bin,7.6,7.7
HHS Region 7,4 wk ahead,percent,5.24406365314697e-11,Bin,7.7,7.8
HHS Region 7,4 wk ahead,percent,5.24406365314697e-11,Bin,7.8,7.9
HHS Region 7,4 wk ahead,percent,5.24406365314697e-11,Bin,7.9,8.0
HHS Region 7,4 wk ahead,percent,5.24406365314701e-11,Bin,8.0,8.1
HHS Region 7,4 wk ahead,percent,5.24406365314706e-11,Bin,8.1,8.2
HHS Region 7,4 wk ahead,percent,5.24406365314706e-11,Bin,8.2,8.3
HHS Region 7,4 wk ahead,percent,5.24406365314706e-11,Bin,8.3,8.4
HHS Region 7,4 wk ahead,percent,5.24406365314706e-11,Bin,8.4,8.5
HHS Region 7,4 wk ahead,percent,5.24406365314706e-11,Bin,8.5,8.6
HHS Region 7,4 wk ahead,percent,5.24406365314706e-11,Bin,8.6,8.7
HHS Region 7,4 wk ahead,percent,5.24406365314706e-11,Bin,8.7,8.8
HHS Region 7,4 wk ahead,percent,5.24406365314706e-11,Bin,8.8,8.9
HHS Region 7,4 wk ahead,percent,5.24406365314706e-11,Bin,8.9,9.0
HHS Region 7,4 wk ahead,percent,5.24406365314706e-11,Bin,9.0,9.1
HHS Region 7,4 wk ahead,percent,5.24406365314706e-11,Bin,9.1,9.2
HHS Region 7,4 wk ahead,percent,5.24406365314706e-11,Bin,9.2,9.3
HHS Region 7,4 wk ahead,percent,5.24406365314706e-11,Bin,9.3,9.4
HHS Region 7,4 wk ahead,percent,5.24406365314706e-11,Bin,9.4,9.5
HHS Region 7,4 wk ahead,percent,5.24406365314706e-11,Bin,9.5,9.6
HHS Region 7,4 wk ahead,percent,5.24406365314706e-11,Bin,9.6,9.7
HHS Region 7,4 wk ahead,percent,5.24406365314706e-11,Bin,9.7,9.8
HHS Region 7,4 wk ahead,percent,5.24406365314706e-11,Bin,9.8,9.9
HHS Region 7,4 wk ahead,percent,5.24406365314706e-11,Bin,9.9,10.0
HHS Region 7,4 wk ahead,percent,5.24406365314706e-11,Bin,10.0,10.1
HHS Region 7,4 wk ahead,percent,5.24406365314706e-11,Bin,10.1,10.2
HHS Region 7,4 wk ahead,percent,5.24406365314706e-11,Bin,10.2,10.3
HHS Region 7,4 wk ahead,percent,5.24406365314706e-11,Bin,10.3,10.4
HHS Region 7,4 wk ahead,percent,5.24406365314706e-11,Bin,10.4,10.5
HHS Region 7,4 wk ahead,percent,5.24406365314706e-11,Bin,10.5,10.6
HHS Region 7,4 wk ahead,percent,5.24406365314706e-11,Bin,10.6,10.7
HHS Region 7,4 wk ahead,percent,5.24406365314706e-11,Bin,10.7,10.8
HHS Region 7,4 wk ahead,percent,5.24406365314706e-11,Bin,10.8,10.9
HHS Region 7,4 wk ahead,percent,5.24406365314706e-11,Bin,10.9,11.0
HHS Region 7,4 wk ahead,percent,5.24406365314706e-11,Bin,11.0,11.1
HHS Region 7,4 wk ahead,percent,5.24406365314706e-11,Bin,11.1,11.2
HHS Region 7,4 wk ahead,percent,5.24406365314706e-11,Bin,11.2,11.3
HHS Region 7,4 wk ahead,percent,5.24406365314706e-11,Bin,11.3,11.4
HHS Region 7,4 wk ahead,percent,5.24406365314706e-11,Bin,11.4,11.5
HHS Region 7,4 wk ahead,percent,5.24406365314706e-11,Bin,11.5,11.6
HHS Region 7,4 wk ahead,percent,5.24406365314706e-11,Bin,11.6,11.7
HHS Region 7,4 wk ahead,percent,5.24406365314706e-11,Bin,11.7,11.8
HHS Region 7,4 wk ahead,percent,5.24406365314706e-11,Bin,11.8,11.9
HHS Region 7,4 wk ahead,percent,5.24406365314706e-11,Bin,11.9,12.0
HHS Region 7,4 wk ahead,percent,5.24406365314706e-11,Bin,12.0,12.1
HHS Region 7,4 wk ahead,percent,5.24406365314706e-11,Bin,12.1,12.2
HHS Region 7,4 wk ahead,percent,5.24406365314706e-11,Bin,12.2,12.3
HHS Region 7,4 wk ahead,percent,5.24406365314706e-11,Bin,12.3,12.4
HHS Region 7,4 wk ahead,percent,5.24406365314706e-11,Bin,12.4,12.5
HHS Region 7,4 wk ahead,percent,5.24406365314706e-11,Bin,12.5,12.6
HHS Region 7,4 wk ahead,percent,5.24406365314706e-11,Bin,12.6,12.7
HHS Region 7,4 wk ahead,percent,5.24406365314706e-11,Bin,12.7,12.8
HHS Region 7,4 wk ahead,percent,5.24406365314706e-11,Bin,12.8,12.9
HHS Region 7,4 wk ahead,percent,5.24406365314706e-11,Bin,12.9,13.0
HHS Region 7,4 wk ahead,percent,5.24406365314706e-11,Bin,13.0,100.0
HHS Region 8,Season onset,week,1.02799965476328e-05,Bin,40.0,41.0
HHS Region 8,Season onset,week,4.73479874094229e-05,Bin,41.0,42.0
HHS Region 8,Season onset,week,0.000238780679402602,Bin,42.0,43.0
HHS Region 8,Season onset,week,0.000629490874475622,Bin,43.0,44.0
HHS Region 8,Season onset,week,0.000870313507451824,Bin,44.0,45.0
HHS Region 8,Season onset,week,0.000648904363545436,Bin,45.0,46.0
HHS Region 8,Season onset,week,0.000432226830229017,Bin,46.0,47.0
HHS Region 8,Season onset,week,0.00107265143853273,Bin,47.0,48.0
HHS Region 8,Season onset,week,0.00295586651588586,Bin,48.0,49.0
HHS Region 8,Season onset,week,0.00472693985726267,Bin,49.0,50.0
HHS Region 8,Season onset,week,0.00432491574594124,Bin,50.0,51.0
HHS Region 8,Season onset,week,0.0023365308092272,Bin,51.0,52.0
HHS Region 8,Season onset,week,0.000942303425821121,Bin,52.0,53.0
HHS Region 8,Season onset,week,0.000774330608231184,Bin,1.0,2.0
HHS Region 8,Season onset,week,0.0010721172115899,Bin,2.0,3.0
HHS Region 8,Season onset,week,0.00156924452075636,Bin,3.0,4.0
HHS Region 8,Season onset,week,0.00270515891697622,Bin,4.0,5.0
HHS Region 8,Season onset,week,0.965180496734901,Bin,5.0,6.0
HHS Region 8,Season onset,week,0.00246971425615904,Bin,6.0,7.0
HHS Region 8,Season onset,week,0.000935258073649609,Bin,7.0,8.0
HHS Region 8,Season onset,week,0.000185408297116666,Bin,8.0,9.0
HHS Region 8,Season onset,week,4.02537771095831e-05,Bin,9.0,10.0
HHS Region 8,Season onset,week,3.94413884158612e-05,Bin,10.0,11.0
HHS Region 8,Season onset,week,3.94413884158612e-05,Bin,11.0,12.0
HHS Region 8,Season onset,week,3.94413884158612e-05,Bin,12.0,13.0
HHS Region 8,Season onset,week,3.94413884158612e-05,Bin,13.0,14.0
HHS Region 8,Season onset,week,3.94413884158612e-05,Bin,14.0,15.0
HHS Region 8,Season onset,week,3.94413884158612e-05,Bin,15.0,16.0
HHS Region 8,Season onset,week,3.94413884158612e-05,Bin,16.0,17.0
HHS Region 8,Season onset,week,3.94413884158612e-05,Bin,17.0,18.0
HHS Region 8,Season onset,week,3.94413884158612e-05,Bin,18.0,19.0
HHS Region 8,Season onset,week,3.94413884158612e-05,Bin,19.0,20.0
HHS Region 8,Season onset,week,3.94413884158612e-05,Bin,20.0,21.0
HHS Region 8,Season onset,week,0.00539761029920362,Bin,none,none
HHS Region 8,Season peak week,week,0.00044957710146822,Bin,40.0,41.0
HHS Region 8,Season peak week,week,0.000444519380555524,Bin,41.0,42.0
HHS Region 8,Season peak week,week,0.000416511829975752,Bin,42.0,43.0
HHS Region 8,Season peak week,week,0.000386273771436779,Bin,43.0,44.0
HHS Region 8,Season peak week,week,0.00037769098844948,Bin,44.0,45.0
HHS Region 8,Season peak week,week,0.000410739099510645,Bin,45.0,46.0
HHS Region 8,Season peak week,week,0.000497356063246056,Bin,46.0,47.0
HHS Region 8,Season peak week,week,0.000640817834565774,Bin,47.0,48.0
HHS Region 8,Season peak week,week,0.000836740025928671,Bin,48.0,49.0
HHS Region 8,Season peak week,week,0.00107388600291444,Bin,49.0,50.0
HHS Region 8,Season peak week,week,0.00133480676416912,Bin,50.0,51.0
HHS Region 8,Season peak week,week,0.00159821564546157,Bin,51.0,52.0
HHS Region 8,Season peak week,week,0.00184426873968395,Bin,52.0,53.0
HHS Region 8,Season peak week,week,0.00206075976559312,Bin,1.0,2.0
HHS Region 8,Season peak week,week,0.00224577968624792,Bin,2.0,3.0
HHS Region 8,Season peak week,week,0.00240356702386684,Bin,3.0,4.0
HHS Region 8,Season peak week,week,0.00253497082202028,Bin,4.0,5.0
HHS Region 8,Season peak week,week,0.00262876544346442,Bin,5.0,6.0
HHS Region 8,Season peak week,week,0.00266067049438333,Bin,6.0,7.0
HHS Region 8,Season peak week,week,0.00260240193952704,Bin,7.0,8.0
HHS Region 8,Season peak week,week,0.00243615125110612,Bin,8.0,9.0
HHS Region 8,Season peak week,week,0.00216606549387994,Bin,9.0,10.0
HHS Region 8,Season peak week,week,0.00181998607400874,Bin,10.0,11.0
HHS Region 8,Season peak week,week,0.869668334656446,Bin,11.0,12.0
HHS Region 8,Season peak week,week,0.00107289517348977,Bin,12.0,13.0
HHS Region 8,Season peak week,week,0.0312816804373555,Bin,13.0,14.0
HHS Region 8,Season peak week,week,0.0291154949214394,Bin,14.0,15.0
HHS Region 8,Season peak week,week,0.00984355987886522,Bin,15.0,16.0
HHS Region 8,Season peak week,week,0.00398984248757126,Bin,16.0,17.0
HHS Region 8,Season peak week,week,0.00390882700680465,Bin,17.0,18.0
HHS Region 8,Season peak week,week,0.00958659302732491,Bin,18.0,19.0
HHS Region 8,Season peak week,week,0.0038371650601546,Bin,19.0,20.0
HHS Region 8,Season peak week,week,0.00382508610908535,Bin,20.0,21.0
HHS Region 8,Season peak percentage,percent,2.90068944607337e-06,Bin,0.0,0.1
HHS Region 8,Season peak percentage,percent,5.80137889214674e-06,Bin,0.1,0.2
HHS Region 8,Season peak percentage,percent,5.80137889214674e-06,Bin,0.2,0.3
HHS Region 8,Season peak percentage,percent,5.80137889214674e-06,Bin,0.3,0.4
HHS Region 8,Season peak percentage,percent,5.80137889214674e-06,Bin,0.4,0.5
HHS Region 8,Season peak percentage,percent,5.80137889214674e-06,Bin,0.5,0.6
HHS Region 8,Season peak percentage,percent,5.80137889214675e-06,Bin,0.6,0.7
HHS Region 8,Season peak percentage,percent,5.80137889214675e-06,Bin,0.7,0.8
HHS Region 8,Season peak percentage,percent,6.65149736787018e-06,Bin,0.8,0.9
HHS Region 8,Season peak percentage,percent,1.25402074685742e-05,Bin,0.9,1.0
HHS Region 8,Season peak percentage,percent,2.35783578707247e-05,Bin,1.0,1.1
HHS Region 8,Season peak percentage,percent,4.21803586568683e-05,Bin,1.1,1.2
HHS Region 8,Season peak percentage,percent,7.17946256711605e-05,Bin,1.2,1.3
HHS Region 8,Season peak percentage,percent,0.000116317022765131,Bin,1.3,1.4
HHS Region 8,Season peak percentage,percent,0.000179462769381872,Bin,1.4,1.5
HHS Region 8,Season peak percentage,percent,0.000263831586387848,Bin,1.5,1.6
HHS Region 8,Season peak percentage,percent,0.000369767331819365,Bin,1.6,1.7
HHS Region 8,Season peak percentage,percent,0.00049447464595696,Bin,1.7,1.8
HHS Region 8,Season peak percentage,percent,0.000631559613656418,Bin,1.8,1.9
HHS Region 8,Season peak percentage,percent,0.000771401450074705,Bin,1.9,2.0
HHS Region 8,Season peak percentage,percent,0.000902424136432252,Bin,2.0,2.1
HHS Region 8,Season peak percentage,percent,0.00101305166632602,Bin,2.1,2.2
HHS Region 8,Season peak percentage,percent,0.00109386358806808,Bin,2.2,2.3
HHS Region 8,Season peak percentage,percent,0.876312776951503,Bin,2.3,2.4
HHS Region 8,Season peak percentage,percent,0.0242307811183337,Bin,2.4,2.5
HHS Region 8,Season peak percentage,percent,0.0165157960325397,Bin,2.5,2.6
HHS Region 8,Season peak percentage,percent,0.00493199387795944,Bin,2.6,2.7
HHS Region 8,Season peak percentage,percent,0.00487921956144914,Bin,2.7,2.8
HHS Region 8,Season peak percentage,percent,0.000983373146316167,Bin,2.8,2.9
HHS Region 8,Season peak percentage,percent,0.00672173134920269,Bin,2.9,3.0
HHS Region 8,Season peak percentage,percent,0.00479368980502886,Bin,3.0,3.1
HHS Region 8,Season peak percentage,percent,0.000975575646259063,Bin,3.1,3.2
HHS Region 8,Season peak percentage,percent,0.0048846579004194,Bin,3.2,3.3
HHS Region 8,Season peak percentage,percent,0.00497371579643879,Bin,3.3,3.4
HHS Region 8,Season peak percentage,percent,0.0031541463302651,Bin,3.4,3.5
HHS Region 8,Season peak percentage,percent,0.00325747698153891,Bin,3.5,3.6
HHS Region 8,Season peak percentage,percent,0.00334477237604347,Bin,3.6,3.7
HHS Region 8,Season peak percentage,percent,0.00340351015896791,Bin,3.7,3.8
HHS Region 8,Season peak percentage,percent,0.00534964503304624,Bin,3.8,3.9
HHS Region 8,Season peak percentage,percent,0.00341100778828859,Bin,3.9,4.0
HHS Region 8,Season peak percentage,percent,0.0014373286984077,Bin,4.0,4.1
HHS Region 8,Season peak percentage,percent,0.00135760503906642,Bin,4.1,4.2
HHS Region 8,Season peak percentage,percent,0.00125475308337466,Bin,4.2,4.3
HHS Region 8,Season peak percentage,percent,0.00305821342912064,Bin,4.3,4.4
HHS Region 8,Season peak percentage,percent,0.00100288991309671,Bin,4.4,4.5
HHS Region 8,Season peak percentage,percent,0.000864087310427911,Bin,4.5,4.6
HHS Region 8,Season peak percentage,percent,0.000723470475331963,Bin,4.6,4.7
HHS Region 8,Season peak percentage,percent,0.000586539109215427,Bin,4.7,4.8
HHS Region 8,Season peak percentage,percent,0.000458844965147539,Bin,4.8,4.9
HHS Region 8,Season peak percentage,percent,0.000345267149960048,Bin,4.9,5.0
HHS Region 8,Season peak percentage,percent,0.000249230986240983,Bin,5.0,5.1
HHS Region 8,Season peak percentage,percent,0.000172233982125581,Bin,5.1,5.2
HHS Region 8,Season peak percentage,percent,0.00011384124974588,Bin,5.2,5.3
HHS Region 8,Season peak percentage,percent,0.00199555350545372,Bin,5.3,5.4
HHS Region 8,Season peak percentage,percent,4.41485788989856e-05,Bin,5.4,5.5
HHS Region 8,Season peak percentage,percent,2.70199387747269e-05,Bin,5.5,5.6
HHS Region 8,Season peak percentage,percent,1.81336009415911e-05,Bin,5.6,5.7
HHS Region 8,Season peak percentage,percent,1.56498322721671e-05,Bin,5.7,5.8
HHS Region 8,Season peak percentage,percent,1.85244372221145e-05,Bin,5.8,5.9
HHS Region 8,Season peak percentage,percent,2.64056738169879e-05,Bin,5.9,6.0
HHS Region 8,Season peak percentage,percent,3.93408244875901e-05,Bin,6.0,6.1
HHS Region 8,Season peak percentage,percent,5.73912904650053e-05,Bin,6.1,6.2
HHS Region 8,Season peak percentage,percent,8.02075699166982e-05,Bin,6.2,6.3
HHS Region 8,Season peak percentage,percent,0.00203014282889709,Bin,6.3,6.4
HHS Region 8,Season peak percentage,percent,0.000134806982001708,Bin,6.4,6.5
HHS Region 8,Season peak percentage,percent,0.000161737549422664,Bin,6.5,6.6
HHS Region 8,Season peak percentage,percent,0.000184212088248072,Bin,6.6,6.7
HHS Region 8,Season peak percentage,percent,0.00212262948922425,Bin,6.7,6.8
HHS Region 8,Season peak percentage,percent,0.000204423540261637,Bin,6.8,6.9
HHS Region 8,Season peak percentage,percent,0.000199173293077173,Bin,6.9,7.0
HHS Region 8,Season peak percentage,percent,0.00018421277344058,Bin,7.0,7.1
HHS Region 8,Season peak percentage,percent,0.00208518973105113,Bin,7.1,7.2
HHS Region 8,Season peak percentage,percent,0.000134790857272623,Bin,7.2,7.3
HHS Region 8,Season peak percentage,percent,0.000106639593402657,Bin,7.3,7.4
HHS Region 8,Season peak percentage,percent,8.0088038383296e-05,Bin,7.4,7.5
HHS Region 8,Season peak percentage,percent,5.70946518678552e-05,Bin,7.5,7.6
HHS Region 8,Season peak percentage,percent,3.86397257189731e-05,Bin,7.6,7.7
HHS Region 8,Season peak percentage,percent,2.48241536683835e-05,Bin,7.7,7.8
HHS Region 8,Season peak percentage,percent,1.51387347006597e-05,Bin,7.8,7.9
HHS Region 8,Season peak percentage,percent,8.76269065347308e-06,Bin,7.9,8.0
HHS Region 8,Season peak percentage,percent,4.81522444778752e-06,Bin,8.0,8.1
HHS Region 8,Season peak percentage,percent,2.6296562810253e-06,Bin,8.1,8.2
HHS Region 8,Season peak percentage,percent,2.30793267904134e-06,Bin,8.2,8.3
HHS Region 8,Season peak percentage,percent,2.30793267904134e-06,Bin,8.3,8.4
HHS Region 8,Season peak percentage,percent,2.30793267904134e-06,Bin,8.4,8.5
HHS Region 8,Season peak percentage,percent,2.30793267904134e-06,Bin,8.5,8.6
HHS Region 8,Season peak percentage,percent,2.30793267904134e-06,Bin,8.6,8.7
HHS Region 8,Season peak percentage,percent,2.30793267904134e-06,Bin,8.7,8.8
HHS Region 8,Season peak percentage,percent,2.30793267904134e-06,Bin,8.8,8.9
HHS Region 8,Season peak percentage,percent,2.30793267904134e-06,Bin,8.9,9.0
HHS Region 8,Season peak percentage,percent,2.30793267904134e-06,Bin,9.0,9.1
HHS Region 8,Season peak percentage,percent,2.30793267904134e-06,Bin,9.1,9.2
HHS Region 8,Season peak percentage,percent,2.30793267904134e-06,Bin,9.2,9.3
HHS Region 8,Season peak percentage,percent,2.30793267904134e-06,Bin,9.3,9.4
HHS Region 8,Season peak percentage,percent,2.30793267904134e-06,Bin,9.4,9.5
HHS Region 8,Season peak percentage,percent,2.30793267904134e-06,Bin,9.5,9.6
HHS Region 8,Season peak percentage,percent,2.30793267904134e-06,Bin,9.6,9.7
HHS Region 8,Season peak percentage,percent,2.30793267904134e-06,Bin,9.7,9.8
HHS Region 8,Season peak percentage,percent,2.30793267904134e-06,Bin,9.8,9.9
HHS Region 8,Season peak percentage,percent,2.30793267904134e-06,Bin,9.9,10.0
HHS Region 8,Season peak percentage,percent,2.30793267904134e-06,Bin,10.0,10.1
HHS Region 8,Season peak percentage,percent,2.30793267904134e-06,Bin,10.1,10.2
HHS Region 8,Season peak percentage,percent,2.30793267904134e-06,Bin,10.2,10.3
HHS Region 8,Season peak percentage,percent,2.30793267904134e-06,Bin,10.3,10.4
HHS Region 8,Season peak percentage,percent,2.30793267904134e-06,Bin,10.4,10.5
HHS Region 8,Season peak percentage,percent,2.30793267904134e-06,Bin,10.5,10.6
HHS Region 8,Season peak percentage,percent,2.30793267904134e-06,Bin,10.6,10.7
HHS Region 8,Season peak percentage,percent,2.30793267904134e-06,Bin,10.7,10.8
HHS Region 8,Season peak percentage,percent,2.30793267904134e-06,Bin,10.8,10.9
HHS Region 8,Season peak percentage,percent,2.30793267904134e-06,Bin,10.9,11.0
HHS Region 8,Season peak percentage,percent,2.30793267904134e-06,Bin,11.0,11.1
HHS Region 8,Season peak percentage,percent,2.30793267904134e-06,Bin,11.1,11.2
HHS Region 8,Season peak percentage,percent,2.30793267904134e-06,Bin,11.2,11.3
HHS Region 8,Season peak percentage,percent,2.30793267904134e-06,Bin,11.3,11.4
HHS Region 8,Season peak percentage,percent,2.30793267904134e-06,Bin,11.4,11.5
HHS Region 8,Season peak percentage,percent,2.30793267904134e-06,Bin,11.5,11.6
HHS Region 8,Season peak percentage,percent,2.30793267904134e-06,Bin,11.6,11.7
HHS Region 8,Season peak percentage,percent,2.30793267904134e-06,Bin,11.7,11.8
HHS Region 8,Season peak percentage,percent,2.30793267904134e-06,Bin,11.8,11.9
HHS Region 8,Season peak percentage,percent,2.30793267904134e-06,Bin,11.9,12.0
HHS Region 8,Season peak percentage,percent,2.30793267904134e-06,Bin,12.0,12.1
HHS Region 8,Season peak percentage,percent,2.30793267904134e-06,Bin,12.1,12.2
HHS Region 8,Season peak percentage,percent,2.30793267904134e-06,Bin,12.2,12.3
HHS Region 8,Season peak percentage,percent,2.30793267904134e-06,Bin,12.3,12.4
HHS Region 8,Season peak percentage,percent,2.30793267904134e-06,Bin,12.4,12.5
HHS Region 8,Season peak percentage,percent,2.30793267904134e-06,Bin,12.5,12.6
HHS Region 8,Season peak percentage,percent,2.30793267904134e-06,Bin,12.6,12.7
HHS Region 8,Season peak percentage,percent,2.30793267904134e-06,Bin,12.7,12.8
HHS Region 8,Season peak percentage,percent,2.30793267904134e-06,Bin,12.8,12.9
HHS Region 8,Season peak percentage,percent,2.30793267904134e-06,Bin,12.9,13.0
HHS Region 8,Season peak percentage,percent,2.30793267904134e-06,Bin,13.0,100.0
HHS Region 8,1 wk ahead,percent,6.32930270129952e-10,Bin,0.0,0.1
HHS Region 8,1 wk ahead,percent,2.55507927514548e-09,Bin,0.1,0.2
HHS Region 8,1 wk ahead,percent,4.66455231256158e-09,Bin,0.2,0.3
HHS Region 8,1 wk ahead,percent,6.06155972884486e-09,Bin,0.3,0.4
HHS Region 8,1 wk ahead,percent,5.74386437402551e-09,Bin,0.4,0.5
HHS Region 8,1 wk ahead,percent,4.49630513210329e-09,Bin,0.5,0.6
HHS Region 8,1 wk ahead,percent,4.40004916133273e-09,Bin,0.6,0.7
HHS Region 8,1 wk ahead,percent,0.012000004539731,Bin,0.7,0.8
HHS Region 8,1 wk ahead,percent,0.0160000077657538,Bin,0.8,0.9
HHS Region 8,1 wk ahead,percent,0.0220000103668462,Bin,0.9,1.0
HHS Region 8,1 wk ahead,percent,0.0100000151402462,Bin,1.0,1.1
HHS Region 8,1 wk ahead,percent,0.0320000130549948,Bin,1.1,1.2
HHS Region 8,1 wk ahead,percent,0.0320000144725944,Bin,1.2,1.3
HHS Region 8,1 wk ahead,percent,0.110000000048201,Bin,1.3,1.4
HHS Region 8,1 wk ahead,percent,0.137999991984418,Bin,1.4,1.5
HHS Region 8,1 wk ahead,percent,0.205999974278222,Bin,1.5,1.6
HHS Region 8,1 wk ahead,percent,0.123999983758028,Bin,1.6,1.7
HHS Region 8,1 wk ahead,percent,0.101999983963194,Bin,1.7,1.8
HHS Region 8,1 wk ahead,percent,0.0679999883504164,Bin,1.8,1.9
HHS Region 8,1 wk ahead,percent,0.041999992493234,Bin,1.9,2.0
HHS Region 8,1 wk ahead,percent,0.015999997139567,Bin,2.0,2.1
HHS Region 8,1 wk ahead,percent,0.0259999953127159,Bin,2.1,2.2
HHS Region 8,1 wk ahead,percent,0.00599999896641814,Bin,2.2,2.3
HHS Region 8,1 wk ahead,percent,0.0019999996971586,Bin,2.3,2.4
HHS Region 8,1 wk ahead,percent,0.0139999975049372,Bin,2.4,2.5
HHS Region 8,1 wk ahead,percent,0.00599999896641814,Bin,2.5,2.6
HHS Region 8,1 wk ahead,percent,6.25288257968061e-11,Bin,2.6,2.7
HHS Region 8,1 wk ahead,percent,0.00399999933178837,Bin,2.7,2.8
HHS Region 8,1 wk ahead,percent,6.25288257968061e-11,Bin,2.8,2.9
HHS Region 8,1 wk ahead,percent,0.00599999896641814,Bin,2.9,3.0
HHS Region 8,1 wk ahead,percent,6.25288257968061e-11,Bin,3.0,3.1
HHS Region 8,1 wk ahead,percent,6.25288257968061e-11,Bin,3.1,3.2
HHS Region 8,1 wk ahead,percent,6.25288257968061e-11,Bin,3.2,3.3
HHS Region 8,1 wk ahead,percent,6.25288257968061e-11,Bin,3.3,3.4
HHS Region 8,1 wk ahead,percent,6.25288257968061e-11,Bin,3.4,3.5
HHS Region 8,1 wk ahead,percent,6.25288257968061e-11,Bin,3.5,3.6
HHS Region 8,1 wk ahead,percent,6.25288257968061e-11,Bin,3.6,3.7
HHS Region 8,1 wk ahead,percent,6.25288257968061e-11,Bin,3.7,3.8
HHS Region 8,1 wk ahead,percent,6.25288257968061e-11,Bin,3.8,3.9
HHS Region 8,1 wk ahead,percent,0.0019999996971586,Bin,3.9,4.0
HHS Region 8,1 wk ahead,percent,6.25288257968061e-11,Bin,4.0,4.1
HHS Region 8,1 wk ahead,percent,6.25288257968061e-11,Bin,4.1,4.2
HHS Region 8,1 wk ahead,percent,6.25288257968061e-11,Bin,4.2,4.3
HHS Region 8,1 wk ahead,percent,6.25288257968061e-11,Bin,4.3,4.4
HHS Region 8,1 wk ahead,percent,6.25288257968061e-11,Bin,4.4,4.5
HHS Region 8,1 wk ahead,percent,6.25288257968061e-11,Bin,4.5,4.6
HHS Region 8,1 wk ahead,percent,6.25288257968061e-11,Bin,4.6,4.7
HHS Region 8,1 wk ahead,percent,6.25288257968061e-11,Bin,4.7,4.8
HHS Region 8,1 wk ahead,percent,6.25288257968061e-11,Bin,4.8,4.9
HHS Region 8,1 wk ahead,percent,6.25288257968061e-11,Bin,4.9,5.0
HHS Region 8,1 wk ahead,percent,6.25288257968061e-11,Bin,5.0,5.1
HHS Region 8,1 wk ahead,percent,6.25288257968061e-11,Bin,5.1,5.2
HHS Region 8,1 wk ahead,percent,6.25288257968061e-11,Bin,5.2,5.3
HHS Region 8,1 wk ahead,percent,0.0019999996971586,Bin,5.3,5.4
HHS Region 8,1 wk ahead,percent,6.25288257968061e-11,Bin,5.4,5.5
HHS Region 8,1 wk ahead,percent,6.25288257968061e-11,Bin,5.5,5.6
HHS Region 8,1 wk ahead,percent,6.25288257968061e-11,Bin,5.6,5.7
HHS Region 8,1 wk ahead,percent,6.25288257968061e-11,Bin,5.7,5.8
HHS Region 8,1 wk ahead,percent,6.25288257968061e-11,Bin,5.8,5.9
HHS Region 8,1 wk ahead,percent,6.25288257968061e-11,Bin,5.9,6.0
HHS Region 8,1 wk ahead,percent,6.25288257968061e-11,Bin,6.0,6.1
HHS Region 8,1 wk ahead,percent,6.25288257968061e-11,Bin,6.1,6.2
HHS Region 8,1 wk ahead,percent,6.25288257968061e-11,Bin,6.2,6.3
HHS Region 8,1 wk ahead,percent,6.25288257968061e-11,Bin,6.3,6.4
HHS Region 8,1 wk ahead,percent,6.25288257968061e-11,Bin,6.4,6.5
HHS Region 8,1 wk ahead,percent,6.25288257968061e-11,Bin,6.5,6.6
HHS Region 8,1 wk ahead,percent,6.25288257968061e-11,Bin,6.6,6.7
HHS Region 8,1 wk ahead,percent,0.0019999996971586,Bin,6.7,6.8
HHS Region 8,1 wk ahead,percent,6.25288257968061e-11,Bin,6.8,6.9
HHS Region 8,1 wk ahead,percent,6.25288257968061e-11,Bin,6.9,7.0
HHS Region 8,1 wk ahead,percent,6.25288257968061e-11,Bin,7.0,7.1
HHS Region 8,1 wk ahead,percent,6.25288257968061e-11,Bin,7.1,7.2
HHS Region 8,1 wk ahead,percent,6.25288257968061e-11,Bin,7.2,7.3
HHS Region 8,1 wk ahead,percent,6.25288257968061e-11,Bin,7.3,7.4
HHS Region 8,1 wk ahead,percent,6.25288257968061e-11,Bin,7.4,7.5
HHS Region 8,1 wk ahead,percent,6.25288257968061e-11,Bin,7.5,7.6
HHS Region 8,1 wk ahead,percent,6.25288257968061e-11,Bin,7.6,7.7
HHS Region 8,1 wk ahead,percent,6.25288257968061e-11,Bin,7.7,7.8
HHS Region 8,1 wk ahead,percent,6.25288257968061e-11,Bin,7.8,7.9
HHS Region 8,1 wk ahead,percent,6.25288257968061e-11,Bin,7.9,8.0
HHS Region 8,1 wk ahead,percent,6.25288257968067e-11,Bin,8.0,8.1
HHS Region 8,1 wk ahead,percent,6.25288257968072e-11,Bin,8.1,8.2
HHS Region 8,1 wk ahead,percent,6.25288257968072e-11,Bin,8.2,8.3
HHS Region 8,1 wk ahead,percent,6.25288257968072e-11,Bin,8.3,8.4
HHS Region 8,1 wk ahead,percent,6.25288257968072e-11,Bin,8.4,8.5
HHS Region 8,1 wk ahead,percent,6.25288257968072e-11,Bin,8.5,8.6
HHS Region 8,1 wk ahead,percent,6.25288257968072e-11,Bin,8.6,8.7
HHS Region 8,1 wk ahead,percent,6.25288257968072e-11,Bin,8.7,8.8
HHS Region 8,1 wk ahead,percent,6.25288257968072e-11,Bin,8.8,8.9
HHS Region 8,1 wk ahead,percent,6.25288257968072e-11,Bin,8.9,9.0
HHS Region 8,1 wk ahead,percent,6.25288257968072e-11,Bin,9.0,9.1
HHS Region 8,1 wk ahead,percent,6.25288257968072e-11,Bin,9.1,9.2
HHS Region 8,1 wk ahead,percent,6.25288257968072e-11,Bin,9.2,9.3
HHS Region 8,1 wk ahead,percent,6.25288257968072e-11,Bin,9.3,9.4
HHS Region 8,1 wk ahead,percent,6.25288257968072e-11,Bin,9.4,9.5
HHS Region 8,1 wk ahead,percent,6.25288257968072e-11,Bin,9.5,9.6
HHS Region 8,1 wk ahead,percent,6.25288257968072e-11,Bin,9.6,9.7
HHS Region 8,1 wk ahead,percent,6.25288257968072e-11,Bin,9.7,9.8
HHS Region 8,1 wk ahead,percent,6.25288257968072e-11,Bin,9.8,9.9
HHS Region 8,1 wk ahead,percent,6.25288257968072e-11,Bin,9.9,10.0
HHS Region 8,1 wk ahead,percent,6.25288257968072e-11,Bin,10.0,10.1
HHS Region 8,1 wk ahead,percent,6.25288257968072e-11,Bin,10.1,10.2
HHS Region 8,1 wk ahead,percent,6.25288257968072e-11,Bin,10.2,10.3
HHS Region 8,1 wk ahead,percent,6.25288257968072e-11,Bin,10.3,10.4
HHS Region 8,1 wk ahead,percent,6.25288257968072e-11,Bin,10.4,10.5
HHS Region 8,1 wk ahead,percent,6.25288257968072e-11,Bin,10.5,10.6
HHS Region 8,1 wk ahead,percent,6.25288257968072e-11,Bin,10.6,10.7
HHS Region 8,1 wk ahead,percent,6.25288257968072e-11,Bin,10.7,10.8
HHS Region 8,1 wk ahead,percent,6.25288257968072e-11,Bin,10.8,10.9
HHS Region 8,1 wk ahead,percent,6.25288257968072e-11,Bin,10.9,11.0
HHS Region 8,1 wk ahead,percent,6.25288257968072e-11,Bin,11.0,11.1
HHS Region 8,1 wk ahead,percent,6.25288257968072e-11,Bin,11.1,11.2
HHS Region 8,1 wk ahead,percent,6.25288257968072e-11,Bin,11.2,11.3
HHS Region 8,1 wk ahead,percent,6.25288257968072e-11,Bin,11.3,11.4
HHS Region 8,1 wk ahead,percent,6.25288257968072e-11,Bin,11.4,11.5
HHS Region 8,1 wk ahead,percent,6.25288257968072e-11,Bin,11.5,11.6
HHS Region 8,1 wk ahead,percent,6.25288257968072e-11,Bin,11.6,11.7
HHS Region 8,1 wk ahead,percent,6.25288257968072e-11,Bin,11.7,11.8
HHS Region 8,1 wk ahead,percent,6.25288257968072e-11,Bin,11.8,11.9
HHS Region 8,1 wk ahead,percent,6.25288257968072e-11,Bin,11.9,12.0
HHS Region 8,1 wk ahead,percent,6.25288257968072e-11,Bin,12.0,12.1
HHS Region 8,1 wk ahead,percent,6.25288257968072e-11,Bin,12.1,12.2
HHS Region 8,1 wk ahead,percent,6.25288257968072e-11,Bin,12.2,12.3
HHS Region 8,1 wk ahead,percent,6.25288257968072e-11,Bin,12.3,12.4
HHS Region 8,1 wk ahead,percent,6.25288257968072e-11,Bin,12.4,12.5
HHS Region 8,1 wk ahead,percent,6.25288257968072e-11,Bin,12.5,12.6
HHS Region 8,1 wk ahead,percent,6.25288257968072e-11,Bin,12.6,12.7
HHS Region 8,1 wk ahead,percent,6.25288257968072e-11,Bin,12.7,12.8
HHS Region 8,1 wk ahead,percent,6.25288257968072e-11,Bin,12.8,12.9
HHS Region 8,1 wk ahead,percent,6.25288257968072e-11,Bin,12.9,13.0
HHS Region 8,1 wk ahead,percent,6.25288257968072e-11,Bin,13.0,100.0
HHS Region 8,2 wk ahead,percent,4.74172537792778e-11,Bin,0.0,0.1
HHS Region 8,2 wk ahead,percent,1.22735423997948e-10,Bin,0.1,0.2
HHS Region 8,2 wk ahead,percent,0.00200000086554179,Bin,0.2,0.3
HHS Region 8,2 wk ahead,percent,6.53160310175928e-09,Bin,0.3,0.4
HHS Region 8,2 wk ahead,percent,1.32977284401986e-08,Bin,0.4,0.5
HHS Region 8,2 wk ahead,percent,1.06978125482479e-08,Bin,0.5,0.6
HHS Region 8,2 wk ahead,percent,0.0120000018220122,Bin,0.6,0.7
HHS Region 8,2 wk ahead,percent,0.0220000008082956,Bin,0.7,0.8
HHS Region 8,2 wk ahead,percent,0.0480000050335394,Bin,0.8,0.9
HHS Region 8,2 wk ahead,percent,0.0580000126202928,Bin,0.9,1.0
HHS Region 8,2 wk ahead,percent,0.0640000148656037,Bin,1.0,1.1
HHS Region 8,2 wk ahead,percent,0.108000007951812,Bin,1.1,1.2
HHS Region 8,2 wk ahead,percent,0.145999998282764,Bin,1.2,1.3
HHS Region 8,2 wk ahead,percent,0.14799998521615,Bin,1.3,1.4
HHS Region 8,2 wk ahead,percent,0.113999981755219,Bin,1.4,1.5
HHS Region 8,2 wk ahead,percent,0.0799999856125385,Bin,1.5,1.6
HHS Region 8,2 wk ahead,percent,0.0539999902275307,Bin,1.6,1.7
HHS Region 8,2 wk ahead,percent,0.0399999927851223,Bin,1.7,1.8
HHS Region 8,2 wk ahead,percent,0.0259999953427139,Bin,1.8,1.9
HHS Region 8,2 wk ahead,percent,0.0239999957080841,Bin,1.9,2.0
HHS Region 8,2 wk ahead,percent,0.00399999936178638,Bin,2.0,2.1
HHS Region 8,2 wk ahead,percent,0.00799999863104592,Bin,2.1,2.2
HHS Region 8,2 wk ahead,percent,0.00599999899641615,Bin,2.2,2.3
HHS Region 8,2 wk ahead,percent,0.00799999863104592,Bin,2.3,2.4
HHS Region 8,2 wk ahead,percent,0.00999999826567569,Bin,2.4,2.5
HHS Region 8,2 wk ahead,percent,0.00799999863104592,Bin,2.5,2.6
HHS Region 8,2 wk ahead,percent,9.25268323983725e-11,Bin,2.6,2.7
HHS Region 8,2 wk ahead,percent,9.25268323983725e-11,Bin,2.7,2.8
HHS Region 8,2 wk ahead,percent,9.25268323983725e-11,Bin,2.8,2.9
HHS Region 8,2 wk ahead,percent,9.25268323983725e-11,Bin,2.9,3.0
HHS Region 8,2 wk ahead,percent,9.25268323983725e-11,Bin,3.0,3.1
HHS Region 8,2 wk ahead,percent,9.25268323983725e-11,Bin,3.1,3.2
HHS Region 8,2 wk ahead,percent,0.0019999997271566,Bin,3.2,3.3
HHS Region 8,2 wk ahead,percent,9.25268323983725e-11,Bin,3.3,3.4
HHS Region 8,2 wk ahead,percent,0.0019999997271566,Bin,3.4,3.5
HHS Region 8,2 wk ahead,percent,9.25268323983725e-11,Bin,3.5,3.6
HHS Region 8,2 wk ahead,percent,0.0019999997271566,Bin,3.6,3.7
HHS Region 8,2 wk ahead,percent,0.0019999997271566,Bin,3.7,3.8
HHS Region 8,2 wk ahead,percent,9.25268323983725e-11,Bin,3.8,3.9
HHS Region 8,2 wk ahead,percent,9.25268323983725e-11,Bin,3.9,4.0
HHS Region 8,2 wk ahead,percent,9.25268323983725e-11,Bin,4.0,4.1
HHS Region 8,2 wk ahead,percent,9.25268323983725e-11,Bin,4.1,4.2
HHS Region 8,2 wk ahead,percent,9.25268323983725e-11,Bin,4.2,4.3
HHS Region 8,2 wk ahead,percent,9.25268323983725e-11,Bin,4.3,4.4
HHS Region 8,2 wk ahead,percent,9.25268323983725e-11,Bin,4.4,4.5
HHS Region 8,2 wk ahead,percent,9.25268323983725e-11,Bin,4.5,4.6
HHS Region 8,2 wk ahead,percent,9.25268323983725e-11,Bin,4.6,4.7
HHS Region 8,2 wk ahead,percent,9.25268323983725e-11,Bin,4.7,4.8
HHS Region 8,2 wk ahead,percent,9.25268323983725e-11,Bin,4.8,4.9
HHS Region 8,2 wk ahead,percent,9.25268323983725e-11,Bin,4.9,5.0
HHS Region 8,2 wk ahead,percent,9.25268323983725e-11,Bin,5.0,5.1
HHS Region 8,2 wk ahead,percent,9.25268323983725e-11,Bin,5.1,5.2
HHS Region 8,2 wk ahead,percent,9.25268323983725e-11,Bin,5.2,5.3
HHS Region 8,2 wk ahead,percent,9.25268323983725e-11,Bin,5.3,5.4
HHS Region 8,2 wk ahead,percent,9.25268323983725e-11,Bin,5.4,5.5
HHS Region 8,2 wk ahead,percent,9.25268323983725e-11,Bin,5.5,5.6
HHS Region 8,2 wk ahead,percent,9.25268323983725e-11,Bin,5.6,5.7
HHS Region 8,2 wk ahead,percent,9.25268323983725e-11,Bin,5.7,5.8
HHS Region 8,2 wk ahead,percent,9.25268323983725e-11,Bin,5.8,5.9
HHS Region 8,2 wk ahead,percent,9.25268323983725e-11,Bin,5.9,6.0
HHS Region 8,2 wk ahead,percent,9.25268323983725e-11,Bin,6.0,6.1
HHS Region 8,2 wk ahead,percent,9.25268323983725e-11,Bin,6.1,6.2
HHS Region 8,2 wk ahead,percent,9.25268323983725e-11,Bin,6.2,6.3
HHS Region 8,2 wk ahead,percent,0.0019999997271566,Bin,6.3,6.4
HHS Region 8,2 wk ahead,percent,9.25268323983725e-11,Bin,6.4,6.5
HHS Region 8,2 wk ahead,percent,9.25268323983725e-11,Bin,6.5,6.6
HHS Region 8,2 wk ahead,percent,9.25268323983725e-11,Bin,6.6,6.7
HHS Region 8,2 wk ahead,percent,9.25268323983725e-11,Bin,6.7,6.8
HHS Region 8,2 wk ahead,percent,9.25268323983725e-11,Bin,6.8,6.9
HHS Region 8,2 wk ahead,percent,9.25268323983725e-11,Bin,6.9,7.0
HHS Region 8,2 wk ahead,percent,9.25268323983725e-11,Bin,7.0,7.1
HHS Region 8,2 wk ahead,percent,9.25268323983725e-11,Bin,7.1,7.2
HHS Region 8,2 wk ahead,percent,9.25268323983725e-11,Bin,7.2,7.3
HHS Region 8,2 wk ahead,percent,9.25268323983725e-11,Bin,7.3,7.4
HHS Region 8,2 wk ahead,percent,9.25268323983725e-11,Bin,7.4,7.5
HHS Region 8,2 wk ahead,percent,9.25268323983725e-11,Bin,7.5,7.6
HHS Region 8,2 wk ahead,percent,9.25268323983725e-11,Bin,7.6,7.7
HHS Region 8,2 wk ahead,percent,9.25268323983725e-11,Bin,7.7,7.8
HHS Region 8,2 wk ahead,percent,9.25268323983725e-11,Bin,7.8,7.9
HHS Region 8,2 wk ahead,percent,9.25268323983725e-11,Bin,7.9,8.0
HHS Region 8,2 wk ahead,percent,9.25268323983733e-11,Bin,8.0,8.1
HHS Region 8,2 wk ahead,percent,9.25268323983741e-11,Bin,8.1,8.2
HHS Region 8,2 wk ahead,percent,9.25268323983741e-11,Bin,8.2,8.3
HHS Region 8,2 wk ahead,percent,9.25268323983741e-11,Bin,8.3,8.4
HHS Region 8,2 wk ahead,percent,9.25268323983741e-11,Bin,8.4,8.5
HHS Region 8,2 wk ahead,percent,9.25268323983741e-11,Bin,8.5,8.6
HHS Region 8,2 wk ahead,percent,9.25268323983741e-11,Bin,8.6,8.7
HHS Region 8,2 wk ahead,percent,9.25268323983741e-11,Bin,8.7,8.8
HHS Region 8,2 wk ahead,percent,9.25268323983741e-11,Bin,8.8,8.9
HHS Region 8,2 wk ahead,percent,9.25268323983741e-11,Bin,8.9,9.0
HHS Region 8,2 wk ahead,percent,9.25268323983741e-11,Bin,9.0,9.1
HHS Region 8,2 wk ahead,percent,9.25268323983741e-11,Bin,9.1,9.2
HHS Region 8,2 wk ahead,percent,9.25268323983741e-11,Bin,9.2,9.3
HHS Region 8,2 wk ahead,percent,9.25268323983741e-11,Bin,9.3,9.4
HHS Region 8,2 wk ahead,percent,9.25268323983741e-11,Bin,9.4,9.5
HHS Region 8,2 wk ahead,percent,9.25268323983741e-11,Bin,9.5,9.6
HHS Region 8,2 wk ahead,percent,9.25268323983741e-11,Bin,9.6,9.7
HHS Region 8,2 wk ahead,percent,9.25268323983741e-11,Bin,9.7,9.8
HHS Region 8,2 wk ahead,percent,9.25268323983741e-11,Bin,9.8,9.9
HHS Region 8,2 wk ahead,percent,9.25268323983741e-11,Bin,9.9,10.0
HHS Region 8,2 wk ahead,percent,9.25268323983741e-11,Bin,10.0,10.1
HHS Region 8,2 wk ahead,percent,9.25268323983741e-11,Bin,10.1,10.2
HHS Region 8,2 wk ahead,percent,9.25268323983741e-11,Bin,10.2,10.3
HHS Region 8,2 wk ahead,percent,9.25268323983741e-11,Bin,10.3,10.4
HHS Region 8,2 wk ahead,percent,9.25268323983741e-11,Bin,10.4,10.5
HHS Region 8,2 wk ahead,percent,9.25268323983741e-11,Bin,10.5,10.6
HHS Region 8,2 wk ahead,percent,9.25268323983741e-11,Bin,10.6,10.7
HHS Region 8,2 wk ahead,percent,9.25268323983741e-11,Bin,10.7,10.8
HHS Region 8,2 wk ahead,percent,9.25268323983741e-11,Bin,10.8,10.9
HHS Region 8,2 wk ahead,percent,9.25268323983741e-11,Bin,10.9,11.0
HHS Region 8,2 wk ahead,percent,9.25268323983741e-11,Bin,11.0,11.1
HHS Region 8,2 wk ahead,percent,9.25268323983741e-11,Bin,11.1,11.2
HHS Region 8,2 wk ahead,percent,9.25268323983741e-11,Bin,11.2,11.3
HHS Region 8,2 wk ahead,percent,9.25268323983741e-11,Bin,11.3,11.4
HHS Region 8,2 wk ahead,percent,9.25268323983741e-11,Bin,11.4,11.5
HHS Region 8,2 wk ahead,percent,9.25268323983741e-11,Bin,11.5,11.6
HHS Region 8,2 wk ahead,percent,9.25268323983741e-11,Bin,11.6,11.7
HHS Region 8,2 wk ahead,percent,9.25268323983741e-11,Bin,11.7,11.8
HHS Region 8,2 wk ahead,percent,9.25268323983741e-11,Bin,11.8,11.9
HHS Region 8,2 wk ahead,percent,9.25268323983741e-11,Bin,11.9,12.0
HHS Region 8,2 wk ahead,percent,9.25268323983741e-11,Bin,12.0,12.1
HHS Region 8,2 wk ahead,percent,9.25268323983741e-11,Bin,12.1,12.2
HHS Region 8,2 wk ahead,percent,9.25268323983741e-11,Bin,12.2,12.3
HHS Region 8,2 wk ahead,percent,9.25268323983741e-11,Bin,12.3,12.4
HHS Region 8,2 wk ahead,percent,9.25268323983741e-11,Bin,12.4,12.5
HHS Region 8,2 wk ahead,percent,9.25268323983741e-11,Bin,12.5,12.6
HHS Region 8,2 wk ahead,percent,9.25268323983741e-11,Bin,12.6,12.7
HHS Region 8,2 wk ahead,percent,9.25268323983741e-11,Bin,12.7,12.8
HHS Region 8,2 wk ahead,percent,9.25268323983741e-11,Bin,12.8,12.9
HHS Region 8,2 wk ahead,percent,9.25268323983741e-11,Bin,12.9,13.0
HHS Region 8,2 wk ahead,percent,9.25268323983741e-11,Bin,13.0,100.0
HHS Region 8,3 wk ahead,percent,1.14181784443913e-09,Bin,0.0,0.1
HHS Region 8,3 wk ahead,percent,0.00200000388550915,Bin,0.1,0.2
HHS Region 8,3 wk ahead,percent,7.32377621722545e-09,Bin,0.2,0.3
HHS Region 8,3 wk ahead,percent,0.00600000885727817,Bin,0.3,0.4
HHS Region 8,3 wk ahead,percent,0.00800000978308403,Bin,0.4,0.5
HHS Region 8,3 wk ahead,percent,0.010000009610918,Bin,0.5,0.6
HHS Region 8,3 wk ahead,percent,0.0380000056224138,Bin,0.6,0.7
HHS Region 8,3 wk ahead,percent,0.0780000017781654,Bin,0.7,0.8
HHS Region 8,3 wk ahead,percent,0.0840000048444161,Bin,0.8,0.9
HHS Region 8,3 wk ahead,percent,0.125999999585979,Bin,0.9,1.0
HHS Region 8,3 wk ahead,percent,0.163999992060016,Bin,1.0,1.1
HHS Region 8,3 wk ahead,percent,0.119999996045784,Bin,1.1,1.2
HHS Region 8,3 wk ahead,percent,0.095999993973534,Bin,1.2,1.3
HHS Region 8,3 wk ahead,percent,0.0599999944843908,Bin,1.3,1.4
HHS Region 8,3 wk ahead,percent,0.0479999930492777,Bin,1.4,1.5
HHS Region 8,3 wk ahead,percent,0.0439999923775521,Bin,1.5,1.6
HHS Region 8,3 wk ahead,percent,0.0219999960578392,Bin,1.6,1.7
HHS Region 8,3 wk ahead,percent,0.0259999953088769,Bin,1.7,1.8
HHS Region 8,3 wk ahead,percent,0.0259999953088769,Bin,1.8,1.9
HHS Region 8,3 wk ahead,percent,0.0139999975010983,Bin,1.9,2.0
HHS Region 8,3 wk ahead,percent,0.00399999932794946,Bin,2.0,2.1
HHS Region 8,3 wk ahead,percent,0.00399999932794946,Bin,2.1,2.2
HHS Region 8,3 wk ahead,percent,5.86899114182298e-11,Bin,2.2,2.3
HHS Region 8,3 wk ahead,percent,0.00199999969331968,Bin,2.3,2.4
HHS Region 8,3 wk ahead,percent,0.00199999969331968,Bin,2.4,2.5
HHS Region 8,3 wk ahead,percent,0.00199999969331968,Bin,2.5,2.6
HHS Region 8,3 wk ahead,percent,0.00199999969331968,Bin,2.6,2.7
HHS Region 8,3 wk ahead,percent,5.86899114182298e-11,Bin,2.7,2.8
HHS Region 8,3 wk ahead,percent,5.86899114182298e-11,Bin,2.8,2.9
HHS Region 8,3 wk ahead,percent,5.86899114182298e-11,Bin,2.9,3.0
HHS Region 8,3 wk ahead,percent,0.00199999969331968,Bin,3.0,3.1
HHS Region 8,3 wk ahead,percent,5.86899114182298e-11,Bin,3.1,3.2
HHS Region 8,3 wk ahead,percent,5.86899114182298e-11,Bin,3.2,3.3
HHS Region 8,3 wk ahead,percent,5.86899114182298e-11,Bin,3.3,3.4
HHS Region 8,3 wk ahead,percent,5.86899114182298e-11,Bin,3.4,3.5
HHS Region 8,3 wk ahead,percent,5.86899114182298e-11,Bin,3.5,3.6
HHS Region 8,3 wk ahead,percent,0.00199999969331968,Bin,3.6,3.7
HHS Region 8,3 wk ahead,percent,0.00399999932794946,Bin,3.7,3.8
HHS Region 8,3 wk ahead,percent,0.00199999969331968,Bin,3.8,3.9
HHS Region 8,3 wk ahead,percent,5.86899114182298e-11,Bin,3.9,4.0
HHS Region 8,3 wk ahead,percent,5.86899114182298e-11,Bin,4.0,4.1
HHS Region 8,3 wk ahead,percent,5.86899114182298e-11,Bin,4.1,4.2
HHS Region 8,3 wk ahead,percent,5.86899114182298e-11,Bin,4.2,4.3
HHS Region 8,3 wk ahead,percent,5.86899114182298e-11,Bin,4.3,4.4
HHS Region 8,3 wk ahead,percent,5.86899114182298e-11,Bin,4.4,4.5
HHS Region 8,3 wk ahead,percent,5.86899114182298e-11,Bin,4.5,4.6
HHS Region 8,3 wk ahead,percent,5.86899114182298e-11,Bin,4.6,4.7
HHS Region 8,3 wk ahead,percent,5.86899114182298e-11,Bin,4.7,4.8
HHS Region 8,3 wk ahead,percent,5.86899114182298e-11,Bin,4.8,4.9
HHS Region 8,3 wk ahead,percent,5.86899114182298e-11,Bin,4.9,5.0
HHS Region 8,3 wk ahead,percent,5.86899114182298e-11,Bin,5.0,5.1
HHS Region 8,3 wk ahead,percent,5.86899114182298e-11,Bin,5.1,5.2
HHS Region 8,3 wk ahead,percent,5.86899114182298e-11,Bin,5.2,5.3
HHS Region 8,3 wk ahead,percent,5.86899114182298e-11,Bin,5.3,5.4
HHS Region 8,3 wk ahead,percent,0.00199999969331968,Bin,5.4,5.5
HHS Region 8,3 wk ahead,percent,5.86899114182298e-11,Bin,5.5,5.6
HHS Region 8,3 wk ahead,percent,5.86899114182298e-11,Bin,5.6,5.7
HHS Region 8,3 wk ahead,percent,5.86899114182298e-11,Bin,5.7,5.8
HHS Region 8,3 wk ahead,percent,5.86899114182298e-11,Bin,5.8,5.9
HHS Region 8,3 wk ahead,percent,5.86899114182298e-11,Bin,5.9,6.0
HHS Region 8,3 wk ahead,percent,5.86899114182298e-11,Bin,6.0,6.1
HHS Region 8,3 wk ahead,percent,5.86899114182298e-11,Bin,6.1,6.2
HHS Region 8,3 wk ahead,percent,5.86899114182298e-11,Bin,6.2,6.3
HHS Region 8,3 wk ahead,percent,5.86899114182298e-11,Bin,6.3,6.4
HHS Region 8,3 wk ahead,percent,5.86899114182298e-11,Bin,6.4,6.5
HHS Region 8,3 wk ahead,percent,5.86899114182298e-11,Bin,6.5,6.6
HHS Region 8,3 wk ahead,percent,5.86899114182298e-11,Bin,6.6,6.7
HHS Region 8,3 wk ahead,percent,5.86899114182298e-11,Bin,6.7,6.8
HHS Region 8,3 wk ahead,percent,5.86899114182298e-11,Bin,6.8,6.9
HHS Region 8,3 wk ahead,percent,5.86899114182298e-11,Bin,6.9,7.0
HHS Region 8,3 wk ahead,percent,5.86899114182298e-11,Bin,7.0,7.1
HHS Region 8,3 wk ahead,percent,5.86899114182298e-11,Bin,7.1,7.2
HHS Region 8,3 wk ahead,percent,5.86899114182298e-11,Bin,7.2,7.3
HHS Region 8,3 wk ahead,percent,5.86899114182298e-11,Bin,7.3,7.4
HHS Region 8,3 wk ahead,percent,5.86899114182298e-11,Bin,7.4,7.5
HHS Region 8,3 wk ahead,percent,5.86899114182298e-11,Bin,7.5,7.6
HHS Region 8,3 wk ahead,percent,5.86899114182298e-11,Bin,7.6,7.7
HHS Region 8,3 wk ahead,percent,5.86899114182298e-11,Bin,7.7,7.8
HHS Region 8,3 wk ahead,percent,5.86899114182298e-11,Bin,7.8,7.9
HHS Region 8,3 wk ahead,percent,5.86899114182298e-11,Bin,7.9,8.0
HHS Region 8,3 wk ahead,percent,5.86899114182304e-11,Bin,8.0,8.1
HHS Region 8,3 wk ahead,percent,5.86899114182309e-11,Bin,8.1,8.2
HHS Region 8,3 wk ahead,percent,5.86899114182309e-11,Bin,8.2,8.3
HHS Region 8,3 wk ahead,percent,5.86899114182309e-11,Bin,8.3,8.4
HHS Region 8,3 wk ahead,percent,5.86899114182309e-11,Bin,8.4,8.5
HHS Region 8,3 wk ahead,percent,5.86899114182309e-11,Bin,8.5,8.6
HHS Region 8,3 wk ahead,percent,5.86899114182309e-11,Bin,8.6,8.7
HHS Region 8,3 wk ahead,percent,5.86899114182309e-11,Bin,8.7,8.8
HHS Region 8,3 wk ahead,percent,5.86899114182309e-11,Bin,8.8,8.9
HHS Region 8,3 wk ahead,percent,5.86899114182309e-11,Bin,8.9,9.0
HHS Region 8,3 wk ahead,percent,5.86899114182309e-11,Bin,9.0,9.1
HHS Region 8,3 wk ahead,percent,5.86899114182309e-11,Bin,9.1,9.2
HHS Region 8,3 wk ahead,percent,5.86899114182309e-11,Bin,9.2,9.3
HHS Region 8,3 wk ahead,percent,5.86899114182309e-11,Bin,9.3,9.4
HHS Region 8,3 wk ahead,percent,5.86899114182309e-11,Bin,9.4,9.5
HHS Region 8,3 wk ahead,percent,5.86899114182309e-11,Bin,9.5,9.6
HHS Region 8,3 wk ahead,percent,5.86899114182309e-11,Bin,9.6,9.7
HHS Region 8,3 wk ahead,percent,5.86899114182309e-11,Bin,9.7,9.8
HHS Region 8,3 wk ahead,percent,5.86899114182309e-11,Bin,9.8,9.9
HHS Region 8,3 wk ahead,percent,5.86899114182309e-11,Bin,9.9,10.0
HHS Region 8,3 wk ahead,percent,5.86899114182309e-11,Bin,10.0,10.1
HHS Region 8,3 wk ahead,percent,5.86899114182309e-11,Bin,10.1,10.2
HHS Region 8,3 wk ahead,percent,5.86899114182309e-11,Bin,10.2,10.3
HHS Region 8,3 wk ahead,percent,5.86899114182309e-11,Bin,10.3,10.4
HHS Region 8,3 wk ahead,percent,5.86899114182309e-11,Bin,10.4,10.5
HHS Region 8,3 wk ahead,percent,5.86899114182309e-11,Bin,10.5,10.6
HHS Region 8,3 wk ahead,percent,5.86899114182309e-11,Bin,10.6,10.7
HHS Region 8,3 wk ahead,percent,5.86899114182309e-11,Bin,10.7,10.8
HHS Region 8,3 wk ahead,percent,5.86899114182309e-11,Bin,10.8,10.9
HHS Region 8,3 wk ahead,percent,5.86899114182309e-11,Bin,10.9,11.0
HHS Region 8,3 wk ahead,percent,5.86899114182309e-11,Bin,11.0,11.1
HHS Region 8,3 wk ahead,percent,5.86899114182309e-11,Bin,11.1,11.2
HHS Region 8,3 wk ahead,percent,5.86899114182309e-11,Bin,11.2,11.3
HHS Region 8,3 wk ahead,percent,5.86899114182309e-11,Bin,11.3,11.4
HHS Region 8,3 wk ahead,percent,5.86899114182309e-11,Bin,11.4,11.5
HHS Region 8,3 wk ahead,percent,5.86899114182309e-11,Bin,11.5,11.6
HHS Region 8,3 wk ahead,percent,5.86899114182309e-11,Bin,11.6,11.7
HHS Region 8,3 wk ahead,percent,5.86899114182309e-11,Bin,11.7,11.8
HHS Region 8,3 wk ahead,percent,5.86899114182309e-11,Bin,11.8,11.9
HHS Region 8,3 wk ahead,percent,5.86899114182309e-11,Bin,11.9,12.0
HHS Region 8,3 wk ahead,percent,5.86899114182309e-11,Bin,12.0,12.1
HHS Region 8,3 wk ahead,percent,5.86899114182309e-11,Bin,12.1,12.2
HHS Region 8,3 wk ahead,percent,5.86899114182309e-11,Bin,12.2,12.3
HHS Region 8,3 wk ahead,percent,5.86899114182309e-11,Bin,12.3,12.4
HHS Region 8,3 wk ahead,percent,5.86899114182309e-11,Bin,12.4,12.5
HHS Region 8,3 wk ahead,percent,5.86899114182309e-11,Bin,12.5,12.6
HHS Region 8,3 wk ahead,percent,5.86899114182309e-11,Bin,12.6,12.7
HHS Region 8,3 wk ahead,percent,5.86899114182309e-11,Bin,12.7,12.8
HHS Region 8,3 wk ahead,percent,5.86899114182309e-11,Bin,12.8,12.9
HHS Region 8,3 wk ahead,percent,5.86899114182309e-11,Bin,12.9,13.0
HHS Region 8,3 wk ahead,percent,5.86899114182309e-11,Bin,13.0,100.0
HHS Region 8,4 wk ahead,percent,3.5136367255784e-11,Bin,0.0,0.1
HHS Region 8,4 wk ahead,percent,0.00399999965878947,Bin,0.1,0.2
HHS Region 8,4 wk ahead,percent,0.00400000244932866,Bin,0.2,0.3
HHS Region 8,4 wk ahead,percent,0.00200000984069071,Bin,0.3,0.4
HHS Region 8,4 wk ahead,percent,0.0340000111263379,Bin,0.4,0.5
HHS Region 8,4 wk ahead,percent,0.0580000147966926,Bin,0.5,0.6
HHS Region 8,4 wk ahead,percent,0.0800000178999419,Bin,0.6,0.7
HHS Region 8,4 wk ahead,percent,0.128000005620213,Bin,0.7,0.8
HHS Region 8,4 wk ahead,percent,0.133999993804527,Bin,0.8,0.9
HHS Region 8,4 wk ahead,percent,0.133999989699151,Bin,0.9,1.0
HHS Region 8,4 wk ahead,percent,0.135999988762064,Bin,1.0,1.1
HHS Region 8,4 wk ahead,percent,0.0679999945875756,Bin,1.1,1.2
HHS Region 8,4 wk ahead,percent,0.043999993387532,Bin,1.2,1.3
HHS Region 8,4 wk ahead,percent,0.059999989170671,Bin,1.3,1.4
HHS Region 8,4 wk ahead,percent,0.0199999964316606,Bin,1.4,1.5
HHS Region 8,4 wk ahead,percent,0.0219999960662903,Bin,1.5,1.6
HHS Region 8,4 wk ahead,percent,0.0259999953355499,Bin,1.6,1.7
HHS Region 8,4 wk ahead,percent,0.00599999898925216,Bin,1.7,1.8
HHS Region 8,4 wk ahead,percent,0.00799999862388193,Bin,1.8,1.9
HHS Region 8,4 wk ahead,percent,0.00399999935462239,Bin,1.9,2.0
HHS Region 8,4 wk ahead,percent,0.00399999935462239,Bin,2.0,2.1
HHS Region 8,4 wk ahead,percent,0.00599999898925216,Bin,2.1,2.2
HHS Region 8,4 wk ahead,percent,0.00399999935462239,Bin,2.2,2.3
HHS Region 8,4 wk ahead,percent,8.53628408272255e-11,Bin,2.3,2.4
HHS Region 8,4 wk ahead,percent,0.00199999971999261,Bin,2.4,2.5
HHS Region 8,4 wk ahead,percent,0.00199999971999261,Bin,2.5,2.6
HHS Region 8,4 wk ahead,percent,0.00199999971999261,Bin,2.6,2.7
HHS Region 8,4 wk ahead,percent,8.53628408272255e-11,Bin,2.7,2.8
HHS Region 8,4 wk ahead,percent,8.53628408272255e-11,Bin,2.8,2.9
HHS Region 8,4 wk ahead,percent,0.00199999971999261,Bin,2.9,3.0
HHS Region 8,4 wk ahead,percent,0.00199999971999261,Bin,3.0,3.1
HHS Region 8,4 wk ahead,percent,0.00199999971999261,Bin,3.1,3.2
HHS Region 8,4 wk ahead,percent,8.53628408272255e-11,Bin,3.2,3.3
HHS Region 8,4 wk ahead,percent,8.53628408272255e-11,Bin,3.3,3.4
HHS Region 8,4 wk ahead,percent,8.53628408272255e-11,Bin,3.4,3.5
HHS Region 8,4 wk ahead,percent,8.53628408272255e-11,Bin,3.5,3.6
HHS Region 8,4 wk ahead,percent,8.53628408272255e-11,Bin,3.6,3.7
HHS Region 8,4 wk ahead,percent,0.00199999971999261,Bin,3.7,3.8
HHS Region 8,4 wk ahead,percent,8.53628408272255e-11,Bin,3.8,3.9
HHS Region 8,4 wk ahead,percent,8.53628408272255e-11,Bin,3.9,4.0
HHS Region 8,4 wk ahead,percent,8.53628408272255e-11,Bin,4.0,4.1
HHS Region 8,4 wk ahead,percent,8.53628408272255e-11,Bin,4.1,4.2
HHS Region 8,4 wk ahead,percent,8.53628408272255e-11,Bin,4.2,4.3
HHS Region 8,4 wk ahead,percent,8.53628408272255e-11,Bin,4.3,4.4
HHS Region 8,4 wk ahead,percent,8.53628408272255e-11,Bin,4.4,4.5
HHS Region 8,4 wk ahead,percent,8.53628408272255e-11,Bin,4.5,4.6
HHS Region 8,4 wk ahead,percent,8.53628408272255e-11,Bin,4.6,4.7
HHS Region 8,4 wk ahead,percent,8.53628408272255e-11,Bin,4.7,4.8
HHS Region 8,4 wk ahead,percent,8.53628408272255e-11,Bin,4.8,4.9
HHS Region 8,4 wk ahead,percent,8.53628408272255e-11,Bin,4.9,5.0
HHS Region 8,4 wk ahead,percent,8.53628408272255e-11,Bin,5.0,5.1
HHS Region 8,4 wk ahead,percent,8.53628408272255e-11,Bin,5.1,5.2
HHS Region 8,4 wk ahead,percent,8.53628408272255e-11,Bin,5.2,5.3
HHS Region 8,4 wk ahead,percent,8.53628408272255e-11,Bin,5.3,5.4
HHS Region 8,4 wk ahead,percent,8.53628408272255e-11,Bin,5.4,5.5
HHS Region 8,4 wk ahead,percent,8.53628408272255e-11,Bin,5.5,5.6
HHS Region 8,4 wk ahead,percent,8.53628408272255e-11,Bin,5.6,5.7
HHS Region 8,4 wk ahead,percent,8.53628408272255e-11,Bin,5.7,5.8
HHS Region 8,4 wk ahead,percent,8.53628408272255e-11,Bin,5.8,5.9
HHS Region 8,4 wk ahead,percent,8.53628408272255e-11,Bin,5.9,6.0
HHS Region 8,4 wk ahead,percent,8.53628408272255e-11,Bin,6.0,6.1
HHS Region 8,4 wk ahead,percent,8.53628408272255e-11,Bin,6.1,6.2
HHS Region 8,4 wk ahead,percent,8.53628408272255e-11,Bin,6.2,6.3
HHS Region 8,4 wk ahead,percent,8.53628408272255e-11,Bin,6.3,6.4
HHS Region 8,4 wk ahead,percent,8.53628408272255e-11,Bin,6.4,6.5
HHS Region 8,4 wk ahead,percent,8.53628408272255e-11,Bin,6.5,6.6
HHS Region 8,4 wk ahead,percent,8.53628408272255e-11,Bin,6.6,6.7
HHS Region 8,4 wk ahead,percent,8.53628408272255e-11,Bin,6.7,6.8
HHS Region 8,4 wk ahead,percent,8.53628408272255e-11,Bin,6.8,6.9
HHS Region 8,4 wk ahead,percent,8.53628408272255e-11,Bin,6.9,7.0
HHS Region 8,4 wk ahead,percent,8.53628408272255e-11,Bin,7.0,7.1
HHS Region 8,4 wk ahead,percent,8.53628408272255e-11,Bin,7.1,7.2
HHS Region 8,4 wk ahead,percent,8.53628408272255e-11,Bin,7.2,7.3
HHS Region 8,4 wk ahead,percent,8.53628408272255e-11,Bin,7.3,7.4
HHS Region 8,4 wk ahead,percent,8.53628408272255e-11,Bin,7.4,7.5
HHS Region 8,4 wk ahead,percent,8.53628408272255e-11,Bin,7.5,7.6
HHS Region 8,4 wk ahead,percent,8.53628408272255e-11,Bin,7.6,7.7
HHS Region 8,4 wk ahead,percent,8.53628408272255e-11,Bin,7.7,7.8
HHS Region 8,4 wk ahead,percent,8.53628408272255e-11,Bin,7.8,7.9
HHS Region 8,4 wk ahead,percent,8.53628408272255e-11,Bin,7.9,8.0
HHS Region 8,4 wk ahead,percent,8.53628408272263e-11,Bin,8.0,8.1
HHS Region 8,4 wk ahead,percent,8.53628408272271e-11,Bin,8.1,8.2
HHS Region 8,4 wk ahead,percent,8.53628408272271e-11,Bin,8.2,8.3
HHS Region 8,4 wk ahead,percent,8.53628408272271e-11,Bin,8.3,8.4
HHS Region 8,4 wk ahead,percent,8.53628408272271e-11,Bin,8.4,8.5
HHS Region 8,4 wk ahead,percent,8.53628408272271e-11,Bin,8.5,8.6
HHS Region 8,4 wk ahead,percent,8.53628408272271e-11,Bin,8.6,8.7
HHS Region 8,4 wk ahead,percent,8.53628408272271e-11,Bin,8.7,8.8
HHS Region 8,4 wk ahead,percent,8.53628408272271e-11,Bin,8.8,8.9
HHS Region 8,4 wk ahead,percent,8.53628408272271e-11,Bin,8.9,9.0
HHS Region 8,4 wk ahead,percent,8.53628408272271e-11,Bin,9.0,9.1
HHS Region 8,4 wk ahead,percent,8.53628408272271e-11,Bin,9.1,9.2
HHS Region 8,4 wk ahead,percent,8.53628408272271e-11,Bin,9.2,9.3
HHS Region 8,4 wk ahead,percent,8.53628408272271e-11,Bin,9.3,9.4
HHS Region 8,4 wk ahead,percent,8.53628408272271e-11,Bin,9.4,9.5
HHS Region 8,4 wk ahead,percent,8.53628408272271e-11,Bin,9.5,9.6
HHS Region 8,4 wk ahead,percent,8.53628408272271e-11,Bin,9.6,9.7
HHS Region 8,4 wk ahead,percent,8.53628408272271e-11,Bin,9.7,9.8
HHS Region 8,4 wk ahead,percent,8.53628408272271e-11,Bin,9.8,9.9
HHS Region 8,4 wk ahead,percent,8.53628408272271e-11,Bin,9.9,10.0
HHS Region 8,4 wk ahead,percent,8.53628408272271e-11,Bin,10.0,10.1
HHS Region 8,4 wk ahead,percent,8.53628408272271e-11,Bin,10.1,10.2
HHS Region 8,4 wk ahead,percent,8.53628408272271e-11,Bin,10.2,10.3
HHS Region 8,4 wk ahead,percent,8.53628408272271e-11,Bin,10.3,10.4
HHS Region 8,4 wk ahead,percent,8.53628408272271e-11,Bin,10.4,10.5
HHS Region 8,4 wk ahead,percent,8.53628408272271e-11,Bin,10.5,10.6
HHS Region 8,4 wk ahead,percent,8.53628408272271e-11,Bin,10.6,10.7
HHS Region 8,4 wk ahead,percent,8.53628408272271e-11,Bin,10.7,10.8
HHS Region 8,4 wk ahead,percent,8.53628408272271e-11,Bin,10.8,10.9
HHS Region 8,4 wk ahead,percent,8.53628408272271e-11,Bin,10.9,11.0
HHS Region 8,4 wk ahead,percent,8.53628408272271e-11,Bin,11.0,11.1
HHS Region 8,4 wk ahead,percent,8.53628408272271e-11,Bin,11.1,11.2
HHS Region 8,4 wk ahead,percent,8.53628408272271e-11,Bin,11.2,11.3
HHS Region 8,4 wk ahead,percent,8.53628408272271e-11,Bin,11.3,11.4
HHS Region 8,4 wk ahead,percent,8.53628408272271e-11,Bin,11.4,11.5
HHS Region 8,4 wk ahead,percent,8.53628408272271e-11,Bin,11.5,11.6
HHS Region 8,4 wk ahead,percent,8.53628408272271e-11,Bin,11.6,11.7
HHS Region 8,4 wk ahead,percent,8.53628408272271e-11,Bin,11.7,11.8
HHS Region 8,4 wk ahead,percent,8.53628408272271e-11,Bin,11.8,11.9
HHS Region 8,4 wk ahead,percent,8.53628408272271e-11,Bin,11.9,12.0
HHS Region 8,4 wk ahead,percent,8.53628408272271e-11,Bin,12.0,12.1
HHS Region 8,4 wk ahead,percent,8.53628408272271e-11,Bin,12.1,12.2
HHS Region 8,4 wk ahead,percent,8.53628408272271e-11,Bin,12.2,12.3
HHS Region 8,4 wk ahead,percent,8.53628408272271e-11,Bin,12.3,12.4
HHS Region 8,4 wk ahead,percent,8.53628408272271e-11,Bin,12.4,12.5
HHS Region 8,4 wk ahead,percent,8.53628408272271e-11,Bin,12.5,12.6
HHS Region 8,4 wk ahead,percent,8.53628408272271e-11,Bin,12.6,12.7
HHS Region 8,4 wk ahead,percent,8.53628408272271e-11,Bin,12.7,12.8
HHS Region 8,4 wk ahead,percent,8.53628408272271e-11,Bin,12.8,12.9
HHS Region 8,4 wk ahead,percent,8.53628408272271e-11,Bin,12.9,13.0
HHS Region 8,4 wk ahead,percent,8.53628408272271e-11,Bin,13.0,100.0
HHS Region 9,Season onset,week,5.76384174548902e-06,Bin,40.0,41.0
HHS Region 9,Season onset,week,9.99813419747795e-06,Bin,41.0,42.0
HHS Region 9,Season onset,week,3.41258980815255e-05,Bin,42.0,43.0
HHS Region 9,Season onset,week,9.62506583682099e-05,Bin,43.0,44.0
HHS Region 9,Season onset,week,0.000224822568202709,Bin,44.0,45.0
HHS Region 9,Season onset,week,0.000443274702944035,Bin,45.0,46.0
HHS Region 9,Season onset,week,0.000758142238814508,Bin,46.0,47.0
HHS Region 9,Season onset,week,0.00116029413437846,Bin,47.0,48.0
HHS Region 9,Season onset,week,0.00162595181377271,Bin,48.0,49.0
HHS Region 9,Season onset,week,0.00209305177635022,Bin,49.0,50.0
HHS Region 9,Season onset,week,0.00244624507174954,Bin,50.0,51.0
HHS Region 9,Season onset,week,0.00258565142068364,Bin,51.0,52.0
HHS Region 9,Season onset,week,0.00254853979651819,Bin,52.0,53.0
HHS Region 9,Season onset,week,0.00251678633191655,Bin,1.0,2.0
HHS Region 9,Season onset,week,0.00264698554572426,Bin,2.0,3.0
HHS Region 9,Season onset,week,0.00290723493011174,Bin,3.0,4.0
HHS Region 9,Season onset,week,0.964834567395714,Bin,4.0,5.0
HHS Region 9,Season onset,week,0.00304810095428425,Bin,5.0,6.0
HHS Region 9,Season onset,week,0.00265991325911433,Bin,6.0,7.0
HHS Region 9,Season onset,week,0.00201652683981197,Bin,7.0,8.0
HHS Region 9,Season onset,week,0.00130096944556161,Bin,8.0,9.0
HHS Region 9,Season onset,week,0.000701555628951559,Bin,9.0,10.0
HHS Region 9,Season onset,week,0.000311842255534292,Bin,10.0,11.0
HHS Region 9,Season onset,week,0.000113158146201235,Bin,11.0,12.0
HHS Region 9,Season onset,week,3.36392383792259e-05,Bin,12.0,13.0
HHS Region 9,Season onset,week,1.94882790665409e-05,Bin,13.0,14.0
HHS Region 9,Season onset,week,1.94882790665409e-05,Bin,14.0,15.0
HHS Region 9,Season onset,week,1.94882790665409e-05,Bin,15.0,16.0
HHS Region 9,Season onset,week,1.94882790665409e-05,Bin,16.0,17.0
HHS Region 9,Season onset,week,1.94882790665409e-05,Bin,17.0,18.0
HHS Region 9,Season onset,week,1.94882790665409e-05,Bin,18.0,19.0
HHS Region 9,Season onset,week,1.94882790665409e-05,Bin,19.0,20.0
HHS Region 9,Season onset,week,1.94882790665409e-05,Bin,20.0,21.0
HHS Region 9,Season onset,week,0.00272070174035628,Bin,none,none
HHS Region 9,Season peak week,week,8.53282029148165e-06,Bin,40.0,41.0
HHS Region 9,Season peak week,week,2.81833675133361e-05,Bin,41.0,42.0
HHS Region 9,Season peak week,week,7.55961211818194e-05,Bin,42.0,43.0
HHS Region 9,Season peak week,week,0.00016383658487201,Bin,43.0,44.0
HHS Region 9,Season peak week,week,0.000289277939004633,Bin,44.0,45.0
HHS Region 9,Season peak week,week,0.00042458606326636,Bin,45.0,46.0
HHS Region 9,Season peak week,week,0.00054204757640962,Bin,46.0,47.0
HHS Region 9,Season peak week,week,0.000652630493413261,Bin,47.0,48.0
HHS Region 9,Season peak week,week,0.000806535306287893,Bin,48.0,49.0
HHS Region 9,Season peak week,week,0.0010353455839888,Bin,49.0,50.0
HHS Region 9,Season peak week,week,0.00130277517903881,Bin,50.0,51.0
HHS Region 9,Season peak week,week,0.00154199807912977,Bin,51.0,52.0
HHS Region 9,Season peak week,week,0.00174918805419102,Bin,52.0,53.0
HHS Region 9,Season peak week,week,0.0020106367287852,Bin,1.0,2.0
HHS Region 9,Season peak week,week,0.00240870933310134,Bin,2.0,3.0
HHS Region 9,Season peak week,week,0.00291371730563385,Bin,3.0,4.0
HHS Region 9,Season peak week,week,0.00339539143028237,Bin,4.0,5.0
HHS Region 9,Season peak week,week,0.00372106476159676,Bin,5.0,6.0
HHS Region 9,Season peak week,week,0.00380149394977281,Bin,6.0,7.0
HHS Region 9,Season peak week,week,0.951698501322634,Bin,7.0,8.0
HHS Region 9,Season peak week,week,0.00300380732482012,Bin,8.0,9.0
HHS Region 9,Season peak week,week,0.00220009821116077,Bin,9.0,10.0
HHS Region 9,Season peak week,week,0.00136871204323557,Bin,10.0,11.0
HHS Region 9,Season peak week,week,0.000710758636480663,Bin,11.0,12.0
HHS Region 9,Season peak week,week,0.000304569782834811,Bin,12.0,13.0
HHS Region 9,Season peak week,week,0.00204977837495334,Bin,13.0,14.0
HHS Region 9,Season peak week,week,0.00585949103983244,Bin,14.0,15.0
HHS Region 9,Season peak week,week,0.00196023283145618,Bin,15.0,16.0
HHS Region 9,Season peak week,week,0.00196023283145618,Bin,16.0,17.0
HHS Region 9,Season peak week,week,1.73460306396743e-05,Bin,17.0,18.0
HHS Region 9,Season peak week,week,1.73460306396743e-05,Bin,18.0,19.0
HHS Region 9,Season peak week,week,0.00196023283145618,Bin,19.0,20.0
HHS Region 9,Season peak week,week,1.73460306396743e-05,Bin,20.0,21.0
HHS Region 9,Season peak percentage,percent,1.08986418886987e-06,Bin,0.0,0.1
HHS Region 9,Season peak percentage,percent,2.17972837773974e-06,Bin,0.1,0.2
HHS Region 9,Season peak percentage,percent,2.17972837773974e-06,Bin,0.2,0.3
HHS Region 9,Season peak percentage,percent,2.17972837773974e-06,Bin,0.3,0.4
HHS Region 9,Season peak percentage,percent,2.17972837773974e-06,Bin,0.4,0.5
HHS Region 9,Season peak percentage,percent,2.17972837773974e-06,Bin,0.5,0.6
HHS Region 9,Season peak percentage,percent,2.17972837773975e-06,Bin,0.6,0.7
HHS Region 9,Season peak percentage,percent,2.17972837773975e-06,Bin,0.7,0.8
HHS Region 9,Season peak percentage,percent,2.17972837773975e-06,Bin,0.8,0.9
HHS Region 9,Season peak percentage,percent,2.17972837773975e-06,Bin,0.9,1.0
HHS Region 9,Season peak percentage,percent,2.17972837773975e-06,Bin,1.0,1.1
HHS Region 9,Season peak percentage,percent,2.17972837773975e-06,Bin,1.1,1.2
HHS Region 9,Season peak percentage,percent,2.17972837773975e-06,Bin,1.2,1.3
HHS Region 9,Season peak percentage,percent,2.17972837773975e-06,Bin,1.3,1.4
HHS Region 9,Season peak percentage,percent,2.17972837773975e-06,Bin,1.4,1.5
HHS Region 9,Season peak percentage,percent,2.17972837773975e-06,Bin,1.5,1.6
HHS Region 9,Season peak percentage,percent,2.17972837773975e-06,Bin,1.6,1.7
HHS Region 9,Season peak percentage,percent,2.1798005392885e-06,Bin,1.7,1.8
HHS Region 9,Season peak percentage,percent,2.79302332443638e-06,Bin,1.8,1.9
HHS Region 9,Season peak percentage,percent,4.38998899902058e-06,Bin,1.9,2.0
HHS Region 9,Season peak percentage,percent,6.75523555616088e-06,Bin,2.0,2.1
HHS Region 9,Season peak percentage,percent,1.01830684145646e-05,Bin,2.1,2.2
HHS Region 9,Season peak percentage,percent,1.50369392812454e-05,Bin,2.2,2.3
HHS Region 9,Season peak percentage,percent,2.176968667505e-05,Bin,2.3,2.4
HHS Region 9,Season peak percentage,percent,3.09019076567463e-05,Bin,2.4,2.5
HHS Region 9,Season peak percentage,percent,4.30429604863047e-05,Bin,2.5,2.6
HHS Region 9,Season peak percentage,percent,5.88507235407679e-05,Bin,2.6,2.7
HHS Region 9,Season peak percentage,percent,7.90307365824916e-05,Bin,2.7,2.8
HHS Region 9,Season peak percentage,percent,0.000104304242077952,Bin,2.8,2.9
HHS Region 9,Season peak percentage,percent,0.000135357836116276,Bin,2.9,3.0
HHS Region 9,Season peak percentage,percent,0.000172826183057599,Bin,3.0,3.1
HHS Region 9,Season peak percentage,percent,0.000217219197020027,Bin,3.1,3.2
HHS Region 9,Season peak percentage,percent,0.000268881019083673,Bin,3.2,3.3
HHS Region 9,Season peak percentage,percent,0.000327932262757944,Bin,3.3,3.4
HHS Region 9,Season peak percentage,percent,0.000394189952541701,Bin,3.4,3.5
HHS Region 9,Season peak percentage,percent,0.000467134718802341,Bin,3.5,3.6
HHS Region 9,Season peak percentage,percent,0.000545824732415224,Bin,3.6,3.7
HHS Region 9,Season peak percentage,percent,0.000628870711291739,Bin,3.7,3.8
HHS Region 9,Season peak percentage,percent,0.000714425899249066,Bin,3.8,3.9
HHS Region 9,Season peak percentage,percent,0.000800189775665868,Bin,3.9,4.0
HHS Region 9,Season peak percentage,percent,0.000883487960098203,Bin,4.0,4.1
HHS Region 9,Season peak percentage,percent,0.000961409428666274,Bin,4.1,4.2
HHS Region 9,Season peak percentage,percent,0.00103093901243618,Bin,4.2,4.3
HHS Region 9,Season peak percentage,percent,0.00108923530772488,Bin,4.3,4.4
HHS Region 9,Season peak percentage,percent,0.939781303953521,Bin,4.4,4.5
HHS Region 9,Season peak percentage,percent,0.0107801525777176,Bin,4.5,4.6
HHS Region 9,Season peak percentage,percent,0.00502227642307999,Bin,4.6,4.7
HHS Region 9,Season peak percentage,percent,0.00117124914787006,Bin,4.7,4.8
HHS Region 9,Season peak percentage,percent,0.0030750404849031,Bin,4.8,4.9
HHS Region 9,Season peak percentage,percent,0.00304179643270157,Bin,4.9,5.0
HHS Region 9,Season peak percentage,percent,0.0029978520229136,Bin,5.0,5.1
HHS Region 9,Season peak percentage,percent,0.00487015467879627,Bin,5.1,5.2
HHS Region 9,Season peak percentage,percent,0.000968682392666662,Bin,5.2,5.3
HHS Region 9,Season peak percentage,percent,0.000914540284550297,Bin,5.3,5.4
HHS Region 9,Season peak percentage,percent,0.0008642931689288,Bin,5.4,5.5
HHS Region 9,Season peak percentage,percent,0.000820771206168321,Bin,5.5,5.6
HHS Region 9,Season peak percentage,percent,0.000785947106297202,Bin,5.6,5.7
HHS Region 9,Season peak percentage,percent,0.000760776965297492,Bin,5.7,5.8
HHS Region 9,Season peak percentage,percent,0.000745129342023678,Bin,5.8,5.9
HHS Region 9,Season peak percentage,percent,0.000737911810341465,Bin,5.9,6.0
HHS Region 9,Season peak percentage,percent,0.000737140508537007,Bin,6.0,6.1
HHS Region 9,Season peak percentage,percent,0.000740268020395208,Bin,6.1,6.2
HHS Region 9,Season peak percentage,percent,0.000744421578735921,Bin,6.2,6.3
HHS Region 9,Season peak percentage,percent,0.00074674438176481,Bin,6.3,6.4
HHS Region 9,Season peak percentage,percent,0.000744692239528475,Bin,6.4,6.5
HHS Region 9,Season peak percentage,percent,0.000736274491582876,Bin,6.5,6.6
HHS Region 9,Season peak percentage,percent,0.000720223938383015,Bin,6.6,6.7
HHS Region 9,Season peak percentage,percent,0.00069605799476254,Bin,6.7,6.8
HHS Region 9,Season peak percentage,percent,0.000664073371705778,Bin,6.8,6.9
HHS Region 9,Season peak percentage,percent,0.000625187184691287,Bin,6.9,7.0
HHS Region 9,Season peak percentage,percent,0.000580837205479116,Bin,7.0,7.1
HHS Region 9,Season peak percentage,percent,0.000532709965156545,Bin,7.1,7.2
HHS Region 9,Season peak percentage,percent,0.000482612326117022,Bin,7.2,7.3
HHS Region 9,Season peak percentage,percent,0.00043227079761166,Bin,7.3,7.4
HHS Region 9,Season peak percentage,percent,0.000383234135097159,Bin,7.4,7.5
HHS Region 9,Season peak percentage,percent,0.000336799917775419,Bin,7.5,7.6
HHS Region 9,Season peak percentage,percent,0.000294003342056718,Bin,7.6,7.7
HHS Region 9,Season peak percentage,percent,0.000255602366058102,Bin,7.7,7.8
HHS Region 9,Season peak percentage,percent,0.000222137778275904,Bin,7.8,7.9
HHS Region 9,Season peak percentage,percent,0.000193917997745427,Bin,7.9,8.0
HHS Region 9,Season peak percentage,percent,0.000171068908049796,Bin,8.0,8.1
HHS Region 9,Season peak percentage,percent,0.000153532979639638,Bin,8.1,8.2
HHS Region 9,Season peak percentage,percent,0.000141050850072146,Bin,8.2,8.3
HHS Region 9,Season peak percentage,percent,0.000133197656483789,Bin,8.3,8.4
HHS Region 9,Season peak percentage,percent,0.000129338142316301,Bin,8.4,8.5
HHS Region 9,Season peak percentage,percent,0.000128691886933911,Bin,8.5,8.6
HHS Region 9,Season peak percentage,percent,0.000130331997441869,Bin,8.6,8.7
HHS Region 9,Season peak percentage,percent,0.000133260814559648,Bin,8.7,8.8
HHS Region 9,Season peak percentage,percent,0.000136471920337948,Bin,8.8,8.9
HHS Region 9,Season peak percentage,percent,0.000139027991730608,Bin,8.9,9.0
HHS Region 9,Season peak percentage,percent,0.000140130099430593,Bin,9.0,9.1
HHS Region 9,Season peak percentage,percent,0.000139193414256723,Bin,9.1,9.2
HHS Region 9,Season peak percentage,percent,0.000135866677815896,Bin,9.2,9.3
HHS Region 9,Season peak percentage,percent,0.000130069208513903,Bin,9.3,9.4
HHS Region 9,Season peak percentage,percent,0.000121959050885405,Bin,9.4,9.5
HHS Region 9,Season peak percentage,percent,0.000111900781057399,Bin,9.5,9.6
HHS Region 9,Season peak percentage,percent,0.000100409071779662,Bin,9.6,9.7
HHS Region 9,Season peak percentage,percent,8.80749450926566e-05,Bin,9.7,9.8
HHS Region 9,Season peak percentage,percent,7.55008740699281e-05,Bin,9.8,9.9
HHS Region 9,Season peak percentage,percent,6.32403560905075e-05,Bin,9.9,10.0
HHS Region 9,Season peak percentage,percent,5.17519388304473e-05,Bin,10.0,10.1
HHS Region 9,Season peak percentage,percent,4.13719746415355e-05,Bin,10.1,10.2
HHS Region 9,Season peak percentage,percent,3.23089966119482e-05,Bin,10.2,10.3
HHS Region 9,Season peak percentage,percent,2.46463941615268e-05,Bin,10.3,10.4
HHS Region 9,Season peak percentage,percent,1.83640815883482e-05,Bin,10.4,10.5
HHS Region 9,Season peak percentage,percent,1.33665371670447e-05,Bin,10.5,10.6
HHS Region 9,Season peak percentage,percent,9.50169762865324e-06,Bin,10.6,10.7
HHS Region 9,Season peak percentage,percent,6.59850998901287e-06,Bin,10.7,10.8
HHS Region 9,Season peak percentage,percent,4.47501442756186e-06,Bin,10.8,10.9
HHS Region 9,Season peak percentage,percent,2.96483631707657e-06,Bin,10.9,11.0
HHS Region 9,Season peak percentage,percent,1.91845741890303e-06,Bin,11.0,11.1
HHS Region 9,Season peak percentage,percent,1.50997428920114e-06,Bin,11.1,11.2
HHS Region 9,Season peak percentage,percent,1.50992593893989e-06,Bin,11.2,11.3
HHS Region 9,Season peak percentage,percent,1.50992593893989e-06,Bin,11.3,11.4
HHS Region 9,Season peak percentage,percent,1.50992593893989e-06,Bin,11.4,11.5
HHS Region 9,Season peak percentage,percent,1.50992593893989e-06,Bin,11.5,11.6
HHS Region 9,Season peak percentage,percent,1.50992593893989e-06,Bin,11.6,11.7
HHS Region 9,Season peak percentage,percent,1.50992593893989e-06,Bin,11.7,11.8
HHS Region 9,Season peak percentage,percent,1.50992593893989e-06,Bin,11.8,11.9
HHS Region 9,Season peak percentage,percent,1.50992593893989e-06,Bin,11.9,12.0
HHS Region 9,Season peak percentage,percent,1.50992593893989e-06,Bin,12.0,12.1
HHS Region 9,Season peak percentage,percent,1.50992593893989e-06,Bin,12.1,12.2
HHS Region 9,Season peak percentage,percent,1.50992593893989e-06,Bin,12.2,12.3
HHS Region 9,Season peak percentage,percent,1.50992593893989e-06,Bin,12.3,12.4
HHS Region 9,Season peak percentage,percent,1.50992593893989e-06,Bin,12.4,12.5
HHS Region 9,Season peak percentage,percent,1.50992593893989e-06,Bin,12.5,12.6
HHS Region 9,Season peak percentage,percent,1.50992593893989e-06,Bin,12.6,12.7
HHS Region 9,Season peak percentage,percent,1.50992593893989e-06,Bin,12.7,12.8
HHS Region 9,Season peak percentage,percent,1.50992593893989e-06,Bin,12.8,12.9
HHS Region 9,Season peak percentage,percent,1.50992593893989e-06,Bin,12.9,13.0
HHS Region 9,Season peak percentage,percent,1.50992593893989e-06,Bin,13.0,100.0
HHS Region 9,1 wk ahead,percent,5.9140760112233e-11,Bin,0.0,0.1
HHS Region 9,1 wk ahead,percent,0.00404040347150221,Bin,0.1,0.2
HHS Region 9,1 wk ahead,percent,0.00202020191091757,Bin,0.2,0.3
HHS Region 9,1 wk ahead,percent,0.00404040368361931,Bin,0.3,0.4
HHS Region 9,1 wk ahead,percent,0.00202020218819168,Bin,0.4,0.5
HHS Region 9,1 wk ahead,percent,7.28839764302622e-10,Bin,0.5,0.6
HHS Region 9,1 wk ahead,percent,0.00202020260949675,Bin,0.6,0.7
HHS Region 9,1 wk ahead,percent,0.0161616144375823,Bin,0.7,0.8
HHS Region 9,1 wk ahead,percent,1.5448779176188e-09,Bin,0.8,0.9
HHS Region 9,1 wk ahead,percent,1.91660600669316e-09,Bin,0.9,1.0
HHS Region 9,1 wk ahead,percent,2.35410500009433e-09,Bin,1.0,1.1
HHS Region 9,1 wk ahead,percent,2.86537573762367e-09,Bin,1.1,1.2
HHS Region 9,1 wk ahead,percent,3.45086172746311e-09,Bin,1.2,1.3
HHS Region 9,1 wk ahead,percent,0.00202020574973565,Bin,1.3,1.4
HHS Region 9,1 wk ahead,percent,0.0262626262478711,Bin,1.4,1.5
HHS Region 9,1 wk ahead,percent,0.0141414170260804,Bin,1.5,1.6
HHS Region 9,1 wk ahead,percent,0.0323232325326387,Bin,1.6,1.7
HHS Region 9,1 wk ahead,percent,0.0383838380605817,Bin,1.7,1.8
HHS Region 9,1 wk ahead,percent,0.0505050484515035,Bin,1.8,1.9
HHS Region 9,1 wk ahead,percent,0.07474746865748,Bin,1.9,2.0
HHS Region 9,1 wk ahead,percent,0.109090897040172,Bin,2.0,2.1
HHS Region 9,1 wk ahead,percent,0.153535333617487,Bin,2.1,2.2
HHS Region 9,1 wk ahead,percent,0.169696947029567,Bin,2.2,2.3
HHS Region 9,1 wk ahead,percent,0.0929292844369659,Bin,2.3,2.4
HHS Region 9,1 wk ahead,percent,0.056565654794516,Bin,2.4,2.5
HHS Region 9,1 wk ahead,percent,0.0262626299995523,Bin,2.5,2.6
HHS Region 9,1 wk ahead,percent,0.0363636380861308,Bin,2.6,2.7
HHS Region 9,1 wk ahead,percent,0.0202020245424462,Bin,2.7,2.8
HHS Region 9,1 wk ahead,percent,0.0222222256901982,Bin,2.8,2.9
HHS Region 9,1 wk ahead,percent,0.00606061182990547,Bin,2.9,3.0
HHS Region 9,1 wk ahead,percent,0.00404040942196065,Bin,3.0,3.1
HHS Region 9,1 wk ahead,percent,5.31074734097082e-09,Bin,3.1,3.2
HHS Region 9,1 wk ahead,percent,4.50285372717895e-09,Bin,3.2,3.3
HHS Region 9,1 wk ahead,percent,3.7391576253522e-09,Bin,3.3,3.4
HHS Region 9,1 wk ahead,percent,0.0141414146056509,Bin,3.4,3.5
HHS Region 9,1 wk ahead,percent,2.44128135949441e-09,Bin,3.5,3.6
HHS Region 9,1 wk ahead,percent,0.0020202035725503,Bin,3.6,3.7
HHS Region 9,1 wk ahead,percent,1.48286539338625e-09,Bin,3.7,3.8
HHS Region 9,1 wk ahead,percent,1.11832286633215e-09,Bin,3.8,3.9
HHS Region 9,1 wk ahead,percent,0.00404040412298563,Bin,3.9,4.0
HHS Region 9,1 wk ahead,percent,5.83524547004891e-10,Bin,4.0,4.1
HHS Region 9,1 wk ahead,percent,4.00569059059694e-10,Bin,4.1,4.2
HHS Region 9,1 wk ahead,percent,0.0121212101721938,Bin,4.2,4.3
HHS Region 9,1 wk ahead,percent,1.70941408679049e-10,Bin,4.3,4.4
HHS Region 9,1 wk ahead,percent,1.10535237305083e-10,Bin,4.4,4.5
HHS Region 9,1 wk ahead,percent,7.83021628760415e-11,Bin,4.5,4.6
HHS Region 9,1 wk ahead,percent,7.0223679561145e-11,Bin,4.6,4.7
HHS Region 9,1 wk ahead,percent,8.4496168375645e-11,Bin,4.7,4.8
HHS Region 9,1 wk ahead,percent,1.21376708012679e-10,Bin,4.8,4.9
HHS Region 9,1 wk ahead,percent,1.82300147167818e-10,Bin,4.9,5.0
HHS Region 9,1 wk ahead,percent,0.00202020191942952,Bin,5.0,5.1
HHS Region 9,1 wk ahead,percent,3.7820210352872e-10,Bin,5.1,5.2
HHS Region 9,1 wk ahead,percent,5.07074043179656e-10,Bin,5.2,5.3
HHS Region 9,1 wk ahead,percent,6.45235370043067e-10,Bin,5.3,5.4
HHS Region 9,1 wk ahead,percent,7.78716371612512e-10,Bin,5.4,5.5
HHS Region 9,1 wk ahead,percent,8.91193244534361e-10,Bin,5.5,5.6
HHS Region 9,1 wk ahead,percent,9.67086874248961e-10,Bin,5.6,5.7
HHS Region 9,1 wk ahead,percent,9.9509009792232e-10,Bin,5.7,5.8
HHS Region 9,1 wk ahead,percent,9.70886187400783e-10,Bin,5.8,5.9
HHS Region 9,1 wk ahead,percent,8.98147015212258e-10,Bin,5.9,6.0
HHS Region 9,1 wk ahead,percent,7.87827930027063e-10,Bin,6.0,6.1
HHS Region 9,1 wk ahead,percent,6.55268925589722e-10,Bin,6.1,6.2
HHS Region 9,1 wk ahead,percent,5.16771033334998e-10,Bin,6.2,6.3
HHS Region 9,1 wk ahead,percent,3.86433447364713e-10,Bin,6.3,6.4
HHS Region 9,1 wk ahead,percent,2.73994955539062e-10,Bin,6.4,6.5
HHS Region 9,1 wk ahead,percent,1.84207606579477e-10,Bin,6.5,6.6
HHS Region 9,1 wk ahead,percent,1.17432071890996e-10,Bin,6.6,6.7
HHS Region 9,1 wk ahead,percent,7.09826861839522e-11,Bin,6.7,6.8
HHS Region 9,1 wk ahead,percent,4.06776237753329e-11,Bin,6.8,6.9
HHS Region 9,1 wk ahead,percent,2.21078693934587e-11,Bin,6.9,7.0
HHS Region 9,1 wk ahead,percent,1.22900612890666e-11,Bin,7.0,7.1
HHS Region 9,1 wk ahead,percent,1.12359421197526e-11,Bin,7.1,7.2
HHS Region 9,1 wk ahead,percent,1.12359421197526e-11,Bin,7.2,7.3
HHS Region 9,1 wk ahead,percent,1.12359421197526e-11,Bin,7.3,7.4
HHS Region 9,1 wk ahead,percent,1.12359421197526e-11,Bin,7.4,7.5
HHS Region 9,1 wk ahead,percent,1.12359421197526e-11,Bin,7.5,7.6
HHS Region 9,1 wk ahead,percent,1.12359421197526e-11,Bin,7.6,7.7
HHS Region 9,1 wk ahead,percent,1.12359421197526e-11,Bin,7.7,7.8
HHS Region 9,1 wk ahead,percent,1.12359421197526e-11,Bin,7.8,7.9
HHS Region 9,1 wk ahead,percent,1.12359421197526e-11,Bin,7.9,8.0
HHS Region 9,1 wk ahead,percent,1.12359421197527e-11,Bin,8.0,8.1
HHS Region 9,1 wk ahead,percent,1.12359421197528e-11,Bin,8.1,8.2
HHS Region 9,1 wk ahead,percent,1.12359421197528e-11,Bin,8.2,8.3
HHS Region 9,1 wk ahead,percent,1.12359421197528e-11,Bin,8.3,8.4
HHS Region 9,1 wk ahead,percent,1.12359421197528e-11,Bin,8.4,8.5
HHS Region 9,1 wk ahead,percent,1.12359421197528e-11,Bin,8.5,8.6
HHS Region 9,1 wk ahead,percent,1.12359421197528e-11,Bin,8.6,8.7
HHS Region 9,1 wk ahead,percent,1.12359421197528e-11,Bin,8.7,8.8
HHS Region 9,1 wk ahead,percent,1.12359421197528e-11,Bin,8.8,8.9
HHS Region 9,1 wk ahead,percent,1.12359421197528e-11,Bin,8.9,9.0
HHS Region 9,1 wk ahead,percent,1.12359421197528e-11,Bin,9.0,9.1
HHS Region 9,1 wk ahead,percent,1.12359421197528e-11,Bin,9.1,9.2
HHS Region 9,1 wk ahead,percent,1.12359421197528e-11,Bin,9.2,9.3
HHS Region 9,1 wk ahead,percent,1.12359421197528e-11,Bin,9.3,9.4
HHS Region 9,1 wk ahead,percent,1.12359421197528e-11,Bin,9.4,9.5
HHS Region 9,1 wk ahead,percent,1.12359421197528e-11,Bin,9.5,9.6
HHS Region 9,1 wk ahead,percent,1.12359421197528e-11,Bin,9.6,9.7
HHS Region 9,1 wk ahead,percent,1.12359421197528e-11,Bin,9.7,9.8
HHS Region 9,1 wk ahead,percent,1.12359421197528e-11,Bin,9.8,9.9
HHS Region 9,1 wk ahead,percent,1.12359421197528e-11,Bin,9.9,10.0
HHS Region 9,1 wk ahead,percent,1.12359421197528e-11,Bin,10.0,10.1
HHS Region 9,1 wk ahead,percent,1.12359421197528e-11,Bin,10.1,10.2
HHS Region 9,1 wk ahead,percent,1.12359421197528e-11,Bin,10.2,10.3
HHS Region 9,1 wk ahead,percent,1.12359421197528e-11,Bin,10.3,10.4
HHS Region 9,1 wk ahead,percent,1.12359421197528e-11,Bin,10.4,10.5
HHS Region 9,1 wk ahead,percent,1.12359421197528e-11,Bin,10.5,10.6
HHS Region 9,1 wk ahead,percent,1.12359421197528e-11,Bin,10.6,10.7
HHS Region 9,1 wk ahead,percent,1.12359421197528e-11,Bin,10.7,10.8
HHS Region 9,1 wk ahead,percent,1.12359421197528e-11,Bin,10.8,10.9
HHS Region 9,1 wk ahead,percent,1.12359421197528e-11,Bin,10.9,11.0
HHS Region 9,1 wk ahead,percent,1.12359421197528e-11,Bin,11.0,11.1
HHS Region 9,1 wk ahead,percent,1.12359421197528e-11,Bin,11.1,11.2
HHS Region 9,1 wk ahead,percent,1.12359421197528e-11,Bin,11.2,11.3
HHS Region 9,1 wk ahead,percent,1.12359421197528e-11,Bin,11.3,11.4
HHS Region 9,1 wk ahead,percent,1.12359421197528e-11,Bin,11.4,11.5
HHS Region 9,1 wk ahead,percent,1.12359421197528e-11,Bin,11.5,11.6
HHS Region 9,1 wk ahead,percent,1.12359421197528e-11,Bin,11.6,11.7
HHS Region 9,1 wk ahead,percent,1.12359421197528e-11,Bin,11.7,11.8
HHS Region 9,1 wk ahead,percent,1.12359421197528e-11,Bin,11.8,11.9
HHS Region 9,1 wk ahead,percent,1.12359421197528e-11,Bin,11.9,12.0
HHS Region 9,1 wk ahead,percent,1.12359421197528e-11,Bin,12.0,12.1
HHS Region 9,1 wk ahead,percent,1.12359421197528e-11,Bin,12.1,12.2
HHS Region 9,1 wk ahead,percent,1.12359421197528e-11,Bin,12.2,12.3
HHS Region 9,1 wk ahead,percent,1.12359421197528e-11,Bin,12.3,12.4
HHS Region 9,1 wk ahead,percent,1.12359421197528e-11,Bin,12.4,12.5
HHS Region 9,1 wk ahead,percent,1.12359421197528e-11,Bin,12.5,12.6
HHS Region 9,1 wk ahead,percent,1.12359421197528e-11,Bin,12.6,12.7
HHS Region 9,1 wk ahead,percent,1.12359421197528e-11,Bin,12.7,12.8
HHS Region 9,1 wk ahead,percent,1.12359421197528e-11,Bin,12.8,12.9
HHS Region 9,1 wk ahead,percent,1.12359421197528e-11,Bin,12.9,13.0
HHS Region 9,1 wk ahead,percent,1.12359421197528e-11,Bin,13.0,100.0
HHS Region 9,2 wk ahead,percent,0.00208333296391911,Bin,0.0,0.1
HHS Region 9,2 wk ahead,percent,0.00208333300680727,Bin,0.1,0.2
HHS Region 9,2 wk ahead,percent,0.00416666605598413,Bin,0.2,0.3
HHS Region 9,2 wk ahead,percent,0.00416666625787859,Bin,0.3,0.4
HHS Region 9,2 wk ahead,percent,6.96879756180364e-10,Bin,0.4,0.5
HHS Region 9,2 wk ahead,percent,0.00416666708001548,Bin,0.5,0.6
HHS Region 9,2 wk ahead,percent,0.00208333467025491,Bin,0.6,0.7
HHS Region 9,2 wk ahead,percent,0.00833333406180391,Bin,0.7,0.8
HHS Region 9,2 wk ahead,percent,0.00833333458522274,Bin,0.8,0.9
HHS Region 9,2 wk ahead,percent,0.00833333518582603,Bin,0.9,1.0
HHS Region 9,2 wk ahead,percent,0.00416667003028653,Bin,1.0,1.1
HHS Region 9,2 wk ahead,percent,0.022916667442413,Bin,1.1,1.2
HHS Region 9,2 wk ahead,percent,0.0250000011280784,Bin,1.2,1.3
HHS Region 9,2 wk ahead,percent,0.0291666674691197,Bin,1.3,1.4
HHS Region 9,2 wk ahead,percent,0.037499999353409,Bin,1.4,1.5
HHS Region 9,2 wk ahead,percent,0.062499994591008,Bin,1.5,1.6
HHS Region 9,2 wk ahead,percent,0.0604166613790805,Bin,1.6,1.7
HHS Region 9,2 wk ahead,percent,0.0874999896823696,Bin,1.7,1.8
HHS Region 9,2 wk ahead,percent,0.0791666581749167,Bin,1.8,1.9
HHS Region 9,2 wk ahead,percent,0.108333320333759,Bin,1.9,2.0
HHS Region 9,2 wk ahead,percent,0.104166655792704,Bin,2.0,2.1
HHS Region 9,2 wk ahead,percent,0.0833333280493512,Bin,2.1,2.2
HHS Region 9,2 wk ahead,percent,0.0416666708668893,Bin,2.2,2.3
HHS Region 9,2 wk ahead,percent,0.0354166734442333,Bin,2.3,2.4
HHS Region 9,2 wk ahead,percent,0.039583339797194,Bin,2.4,2.5
HHS Region 9,2 wk ahead,percent,0.0229166753264923,Bin,2.5,2.6
HHS Region 9,2 wk ahead,percent,0.0145833415003453,Bin,2.6,2.7
HHS Region 9,2 wk ahead,percent,0.010416672928603,Bin,2.7,2.8
HHS Region 9,2 wk ahead,percent,0.0166666691088479,Bin,2.8,2.9
HHS Region 9,2 wk ahead,percent,0.00625000213614344,Bin,2.9,3.0
HHS Region 9,2 wk ahead,percent,0.00833333354471423,Bin,3.0,3.1
HHS Region 9,2 wk ahead,percent,0.00208333375945707,Bin,3.1,3.2
HHS Region 9,2 wk ahead,percent,0.0145833309969138,Bin,3.2,3.3
HHS Region 9,2 wk ahead,percent,1.15256865652698e-10,Bin,3.3,3.4
HHS Region 9,2 wk ahead,percent,0.00416666594030981,Bin,3.4,3.5
HHS Region 9,2 wk ahead,percent,0.00624999886731691,Bin,3.5,3.6
HHS Region 9,2 wk ahead,percent,0.00833333181362399,Bin,3.6,3.7
HHS Region 9,2 wk ahead,percent,0.00833333181473301,Bin,3.7,3.8
HHS Region 9,2 wk ahead,percent,0.00416666591939057,Bin,3.8,3.9
HHS Region 9,2 wk ahead,percent,4.71355717717758e-11,Bin,3.9,4.0
HHS Region 9,2 wk ahead,percent,1.34338049510646e-10,Bin,4.0,4.1
HHS Region 9,2 wk ahead,percent,3.20680475996236e-10,Bin,4.1,4.2
HHS Region 9,2 wk ahead,percent,6.41509171906385e-10,Bin,4.2,4.3
HHS Region 9,2 wk ahead,percent,1.07507569690739e-09,Bin,4.3,4.4
HHS Region 9,2 wk ahead,percent,1.50957544297702e-09,Bin,4.4,4.5
HHS Region 9,2 wk ahead,percent,0.00208333472873282,Bin,4.5,4.6
HHS Region 9,2 wk ahead,percent,1.75071894651026e-09,Bin,4.6,4.7
HHS Region 9,2 wk ahead,percent,1.44593076732558e-09,Bin,4.7,4.8
HHS Region 9,2 wk ahead,percent,0.00208333395335557,Bin,4.8,4.9
HHS Region 9,2 wk ahead,percent,5.80171857414565e-10,Bin,4.9,5.0
HHS Region 9,2 wk ahead,percent,2.81817845049495e-10,Bin,5.0,5.1
HHS Region 9,2 wk ahead,percent,0.00416666602017239,Bin,5.1,5.2
HHS Region 9,2 wk ahead,percent,3.91124371169422e-11,Bin,5.2,5.3
HHS Region 9,2 wk ahead,percent,2.05143524978509e-11,Bin,5.3,5.4
HHS Region 9,2 wk ahead,percent,2.05143524978509e-11,Bin,5.4,5.5
HHS Region 9,2 wk ahead,percent,2.05143524978509e-11,Bin,5.5,5.6
HHS Region 9,2 wk ahead,percent,2.05143524978509e-11,Bin,5.6,5.7
HHS Region 9,2 wk ahead,percent,2.05143524978509e-11,Bin,5.7,5.8
HHS Region 9,2 wk ahead,percent,2.05143524978509e-11,Bin,5.8,5.9
HHS Region 9,2 wk ahead,percent,2.05143524978509e-11,Bin,5.9,6.0
HHS Region 9,2 wk ahead,percent,2.05143524978509e-11,Bin,6.0,6.1
HHS Region 9,2 wk ahead,percent,2.05143524978509e-11,Bin,6.1,6.2
HHS Region 9,2 wk ahead,percent,2.05143524978509e-11,Bin,6.2,6.3
HHS Region 9,2 wk ahead,percent,2.05143524978509e-11,Bin,6.3,6.4
HHS Region 9,2 wk ahead,percent,2.05143524978509e-11,Bin,6.4,6.5
HHS Region 9,2 wk ahead,percent,2.05143524978509e-11,Bin,6.5,6.6
HHS Region 9,2 wk ahead,percent,2.05143524978509e-11,Bin,6.6,6.7
HHS Region 9,2 wk ahead,percent,2.05143524978509e-11,Bin,6.7,6.8
HHS Region 9,2 wk ahead,percent,2.05143524978509e-11,Bin,6.8,6.9
HHS Region 9,2 wk ahead,percent,2.05143524978509e-11,Bin,6.9,7.0
HHS Region 9,2 wk ahead,percent,2.05143524978509e-11,Bin,7.0,7.1
HHS Region 9,2 wk ahead,percent,2.05143524978509e-11,Bin,7.1,7.2
HHS Region 9,2 wk ahead,percent,2.05143524978509e-11,Bin,7.2,7.3
HHS Region 9,2 wk ahead,percent,2.05143524978509e-11,Bin,7.3,7.4
HHS Region 9,2 wk ahead,percent,2.05143524978509e-11,Bin,7.4,7.5
HHS Region 9,2 wk ahead,percent,2.05143524978509e-11,Bin,7.5,7.6
HHS Region 9,2 wk ahead,percent,2.05143524978509e-11,Bin,7.6,7.7
HHS Region 9,2 wk ahead,percent,2.05143524978509e-11,Bin,7.7,7.8
HHS Region 9,2 wk ahead,percent,2.05143524978509e-11,Bin,7.8,7.9
HHS Region 9,2 wk ahead,percent,2.05143524978509e-11,Bin,7.9,8.0
HHS Region 9,2 wk ahead,percent,2.05143524978511e-11,Bin,8.0,8.1
HHS Region 9,2 wk ahead,percent,2.05143524978513e-11,Bin,8.1,8.2
HHS Region 9,2 wk ahead,percent,2.05143524978513e-11,Bin,8.2,8.3
HHS Region 9,2 wk ahead,percent,2.05143524978513e-11,Bin,8.3,8.4
HHS Region 9,2 wk ahead,percent,2.05143524978513e-11,Bin,8.4,8.5
HHS Region 9,2 wk ahead,percent,2.05143524978513e-11,Bin,8.5,8.6
HHS Region 9,2 wk ahead,percent,2.05143524978513e-11,Bin,8.6,8.7
HHS Region 9,2 wk ahead,percent,2.05143524978513e-11,Bin,8.7,8.8
HHS Region 9,2 wk ahead,percent,2.05143524978513e-11,Bin,8.8,8.9
HHS Region 9,2 wk ahead,percent,2.05143524978513e-11,Bin,8.9,9.0
HHS Region 9,2 wk ahead,percent,2.05143524978513e-11,Bin,9.0,9.1
HHS Region 9,2 wk ahead,percent,2.05143524978513e-11,Bin,9.1,9.2
HHS Region 9,2 wk ahead,percent,2.05143524978513e-11,Bin,9.2,9.3
HHS Region 9,2 wk ahead,percent,2.05143524978513e-11,Bin,9.3,9.4
HHS Region 9,2 wk ahead,percent,2.05143524978513e-11,Bin,9.4,9.5
HHS Region 9,2 wk ahead,percent,2.05143524978513e-11,Bin,9.5,9.6
HHS Region 9,2 wk ahead,percent,2.05143524978513e-11,Bin,9.6,9.7
HHS Region 9,2 wk ahead,percent,2.05143524978513e-11,Bin,9.7,9.8
HHS Region 9,2 wk ahead,percent,2.05143524978513e-11,Bin,9.8,9.9
HHS Region 9,2 wk ahead,percent,2.05143524978513e-11,Bin,9.9,10.0
HHS Region 9,2 wk ahead,percent,2.05143524978513e-11,Bin,10.0,10.1
HHS Region 9,2 wk ahead,percent,2.05143524978513e-11,Bin,10.1,10.2
HHS Region 9,2 wk ahead,percent,2.05143524978513e-11,Bin,10.2,10.3
HHS Region 9,2 wk ahead,percent,2.05143524978513e-11,Bin,10.3,10.4
HHS Region 9,2 wk ahead,percent,2.05143524978513e-11,Bin,10.4,10.5
HHS Region 9,2 wk ahead,percent,2.05143524978513e-11,Bin,10.5,10.6
HHS Region 9,2 wk ahead,percent,2.05143524978513e-11,Bin,10.6,10.7
HHS Region 9,2 wk ahead,percent,2.05143524978513e-11,Bin,10.7,10.8
HHS Region 9,2 wk ahead,percent,2.05143524978513e-11,Bin,10.8,10.9
HHS Region 9,2 wk ahead,percent,2.05143524978513e-11,Bin,10.9,11.0
HHS Region 9,2 wk ahead,percent,2.05143524978513e-11,Bin,11.0,11.1
HHS Region 9,2 wk ahead,percent,2.05143524978513e-11,Bin,11.1,11.2
HHS Region 9,2 wk ahead,percent,2.05143524978513e-11,Bin,11.2,11.3
HHS Region 9,2 wk ahead,percent,2.05143524978513e-11,Bin,11.3,11.4
HHS Region 9,2 wk ahead,percent,2.05143524978513e-11,Bin,11.4,11.5
HHS Region 9,2 wk ahead,percent,2.05143524978513e-11,Bin,11.5,11.6
HHS Region 9,2 wk ahead,percent,2.05143524978513e-11,Bin,11.6,11.7
HHS Region 9,2 wk ahead,percent,2.05143524978513e-11,Bin,11.7,11.8
HHS Region 9,2 wk ahead,percent,2.05143524978513e-11,Bin,11.8,11.9
HHS Region 9,2 wk ahead,percent,2.05143524978513e-11,Bin,11.9,12.0
HHS Region 9,2 wk ahead,percent,2.05143524978513e-11,Bin,12.0,12.1
HHS Region 9,2 wk ahead,percent,2.05143524978513e-11,Bin,12.1,12.2
HHS Region 9,2 wk ahead,percent,2.05143524978513e-11,Bin,12.2,12.3
HHS Region 9,2 wk ahead,percent,2.05143524978513e-11,Bin,12.3,12.4
HHS Region 9,2 wk ahead,percent,2.05143524978513e-11,Bin,12.4,12.5
HHS Region 9,2 wk ahead,percent,2.05143524978513e-11,Bin,12.5,12.6
HHS Region 9,2 wk ahead,percent,2.05143524978513e-11,Bin,12.6,12.7
HHS Region 9,2 wk ahead,percent,2.05143524978513e-11,Bin,12.7,12.8
HHS Region 9,2 wk ahead,percent,2.05143524978513e-11,Bin,12.8,12.9
HHS Region 9,2 wk ahead,percent,2.05143524978513e-11,Bin,12.9,13.0
HHS Region 9,2 wk ahead,percent,2.05143524978513e-11,Bin,13.0,100.0
HHS Region 9,3 wk ahead,percent,0.00209643573823376,Bin,0.0,0.1
HHS Region 9,3 wk ahead,percent,0.00209643595477807,Bin,0.1,0.2
HHS Region 9,3 wk ahead,percent,0.00419287200404493,Bin,0.2,0.3
HHS Region 9,3 wk ahead,percent,0.00209643693255668,Bin,0.3,0.4
HHS Region 9,3 wk ahead,percent,0.00419287337675701,Bin,0.4,0.5
HHS Region 9,3 wk ahead,percent,0.00628930981583662,Bin,0.5,0.6
HHS Region 9,3 wk ahead,percent,0.012578617405007,Bin,0.6,0.7
HHS Region 9,3 wk ahead,percent,0.010482181935881,Bin,0.7,0.8
HHS Region 9,3 wk ahead,percent,0.00838574603821053,Bin,0.8,0.9
HHS Region 9,3 wk ahead,percent,0.0188679238418203,Bin,0.9,1.0
HHS Region 9,3 wk ahead,percent,0.00628930914620909,Bin,1.0,1.1
HHS Region 9,3 wk ahead,percent,0.0335429726541967,Bin,1.1,1.2
HHS Region 9,3 wk ahead,percent,0.0251572304332449,Bin,1.2,1.3
HHS Region 9,3 wk ahead,percent,0.0377358459324188,Bin,1.3,1.4
HHS Region 9,3 wk ahead,percent,0.0566037693966687,Bin,1.4,1.5
HHS Region 9,3 wk ahead,percent,0.0712788221587619,Bin,1.5,1.6
HHS Region 9,3 wk ahead,percent,0.0649895181702667,Bin,1.6,1.7
HHS Region 9,3 wk ahead,percent,0.0838574413609129,Bin,1.7,1.8
HHS Region 9,3 wk ahead,percent,0.0607966493644182,Bin,1.8,1.9
HHS Region 9,3 wk ahead,percent,0.0943396189957077,Bin,1.9,2.0
HHS Region 9,3 wk ahead,percent,0.071278824617449,Bin,2.0,2.1
HHS Region 9,3 wk ahead,percent,0.0503144660675883,Bin,2.1,2.2
HHS Region 9,3 wk ahead,percent,0.0503144647595193,Bin,2.2,2.3
HHS Region 9,3 wk ahead,percent,0.0314465426613487,Bin,2.3,2.4
HHS Region 9,3 wk ahead,percent,0.0419287200922744,Bin,2.4,2.5
HHS Region 9,3 wk ahead,percent,0.0146750554644341,Bin,2.5,2.6
HHS Region 9,3 wk ahead,percent,0.0251572332804167,Bin,2.6,2.7
HHS Region 9,3 wk ahead,percent,0.0146750546868033,Bin,2.7,2.8
HHS Region 9,3 wk ahead,percent,0.0167714903135723,Bin,2.8,2.9
HHS Region 9,3 wk ahead,percent,0.00838574737134715,Bin,2.9,3.0
HHS Region 9,3 wk ahead,percent,0.0188679250531415,Bin,3.0,3.1
HHS Region 9,3 wk ahead,percent,0.00838574558365655,Bin,3.1,3.2
HHS Region 9,3 wk ahead,percent,0.00628930876187082,Bin,3.2,3.3
HHS Region 9,3 wk ahead,percent,0.00628930788261814,Bin,3.3,3.4
HHS Region 9,3 wk ahead,percent,0.0062893073702172,Bin,3.4,3.5
HHS Region 9,3 wk ahead,percent,1.11485815817763e-10,Bin,3.5,3.6
HHS Region 9,3 wk ahead,percent,0.00628930706189759,Bin,3.6,3.7
HHS Region 9,3 wk ahead,percent,0.00419287138119879,Bin,3.7,3.8
HHS Region 9,3 wk ahead,percent,2.97736897302839e-11,Bin,3.8,3.9
HHS Region 9,3 wk ahead,percent,0.00209643570548624,Bin,3.9,4.0
HHS Region 9,3 wk ahead,percent,0.00209643570548624,Bin,4.0,4.1
HHS Region 9,3 wk ahead,percent,2.97736897302839e-11,Bin,4.1,4.2
HHS Region 9,3 wk ahead,percent,2.97736897302839e-11,Bin,4.2,4.3
HHS Region 9,3 wk ahead,percent,0.00209643570548624,Bin,4.3,4.4
HHS Region 9,3 wk ahead,percent,2.97736897302839e-11,Bin,4.4,4.5
HHS Region 9,3 wk ahead,percent,0.00209643570548624,Bin,4.5,4.6
HHS Region 9,3 wk ahead,percent,2.97736897302839e-11,Bin,4.6,4.7
HHS Region 9,3 wk ahead,percent,0.00209643570548624,Bin,4.7,4.8
HHS Region 9,3 wk ahead,percent,2.97736897302839e-11,Bin,4.8,4.9
HHS Region 9,3 wk ahead,percent,0.00209643570548624,Bin,4.9,5.0
HHS Region 9,3 wk ahead,percent,2.97736897302839e-11,Bin,5.0,5.1
HHS Region 9,3 wk ahead,percent,2.97736897302839e-11,Bin,5.1,5.2
HHS Region 9,3 wk ahead,percent,2.97736897302839e-11,Bin,5.2,5.3
HHS Region 9,3 wk ahead,percent,2.97736897302839e-11,Bin,5.3,5.4
HHS Region 9,3 wk ahead,percent,2.97736897302839e-11,Bin,5.4,5.5
HHS Region 9,3 wk ahead,percent,2.97736897302839e-11,Bin,5.5,5.6
HHS Region 9,3 wk ahead,percent,2.97736897302839e-11,Bin,5.6,5.7
HHS Region 9,3 wk ahead,percent,2.97736897302839e-11,Bin,5.7,5.8
HHS Region 9,3 wk ahead,percent,2.97736897302839e-11,Bin,5.8,5.9
HHS Region 9,3 wk ahead,percent,2.97736897302839e-11,Bin,5.9,6.0
HHS Region 9,3 wk ahead,percent,2.97736897302839e-11,Bin,6.0,6.1
HHS Region 9,3 wk ahead,percent,2.97736897302839e-11,Bin,6.1,6.2
HHS Region 9,3 wk ahead,percent,2.97736897302839e-11,Bin,6.2,6.3
HHS Region 9,3 wk ahead,percent,2.97736897302839e-11,Bin,6.3,6.4
HHS Region 9,3 wk ahead,percent,2.97736897302839e-11,Bin,6.4,6.5
HHS Region 9,3 wk ahead,percent,2.97736897302839e-11,Bin,6.5,6.6
HHS Region 9,3 wk ahead,percent,2.97736897302839e-11,Bin,6.6,6.7
HHS Region 9,3 wk ahead,percent,2.97736897302839e-11,Bin,6.7,6.8
HHS Region 9,3 wk ahead,percent,2.97736897302839e-11,Bin,6.8,6.9
HHS Region 9,3 wk ahead,percent,2.97736897302839e-11,Bin,6.9,7.0
HHS Region 9,3 wk ahead,percent,2.97736897302839e-11,Bin,7.0,7.1
HHS Region 9,3 wk ahead,percent,2.97736897302839e-11,Bin,7.1,7.2
HHS Region 9,3 wk ahead,percent,2.97736897302839e-11,Bin,7.2,7.3
HHS Region 9,3 wk ahead,percent,2.97736897302839e-11,Bin,7.3,7.4
HHS Region 9,3 wk ahead,percent,2.97736897302839e-11,Bin,7.4,7.5
HHS Region 9,3 wk ahead,percent,2.97736897302839e-11,Bin,7.5,7.6
HHS Region 9,3 wk ahead,percent,2.97736897302839e-11,Bin,7.6,7.7
HHS Region 9,3 wk ahead,percent,2.97736897302839e-11,Bin,7.7,7.8
HHS Region 9,3 wk ahead,percent,2.97736897302839e-11,Bin,7.8,7.9
HHS Region 9,3 wk ahead,percent,2.97736897302839e-11,Bin,7.9,8.0
HHS Region 9,3 wk ahead,percent,2.97736897302842e-11,Bin,8.0,8.1
HHS Region 9,3 wk ahead,percent,2.97736897302845e-11,Bin,8.1,8.2
HHS Region 9,3 wk ahead,percent,2.97736897302845e-11,Bin,8.2,8.3
HHS Region 9,3 wk ahead,percent,2.97736897302845e-11,Bin,8.3,8.4
HHS Region 9,3 wk ahead,percent,2.97736897302845e-11,Bin,8.4,8.5
HHS Region 9,3 wk ahead,percent,2.97736897302845e-11,Bin,8.5,8.6
HHS Region 9,3 wk ahead,percent,2.97736897302845e-11,Bin,8.6,8.7
HHS Region 9,3 wk ahead,percent,2.97736897302845e-11,Bin,8.7,8.8
HHS Region 9,3 wk ahead,percent,2.97736897302845e-11,Bin,8.8,8.9
HHS Region 9,3 wk ahead,percent,2.97736897302845e-11,Bin,8.9,9.0
HHS Region 9,3 wk ahead,percent,2.97736897302845e-11,Bin,9.0,9.1
HHS Region 9,3 wk ahead,percent,2.97736897302845e-11,Bin,9.1,9.2
HHS Region 9,3 wk ahead,percent,2.97736897302845e-11,Bin,9.2,9.3
HHS Region 9,3 wk ahead,percent,2.97736897302845e-11,Bin,9.3,9.4
HHS Region 9,3 wk ahead,percent,2.97736897302845e-11,Bin,9.4,9.5
HHS Region 9,3 wk ahead,percent,2.97736897302845e-11,Bin,9.5,9.6
HHS Region 9,3 wk ahead,percent,2.97736897302845e-11,Bin,9.6,9.7
HHS Region 9,3 wk ahead,percent,2.97736897302845e-11,Bin,9.7,9.8
HHS Region 9,3 wk ahead,percent,2.97736897302845e-11,Bin,9.8,9.9
HHS Region 9,3 wk ahead,percent,2.97736897302845e-11,Bin,9.9,10.0
HHS Region 9,3 wk ahead,percent,2.97736897302845e-11,Bin,10.0,10.1
HHS Region 9,3 wk ahead,percent,2.97736897302845e-11,Bin,10.1,10.2
HHS Region 9,3 wk ahead,percent,2.97736897302845e-11,Bin,10.2,10.3
HHS Region 9,3 wk ahead,percent,2.97736897302845e-11,Bin,10.3,10.4
HHS Region 9,3 wk ahead,percent,2.97736897302845e-11,Bin,10.4,10.5
HHS Region 9,3 wk ahead,percent,2.97736897302845e-11,Bin,10.5,10.6
HHS Region 9,3 wk ahead,percent,2.97736897302845e-11,Bin,10.6,10.7
HHS Region 9,3 wk ahead,percent,2.97736897302845e-11,Bin,10.7,10.8
HHS Region 9,3 wk ahead,percent,2.97736897302845e-11,Bin,10.8,10.9
HHS Region 9,3 wk ahead,percent,2.97736897302845e-11,Bin,10.9,11.0
HHS Region 9,3 wk ahead,percent,2.97736897302845e-11,Bin,11.0,11.1
HHS Region 9,3 wk ahead,percent,2.97736897302845e-11,Bin,11.1,11.2
HHS Region 9,3 wk ahead,percent,2.97736897302845e-11,Bin,11.2,11.3
HHS Region 9,3 wk ahead,percent,2.97736897302845e-11,Bin,11.3,11.4
HHS Region 9,3 wk ahead,percent,2.97736897302845e-11,Bin,11.4,11.5
HHS Region 9,3 wk ahead,percent,2.97736897302845e-11,Bin,11.5,11.6
HHS Region 9,3 wk ahead,percent,2.97736897302845e-11,Bin,11.6,11.7
HHS Region 9,3 wk ahead,percent,2.97736897302845e-11,Bin,11.7,11.8
HHS Region 9,3 wk ahead,percent,2.97736897302845e-11,Bin,11.8,11.9
HHS Region 9,3 wk ahead,percent,2.97736897302845e-11,Bin,11.9,12.0
HHS Region 9,3 wk ahead,percent,2.97736897302845e-11,Bin,12.0,12.1
HHS Region 9,3 wk ahead,percent,2.97736897302845e-11,Bin,12.1,12.2
HHS Region 9,3 wk ahead,percent,2.97736897302845e-11,Bin,12.2,12.3
HHS Region 9,3 wk ahead,percent,2.97736897302845e-11,Bin,12.3,12.4
HHS Region 9,3 wk ahead,percent,2.97736897302845e-11,Bin,12.4,12.5
HHS Region 9,3 wk ahead,percent,2.97736897302845e-11,Bin,12.5,12.6
HHS Region 9,3 wk ahead,percent,2.97736897302845e-11,Bin,12.6,12.7
HHS Region 9,3 wk ahead,percent,2.97736897302845e-11,Bin,12.7,12.8
HHS Region 9,3 wk ahead,percent,2.97736897302845e-11,Bin,12.8,12.9
HHS Region 9,3 wk ahead,percent,2.97736897302845e-11,Bin,12.9,13.0
HHS Region 9,3 wk ahead,percent,2.97736897302845e-11,Bin,13.0,100.0
HHS Region 9,4 wk ahead,percent,0.00421940879846027,Bin,0.0,0.1
HHS Region 9,4 wk ahead,percent,7.7791321617934e-10,Bin,0.1,0.2
HHS Region 9,4 wk ahead,percent,0.00421940963863416,Bin,0.2,0.3
HHS Region 9,4 wk ahead,percent,0.0042194100890214,Bin,0.3,0.4
HHS Region 9,4 wk ahead,percent,0.0147679319278336,Bin,0.4,0.5
HHS Region 9,4 wk ahead,percent,0.00843881982760767,Bin,0.5,0.6
HHS Region 9,4 wk ahead,percent,0.0105485248498533,Bin,0.6,0.7
HHS Region 9,4 wk ahead,percent,0.0147679342066541,Bin,0.7,0.8
HHS Region 9,4 wk ahead,percent,0.02531645637989,Bin,0.8,0.9
HHS Region 9,4 wk ahead,percent,0.0105485274928289,Bin,0.9,1.0
HHS Region 9,4 wk ahead,percent,0.0358649794380213,Bin,1.0,1.1
HHS Region 9,4 wk ahead,percent,0.0358649802406426,Bin,1.1,1.2
HHS Region 9,4 wk ahead,percent,0.0506329107280849,Bin,1.2,1.3
HHS Region 9,4 wk ahead,percent,0.0569620240583413,Bin,1.3,1.4
HHS Region 9,4 wk ahead,percent,0.0506329117023665,Bin,1.4,1.5
HHS Region 9,4 wk ahead,percent,0.0654008417469786,Bin,1.5,1.6
HHS Region 9,4 wk ahead,percent,0.0864978843987344,Bin,1.6,1.7
HHS Region 9,4 wk ahead,percent,0.0569620247493481,Bin,1.7,1.8
HHS Region 9,4 wk ahead,percent,0.0654008415529076,Bin,1.8,1.9
HHS Region 9,4 wk ahead,percent,0.0738396582099348,Bin,1.9,2.0
HHS Region 9,4 wk ahead,percent,0.0485232066370222,Bin,2.0,2.1
HHS Region 9,4 wk ahead,percent,0.0590717272981026,Bin,2.1,2.2
HHS Region 9,4 wk ahead,percent,0.046413501051763,Bin,2.2,2.3
HHS Region 9,4 wk ahead,percent,0.0189873449530258,Bin,2.3,2.4
HHS Region 9,4 wk ahead,percent,0.0337552739468909,Bin,2.4,2.5
HHS Region 9,4 wk ahead,percent,0.0147679348535455,Bin,2.5,2.6
HHS Region 9,4 wk ahead,percent,0.00632911707675832,Bin,2.6,2.7
HHS Region 9,4 wk ahead,percent,0.0189873419173017,Bin,2.7,2.8
HHS Region 9,4 wk ahead,percent,0.0126582285243222,Bin,2.8,2.9
HHS Region 9,4 wk ahead,percent,0.0126582279729737,Bin,2.9,3.0
HHS Region 9,4 wk ahead,percent,0.00843881898170025,Bin,3.0,3.1
HHS Region 9,4 wk ahead,percent,0.00843881856953665,Bin,3.1,3.2
HHS Region 9,4 wk ahead,percent,0.00421940970734305,Bin,3.2,3.3
HHS Region 9,4 wk ahead,percent,9.02119097640824e-10,Bin,3.3,3.4
HHS Region 9,4 wk ahead,percent,0.00843881768530272,Bin,3.4,3.5
HHS Region 9,4 wk ahead,percent,0.00632911323739385,Bin,3.5,3.6
HHS Region 9,4 wk ahead,percent,0.00210970457743121,Bin,3.6,3.7
HHS Region 9,4 wk ahead,percent,0.0063291129794824,Bin,3.7,3.8
HHS Region 9,4 wk ahead,percent,0.00421940864555143,Bin,3.8,3.9
HHS Region 9,4 wk ahead,percent,8.08200130057559e-11,Bin,3.9,4.0
HHS Region 9,4 wk ahead,percent,0.00210970430264801,Bin,4.0,4.1
HHS Region 9,4 wk ahead,percent,2.57697527395289e-11,Bin,4.1,4.2
HHS Region 9,4 wk ahead,percent,1.37852530175222e-11,Bin,4.2,4.3
HHS Region 9,4 wk ahead,percent,1.12433445877597e-11,Bin,4.3,4.4
HHS Region 9,4 wk ahead,percent,1.12433445877597e-11,Bin,4.4,4.5
HHS Region 9,4 wk ahead,percent,0.00210970426718192,Bin,4.5,4.6
HHS Region 9,4 wk ahead,percent,1.12433445877597e-11,Bin,4.6,4.7
HHS Region 9,4 wk ahead,percent,1.12433445877597e-11,Bin,4.7,4.8
HHS Region 9,4 wk ahead,percent,1.12433445877597e-11,Bin,4.8,4.9
HHS Region 9,4 wk ahead,percent,1.12433445877597e-11,Bin,4.9,5.0
HHS Region 9,4 wk ahead,percent,1.12433445877597e-11,Bin,5.0,5.1
HHS Region 9,4 wk ahead,percent,1.12433445877597e-11,Bin,5.1,5.2
HHS Region 9,4 wk ahead,percent,1.12433445877597e-11,Bin,5.2,5.3
HHS Region 9,4 wk ahead,percent,1.12433445877597e-11,Bin,5.3,5.4
HHS Region 9,4 wk ahead,percent,1.12433445877597e-11,Bin,5.4,5.5
HHS Region 9,4 wk ahead,percent,1.12433445877597e-11,Bin,5.5,5.6
HHS Region 9,4 wk ahead,percent,1.12433445877597e-11,Bin,5.6,5.7
HHS Region 9,4 wk ahead,percent,1.12433445877597e-11,Bin,5.7,5.8
HHS Region 9,4 wk ahead,percent,1.12433445877597e-11,Bin,5.8,5.9
HHS Region 9,4 wk ahead,percent,1.12433445877597e-11,Bin,5.9,6.0
HHS Region 9,4 wk ahead,percent,1.12433445877597e-11,Bin,6.0,6.1
HHS Region 9,4 wk ahead,percent,1.12433445877597e-11,Bin,6.1,6.2
HHS Region 9,4 wk ahead,percent,1.12433445877597e-11,Bin,6.2,6.3
HHS Region 9,4 wk ahead,percent,1.12433445877597e-11,Bin,6.3,6.4
HHS Region 9,4 wk ahead,percent,1.12433445877597e-11,Bin,6.4,6.5
HHS Region 9,4 wk ahead,percent,1.12433445877597e-11,Bin,6.5,6.6
HHS Region 9,4 wk ahead,percent,1.12433445877597e-11,Bin,6.6,6.7
HHS Region 9,4 wk ahead,percent,1.12433445877597e-11,Bin,6.7,6.8
HHS Region 9,4 wk ahead,percent,1.12433445877597e-11,Bin,6.8,6.9
HHS Region 9,4 wk ahead,percent,1.12433445877597e-11,Bin,6.9,7.0
HHS Region 9,4 wk ahead,percent,1.12433445877597e-11,Bin,7.0,7.1
HHS Region 9,4 wk ahead,percent,1.12433445877597e-11,Bin,7.1,7.2
HHS Region 9,4 wk ahead,percent,1.12433445877597e-11,Bin,7.2,7.3
HHS Region 9,4 wk ahead,percent,1.12433445877597e-11,Bin,7.3,7.4
HHS Region 9,4 wk ahead,percent,1.12433445877597e-11,Bin,7.4,7.5
HHS Region 9,4 wk ahead,percent,1.12433445877597e-11,Bin,7.5,7.6
HHS Region 9,4 wk ahead,percent,1.12433445877597e-11,Bin,7.6,7.7
HHS Region 9,4 wk ahead,percent,1.12433445877597e-11,Bin,7.7,7.8
HHS Region 9,4 wk ahead,percent,1.12433445877597e-11,Bin,7.8,7.9
HHS Region 9,4 wk ahead,percent,1.12433445877597e-11,Bin,7.9,8.0
HHS Region 9,4 wk ahead,percent,1.12433445877598e-11,Bin,8.0,8.1
HHS Region 9,4 wk ahead,percent,1.12433445877599e-11,Bin,8.1,8.2
HHS Region 9,4 wk ahead,percent,1.12433445877599e-11,Bin,8.2,8.3
HHS Region 9,4 wk ahead,percent,1.12433445877599e-11,Bin,8.3,8.4
HHS Region 9,4 wk ahead,percent,1.12433445877599e-11,Bin,8.4,8.5
HHS Region 9,4 wk ahead,percent,1.12433445877599e-11,Bin,8.5,8.6
HHS Region 9,4 wk ahead,percent,1.12433445877599e-11,Bin,8.6,8.7
HHS Region 9,4 wk ahead,percent,1.12433445877599e-11,Bin,8.7,8.8
HHS Region 9,4 wk ahead,percent,1.12433445877599e-11,Bin,8.8,8.9
HHS Region 9,4 wk ahead,percent,1.12433445877599e-11,Bin,8.9,9.0
HHS Region 9,4 wk ahead,percent,1.12433445877599e-11,Bin,9.0,9.1
HHS Region 9,4 wk ahead,percent,1.12433445877599e-11,Bin,9.1,9.2
HHS Region 9,4 wk ahead,percent,1.12433445877599e-11,Bin,9.2,9.3
HHS Region 9,4 wk ahead,percent,1.12433445877599e-11,Bin,9.3,9.4
HHS Region 9,4 wk ahead,percent,1.12433445877599e-11,Bin,9.4,9.5
HHS Region 9,4 wk ahead,percent,1.12433445877599e-11,Bin,9.5,9.6
HHS Region 9,4 wk ahead,percent,1.12433445877599e-11,Bin,9.6,9.7
HHS Region 9,4 wk ahead,percent,1.12433445877599e-11,Bin,9.7,9.8
HHS Region 9,4 wk ahead,percent,1.12433445877599e-11,Bin,9.8,9.9
HHS Region 9,4 wk ahead,percent,1.12433445877599e-11,Bin,9.9,10.0
HHS Region 9,4 wk ahead,percent,1.12433445877599e-11,Bin,10.0,10.1
HHS Region 9,4 wk ahead,percent,1.12433445877599e-11,Bin,10.1,10.2
HHS Region 9,4 wk ahead,percent,1.12433445877599e-11,Bin,10.2,10.3
HHS Region 9,4 wk ahead,percent,1.12433445877599e-11,Bin,10.3,10.4
HHS Region 9,4 wk ahead,percent,1.12433445877599e-11,Bin,10.4,10.5
HHS Region 9,4 wk ahead,percent,1.12433445877599e-11,Bin,10.5,10.6
HHS Region 9,4 wk ahead,percent,1.12433445877599e-11,Bin,10.6,10.7
HHS Region 9,4 wk ahead,percent,1.12433445877599e-11,Bin,10.7,10.8
HHS Region 9,4 wk ahead,percent,1.12433445877599e-11,Bin,10.8,10.9
HHS Region 9,4 wk ahead,percent,1.12433445877599e-11,Bin,10.9,11.0
HHS Region 9,4 wk ahead,percent,1.12433445877599e-11,Bin,11.0,11.1
HHS Region 9,4 wk ahead,percent,1.12433445877599e-11,Bin,11.1,11.2
HHS Region 9,4 wk ahead,percent,1.12433445877599e-11,Bin,11.2,11.3
HHS Region 9,4 wk ahead,percent,1.12433445877599e-11,Bin,11.3,11.4
HHS Region 9,4 wk ahead,percent,1.12433445877599e-11,Bin,11.4,11.5
HHS Region 9,4 wk ahead,percent,1.12433445877599e-11,Bin,11.5,11.6
HHS Region 9,4 wk ahead,percent,1.12433445877599e-11,Bin,11.6,11.7
HHS Region 9,4 wk ahead,percent,1.12433445877599e-11,Bin,11.7,11.8
HHS Region 9,4 wk ahead,percent,1.12433445877599e-11,Bin,11.8,11.9
HHS Region 9,4 wk ahead,percent,1.12433445877599e-11,Bin,11.9,12.0
HHS Region 9,4 wk ahead,percent,1.12433445877599e-11,Bin,12.0,12.1
HHS Region 9,4 wk ahead,percent,1.12433445877599e-11,Bin,12.1,12.2
HHS Region 9,4 wk ahead,percent,1.12433445877599e-11,Bin,12.2,12.3
HHS Region 9,4 wk ahead,percent,1.12433445877599e-11,Bin,12.3,12.4
HHS Region 9,4 wk ahead,percent,1.12433445877599e-11,Bin,12.4,12.5
HHS Region 9,4 wk ahead,percent,1.12433445877599e-11,Bin,12.5,12.6
HHS Region 9,4 wk ahead,percent,1.12433445877599e-11,Bin,12.6,12.7
HHS Region 9,4 wk ahead,percent,1.12433445877599e-11,Bin,12.7,12.8
HHS Region 9,4 wk ahead,percent,1.12433445877599e-11,Bin,12.8,12.9
HHS Region 9,4 wk ahead,percent,1.12433445877599e-11,Bin,12.9,13.0
HHS Region 9,4 wk ahead,percent,1.12433445877599e-11,Bin,13.0,100.0
HHS Region 10,Season onset,week,5.73055455090234e-05,Bin,40.0,41.0
HHS Region 10,Season onset,week,0.000154207628518447,Bin,41.0,42.0
HHS Region 10,Season onset,week,0.000313107144056133,Bin,42.0,43.0
HHS Region 10,Season onset,week,0.000481636504640778,Bin,43.0,44.0
HHS Region 10,Season onset,week,0.000571268917036742,Bin,44.0,45.0
HHS Region 10,Season onset,week,0.00056245774992714,Bin,45.0,46.0
HHS Region 10,Season onset,week,0.000578899742353825,Bin,46.0,47.0
HHS Region 10,Season onset,week,0.000818755408801095,Bin,47.0,48.0
HHS Region 10,Season onset,week,0.00139195947122551,Bin,48.0,49.0
HHS Region 10,Season onset,week,0.00219434226315951,Bin,49.0,50.0
HHS Region 10,Season onset,week,0.00292100533592922,Bin,50.0,51.0
HHS Region 10,Season onset,week,0.00326639715803621,Bin,51.0,52.0
HHS Region 10,Season onset,week,0.00318359692775675,Bin,52.0,53.0
HHS Region 10,Season onset,week,0.00289968747363442,Bin,1.0,2.0
HHS Region 10,Season onset,week,0.00263396895682651,Bin,2.0,3.0
HHS Region 10,Season onset,week,0.964122835955046,Bin,3.0,4.0
HHS Region 10,Season onset,week,0.0020847704772353,Bin,4.0,5.0
HHS Region 10,Season onset,week,0.00170427604342637,Bin,5.0,6.0
HHS Region 10,Season onset,week,0.00137763875760619,Bin,6.0,7.0
HHS Region 10,Season onset,week,0.00123663388264682,Bin,7.0,8.0
HHS Region 10,Season onset,week,0.00125551552987844,Bin,8.0,9.0
HHS Region 10,Season onset,week,0.00123612874836676,Bin,9.0,10.0
HHS Region 10,Season onset,week,0.0010182319940775,Bin,10.0,11.0
HHS Region 10,Season onset,week,0.000655201112499101,Bin,11.0,12.0
HHS Region 10,Season onset,week,0.000321447553678496,Bin,12.0,13.0
HHS Region 10,Season onset,week,0.000119291005714066,Bin,13.0,14.0
HHS Region 10,Season onset,week,3.33926947375108e-05,Bin,14.0,15.0
HHS Region 10,Season onset,week,1.30796979335085e-05,Bin,15.0,16.0
HHS Region 10,Season onset,week,1.30303578127459e-05,Bin,16.0,17.0
HHS Region 10,Season onset,week,1.30303578127459e-05,Bin,17.0,18.0
HHS Region 10,Season onset,week,1.30303578127459e-05,Bin,18.0,19.0
HHS Region 10,Season onset,week,1.30303578127459e-05,Bin,19.0,20.0
HHS Region 10,Season onset,week,1.30303578127459e-05,Bin,20.0,21.0
HHS Region 10,Season onset,week,0.00272780853067874,Bin,none,none
HHS Region 10,Season peak week,week,4.70415182413752e-06,Bin,40.0,41.0
HHS Region 10,Season peak week,week,4.70415182413752e-06,Bin,41.0,42.0
HHS Region 10,Season peak week,week,7.26526500285628e-06,Bin,42.0,43.0
HHS Region 10,Season peak week,week,2.45010395571885e-05,Bin,43.0,44.0
HHS Region 10,Season peak week,week,6.78535213556996e-05,Bin,44.0,45.0
HHS Region 10,Season peak week,week,0.000150142295549967,Bin,45.0,46.0
HHS Region 10,Season peak week,week,0.00026643231522909,Bin,46.0,47.0
HHS Region 10,Season peak week,week,0.000383625037961838,Bin,47.0,48.0
HHS Region 10,Season peak week,week,0.000463766162573874,Bin,48.0,49.0
HHS Region 10,Season peak week,week,0.00051323374820511,Bin,49.0,50.0
HHS Region 10,Season peak week,week,0.00060163785688049,Bin,50.0,51.0
HHS Region 10,Season peak week,week,0.000814432330215667,Bin,51.0,52.0
HHS Region 10,Season peak week,week,0.00118577026754627,Bin,52.0,53.0
HHS Region 10,Season peak week,week,0.00168205724546671,Bin,1.0,2.0
HHS Region 10,Season peak week,week,0.00223100641799621,Bin,2.0,3.0
HHS Region 10,Season peak week,week,0.00274449662386266,Bin,3.0,4.0
HHS Region 10,Season peak week,week,0.00313641435910174,Bin,4.0,5.0
HHS Region 10,Season peak week,week,0.0033540627958645,Bin,5.0,6.0
HHS Region 10,Season peak week,week,0.00337921424189968,Bin,6.0,7.0
HHS Region 10,Season peak week,week,0.886682451067,Bin,7.0,8.0
HHS Region 10,Season peak week,week,0.00277476635983582,Bin,8.0,9.0
HHS Region 10,Season peak week,week,0.00222345096537579,Bin,9.0,10.0
HHS Region 10,Season peak week,week,0.00172049781621684,Bin,10.0,11.0
HHS Region 10,Season peak week,week,0.00140401451554,Bin,11.0,12.0
HHS Region 10,Season peak week,week,0.00125334176463165,Bin,12.0,13.0
HHS Region 10,Season peak week,week,0.0374065509415759,Bin,13.0,14.0
HHS Region 10,Season peak week,week,0.0181902473321443,Bin,14.0,15.0
HHS Region 10,Season peak week,week,0.0142044203958855,Bin,15.0,16.0
HHS Region 10,Season peak week,week,0.00638832456434573,Bin,16.0,17.0
HHS Region 10,Season peak week,week,0.00620202643580052,Bin,17.0,18.0
HHS Region 10,Season peak week,week,0.000302093529289585,Bin,18.0,19.0
HHS Region 10,Season peak week,week,0.000161498784147443,Bin,19.0,20.0
HHS Region 10,Season peak week,week,7.09957002934362e-05,Bin,20.0,21.0
HHS Region 10,Season peak percentage,percent,9.82691242737865e-07,Bin,0.0,0.1
HHS Region 10,Season peak percentage,percent,1.96538248547573e-06,Bin,0.1,0.2
HHS Region 10,Season peak percentage,percent,1.99418884247072e-06,Bin,0.2,0.3
HHS Region 10,Season peak percentage,percent,2.76637490053644e-06,Bin,0.3,0.4
HHS Region 10,Season peak percentage,percent,4.23556695017669e-06,Bin,0.4,0.5
HHS Region 10,Season peak percentage,percent,6.33853499450231e-06,Bin,0.5,0.6
HHS Region 10,Season peak percentage,percent,9.27560348160355e-06,Bin,0.6,0.7
HHS Region 10,Season peak percentage,percent,1.32671308781915e-05,Bin,0.7,0.8
HHS Region 10,Season peak percentage,percent,1.85591899180849e-05,Bin,0.8,0.9
HHS Region 10,Season peak percentage,percent,2.53889869249704e-05,Bin,0.9,1.0
HHS Region 10,Season peak percentage,percent,3.39726758487179e-05,Bin,1.0,1.1
HHS Region 10,Season peak percentage,percent,4.44817248062754e-05,Bin,1.1,1.2
HHS Region 10,Season peak percentage,percent,5.70030945237939e-05,Bin,1.2,1.3
HHS Region 10,Season peak percentage,percent,7.15352380990366e-05,Bin,1.3,1.4
HHS Region 10,Season peak percentage,percent,8.79639258221606e-05,Bin,1.4,1.5
HHS Region 10,Season peak percentage,percent,0.000106065399941108,Bin,1.5,1.6
HHS Region 10,Season peak percentage,percent,0.000125543662968515,Bin,1.6,1.7
HHS Region 10,Season peak percentage,percent,0.000146054501633043,Bin,1.7,1.8
HHS Region 10,Season peak percentage,percent,0.000167284144506139,Bin,1.8,1.9
HHS Region 10,Season peak percentage,percent,0.00018901462386118,Bin,1.9,2.0
HHS Region 10,Season peak percentage,percent,0.000211198953751583,Bin,2.0,2.1
HHS Region 10,Season peak percentage,percent,0.000234030126972568,Bin,2.1,2.2
HHS Region 10,Season peak percentage,percent,0.000257971689844013,Bin,2.2,2.3
HHS Region 10,Season peak percentage,percent,0.000283764126030561,Bin,2.3,2.4
HHS Region 10,Season peak percentage,percent,0.890873405612343,Bin,2.4,2.5
HHS Region 10,Season peak percentage,percent,0.0138091364372788,Bin,2.5,2.6
HHS Region 10,Season peak percentage,percent,0.00999982274740396,Bin,2.6,2.7
HHS Region 10,Season peak percentage,percent,0.0100434363871188,Bin,2.7,2.8
HHS Region 10,Season peak percentage,percent,0.00432329392218473,Bin,2.8,2.9
HHS Region 10,Season peak percentage,percent,0.0101506557517269,Bin,2.9,3.0
HHS Region 10,Season peak percentage,percent,0.00252001718375679,Bin,3.0,3.1
HHS Region 10,Season peak percentage,percent,0.00643510034355394,Bin,3.1,3.2
HHS Region 10,Season peak percentage,percent,0.00458279920725536,Bin,3.2,3.3
HHS Region 10,Season peak percentage,percent,0.00273085181472228,Bin,3.3,3.4
HHS Region 10,Season peak percentage,percent,0.000876108747304466,Bin,3.4,3.5
HHS Region 10,Season peak percentage,percent,0.0067089879829304,Bin,3.5,3.6
HHS Region 10,Season peak percentage,percent,0.0048383955865808,Bin,3.6,3.7
HHS Region 10,Season peak percentage,percent,0.00103156428080594,Bin,3.7,3.8
HHS Region 10,Season peak percentage,percent,0.00297980145620554,Bin,3.8,3.9
HHS Region 10,Season peak percentage,percent,0.0010640472443445,Bin,3.9,4.0
HHS Region 10,Season peak percentage,percent,0.00105393828732745,Bin,4.0,4.1
HHS Region 10,Season peak percentage,percent,0.00102633348606072,Bin,4.1,4.2
HHS Region 10,Season peak percentage,percent,0.000982488619382677,Bin,4.2,4.3
HHS Region 10,Season peak percentage,percent,0.000924654765366064,Bin,4.3,4.4
HHS Region 10,Season peak percentage,percent,0.000855648766410523,Bin,4.4,4.5
HHS Region 10,Season peak percentage,percent,0.000778785749476734,Bin,4.5,4.6
HHS Region 10,Season peak percentage,percent,0.000697515376095225,Bin,4.6,4.7
HHS Region 10,Season peak percentage,percent,0.000615206531430963,Bin,4.7,4.8
HHS Region 10,Season peak percentage,percent,0.000534950248367989,Bin,4.8,4.9
HHS Region 10,Season peak percentage,percent,0.000459413996439117,Bin,4.9,5.0
HHS Region 10,Season peak percentage,percent,0.00039077029166986,Bin,5.0,5.1
HHS Region 10,Season peak percentage,percent,0.000330655980667459,Bin,5.1,5.2
HHS Region 10,Season peak percentage,percent,0.0002802566598932,Bin,5.2,5.3
HHS Region 10,Season peak percentage,percent,0.000240283254693403,Bin,5.3,5.4
HHS Region 10,Season peak percentage,percent,0.00021109326334567,Bin,5.4,5.5
HHS Region 10,Season peak percentage,percent,0.000192774187859047,Bin,5.5,5.6
HHS Region 10,Season peak percentage,percent,0.000185085862031657,Bin,5.6,5.7
HHS Region 10,Season peak percentage,percent,0.000187647505878559,Bin,5.7,5.8
HHS Region 10,Season peak percentage,percent,0.000199786048720438,Bin,5.8,5.9
HHS Region 10,Season peak percentage,percent,0.000220629392103078,Bin,5.9,6.0
HHS Region 10,Season peak percentage,percent,0.000249063076711298,Bin,6.0,6.1
HHS Region 10,Season peak percentage,percent,0.00028367624461996,Bin,6.1,6.2
HHS Region 10,Season peak percentage,percent,0.000322821499632734,Bin,6.2,6.3
HHS Region 10,Season peak percentage,percent,0.000364597436347712,Bin,6.3,6.4
HHS Region 10,Season peak percentage,percent,0.000406927274010101,Bin,6.4,6.5
HHS Region 10,Season peak percentage,percent,0.000447645716880815,Bin,6.5,6.6
HHS Region 10,Season peak percentage,percent,0.000484642036907237,Bin,6.6,6.7
HHS Region 10,Season peak percentage,percent,0.000516002746746747,Bin,6.7,6.8
HHS Region 10,Season peak percentage,percent,0.000540159672591026,Bin,6.8,6.9
HHS Region 10,Season peak percentage,percent,0.000556094687077034,Bin,6.9,7.0
HHS Region 10,Season peak percentage,percent,0.000563342008985847,Bin,7.0,7.1
HHS Region 10,Season peak percentage,percent,0.00056216567738759,Bin,7.1,7.2
HHS Region 10,Season peak percentage,percent,0.000553438219430244,Bin,7.2,7.3
HHS Region 10,Season peak percentage,percent,0.000538594865359691,Bin,7.3,7.4
HHS Region 10,Season peak percentage,percent,0.000519477241075957,Bin,7.4,7.5
HHS Region 10,Season peak percentage,percent,0.000498088370127139,Bin,7.5,7.6
HHS Region 10,Season peak percentage,percent,0.000476390126937879,Bin,7.6,7.7
HHS Region 10,Season peak percentage,percent,0.000456060081729599,Bin,7.7,7.8
HHS Region 10,Season peak percentage,percent,0.00043832774562238,Bin,7.8,7.9
HHS Region 10,Season peak percentage,percent,0.00042382703044595,Bin,7.9,8.0
HHS Region 10,Season peak percentage,percent,0.000412592079168469,Bin,8.0,8.1
HHS Region 10,Season peak percentage,percent,0.000404079550026164,Bin,8.1,8.2
HHS Region 10,Season peak percentage,percent,0.000397291679797633,Bin,8.2,8.3
HHS Region 10,Season peak percentage,percent,0.000390955438479702,Bin,8.3,8.4
HHS Region 10,Season peak percentage,percent,0.000383708256041083,Bin,8.4,8.5
HHS Region 10,Season peak percentage,percent,0.000374294884596306,Bin,8.5,8.6
HHS Region 10,Season peak percentage,percent,0.000361726665181064,Bin,8.6,8.7
HHS Region 10,Season peak percentage,percent,0.000345409765708039,Bin,8.7,8.8
HHS Region 10,Season peak percentage,percent,0.000325171831404631,Bin,8.8,8.9
HHS Region 10,Season peak percentage,percent,0.000301281918817007,Bin,8.9,9.0
HHS Region 10,Season peak percentage,percent,0.000274376873404473,Bin,9.0,9.1
HHS Region 10,Season peak percentage,percent,0.000245357262301527,Bin,9.1,9.2
HHS Region 10,Season peak percentage,percent,0.00021528799903258,Bin,9.2,9.3
HHS Region 10,Season peak percentage,percent,0.000185254736967936,Bin,9.3,9.4
HHS Region 10,Season peak percentage,percent,0.000156270718156253,Bin,9.4,9.5
HHS Region 10,Season peak percentage,percent,0.000129181790188576,Bin,9.5,9.6
HHS Region 10,Season peak percentage,percent,0.000104632949683539,Bin,9.6,9.7
HHS Region 10,Season peak percentage,percent,8.30162804574683e-05,Bin,9.7,9.8
HHS Region 10,Season peak percentage,percent,6.45139734848384e-05,Bin,9.8,9.9
HHS Region 10,Season peak percentage,percent,4.91011269838061e-05,Bin,9.9,10.0
HHS Region 10,Season peak percentage,percent,3.65916040316857e-05,Bin,10.0,10.1
HHS Region 10,Season peak percentage,percent,2.6702690108468e-05,Bin,10.1,10.2
HHS Region 10,Season peak percentage,percent,1.90768969690663e-05,Bin,10.2,10.3
HHS Region 10,Season peak percentage,percent,1.33414288894038e-05,Bin,10.3,10.4
HHS Region 10,Season peak percentage,percent,9.13546470628061e-06,Bin,10.4,10.5
HHS Region 10,Season peak percentage,percent,6.12087356689846e-06,Bin,10.5,10.6
HHS Region 10,Season peak percentage,percent,4.01498983647252e-06,Bin,10.6,10.7
HHS Region 10,Season peak percentage,percent,2.5770259422655e-06,Bin,10.7,10.8
HHS Region 10,Season peak percentage,percent,1.83460228938181e-06,Bin,10.8,10.9
HHS Region 10,Season peak percentage,percent,1.80710759950071e-06,Bin,10.9,11.0
HHS Region 10,Season peak percentage,percent,1.80710759950071e-06,Bin,11.0,11.1
HHS Region 10,Season peak percentage,percent,1.80710759950071e-06,Bin,11.1,11.2
HHS Region 10,Season peak percentage,percent,1.80710759950071e-06,Bin,11.2,11.3
HHS Region 10,Season peak percentage,percent,1.80710759950071e-06,Bin,11.3,11.4
HHS Region 10,Season peak percentage,percent,1.80710759950071e-06,Bin,11.4,11.5
HHS Region 10,Season peak percentage,percent,1.80710759950071e-06,Bin,11.5,11.6
HHS Region 10,Season peak percentage,percent,1.80710759950071e-06,Bin,11.6,11.7
HHS Region 10,Season peak percentage,percent,1.80710759950071e-06,Bin,11.7,11.8
HHS Region 10,Season peak percentage,percent,1.80710759950071e-06,Bin,11.8,11.9
HHS Region 10,Season peak percentage,percent,1.80710759950071e-06,Bin,11.9,12.0
HHS Region 10,Season peak percentage,percent,1.80710759950071e-06,Bin,12.0,12.1
HHS Region 10,Season peak percentage,percent,1.80710759950071e-06,Bin,12.1,12.2
HHS Region 10,Season peak percentage,percent,1.80710759950071e-06,Bin,12.2,12.3
HHS Region 10,Season peak percentage,percent,1.80710759950071e-06,Bin,12.3,12.4
HHS Region 10,Season peak percentage,percent,1.80710759950071e-06,Bin,12.4,12.5
HHS Region 10,Season peak percentage,percent,1.80710759950071e-06,Bin,12.5,12.6
HHS Region 10,Season peak percentage,percent,1.80710759950071e-06,Bin,12.6,12.7
HHS Region 10,Season peak percentage,percent,1.80710759950071e-06,Bin,12.7,12.8
HHS Region 10,Season peak percentage,percent,1.80710759950071e-06,Bin,12.8,12.9
HHS Region 10,Season peak percentage,percent,1.80710759950071e-06,Bin,12.9,13.0
HHS Region 10,Season peak percentage,percent,1.80710759950071e-06,Bin,13.0,100.0
HHS Region 10,1 wk ahead,percent,1.10089546380327e-09,Bin,0.0,0.1
HHS Region 10,1 wk ahead,percent,2.51777244705018e-09,Bin,0.1,0.2
HHS Region 10,1 wk ahead,percent,2.960018681895e-09,Bin,0.2,0.3
HHS Region 10,1 wk ahead,percent,0.0020000030528355,Bin,0.3,0.4
HHS Region 10,1 wk ahead,percent,0.00400000315023217,Bin,0.4,0.5
HHS Region 10,1 wk ahead,percent,0.00200000397129966,Bin,0.5,0.6
HHS Region 10,1 wk ahead,percent,4.77402403667537e-09,Bin,0.6,0.7
HHS Region 10,1 wk ahead,percent,0.0220000011636918,Bin,0.7,0.8
HHS Region 10,1 wk ahead,percent,0.0260000008040223,Bin,0.8,0.9
HHS Region 10,1 wk ahead,percent,0.0479999971104318,Bin,0.9,1.0
HHS Region 10,1 wk ahead,percent,0.0599999951913563,Bin,1.0,1.1
HHS Region 10,1 wk ahead,percent,0.073999992848695,Bin,1.1,1.2
HHS Region 10,1 wk ahead,percent,0.0919999897119297,Bin,1.2,1.3
HHS Region 10,1 wk ahead,percent,0.109999986507478,Bin,1.3,1.4
HHS Region 10,1 wk ahead,percent,0.109999986520737,Bin,1.4,1.5
HHS Region 10,1 wk ahead,percent,0.11799998500054,Bin,1.5,1.6
HHS Region 10,1 wk ahead,percent,0.0819999914474252,Bin,1.6,1.7
HHS Region 10,1 wk ahead,percent,0.067999993807959,Bin,1.7,1.8
HHS Region 10,1 wk ahead,percent,0.0359999993964706,Bin,1.8,1.9
HHS Region 10,1 wk ahead,percent,0.041999997992203,Bin,1.9,2.0
HHS Region 10,1 wk ahead,percent,0.0240000009337187,Bin,2.0,2.1
HHS Region 10,1 wk ahead,percent,0.0180000016580692,Bin,2.1,2.2
HHS Region 10,1 wk ahead,percent,0.0220000005447569,Bin,2.2,2.3
HHS Region 10,1 wk ahead,percent,4.18393442675833e-09,Bin,2.3,2.4
HHS Region 10,1 wk ahead,percent,0.00400000308784395,Bin,2.4,2.5
HHS Region 10,1 wk ahead,percent,0.00400000274631619,Bin,2.5,2.6
HHS Region 10,1 wk ahead,percent,0.00600000206947347,Bin,2.6,2.7
HHS Region 10,1 wk ahead,percent,0.00200000252181204,Bin,2.7,2.8
HHS Region 10,1 wk ahead,percent,2.64163160547531e-09,Bin,2.8,2.9
HHS Region 10,1 wk ahead,percent,0.0060000013298578,Bin,2.9,3.0
HHS Region 10,1 wk ahead,percent,2.2352446877783e-09,Bin,3.0,3.1
HHS Region 10,1 wk ahead,percent,0.00400000133250714,Bin,3.1,3.2
HHS Region 10,1 wk ahead,percent,0.00400000117271643,Bin,3.2,3.3
HHS Region 10,1 wk ahead,percent,1.7499692772018e-09,Bin,3.3,3.4
HHS Region 10,1 wk ahead,percent,1.5982020458517e-09,Bin,3.4,3.5
HHS Region 10,1 wk ahead,percent,0.0060000003492705,Bin,3.5,3.6
HHS Region 10,1 wk ahead,percent,0.00400000056002379,Bin,3.6,3.7
HHS Region 10,1 wk ahead,percent,1.13552241935466e-09,Bin,3.7,3.8
HHS Region 10,1 wk ahead,percent,9.82396603467543e-10,Bin,3.8,3.9
HHS Region 10,1 wk ahead,percent,8.35160863022675e-10,Bin,3.9,4.0
HHS Region 10,1 wk ahead,percent,6.9803316912767e-10,Bin,4.0,4.1
HHS Region 10,1 wk ahead,percent,5.75148610450185e-10,Bin,4.1,4.2
HHS Region 10,1 wk ahead,percent,4.70131428323222e-10,Bin,4.2,4.3
HHS Region 10,1 wk ahead,percent,3.85767429886145e-10,Bin,4.3,4.4
HHS Region 10,1 wk ahead,percent,3.24016180806833e-10,Bin,4.4,4.5
HHS Region 10,1 wk ahead,percent,2.85987316167959e-10,Bin,4.5,4.6
HHS Region 10,1 wk ahead,percent,2.719645304273e-10,Bin,4.6,4.7
HHS Region 10,1 wk ahead,percent,2.81510023730161e-10,Bin,4.7,4.8
HHS Region 10,1 wk ahead,percent,3.13659613604527e-10,Bin,4.8,4.9
HHS Region 10,1 wk ahead,percent,3.66761408932879e-10,Bin,4.9,5.0
HHS Region 10,1 wk ahead,percent,4.38479055525884e-10,Bin,5.0,5.1
HHS Region 10,1 wk ahead,percent,5.25800026851678e-10,Bin,5.1,5.2
HHS Region 10,1 wk ahead,percent,6.25040949767606e-10,Bin,5.2,5.3
HHS Region 10,1 wk ahead,percent,7.31844005397297e-10,Bin,5.3,5.4
HHS Region 10,1 wk ahead,percent,8.4138975179266e-10,Bin,5.4,5.5
HHS Region 10,1 wk ahead,percent,9.48647835933709e-10,Bin,5.5,5.6
HHS Region 10,1 wk ahead,percent,1.04864216187402e-09,Bin,5.6,5.7
HHS Region 10,1 wk ahead,percent,1.1368075664195e-09,Bin,5.7,5.8
HHS Region 10,1 wk ahead,percent,1.20926355441709e-09,Bin,5.8,5.9
HHS Region 10,1 wk ahead,percent,1.26296166342153e-09,Bin,5.9,6.0
HHS Region 10,1 wk ahead,percent,1.29584656256237e-09,Bin,6.0,6.1
HHS Region 10,1 wk ahead,percent,1.30689249978773e-09,Bin,6.1,6.2
HHS Region 10,1 wk ahead,percent,1.29599475770486e-09,Bin,6.2,6.3
HHS Region 10,1 wk ahead,percent,1.26388886611003e-09,Bin,6.3,6.4
HHS Region 10,1 wk ahead,percent,1.21212416801031e-09,Bin,6.4,6.5
HHS Region 10,1 wk ahead,percent,1.14292031488561e-09,Bin,6.5,6.6
HHS Region 10,1 wk ahead,percent,1.0590690300287e-09,Bin,6.6,6.7
HHS Region 10,1 wk ahead,percent,9.63864337282105e-10,Bin,6.7,6.8
HHS Region 10,1 wk ahead,percent,8.60982546876482e-10,Bin,6.8,6.9
HHS Region 10,1 wk ahead,percent,7.54253845600183e-10,Bin,6.9,7.0
HHS Region 10,1 wk ahead,percent,6.47495756954996e-10,Bin,7.0,7.1
HHS Region 10,1 wk ahead,percent,5.44266178692748e-10,Bin,7.1,7.2
HHS Region 10,1 wk ahead,percent,4.47603994536738e-10,Bin,7.2,7.3
HHS Region 10,1 wk ahead,percent,3.59898535532995e-10,Bin,7.3,7.4
HHS Region 10,1 wk ahead,percent,2.82753427319914e-10,Bin,7.4,7.5
HHS Region 10,1 wk ahead,percent,2.16926915870922e-10,Bin,7.5,7.6
HHS Region 10,1 wk ahead,percent,1.62418562613188e-10,Bin,7.6,7.7
HHS Region 10,1 wk ahead,percent,1.18641127695858e-10,Bin,7.7,7.8
HHS Region 10,1 wk ahead,percent,8.45185638080951e-11,Bin,7.8,7.9
HHS Region 10,1 wk ahead,percent,5.86953146628578e-11,Bin,7.9,8.0
HHS Region 10,1 wk ahead,percent,3.97243338108981e-11,Bin,8.0,8.1
HHS Region 10,1 wk ahead,percent,2.62000406636642e-11,Bin,8.1,8.2
HHS Region 10,1 wk ahead,percent,1.68344302634719e-11,Bin,8.2,8.3
HHS Region 10,1 wk ahead,percent,1.05348350384373e-11,Bin,8.3,8.4
HHS Region 10,1 wk ahead,percent,8.24145849668928e-12,Bin,8.4,8.5
HHS Region 10,1 wk ahead,percent,8.24145849668928e-12,Bin,8.5,8.6
HHS Region 10,1 wk ahead,percent,8.24145849668928e-12,Bin,8.6,8.7
HHS Region 10,1 wk ahead,percent,8.24145849668928e-12,Bin,8.7,8.8
HHS Region 10,1 wk ahead,percent,8.24145849668928e-12,Bin,8.8,8.9
HHS Region 10,1 wk ahead,percent,8.24145849668928e-12,Bin,8.9,9.0
HHS Region 10,1 wk ahead,percent,8.24145849668928e-12,Bin,9.0,9.1
HHS Region 10,1 wk ahead,percent,8.24145849668928e-12,Bin,9.1,9.2
HHS Region 10,1 wk ahead,percent,8.24145849668928e-12,Bin,9.2,9.3
HHS Region 10,1 wk ahead,percent,8.24145849668928e-12,Bin,9.3,9.4
HHS Region 10,1 wk ahead,percent,8.24145849668928e-12,Bin,9.4,9.5
HHS Region 10,1 wk ahead,percent,8.24145849668928e-12,Bin,9.5,9.6
HHS Region 10,1 wk ahead,percent,8.24145849668928e-12,Bin,9.6,9.7
HHS Region 10,1 wk ahead,percent,8.24145849668928e-12,Bin,9.7,9.8
HHS Region 10,1 wk ahead,percent,8.24145849668928e-12,Bin,9.8,9.9
HHS Region 10,1 wk ahead,percent,8.24145849668928e-12,Bin,9.9,10.0
HHS Region 10,1 wk ahead,percent,8.24145849668928e-12,Bin,10.0,10.1
HHS Region 10,1 wk ahead,percent,8.24145849668928e-12,Bin,10.1,10.2
HHS Region 10,1 wk ahead,percent,8.24145849668928e-12,Bin,10.2,10.3
HHS Region 10,1 wk ahead,percent,8.24145849668928e-12,Bin,10.3,10.4
HHS Region 10,1 wk ahead,percent,8.24145849668928e-12,Bin,10.4,10.5
HHS Region 10,1 wk ahead,percent,8.24145849668928e-12,Bin,10.5,10.6
HHS Region 10,1 wk ahead,percent,8.24145849668928e-12,Bin,10.6,10.7
HHS Region 10,1 wk ahead,percent,8.24145849668928e-12,Bin,10.7,10.8
HHS Region 10,1 wk ahead,percent,8.24145849668928e-12,Bin,10.8,10.9
HHS Region 10,1 wk ahead,percent,8.24145849668928e-12,Bin,10.9,11.0
HHS Region 10,1 wk ahead,percent,8.24145849668928e-12,Bin,11.0,11.1
HHS Region 10,1 wk ahead,percent,8.24145849668928e-12,Bin,11.1,11.2
HHS Region 10,1 wk ahead,percent,8.24145849668928e-12,Bin,11.2,11.3
HHS Region 10,1 wk ahead,percent,8.24145849668928e-12,Bin,11.3,11.4
HHS Region 10,1 wk ahead,percent,8.24145849668928e-12,Bin,11.4,11.5
HHS Region 10,1 wk ahead,percent,8.24145849668928e-12,Bin,11.5,11.6
HHS Region 10,1 wk ahead,percent,8.24145849668928e-12,Bin,11.6,11.7
HHS Region 10,1 wk ahead,percent,8.24145849668928e-12,Bin,11.7,11.8
HHS Region 10,1 wk ahead,percent,8.24145849668928e-12,Bin,11.8,11.9
HHS Region 10,1 wk ahead,percent,8.24145849668928e-12,Bin,11.9,12.0
HHS Region 10,1 wk ahead,percent,8.24145849668928e-12,Bin,12.0,12.1
HHS Region 10,1 wk ahead,percent,8.24145849668928e-12,Bin,12.1,12.2
HHS Region 10,1 wk ahead,percent,8.24145849668928e-12,Bin,12.2,12.3
HHS Region 10,1 wk ahead,percent,8.24145849668928e-12,Bin,12.3,12.4
HHS Region 10,1 wk ahead,percent,8.24145849668928e-12,Bin,12.4,12.5
HHS Region 10,1 wk ahead,percent,8.24145849668928e-12,Bin,12.5,12.6
HHS Region 10,1 wk ahead,percent,8.24145849668928e-12,Bin,12.6,12.7
HHS Region 10,1 wk ahead,percent,8.24145849668928e-12,Bin,12.7,12.8
HHS Region 10,1 wk ahead,percent,8.24145849668928e-12,Bin,12.8,12.9
HHS Region 10,1 wk ahead,percent,8.24145849668928e-12,Bin,12.9,13.0
HHS Region 10,1 wk ahead,percent,8.24145849668928e-12,Bin,13.0,100.0
HHS Region 10,2 wk ahead,percent,8.19434304264776e-10,Bin,0.0,0.1
HHS Region 10,2 wk ahead,percent,2.48184427470518e-09,Bin,0.1,0.2
HHS Region 10,2 wk ahead,percent,3.93752317318912e-09,Bin,0.2,0.3
HHS Region 10,2 wk ahead,percent,0.00400000497179042,Bin,0.3,0.4
HHS Region 10,2 wk ahead,percent,0.00200000719501325,Bin,0.4,0.5
HHS Region 10,2 wk ahead,percent,0.00600000811405205,Bin,0.5,0.6
HHS Region 10,2 wk ahead,percent,0.026000005614184,Bin,0.6,0.7
HHS Region 10,2 wk ahead,percent,0.0659999987994943,Bin,0.7,0.8
HHS Region 10,2 wk ahead,percent,0.0560000004753729,Bin,0.8,0.9
HHS Region 10,2 wk ahead,percent,0.0899999936412851,Bin,0.9,1.0
HHS Region 10,2 wk ahead,percent,0.0919999924087374,Bin,1.0,1.1
HHS Region 10,2 wk ahead,percent,0.0999999900131331,Bin,1.1,1.2
HHS Region 10,2 wk ahead,percent,0.109999987263097,Bin,1.2,1.3
HHS Region 10,2 wk ahead,percent,0.101999987811371,Bin,1.3,1.4
HHS Region 10,2 wk ahead,percent,0.0799999909028741,Bin,1.4,1.5
HHS Region 10,2 wk ahead,percent,0.0599999936109996,Bin,1.5,1.6
HHS Region 10,2 wk ahead,percent,0.0379999966970906,Bin,1.6,1.7
HHS Region 10,2 wk ahead,percent,0.0339999965650892,Bin,1.7,1.8
HHS Region 10,2 wk ahead,percent,0.0359999954794145,Bin,1.8,1.9
HHS Region 10,2 wk ahead,percent,0.0199999978992734,Bin,1.9,2.0
HHS Region 10,2 wk ahead,percent,0.0279999962168217,Bin,2.0,2.1
HHS Region 10,2 wk ahead,percent,0.0119999992440158,Bin,2.1,2.2
HHS Region 10,2 wk ahead,percent,0.00400000114744111,Bin,2.2,2.3
HHS Region 10,2 wk ahead,percent,0.0140000000748421,Bin,2.3,2.4
HHS Region 10,2 wk ahead,percent,3.62575119787155e-09,Bin,2.4,2.5
HHS Region 10,2 wk ahead,percent,0.00200000435862284,Bin,2.5,2.6
HHS Region 10,2 wk ahead,percent,0.00400000499854991,Bin,2.6,2.7
HHS Region 10,2 wk ahead,percent,0.00600000531318338,Bin,2.7,2.8
HHS Region 10,2 wk ahead,percent,6.56725415045581e-09,Bin,2.8,2.9
HHS Region 10,2 wk ahead,percent,0.00400000539625288,Bin,2.9,3.0
HHS Region 10,2 wk ahead,percent,5.17927404542408e-09,Bin,3.0,3.1
HHS Region 10,2 wk ahead,percent,0.00200000358631589,Bin,3.1,3.2
HHS Region 10,2 wk ahead,percent,2.71341532315002e-09,Bin,3.2,3.3
HHS Region 10,2 wk ahead,percent,0.00200000130779801,Bin,3.3,3.4
HHS Region 10,2 wk ahead,percent,9.25077961801179e-10,Bin,3.4,3.5
HHS Region 10,2 wk ahead,percent,4.58061626571996e-10,Bin,3.5,3.6
HHS Region 10,2 wk ahead,percent,2.02959338315478e-10,Bin,3.6,3.7
HHS Region 10,2 wk ahead,percent,8.04268252122442e-11,Bin,3.7,3.8
HHS Region 10,2 wk ahead,percent,4.21941947405496e-11,Bin,3.8,3.9
HHS Region 10,2 wk ahead,percent,4.19637853487571e-11,Bin,3.9,4.0
HHS Region 10,2 wk ahead,percent,4.19637853487571e-11,Bin,4.0,4.1
HHS Region 10,2 wk ahead,percent,4.19637853487571e-11,Bin,4.1,4.2
HHS Region 10,2 wk ahead,percent,4.19637853487571e-11,Bin,4.2,4.3
HHS Region 10,2 wk ahead,percent,4.19637853487571e-11,Bin,4.3,4.4
HHS Region 10,2 wk ahead,percent,4.19637853487571e-11,Bin,4.4,4.5
HHS Region 10,2 wk ahead,percent,4.19637853487571e-11,Bin,4.5,4.6
HHS Region 10,2 wk ahead,percent,4.19637853487571e-11,Bin,4.6,4.7
HHS Region 10,2 wk ahead,percent,4.19637853487571e-11,Bin,4.7,4.8
HHS Region 10,2 wk ahead,percent,4.19637853487571e-11,Bin,4.8,4.9
HHS Region 10,2 wk ahead,percent,4.19637853487571e-11,Bin,4.9,5.0
HHS Region 10,2 wk ahead,percent,4.19637853487571e-11,Bin,5.0,5.1
HHS Region 10,2 wk ahead,percent,4.19637853487571e-11,Bin,5.1,5.2
HHS Region 10,2 wk ahead,percent,4.19637853487571e-11,Bin,5.2,5.3
HHS Region 10,2 wk ahead,percent,4.19637853487571e-11,Bin,5.3,5.4
HHS Region 10,2 wk ahead,percent,4.19637853487571e-11,Bin,5.4,5.5
HHS Region 10,2 wk ahead,percent,4.19637853487571e-11,Bin,5.5,5.6
HHS Region 10,2 wk ahead,percent,4.19637853487571e-11,Bin,5.6,5.7
HHS Region 10,2 wk ahead,percent,4.19637853487571e-11,Bin,5.7,5.8
HHS Region 10,2 wk ahead,percent,4.19637853487571e-11,Bin,5.8,5.9
HHS Region 10,2 wk ahead,percent,4.19637853487571e-11,Bin,5.9,6.0
HHS Region 10,2 wk ahead,percent,4.19637853487571e-11,Bin,6.0,6.1
HHS Region 10,2 wk ahead,percent,4.19637853487571e-11,Bin,6.1,6.2
HHS Region 10,2 wk ahead,percent,4.19637853487571e-11,Bin,6.2,6.3
HHS Region 10,2 wk ahead,percent,4.19637853487571e-11,Bin,6.3,6.4
HHS Region 10,2 wk ahead,percent,4.19637853487571e-11,Bin,6.4,6.5
HHS Region 10,2 wk ahead,percent,4.19637853487571e-11,Bin,6.5,6.6
HHS Region 10,2 wk ahead,percent,4.19637853487571e-11,Bin,6.6,6.7
HHS Region 10,2 wk ahead,percent,4.19637853487571e-11,Bin,6.7,6.8
HHS Region 10,2 wk ahead,percent,4.19637853487571e-11,Bin,6.8,6.9
HHS Region 10,2 wk ahead,percent,4.19637853487571e-11,Bin,6.9,7.0
HHS Region 10,2 wk ahead,percent,4.19637853487571e-11,Bin,7.0,7.1
HHS Region 10,2 wk ahead,percent,4.19637853487571e-11,Bin,7.1,7.2
HHS Region 10,2 wk ahead,percent,4.19637853487571e-11,Bin,7.2,7.3
HHS Region 10,2 wk ahead,percent,4.19637853487571e-11,Bin,7.3,7.4
HHS Region 10,2 wk ahead,percent,4.19637853487571e-11,Bin,7.4,7.5
HHS Region 10,2 wk ahead,percent,4.19637853487571e-11,Bin,7.5,7.6
HHS Region 10,2 wk ahead,percent,4.19637853487571e-11,Bin,7.6,7.7
HHS Region 10,2 wk ahead,percent,4.19637853487571e-11,Bin,7.7,7.8
HHS Region 10,2 wk ahead,percent,4.19637853487571e-11,Bin,7.8,7.9
HHS Region 10,2 wk ahead,percent,4.19637853487571e-11,Bin,7.9,8.0
HHS Region 10,2 wk ahead,percent,4.19637853487575e-11,Bin,8.0,8.1
HHS Region 10,2 wk ahead,percent,4.19637853487579e-11,Bin,8.1,8.2
HHS Region 10,2 wk ahead,percent,4.19637853487579e-11,Bin,8.2,8.3
HHS Region 10,2 wk ahead,percent,4.19637853487579e-11,Bin,8.3,8.4
HHS Region 10,2 wk ahead,percent,4.19637853487579e-11,Bin,8.4,8.5
HHS Region 10,2 wk ahead,percent,4.19637853487579e-11,Bin,8.5,8.6
HHS Region 10,2 wk ahead,percent,4.19637853487579e-11,Bin,8.6,8.7
HHS Region 10,2 wk ahead,percent,4.19637853487579e-11,Bin,8.7,8.8
HHS Region 10,2 wk ahead,percent,4.19637853487579e-11,Bin,8.8,8.9
HHS Region 10,2 wk ahead,percent,4.19637853487579e-11,Bin,8.9,9.0
HHS Region 10,2 wk ahead,percent,4.19637853487579e-11,Bin,9.0,9.1
HHS Region 10,2 wk ahead,percent,4.19637853487579e-11,Bin,9.1,9.2
HHS Region 10,2 wk ahead,percent,4.19637853487579e-11,Bin,9.2,9.3
HHS Region 10,2 wk ahead,percent,4.19637853487579e-11,Bin,9.3,9.4
HHS Region 10,2 wk ahead,percent,4.19637853487579e-11,Bin,9.4,9.5
HHS Region 10,2 wk ahead,percent,4.19637853487579e-11,Bin,9.5,9.6
HHS Region 10,2 wk ahead,percent,4.19637853487579e-11,Bin,9.6,9.7
HHS Region 10,2 wk ahead,percent,4.19637853487579e-11,Bin,9.7,9.8
HHS Region 10,2 wk ahead,percent,4.19637853487579e-11,Bin,9.8,9.9
HHS Region 10,2 wk ahead,percent,4.19637853487579e-11,Bin,9.9,10.0
HHS Region 10,2 wk ahead,percent,4.19637853487579e-11,Bin,10.0,10.1
HHS Region 10,2 wk ahead,percent,4.19637853487579e-11,Bin,10.1,10.2
HHS Region 10,2 wk ahead,percent,4.19637853487579e-11,Bin,10.2,10.3
HHS Region 10,2 wk ahead,percent,4.19637853487579e-11,Bin,10.3,10.4
HHS Region 10,2 wk ahead,percent,4.19637853487579e-11,Bin,10.4,10.5
HHS Region 10,2 wk ahead,percent,4.19637853487579e-11,Bin,10.5,10.6
HHS Region 10,2 wk ahead,percent,4.19637853487579e-11,Bin,10.6,10.7
HHS Region 10,2 wk ahead,percent,4.19637853487579e-11,Bin,10.7,10.8
HHS Region 10,2 wk ahead,percent,4.19637853487579e-11,Bin,10.8,10.9
HHS Region 10,2 wk ahead,percent,4.19637853487579e-11,Bin,10.9,11.0
HHS Region 10,2 wk ahead,percent,4.19637853487579e-11,Bin,11.0,11.1
HHS Region 10,2 wk ahead,percent,4.19637853487579e-11,Bin,11.1,11.2
HHS Region 10,2 wk ahead,percent,4.19637853487579e-11,Bin,11.2,11.3
HHS Region 10,2 wk ahead,percent,4.19637853487579e-11,Bin,11.3,11.4
HHS Region 10,2 wk ahead,percent,4.19637853487579e-11,Bin,11.4,11.5
HHS Region 10,2 wk ahead,percent,4.19637853487579e-11,Bin,11.5,11.6
HHS Region 10,2 wk ahead,percent,4.19637853487579e-11,Bin,11.6,11.7
HHS Region 10,2 wk ahead,percent,4.19637853487579e-11,Bin,11.7,11.8
HHS Region 10,2 wk ahead,percent,4.19637853487579e-11,Bin,11.8,11.9
HHS Region 10,2 wk ahead,percent,4.19637853487579e-11,Bin,11.9,12.0
HHS Region 10,2 wk ahead,percent,4.19637853487579e-11,Bin,12.0,12.1
HHS Region 10,2 wk ahead,percent,4.19637853487579e-11,Bin,12.1,12.2
HHS Region 10,2 wk ahead,percent,4.19637853487579e-11,Bin,12.2,12.3
HHS Region 10,2 wk ahead,percent,4.19637853487579e-11,Bin,12.3,12.4
HHS Region 10,2 wk ahead,percent,4.19637853487579e-11,Bin,12.4,12.5
HHS Region 10,2 wk ahead,percent,4.19637853487579e-11,Bin,12.5,12.6
HHS Region 10,2 wk ahead,percent,4.19637853487579e-11,Bin,12.6,12.7
HHS Region 10,2 wk ahead,percent,4.19637853487579e-11,Bin,12.7,12.8
HHS Region 10,2 wk ahead,percent,4.19637853487579e-11,Bin,12.8,12.9
HHS Region 10,2 wk ahead,percent,4.19637853487579e-11,Bin,12.9,13.0
HHS Region 10,2 wk ahead,percent,4.19637853487579e-11,Bin,13.0,100.0
HHS Region 10,3 wk ahead,percent,1.51125648763574e-09,Bin,0.0,0.1
HHS Region 10,3 wk ahead,percent,4.30253903675389e-09,Bin,0.1,0.2
HHS Region 10,3 wk ahead,percent,6.34524001894853e-09,Bin,0.2,0.3
HHS Region 10,3 wk ahead,percent,0.0040000078509724,Bin,0.3,0.4
HHS Region 10,3 wk ahead,percent,0.0160000077177251,Bin,0.4,0.5
HHS Region 10,3 wk ahead,percent,0.0220000080857862,Bin,0.5,0.6
HHS Region 10,3 wk ahead,percent,0.0600000017157042,Bin,0.6,0.7
HHS Region 10,3 wk ahead,percent,0.077999998070847,Bin,0.7,0.8
HHS Region 10,3 wk ahead,percent,0.0739999977583621,Bin,0.8,0.9
HHS Region 10,3 wk ahead,percent,0.107999990214697,Bin,0.9,1.0
HHS Region 10,3 wk ahead,percent,0.109999988595799,Bin,1.0,1.1
HHS Region 10,3 wk ahead,percent,0.139999982150718,Bin,1.1,1.2
HHS Region 10,3 wk ahead,percent,0.105999987723966,Bin,1.2,1.3
HHS Region 10,3 wk ahead,percent,0.0619999953801936,Bin,1.3,1.4
HHS Region 10,3 wk ahead,percent,0.0539999966099631,Bin,1.4,1.5
HHS Region 10,3 wk ahead,percent,0.0340000000783634,Bin,1.5,1.6
HHS Region 10,3 wk ahead,percent,0.0300000005838207,Bin,1.6,1.7
HHS Region 10,3 wk ahead,percent,0.0260000009971475,Bin,1.7,1.8
HHS Region 10,3 wk ahead,percent,0.022000001318565,Bin,1.8,1.9
HHS Region 10,3 wk ahead,percent,0.0100000030602919,Bin,1.9,2.0
HHS Region 10,3 wk ahead,percent,0.00800000300177689,Bin,2.0,2.1
HHS Region 10,3 wk ahead,percent,0.0060000030060862,Bin,2.1,2.2
HHS Region 10,3 wk ahead,percent,0.00600000268239521,Bin,2.2,2.3
HHS Region 10,3 wk ahead,percent,0.00400000268818875,Bin,2.3,2.4
HHS Region 10,3 wk ahead,percent,0.00400000222408208,Bin,2.4,2.5
HHS Region 10,3 wk ahead,percent,0.00200000201008506,Bin,2.5,2.6
HHS Region 10,3 wk ahead,percent,1.74113546220407e-09,Bin,2.6,2.7
HHS Region 10,3 wk ahead,percent,0.00200000078272276,Bin,2.7,2.8
HHS Region 10,3 wk ahead,percent,0.00399999994463987,Bin,2.8,2.9
HHS Region 10,3 wk ahead,percent,0.00199999998727468,Bin,2.9,3.0
HHS Region 10,3 wk ahead,percent,0.00199999979757713,Bin,3.0,3.1
HHS Region 10,3 wk ahead,percent,0.00199999970113552,Bin,3.1,3.2
HHS Region 10,3 wk ahead,percent,2.93266338386559e-11,Bin,3.2,3.3
HHS Region 10,3 wk ahead,percent,2.7520251761656e-11,Bin,3.3,3.4
HHS Region 10,3 wk ahead,percent,2.7520251761656e-11,Bin,3.4,3.5
HHS Region 10,3 wk ahead,percent,2.7520251761656e-11,Bin,3.5,3.6
HHS Region 10,3 wk ahead,percent,2.7520251761656e-11,Bin,3.6,3.7
HHS Region 10,3 wk ahead,percent,2.7520251761656e-11,Bin,3.7,3.8
HHS Region 10,3 wk ahead,percent,0.00199999966215002,Bin,3.8,3.9
HHS Region 10,3 wk ahead,percent,2.7520251761656e-11,Bin,3.9,4.0
HHS Region 10,3 wk ahead,percent,2.7520251761656e-11,Bin,4.0,4.1
HHS Region 10,3 wk ahead,percent,2.7520251761656e-11,Bin,4.1,4.2
HHS Region 10,3 wk ahead,percent,2.7520251761656e-11,Bin,4.2,4.3
HHS Region 10,3 wk ahead,percent,2.7520251761656e-11,Bin,4.3,4.4
HHS Region 10,3 wk ahead,percent,2.7520251761656e-11,Bin,4.4,4.5
HHS Region 10,3 wk ahead,percent,2.7520251761656e-11,Bin,4.5,4.6
HHS Region 10,3 wk ahead,percent,2.7520251761656e-11,Bin,4.6,4.7
HHS Region 10,3 wk ahead,percent,2.7520251761656e-11,Bin,4.7,4.8
HHS Region 10,3 wk ahead,percent,2.7520251761656e-11,Bin,4.8,4.9
HHS Region 10,3 wk ahead,percent,2.7520251761656e-11,Bin,4.9,5.0
HHS Region 10,3 wk ahead,percent,2.7520251761656e-11,Bin,5.0,5.1
HHS Region 10,3 wk ahead,percent,2.7520251761656e-11,Bin,5.1,5.2
HHS Region 10,3 wk ahead,percent,2.7520251761656e-11,Bin,5.2,5.3
HHS Region 10,3 wk ahead,percent,2.7520251761656e-11,Bin,5.3,5.4
HHS Region 10,3 wk ahead,percent,2.7520251761656e-11,Bin,5.4,5.5
HHS Region 10,3 wk ahead,percent,2.7520251761656e-11,Bin,5.5,5.6
HHS Region 10,3 wk ahead,percent,2.7520251761656e-11,Bin,5.6,5.7
HHS Region 10,3 wk ahead,percent,2.7520251761656e-11,Bin,5.7,5.8
HHS Region 10,3 wk ahead,percent,2.7520251761656e-11,Bin,5.8,5.9
HHS Region 10,3 wk ahead,percent,2.7520251761656e-11,Bin,5.9,6.0
HHS Region 10,3 wk ahead,percent,2.7520251761656e-11,Bin,6.0,6.1
HHS Region 10,3 wk ahead,percent,2.7520251761656e-11,Bin,6.1,6.2
HHS Region 10,3 wk ahead,percent,2.7520251761656e-11,Bin,6.2,6.3
HHS Region 10,3 wk ahead,percent,2.7520251761656e-11,Bin,6.3,6.4
HHS Region 10,3 wk ahead,percent,2.7520251761656e-11,Bin,6.4,6.5
HHS Region 10,3 wk ahead,percent,2.7520251761656e-11,Bin,6.5,6.6
HHS Region 10,3 wk ahead,percent,2.7520251761656e-11,Bin,6.6,6.7
HHS Region 10,3 wk ahead,percent,2.7520251761656e-11,Bin,6.7,6.8
HHS Region 10,3 wk ahead,percent,2.7520251761656e-11,Bin,6.8,6.9
HHS Region 10,3 wk ahead,percent,2.7520251761656e-11,Bin,6.9,7.0
HHS Region 10,3 wk ahead,percent,2.7520251761656e-11,Bin,7.0,7.1
HHS Region 10,3 wk ahead,percent,2.7520251761656e-11,Bin,7.1,7.2
HHS Region 10,3 wk ahead,percent,2.7520251761656e-11,Bin,7.2,7.3
HHS Region 10,3 wk ahead,percent,2.7520251761656e-11,Bin,7.3,7.4
HHS Region 10,3 wk ahead,percent,2.7520251761656e-11,Bin,7.4,7.5
HHS Region 10,3 wk ahead,percent,2.7520251761656e-11,Bin,7.5,7.6
HHS Region 10,3 wk ahead,percent,2.7520251761656e-11,Bin,7.6,7.7
HHS Region 10,3 wk ahead,percent,2.7520251761656e-11,Bin,7.7,7.8
HHS Region 10,3 wk ahead,percent,2.7520251761656e-11,Bin,7.8,7.9
HHS Region 10,3 wk ahead,percent,2.7520251761656e-11,Bin,7.9,8.0
HHS Region 10,3 wk ahead,percent,2.75202517616563e-11,Bin,8.0,8.1
HHS Region 10,3 wk ahead,percent,2.75202517616565e-11,Bin,8.1,8.2
HHS Region 10,3 wk ahead,percent,2.75202517616565e-11,Bin,8.2,8.3
HHS Region 10,3 wk ahead,percent,2.75202517616565e-11,Bin,8.3,8.4
HHS Region 10,3 wk ahead,percent,2.75202517616565e-11,Bin,8.4,8.5
HHS Region 10,3 wk ahead,percent,2.75202517616565e-11,Bin,8.5,8.6
HHS Region 10,3 wk ahead,percent,2.75202517616565e-11,Bin,8.6,8.7
HHS Region 10,3 wk ahead,percent,2.75202517616565e-11,Bin,8.7,8.8
HHS Region 10,3 wk ahead,percent,2.75202517616565e-11,Bin,8.8,8.9
HHS Region 10,3 wk ahead,percent,2.75202517616565e-11,Bin,8.9,9.0
HHS Region 10,3 wk ahead,percent,2.75202517616565e-11,Bin,9.0,9.1
HHS Region 10,3 wk ahead,percent,2.75202517616565e-11,Bin,9.1,9.2
HHS Region 10,3 wk ahead,percent,2.75202517616565e-11,Bin,9.2,9.3
HHS Region 10,3 wk ahead,percent,2.75202517616565e-11,Bin,9.3,9.4
HHS Region 10,3 wk ahead,percent,2.75202517616565e-11,Bin,9.4,9.5
HHS Region 10,3 wk ahead,percent,2.75202517616565e-11,Bin,9.5,9.6
HHS Region 10,3 wk ahead,percent,2.75202517616565e-11,Bin,9.6,9.7
HHS Region 10,3 wk ahead,percent,2.75202517616565e-11,Bin,9.7,9.8
HHS Region 10,3 wk ahead,percent,2.75202517616565e-11,Bin,9.8,9.9
HHS Region 10,3 wk ahead,percent,2.75202517616565e-11,Bin,9.9,10.0
HHS Region 10,3 wk ahead,percent,2.75202517616565e-11,Bin,10.0,10.1
HHS Region 10,3 wk ahead,percent,2.75202517616565e-11,Bin,10.1,10.2
HHS Region 10,3 wk ahead,percent,2.75202517616565e-11,Bin,10.2,10.3
HHS Region 10,3 wk ahead,percent,2.75202517616565e-11,Bin,10.3,10.4
HHS Region 10,3 wk ahead,percent,2.75202517616565e-11,Bin,10.4,10.5
HHS Region 10,3 wk ahead,percent,2.75202517616565e-11,Bin,10.5,10.6
HHS Region 10,3 wk ahead,percent,2.75202517616565e-11,Bin,10.6,10.7
HHS Region 10,3 wk ahead,percent,2.75202517616565e-11,Bin,10.7,10.8
HHS Region 10,3 wk ahead,percent,2.75202517616565e-11,Bin,10.8,10.9
HHS Region 10,3 wk ahead,percent,2.75202517616565e-11,Bin,10.9,11.0
HHS Region 10,3 wk ahead,percent,2.75202517616565e-11,Bin,11.0,11.1
HHS Region 10,3 wk ahead,percent,2.75202517616565e-11,Bin,11.1,11.2
HHS Region 10,3 wk ahead,percent,2.75202517616565e-11,Bin,11.2,11.3
HHS Region 10,3 wk ahead,percent,2.75202517616565e-11,Bin,11.3,11.4
HHS Region 10,3 wk ahead,percent,2.75202517616565e-11,Bin,11.4,11.5
HHS Region 10,3 wk ahead,percent,2.75202517616565e-11,Bin,11.5,11.6
HHS Region 10,3 wk ahead,percent,2.75202517616565e-11,Bin,11.6,11.7
HHS Region 10,3 wk ahead,percent,2.75202517616565e-11,Bin,11.7,11.8
HHS Region 10,3 wk ahead,percent,2.75202517616565e-11,Bin,11.8,11.9
HHS Region 10,3 wk ahead,percent,2.75202517616565e-11,Bin,11.9,12.0
HHS Region 10,3 wk ahead,percent,2.75202517616565e-11,Bin,12.0,12.1
HHS Region 10,3 wk ahead,percent,2.75202517616565e-11,Bin,12.1,12.2
HHS Region 10,3 wk ahead,percent,2.75202517616565e-11,Bin,12.2,12.3
HHS Region 10,3 wk ahead,percent,2.75202517616565e-11,Bin,12.3,12.4
HHS Region 10,3 wk ahead,percent,2.75202517616565e-11,Bin,12.4,12.5
HHS Region 10,3 wk ahead,percent,2.75202517616565e-11,Bin,12.5,12.6
HHS Region 10,3 wk ahead,percent,2.75202517616565e-11,Bin,12.6,12.7
HHS Region 10,3 wk ahead,percent,2.75202517616565e-11,Bin,12.7,12.8
HHS Region 10,3 wk ahead,percent,2.75202517616565e-11,Bin,12.8,12.9
HHS Region 10,3 wk ahead,percent,2.75202517616565e-11,Bin,12.9,13.0
HHS Region 10,3 wk ahead,percent,2.75202517616565e-11,Bin,13.0,100.0
HHS Region 10,4 wk ahead,percent,1.09268248027139e-09,Bin,0.0,0.1
HHS Region 10,4 wk ahead,percent,3.18018247582637e-09,Bin,0.1,0.2
HHS Region 10,4 wk ahead,percent,0.00600000371417252,Bin,0.2,0.3
HHS Region 10,4 wk ahead,percent,0.00600000557193683,Bin,0.3,0.4
HHS Region 10,4 wk ahead,percent,0.0280000033813697,Bin,0.4,0.5
HHS Region 10,4 wk ahead,percent,0.0500000008514428,Bin,0.5,0.6
HHS Region 10,4 wk ahead,percent,0.0739999973505588,Bin,0.6,0.7
HHS Region 10,4 wk ahead,percent,0.0919999942104998,Bin,0.7,0.8
HHS Region 10,4 wk ahead,percent,0.161999980889125,Bin,0.8,0.9
HHS Region 10,4 wk ahead,percent,0.141999983543709,Bin,0.9,1.0
HHS Region 10,4 wk ahead,percent,0.0899999918795279,Bin,1.0,1.1
HHS Region 10,4 wk ahead,percent,0.065999995225576,Bin,1.1,1.2
HHS Region 10,4 wk ahead,percent,0.0859999908600408,Bin,1.2,1.3
HHS Region 10,4 wk ahead,percent,0.0539999963947356,Bin,1.3,1.4
HHS Region 10,4 wk ahead,percent,0.0399999989890558,Bin,1.4,1.5
HHS Region 10,4 wk ahead,percent,0.0240000021452946,Bin,1.5,1.6
HHS Region 10,4 wk ahead,percent,0.0220000027411423,Bin,1.6,1.7
HHS Region 10,4 wk ahead,percent,0.0180000035177651,Bin,1.7,1.8
HHS Region 10,4 wk ahead,percent,0.012000004375356,Bin,1.8,1.9
HHS Region 10,4 wk ahead,percent,0.0080000045983831,Bin,1.9,2.0
HHS Region 10,4 wk ahead,percent,0.00400000465934945,Bin,2.0,2.1
HHS Region 10,4 wk ahead,percent,0.00200000432339635,Bin,2.1,2.2
HHS Region 10,4 wk ahead,percent,0.0020000036740346,Bin,2.2,2.3
HHS Region 10,4 wk ahead,percent,0.00200000308796516,Bin,2.3,2.4
HHS Region 10,4 wk ahead,percent,0.00400000216967111,Bin,2.4,2.5
HHS Region 10,4 wk ahead,percent,0.00400000163242561,Bin,2.5,2.6
HHS Region 10,4 wk ahead,percent,1.86929085137637e-09,Bin,2.6,2.7
HHS Region 10,4 wk ahead,percent,1.48103494932106e-09,Bin,2.7,2.8
HHS Region 10,4 wk ahead,percent,1.25486988863946e-09,Bin,2.8,2.9
HHS Region 10,4 wk ahead,percent,1.20212805862816e-09,Bin,2.9,3.0
HHS Region 10,4 wk ahead,percent,0.00200000090994188,Bin,3.0,3.1
HHS Region 10,4 wk ahead,percent,1.38521361928625e-09,Bin,3.1,3.2
HHS Region 10,4 wk ahead,percent,1.43851888804731e-09,Bin,3.2,3.3
HHS Region 10,4 wk ahead,percent,1.3762130296474e-09,Bin,3.3,3.4
HHS Region 10,4 wk ahead,percent,1.19324248107937e-09,Bin,3.4,3.5
HHS Region 10,4 wk ahead,percent,9.31546165207543e-10,Bin,3.5,3.6
HHS Region 10,4 wk ahead,percent,6.531292038945e-10,Bin,3.6,3.7
HHS Region 10,4 wk ahead,percent,4.10855211411979e-10,Bin,3.7,3.8
HHS Region 10,4 wk ahead,percent,2.31811281529615e-10,Bin,3.8,3.9
HHS Region 10,4 wk ahead,percent,1.17281792773885e-10,Bin,3.9,4.0
HHS Region 10,4 wk ahead,percent,5.32008859997268e-11,Bin,4.0,4.1
HHS Region 10,4 wk ahead,percent,2.19841087581078e-11,Bin,4.1,4.2
HHS Region 10,4 wk ahead,percent,1.58465009986346e-11,Bin,4.2,4.3
HHS Region 10,4 wk ahead,percent,1.58465009986346e-11,Bin,4.3,4.4
HHS Region 10,4 wk ahead,percent,1.58465009986346e-11,Bin,4.4,4.5
HHS Region 10,4 wk ahead,percent,1.58465009986346e-11,Bin,4.5,4.6
HHS Region 10,4 wk ahead,percent,1.58465009986346e-11,Bin,4.6,4.7
HHS Region 10,4 wk ahead,percent,1.58465009986346e-11,Bin,4.7,4.8
HHS Region 10,4 wk ahead,percent,1.58465009986346e-11,Bin,4.8,4.9
HHS Region 10,4 wk ahead,percent,1.58465009986346e-11,Bin,4.9,5.0
HHS Region 10,4 wk ahead,percent,1.58465009986346e-11,Bin,5.0,5.1
HHS Region 10,4 wk ahead,percent,1.58465009986346e-11,Bin,5.1,5.2
HHS Region 10,4 wk ahead,percent,1.58465009986346e-11,Bin,5.2,5.3
HHS Region 10,4 wk ahead,percent,1.58465009986346e-11,Bin,5.3,5.4
HHS Region 10,4 wk ahead,percent,1.58465009986346e-11,Bin,5.4,5.5
HHS Region 10,4 wk ahead,percent,1.58465009986346e-11,Bin,5.5,5.6
HHS Region 10,4 wk ahead,percent,1.58465009986346e-11,Bin,5.6,5.7
HHS Region 10,4 wk ahead,percent,1.58465009986346e-11,Bin,5.7,5.8
HHS Region 10,4 wk ahead,percent,1.58465009986346e-11,Bin,5.8,5.9
HHS Region 10,4 wk ahead,percent,1.58465009986346e-11,Bin,5.9,6.0
HHS Region 10,4 wk ahead,percent,1.58465009986346e-11,Bin,6.0,6.1
HHS Region 10,4 wk ahead,percent,1.58465009986346e-11,Bin,6.1,6.2
HHS Region 10,4 wk ahead,percent,1.58465009986346e-11,Bin,6.2,6.3
HHS Region 10,4 wk ahead,percent,1.58465009986346e-11,Bin,6.3,6.4
HHS Region 10,4 wk ahead,percent,1.58465009986346e-11,Bin,6.4,6.5
HHS Region 10,4 wk ahead,percent,1.58465009986346e-11,Bin,6.5,6.6
HHS Region 10,4 wk ahead,percent,1.58465009986346e-11,Bin,6.6,6.7
HHS Region 10,4 wk ahead,percent,1.58465009986346e-11,Bin,6.7,6.8
HHS Region 10,4 wk ahead,percent,1.58465009986346e-11,Bin,6.8,6.9
HHS Region 10,4 wk ahead,percent,1.58465009986346e-11,Bin,6.9,7.0
HHS Region 10,4 wk ahead,percent,1.58465009986346e-11,Bin,7.0,7.1
HHS Region 10,4 wk ahead,percent,1.58465009986346e-11,Bin,7.1,7.2
HHS Region 10,4 wk ahead,percent,1.58465009986346e-11,Bin,7.2,7.3
HHS Region 10,4 wk ahead,percent,1.58465009986346e-11,Bin,7.3,7.4
HHS Region 10,4 wk ahead,percent,1.58465009986346e-11,Bin,7.4,7.5
HHS Region 10,4 wk ahead,percent,1.58465009986346e-11,Bin,7.5,7.6
HHS Region 10,4 wk ahead,percent,1.58465009986346e-11,Bin,7.6,7.7
HHS Region 10,4 wk ahead,percent,1.58465009986346e-11,Bin,7.7,7.8
HHS Region 10,4 wk ahead,percent,1.58465009986346e-11,Bin,7.8,7.9
HHS Region 10,4 wk ahead,percent,1.58465009986346e-11,Bin,7.9,8.0
HHS Region 10,4 wk ahead,percent,1.58465009986348e-11,Bin,8.0,8.1
HHS Region 10,4 wk ahead,percent,1.58465009986349e-11,Bin,8.1,8.2
HHS Region 10,4 wk ahead,percent,1.58465009986349e-11,Bin,8.2,8.3
HHS Region 10,4 wk ahead,percent,1.58465009986349e-11,Bin,8.3,8.4
HHS Region 10,4 wk ahead,percent,1.58465009986349e-11,Bin,8.4,8.5
HHS Region 10,4 wk ahead,percent,1.58465009986349e-11,Bin,8.5,8.6
HHS Region 10,4 wk ahead,percent,1.58465009986349e-11,Bin,8.6,8.7
HHS Region 10,4 wk ahead,percent,1.58465009986349e-11,Bin,8.7,8.8
HHS Region 10,4 wk ahead,percent,1.58465009986349e-11,Bin,8.8,8.9
HHS Region 10,4 wk ahead,percent,1.58465009986349e-11,Bin,8.9,9.0
HHS Region 10,4 wk ahead,percent,1.58465009986349e-11,Bin,9.0,9.1
HHS Region 10,4 wk ahead,percent,1.58465009986349e-11,Bin,9.1,9.2
HHS Region 10,4 wk ahead,percent,1.58465009986349e-11,Bin,9.2,9.3
HHS Region 10,4 wk ahead,percent,1.58465009986349e-11,Bin,9.3,9.4
HHS Region 10,4 wk ahead,percent,1.58465009986349e-11,Bin,9.4,9.5
HHS Region 10,4 wk ahead,percent,1.58465009986349e-11,Bin,9.5,9.6
HHS Region 10,4 wk ahead,percent,1.58465009986349e-11,Bin,9.6,9.7
HHS Region 10,4 wk ahead,percent,1.58465009986349e-11,Bin,9.7,9.8
HHS Region 10,4 wk ahead,percent,1.58465009986349e-11,Bin,9.8,9.9
HHS Region 10,4 wk ahead,percent,1.58465009986349e-11,Bin,9.9,10.0
HHS Region 10,4 wk ahead,percent,1.58465009986349e-11,Bin,10.0,10.1
HHS Region 10,4 wk ahead,percent,1.58465009986349e-11,Bin,10.1,10.2
HHS Region 10,4 wk ahead,percent,1.58465009986349e-11,Bin,10.2,10.3
HHS Region 10,4 wk ahead,percent,1.58465009986349e-11,Bin,10.3,10.4
HHS Region 10,4 wk ahead,percent,1.58465009986349e-11,Bin,10.4,10.5
HHS Region 10,4 wk ahead,percent,1.58465009986349e-11,Bin,10.5,10.6
HHS Region 10,4 wk ahead,percent,1.58465009986349e-11,Bin,10.6,10.7
HHS Region 10,4 wk ahead,percent,1.58465009986349e-11,Bin,10.7,10.8
HHS Region 10,4 wk ahead,percent,1.58465009986349e-11,Bin,10.8,10.9
HHS Region 10,4 wk ahead,percent,1.58465009986349e-11,Bin,10.9,11.0
HHS Region 10,4 wk ahead,percent,1.58465009986349e-11,Bin,11.0,11.1
HHS Region 10,4 wk ahead,percent,1.58465009986349e-11,Bin,11.1,11.2
HHS Region 10,4 wk ahead,percent,1.58465009986349e-11,Bin,11.2,11.3
HHS Region 10,4 wk ahead,percent,1.58465009986349e-11,Bin,11.3,11.4
HHS Region 10,4 wk ahead,percent,1.58465009986349e-11,Bin,11.4,11.5
HHS Region 10,4 wk ahead,percent,1.58465009986349e-11,Bin,11.5,11.6
HHS Region 10,4 wk ahead,percent,1.58465009986349e-11,Bin,11.6,11.7
HHS Region 10,4 wk ahead,percent,1.58465009986349e-11,Bin,11.7,11.8
HHS Region 10,4 wk ahead,percent,1.58465009986349e-11,Bin,11.8,11.9
HHS Region 10,4 wk ahead,percent,1.58465009986349e-11,Bin,11.9,12.0
HHS Region 10,4 wk ahead,percent,1.58465009986349e-11,Bin,12.0,12.1
HHS Region 10,4 wk ahead,percent,1.58465009986349e-11,Bin,12.1,12.2
HHS Region 10,4 wk ahead,percent,1.58465009986349e-11,Bin,12.2,12.3
HHS Region 10,4 wk ahead,percent,1.58465009986349e-11,Bin,12.3,12.4
HHS Region 10,4 wk ahead,percent,1.58465009986349e-11,Bin,12.4,12.5
HHS Region 10,4 wk ahead,percent,1.58465009986349e-11,Bin,12.5,12.6
HHS Region 10,4 wk ahead,percent,1.58465009986349e-11,Bin,12.6,12.7
HHS Region 10,4 wk ahead,percent,1.58465009986349e-11,Bin,12.7,12.8
HHS Region 10,4 wk ahead,percent,1.58465009986349e-11,Bin,12.8,12.9
HHS Region 10,4 wk ahead,percent,1.58465009986349e-11,Bin,12.9,13.0
HHS Region 10,4 wk ahead,percent,1.58465009986349e-11,Bin,13.0,100.0
