location,target,unit,value,type,bin_start_incl,bin_end_notincl
Delaware,1 wk ahead,percent,2.6,Point,NA,NA
Delaware,2 wk ahead,percent,1.5,Point,NA,NA
Delaware,3 wk ahead,percent,1.2,Point,NA,NA
Delaware,4 wk ahead,percent,0.9,Point,NA,NA
Delaware,Season peak percentage,percent,3.5,Point,NA,NA
Delaware,Season peak week,week,6,Point,NA,NA
Maryland,1 wk ahead,percent,5.6,Point,NA,NA
Maryland,2 wk ahead,percent,4.2,Point,NA,NA
Maryland,3 wk ahead,percent,3.9,Point,NA,NA
Maryland,4 wk ahead,percent,3.3,Point,NA,NA
Maryland,Season peak percentage,percent,8,Point,NA,NA
Maryland,Season peak week,week,5,Point,NA,NA
Pennsylvania,1 wk ahead,percent,4.5,Point,NA,NA
Pennsylvania,2 wk ahead,percent,3.4,Point,NA,NA
Pennsylvania,3 wk ahead,percent,3.2,Point,NA,NA
Pennsylvania,4 wk ahead,percent,2.7,Point,NA,NA
Pennsylvania,Season peak percentage,percent,5.9,Point,NA,NA
Pennsylvania,Season peak week,week,5,Point,NA,NA
Virginia,1 wk ahead,percent,5.2,Point,NA,NA
Virginia,2 wk ahead,percent,4.6,Point,NA,NA
Virginia,3 wk ahead,percent,3.9,Point,NA,NA
Virginia,4 wk ahead,percent,3.4,Point,NA,NA
Virginia,Season peak percentage,percent,10.6,Point,NA,NA
Virginia,Season peak week,week,5,Point,NA,NA
West Virginia,1 wk ahead,percent,6,Point,NA,NA
West Virginia,2 wk ahead,percent,4,Point,NA,NA
West Virginia,3 wk ahead,percent,3.5,Point,NA,NA
West Virginia,4 wk ahead,percent,2.9,Point,NA,NA
West Virginia,Season peak percentage,percent,7.7,Point,NA,NA
West Virginia,Season peak week,week,52,Point,NA,NA
Delaware,1 wk ahead,percent,2.1850572011727e-09,Bin,0.0,0.1
Delaware,1 wk ahead,percent,4.64356305548919e-09,Bin,0.1,0.2
Delaware,1 wk ahead,percent,0.0120000034883078,Bin,0.2,0.3
Delaware,1 wk ahead,percent,0.00600000399203268,Bin,0.3,0.4
Delaware,1 wk ahead,percent,0.0140000027715885,Bin,0.4,0.5
Delaware,1 wk ahead,percent,0.020000001619849,Bin,0.5,0.6
Delaware,1 wk ahead,percent,0.0220000008275333,Bin,0.6,0.7
Delaware,1 wk ahead,percent,0.0100000015285096,Bin,0.7,0.8
Delaware,1 wk ahead,percent,0.0140000005471334,Bin,0.8,0.9
Delaware,1 wk ahead,percent,0.0279999985601391,Bin,0.9,1.0
Delaware,1 wk ahead,percent,0.00400000074838686,Bin,1.0,1.1
Delaware,1 wk ahead,percent,0.00400000049096801,Bin,1.1,1.2
Delaware,1 wk ahead,percent,0.0239999982512938,Bin,1.2,1.3
Delaware,1 wk ahead,percent,0.01399999942743,Bin,1.3,1.4
Delaware,1 wk ahead,percent,0.0179999993212662,Bin,1.4,1.5
Delaware,1 wk ahead,percent,0.0140000002946432,Bin,1.5,1.6
Delaware,1 wk ahead,percent,0.0100000014526624,Bin,1.6,1.7
Delaware,1 wk ahead,percent,0.0319999999210663,Bin,1.7,1.8
Delaware,1 wk ahead,percent,0.00400000372754879,Bin,1.8,1.9
Delaware,1 wk ahead,percent,0.0280000017815263,Bin,1.9,2.0
Delaware,1 wk ahead,percent,0.0140000036187507,Bin,2.0,2.1
Delaware,1 wk ahead,percent,0.01200000381827,Bin,2.1,2.2
Delaware,1 wk ahead,percent,0.0280000017694308,Bin,2.2,2.3
Delaware,1 wk ahead,percent,0.0419999997322043,Bin,2.3,2.4
Delaware,1 wk ahead,percent,0.0499999982906575,Bin,2.4,2.5
Delaware,1 wk ahead,percent,0.0359999993040167,Bin,2.5,2.6
Delaware,1 wk ahead,percent,0.0519999972761381,Bin,2.6,2.7
Delaware,1 wk ahead,percent,0.0479999975764655,Bin,2.7,2.8
Delaware,1 wk ahead,percent,0.0240000001399691,Bin,2.8,2.9
Delaware,1 wk ahead,percent,0.0120000014324774,Bin,2.9,3.0
Delaware,1 wk ahead,percent,0.0359999987854639,Bin,3.0,3.1
Delaware,1 wk ahead,percent,0.0120000011598578,Bin,3.1,3.2
Delaware,1 wk ahead,percent,0.0180000001864754,Bin,3.2,3.3
Delaware,1 wk ahead,percent,0.0100000006310856,Bin,3.3,3.4
Delaware,1 wk ahead,percent,0.0139999997681532,Bin,3.4,3.5
Delaware,1 wk ahead,percent,8.7601185896846e-10,Bin,3.5,3.6
Delaware,1 wk ahead,percent,0.00400000012902232,Bin,3.6,3.7
Delaware,1 wk ahead,percent,0.00200000011401893,Bin,3.7,3.8
Delaware,1 wk ahead,percent,0.0119999988910272,Bin,3.8,3.9
Delaware,1 wk ahead,percent,0.0219999977290148,Bin,3.9,4.0
Delaware,1 wk ahead,percent,0.00799999918321551,Bin,4.0,4.1
Delaware,1 wk ahead,percent,2.83436844130173e-11,Bin,4.1,4.2
Delaware,1 wk ahead,percent,2.83436844130173e-11,Bin,4.2,4.3
Delaware,1 wk ahead,percent,0.0159999983114617,Bin,4.3,4.4
Delaware,1 wk ahead,percent,0.00799999916990267,Bin,4.4,4.5
Delaware,1 wk ahead,percent,0.0159999983114617,Bin,4.5,4.6
Delaware,1 wk ahead,percent,0.00399999959912318,Bin,4.6,4.7
Delaware,1 wk ahead,percent,0.00399999959912318,Bin,4.7,4.8
Delaware,1 wk ahead,percent,2.83436844130173e-11,Bin,4.8,4.9
Delaware,1 wk ahead,percent,0.00999999895529242,Bin,4.9,5.0
Delaware,1 wk ahead,percent,0.00599999938451292,Bin,5.0,5.1
Delaware,1 wk ahead,percent,2.83436844130173e-11,Bin,5.1,5.2
Delaware,1 wk ahead,percent,0.00799999916990267,Bin,5.2,5.3
Delaware,1 wk ahead,percent,0.00199999981373343,Bin,5.3,5.4
Delaware,1 wk ahead,percent,0.00199999981373343,Bin,5.4,5.5
Delaware,1 wk ahead,percent,0.00999999895529242,Bin,5.5,5.6
Delaware,1 wk ahead,percent,2.83436844130173e-11,Bin,5.6,5.7
Delaware,1 wk ahead,percent,0.00399999959912318,Bin,5.7,5.8
Delaware,1 wk ahead,percent,0.0119999987406822,Bin,5.8,5.9
Delaware,1 wk ahead,percent,2.83436844130173e-11,Bin,5.9,6.0
Delaware,1 wk ahead,percent,2.83436844130173e-11,Bin,6.0,6.1
Delaware,1 wk ahead,percent,0.00599999938451292,Bin,6.1,6.2
Delaware,1 wk ahead,percent,0.00399999959912318,Bin,6.2,6.3
Delaware,1 wk ahead,percent,0.00399999959912318,Bin,6.3,6.4
Delaware,1 wk ahead,percent,0.00399999959912318,Bin,6.4,6.5
Delaware,1 wk ahead,percent,0.00599999938451292,Bin,6.5,6.6
Delaware,1 wk ahead,percent,0.0159999983114617,Bin,6.6,6.7
Delaware,1 wk ahead,percent,2.83436844130173e-11,Bin,6.7,6.8
Delaware,1 wk ahead,percent,0.00399999959912318,Bin,6.8,6.9
Delaware,1 wk ahead,percent,0.00399999959912318,Bin,6.9,7.0
Delaware,1 wk ahead,percent,2.83436844130173e-11,Bin,7.0,7.1
Delaware,1 wk ahead,percent,0.00199999981373343,Bin,7.1,7.2
Delaware,1 wk ahead,percent,2.83436844130173e-11,Bin,7.2,7.3
Delaware,1 wk ahead,percent,2.83436844130173e-11,Bin,7.3,7.4
Delaware,1 wk ahead,percent,2.83436844130173e-11,Bin,7.4,7.5
Delaware,1 wk ahead,percent,2.83436844130173e-11,Bin,7.5,7.6
Delaware,1 wk ahead,percent,0.00799999916990267,Bin,7.6,7.7
Delaware,1 wk ahead,percent,2.83436844130173e-11,Bin,7.7,7.8
Delaware,1 wk ahead,percent,2.83436844130173e-11,Bin,7.8,7.9
Delaware,1 wk ahead,percent,0.00199999981373343,Bin,7.9,8.0
Delaware,1 wk ahead,percent,0.00199999981373343,Bin,8.0,8.1
Delaware,1 wk ahead,percent,2.83436844130178e-11,Bin,8.1,8.2
Delaware,1 wk ahead,percent,2.83436844130178e-11,Bin,8.2,8.3
Delaware,1 wk ahead,percent,2.83436844130178e-11,Bin,8.3,8.4
Delaware,1 wk ahead,percent,0.00599999938451292,Bin,8.4,8.5
Delaware,1 wk ahead,percent,0.00399999959912318,Bin,8.5,8.6
Delaware,1 wk ahead,percent,0.00199999981373343,Bin,8.6,8.7
Delaware,1 wk ahead,percent,2.83436844130178e-11,Bin,8.7,8.8
Delaware,1 wk ahead,percent,0.00399999959912318,Bin,8.8,8.9
Delaware,1 wk ahead,percent,0.00599999938451292,Bin,8.9,9.0
Delaware,1 wk ahead,percent,2.83436844130178e-11,Bin,9.0,9.1
Delaware,1 wk ahead,percent,2.83436844130178e-11,Bin,9.1,9.2
Delaware,1 wk ahead,percent,0.00199999981373343,Bin,9.2,9.3
Delaware,1 wk ahead,percent,0.00399999959912318,Bin,9.3,9.4
Delaware,1 wk ahead,percent,0.00199999981373343,Bin,9.4,9.5
Delaware,1 wk ahead,percent,2.83436844130178e-11,Bin,9.5,9.6
Delaware,1 wk ahead,percent,0.00199999981373343,Bin,9.6,9.7
Delaware,1 wk ahead,percent,2.83436844130178e-11,Bin,9.7,9.8
Delaware,1 wk ahead,percent,2.83436844130178e-11,Bin,9.8,9.9
Delaware,1 wk ahead,percent,2.83436844130178e-11,Bin,9.9,10.0
Delaware,1 wk ahead,percent,2.83436844130178e-11,Bin,10.0,10.1
Delaware,1 wk ahead,percent,2.83436844130178e-11,Bin,10.1,10.2
Delaware,1 wk ahead,percent,2.83436844130178e-11,Bin,10.2,10.3
Delaware,1 wk ahead,percent,2.83436844130178e-11,Bin,10.3,10.4
Delaware,1 wk ahead,percent,0.00199999981373343,Bin,10.4,10.5
Delaware,1 wk ahead,percent,2.83436844130178e-11,Bin,10.5,10.6
Delaware,1 wk ahead,percent,2.83436844130178e-11,Bin,10.6,10.7
Delaware,1 wk ahead,percent,2.83436844130178e-11,Bin,10.7,10.8
Delaware,1 wk ahead,percent,0.00199999981373343,Bin,10.8,10.9
Delaware,1 wk ahead,percent,2.83436844130178e-11,Bin,10.9,11.0
Delaware,1 wk ahead,percent,2.83436844130178e-11,Bin,11.0,11.1
Delaware,1 wk ahead,percent,2.83436844130178e-11,Bin,11.1,11.2
Delaware,1 wk ahead,percent,2.83436844130178e-11,Bin,11.2,11.3
Delaware,1 wk ahead,percent,2.83436844130178e-11,Bin,11.3,11.4
Delaware,1 wk ahead,percent,2.83436844130178e-11,Bin,11.4,11.5
Delaware,1 wk ahead,percent,2.83436844130178e-11,Bin,11.5,11.6
Delaware,1 wk ahead,percent,0.00599999938451292,Bin,11.6,11.7
Delaware,1 wk ahead,percent,2.83436844130178e-11,Bin,11.7,11.8
Delaware,1 wk ahead,percent,2.83436844130178e-11,Bin,11.8,11.9
Delaware,1 wk ahead,percent,2.83436844130178e-11,Bin,11.9,12.0
Delaware,1 wk ahead,percent,2.83436844130178e-11,Bin,12.0,12.1
Delaware,1 wk ahead,percent,0.00199999981373343,Bin,12.1,12.2
Delaware,1 wk ahead,percent,2.83436844130178e-11,Bin,12.2,12.3
Delaware,1 wk ahead,percent,2.83436844130178e-11,Bin,12.3,12.4
Delaware,1 wk ahead,percent,2.83436844130178e-11,Bin,12.4,12.5
Delaware,1 wk ahead,percent,2.83436844130178e-11,Bin,12.5,12.6
Delaware,1 wk ahead,percent,2.83436844130178e-11,Bin,12.6,12.7
Delaware,1 wk ahead,percent,2.83436844130178e-11,Bin,12.7,12.8
Delaware,1 wk ahead,percent,2.83436844130178e-11,Bin,12.8,12.9
Delaware,1 wk ahead,percent,2.83436844130178e-11,Bin,12.9,13.0
Delaware,1 wk ahead,percent,0.0579999938046463,Bin,13.0,100.0
Delaware,2 wk ahead,percent,1.20504233553383e-09,Bin,0.0,0.1
Delaware,2 wk ahead,percent,0.0120000012370642,Bin,0.1,0.2
Delaware,2 wk ahead,percent,0.0220000003076435,Bin,0.2,0.3
Delaware,2 wk ahead,percent,0.0299999995811912,Bin,0.3,0.4
Delaware,2 wk ahead,percent,0.0160000012036156,Bin,0.4,0.5
Delaware,2 wk ahead,percent,0.0260000002391936,Bin,0.5,0.6
Delaware,2 wk ahead,percent,0.0319999996930475,Bin,0.6,0.7
Delaware,2 wk ahead,percent,0.0359999993514056,Bin,0.7,0.8
Delaware,2 wk ahead,percent,0.0439999985712306,Bin,0.8,0.9
Delaware,2 wk ahead,percent,0.0240000007870151,Bin,0.9,1.0
Delaware,2 wk ahead,percent,0.0379999993463026,Bin,1.0,1.1
Delaware,2 wk ahead,percent,0.0459999985414903,Bin,1.1,1.2
Delaware,2 wk ahead,percent,0.0260000007330699,Bin,1.2,1.3
Delaware,2 wk ahead,percent,0.069999996048476,Bin,1.3,1.4
Delaware,2 wk ahead,percent,0.0499999982218628,Bin,1.4,1.5
Delaware,2 wk ahead,percent,0.0439999988823351,Bin,1.5,1.6
Delaware,2 wk ahead,percent,0.0479999984577623,Bin,1.6,1.7
Delaware,2 wk ahead,percent,0.0180000016681805,Bin,1.7,1.8
Delaware,2 wk ahead,percent,0.0200000014299501,Bin,1.8,1.9
Delaware,2 wk ahead,percent,0.024000000960939,Bin,1.9,2.0
Delaware,2 wk ahead,percent,0.0320000000452721,Bin,2.0,2.1
Delaware,2 wk ahead,percent,0.0160000016866709,Bin,2.1,2.2
Delaware,2 wk ahead,percent,0.0200000011631244,Bin,2.2,2.3
Delaware,2 wk ahead,percent,0.0220000008353437,Bin,2.3,2.4
Delaware,2 wk ahead,percent,0.0240000004891033,Bin,2.4,2.5
Delaware,2 wk ahead,percent,0.00800000205702234,Bin,2.5,2.6
Delaware,2 wk ahead,percent,0.010000001677652,Bin,2.6,2.7
Delaware,2 wk ahead,percent,0.00800000171398746,Bin,2.7,2.8
Delaware,2 wk ahead,percent,0.0180000004518114,Bin,2.8,2.9
Delaware,2 wk ahead,percent,0.00400000175727806,Bin,2.9,3.0
Delaware,2 wk ahead,percent,0.00800000112697315,Bin,3.0,3.1
Delaware,2 wk ahead,percent,0.0100000007105659,Bin,3.1,3.2
Delaware,2 wk ahead,percent,0.0100000005115909,Bin,3.2,3.3
Delaware,2 wk ahead,percent,0.00600000074796218,Bin,3.3,3.4
Delaware,2 wk ahead,percent,0.00800000034964126,Bin,3.4,3.5
Delaware,2 wk ahead,percent,0.00999999996292693,Bin,3.5,3.6
Delaware,2 wk ahead,percent,0.00600000023364529,Bin,3.6,3.7
Delaware,2 wk ahead,percent,0.00600000009002579,Bin,3.7,3.8
Delaware,2 wk ahead,percent,0.00999999953288817,Bin,3.8,3.9
Delaware,2 wk ahead,percent,0.00200000027917929,Bin,3.9,4.0
Delaware,2 wk ahead,percent,0.00399999996790614,Bin,4.0,4.1
Delaware,2 wk ahead,percent,0.00399999988589033,Bin,4.1,4.2
Delaware,2 wk ahead,percent,0.00200000003207186,Bin,4.2,4.3
Delaware,2 wk ahead,percent,0.00399999976124807,Bin,4.3,4.4
Delaware,2 wk ahead,percent,0.00599999950124011,Bin,4.4,4.5
Delaware,2 wk ahead,percent,0.00799999925050843,Bin,4.5,4.6
Delaware,2 wk ahead,percent,8.0695232991885e-11,Bin,4.6,4.7
Delaware,2 wk ahead,percent,0.00399999962970363,Bin,4.7,4.8
Delaware,2 wk ahead,percent,4.24255864565156e-11,Bin,4.8,4.9
Delaware,2 wk ahead,percent,0.00399999960089054,Bin,4.9,5.0
Delaware,2 wk ahead,percent,2.10716164776944e-11,Bin,5.0,5.1
Delaware,2 wk ahead,percent,0.00199999980012382,Bin,5.1,5.2
Delaware,2 wk ahead,percent,1.33246141923695e-11,Bin,5.2,5.3
Delaware,2 wk ahead,percent,0.00399999958410411,Bin,5.3,5.4
Delaware,2 wk ahead,percent,0.00399999958410411,Bin,5.4,5.5
Delaware,2 wk ahead,percent,1.33246141923695e-11,Bin,5.5,5.6
Delaware,2 wk ahead,percent,0.00199999979871436,Bin,5.6,5.7
Delaware,2 wk ahead,percent,0.00399999958410411,Bin,5.7,5.8
Delaware,2 wk ahead,percent,1.33246141923695e-11,Bin,5.8,5.9
Delaware,2 wk ahead,percent,1.33246141923695e-11,Bin,5.9,6.0
Delaware,2 wk ahead,percent,0.00199999979871436,Bin,6.0,6.1
Delaware,2 wk ahead,percent,1.33246141923695e-11,Bin,6.1,6.2
Delaware,2 wk ahead,percent,0.00199999979871436,Bin,6.2,6.3
Delaware,2 wk ahead,percent,0.00199999979871436,Bin,6.3,6.4
Delaware,2 wk ahead,percent,0.00599999936949385,Bin,6.4,6.5
Delaware,2 wk ahead,percent,0.00399999958410411,Bin,6.5,6.6
Delaware,2 wk ahead,percent,1.33246141923695e-11,Bin,6.6,6.7
Delaware,2 wk ahead,percent,1.33246141923695e-11,Bin,6.7,6.8
Delaware,2 wk ahead,percent,0.0079999991548836,Bin,6.8,6.9
Delaware,2 wk ahead,percent,1.33246141923695e-11,Bin,6.9,7.0
Delaware,2 wk ahead,percent,1.33246141923695e-11,Bin,7.0,7.1
Delaware,2 wk ahead,percent,0.00399999958410411,Bin,7.1,7.2
Delaware,2 wk ahead,percent,0.00199999979871436,Bin,7.2,7.3
Delaware,2 wk ahead,percent,1.33246141923695e-11,Bin,7.3,7.4
Delaware,2 wk ahead,percent,0.00199999979871436,Bin,7.4,7.5
Delaware,2 wk ahead,percent,0.00199999979871436,Bin,7.5,7.6
Delaware,2 wk ahead,percent,1.33246141923695e-11,Bin,7.6,7.7
Delaware,2 wk ahead,percent,1.33246141923695e-11,Bin,7.7,7.8
Delaware,2 wk ahead,percent,0.00199999979871436,Bin,7.8,7.9
Delaware,2 wk ahead,percent,1.33246141923695e-11,Bin,7.9,8.0
Delaware,2 wk ahead,percent,1.33246141923696e-11,Bin,8.0,8.1
Delaware,2 wk ahead,percent,0.00199999979871436,Bin,8.1,8.2
Delaware,2 wk ahead,percent,0.00199999979871436,Bin,8.2,8.3
Delaware,2 wk ahead,percent,1.33246141923697e-11,Bin,8.3,8.4
Delaware,2 wk ahead,percent,0.00399999958410411,Bin,8.4,8.5
Delaware,2 wk ahead,percent,1.33246141923697e-11,Bin,8.5,8.6
Delaware,2 wk ahead,percent,0.00199999979871436,Bin,8.6,8.7
Delaware,2 wk ahead,percent,0.00199999979871436,Bin,8.7,8.8
Delaware,2 wk ahead,percent,0.00199999979871436,Bin,8.8,8.9
Delaware,2 wk ahead,percent,1.33246141923697e-11,Bin,8.9,9.0
Delaware,2 wk ahead,percent,1.33246141923697e-11,Bin,9.0,9.1
Delaware,2 wk ahead,percent,1.33246141923697e-11,Bin,9.1,9.2
Delaware,2 wk ahead,percent,1.33246141923697e-11,Bin,9.2,9.3
Delaware,2 wk ahead,percent,1.33246141923697e-11,Bin,9.3,9.4
Delaware,2 wk ahead,percent,1.33246141923697e-11,Bin,9.4,9.5
Delaware,2 wk ahead,percent,0.00199999979871436,Bin,9.5,9.6
Delaware,2 wk ahead,percent,1.33246141923697e-11,Bin,9.6,9.7
Delaware,2 wk ahead,percent,1.33246141923697e-11,Bin,9.7,9.8
Delaware,2 wk ahead,percent,0.00199999979871436,Bin,9.8,9.9
Delaware,2 wk ahead,percent,0.00199999979871436,Bin,9.9,10.0
Delaware,2 wk ahead,percent,0.00199999979871436,Bin,10.0,10.1
Delaware,2 wk ahead,percent,1.33246141923697e-11,Bin,10.1,10.2
Delaware,2 wk ahead,percent,1.33246141923697e-11,Bin,10.2,10.3
Delaware,2 wk ahead,percent,1.33246141923697e-11,Bin,10.3,10.4
Delaware,2 wk ahead,percent,0.00199999979871436,Bin,10.4,10.5
Delaware,2 wk ahead,percent,1.33246141923697e-11,Bin,10.5,10.6
Delaware,2 wk ahead,percent,1.33246141923697e-11,Bin,10.6,10.7
Delaware,2 wk ahead,percent,0.00399999958410411,Bin,10.7,10.8
Delaware,2 wk ahead,percent,1.33246141923697e-11,Bin,10.8,10.9
Delaware,2 wk ahead,percent,1.33246141923697e-11,Bin,10.9,11.0
Delaware,2 wk ahead,percent,0.00199999979871436,Bin,11.0,11.1
Delaware,2 wk ahead,percent,1.33246141923697e-11,Bin,11.1,11.2
Delaware,2 wk ahead,percent,1.33246141923697e-11,Bin,11.2,11.3
Delaware,2 wk ahead,percent,1.33246141923697e-11,Bin,11.3,11.4
Delaware,2 wk ahead,percent,1.33246141923697e-11,Bin,11.4,11.5
Delaware,2 wk ahead,percent,1.33246141923697e-11,Bin,11.5,11.6
Delaware,2 wk ahead,percent,1.33246141923697e-11,Bin,11.6,11.7
Delaware,2 wk ahead,percent,1.33246141923697e-11,Bin,11.7,11.8
Delaware,2 wk ahead,percent,1.33246141923697e-11,Bin,11.8,11.9
Delaware,2 wk ahead,percent,1.33246141923697e-11,Bin,11.9,12.0
Delaware,2 wk ahead,percent,1.33246141923697e-11,Bin,12.0,12.1
Delaware,2 wk ahead,percent,1.33246141923697e-11,Bin,12.1,12.2
Delaware,2 wk ahead,percent,1.33246141923697e-11,Bin,12.2,12.3
Delaware,2 wk ahead,percent,0.00199999979871436,Bin,12.3,12.4
Delaware,2 wk ahead,percent,1.33246141923697e-11,Bin,12.4,12.5
Delaware,2 wk ahead,percent,1.33246141923697e-11,Bin,12.5,12.6
Delaware,2 wk ahead,percent,0.00399999958410411,Bin,12.6,12.7
Delaware,2 wk ahead,percent,1.33246141923697e-11,Bin,12.7,12.8
Delaware,2 wk ahead,percent,1.33246141923697e-11,Bin,12.8,12.9
Delaware,2 wk ahead,percent,1.33246141923697e-11,Bin,12.9,13.0
Delaware,2 wk ahead,percent,0.0119999987256631,Bin,13.0,100.0
Delaware,3 wk ahead,percent,1.16874485040516e-09,Bin,0.0,0.1
Delaware,3 wk ahead,percent,0.0140000010509837,Bin,0.1,0.2
Delaware,3 wk ahead,percent,0.0299999996207287,Bin,0.2,0.3
Delaware,3 wk ahead,percent,0.0439999983983631,Bin,0.3,0.4
Delaware,3 wk ahead,percent,0.0379999993092688,Bin,0.4,0.5
Delaware,3 wk ahead,percent,0.0619999969826219,Bin,0.5,0.6
Delaware,3 wk ahead,percent,0.0439999991394729,Bin,0.6,0.7
Delaware,3 wk ahead,percent,0.0379999999814042,Bin,0.7,0.8
Delaware,3 wk ahead,percent,0.0439999995054674,Bin,0.8,0.9
Delaware,3 wk ahead,percent,0.0539999985680691,Bin,0.9,1.0
Delaware,3 wk ahead,percent,0.04399999974346,Bin,1.0,1.1
Delaware,3 wk ahead,percent,0.0659999974511981,Bin,1.1,1.2
Delaware,3 wk ahead,percent,0.0380000004902506,Bin,1.2,1.3
Delaware,3 wk ahead,percent,0.0439999998471926,Bin,1.3,1.4
Delaware,3 wk ahead,percent,0.0320000011020656,Bin,1.4,1.5
Delaware,3 wk ahead,percent,0.0260000016799313,Bin,1.5,1.6
Delaware,3 wk ahead,percent,0.0439999996496492,Bin,1.6,1.7
Delaware,3 wk ahead,percent,0.0300000010209352,Bin,1.7,1.8
Delaware,3 wk ahead,percent,0.0140000025757461,Bin,1.8,1.9
Delaware,3 wk ahead,percent,0.0220000015257648,Bin,1.9,2.0
Delaware,3 wk ahead,percent,0.0280000006634625,Bin,2.0,2.1
Delaware,3 wk ahead,percent,0.0240000008506145,Bin,2.1,2.2
Delaware,3 wk ahead,percent,0.0160000014476707,Bin,2.2,2.3
Delaware,3 wk ahead,percent,0.0120000016013098,Bin,2.3,2.4
Delaware,3 wk ahead,percent,0.0100000015318043,Bin,2.4,2.5
Delaware,3 wk ahead,percent,0.0100000012452084,Bin,2.5,2.6
Delaware,3 wk ahead,percent,0.0100000009621769,Bin,2.6,2.7
Delaware,3 wk ahead,percent,0.00400000133230255,Bin,2.7,2.8
Delaware,3 wk ahead,percent,0.0060000008584102,Bin,2.8,2.9
Delaware,3 wk ahead,percent,0.00400000083244443,Bin,2.9,3.0
Delaware,3 wk ahead,percent,0.00999999996994398,Bin,3.0,3.1
Delaware,3 wk ahead,percent,0.0060000002044301,Bin,3.1,3.2
Delaware,3 wk ahead,percent,0.00600000003461418,Bin,3.2,3.3
Delaware,3 wk ahead,percent,0.00400000010413313,Bin,3.3,3.4
Delaware,3 wk ahead,percent,0.00599999976814615,Bin,3.4,3.5
Delaware,3 wk ahead,percent,0.00799999945411676,Bin,3.5,3.6
Delaware,3 wk ahead,percent,0.00399999980357912,Bin,3.6,3.7
Delaware,3 wk ahead,percent,0.00799999931175286,Bin,3.7,3.8
Delaware,3 wk ahead,percent,0.00199999990746248,Bin,3.8,3.9
Delaware,3 wk ahead,percent,0.00399999965666591,Bin,3.9,4.0
Delaware,3 wk ahead,percent,0.00599999941542794,Bin,4.0,4.1
Delaware,3 wk ahead,percent,0.00799999918163666,Bin,4.1,4.2
Delaware,3 wk ahead,percent,0.00199999981196225,Bin,4.2,4.3
Delaware,3 wk ahead,percent,0.0019999998026537,Bin,4.3,4.4
Delaware,3 wk ahead,percent,1.33735688274895e-11,Bin,4.4,4.5
Delaware,3 wk ahead,percent,1.33645115936622e-11,Bin,4.5,4.6
Delaware,3 wk ahead,percent,0.00199999979875426,Bin,4.6,4.7
Delaware,3 wk ahead,percent,1.33645115936622e-11,Bin,4.7,4.8
Delaware,3 wk ahead,percent,0.003999999584144,Bin,4.8,4.9
Delaware,3 wk ahead,percent,0.003999999584144,Bin,4.9,5.0
Delaware,3 wk ahead,percent,1.33645115936622e-11,Bin,5.0,5.1
Delaware,3 wk ahead,percent,0.00799999915492349,Bin,5.1,5.2
Delaware,3 wk ahead,percent,1.33645115936622e-11,Bin,5.2,5.3
Delaware,3 wk ahead,percent,0.00199999979875426,Bin,5.3,5.4
Delaware,3 wk ahead,percent,1.33645115936622e-11,Bin,5.4,5.5
Delaware,3 wk ahead,percent,0.00199999979875426,Bin,5.5,5.6
Delaware,3 wk ahead,percent,1.33645115936622e-11,Bin,5.6,5.7
Delaware,3 wk ahead,percent,1.33645115936622e-11,Bin,5.7,5.8
Delaware,3 wk ahead,percent,0.003999999584144,Bin,5.8,5.9
Delaware,3 wk ahead,percent,1.33645115936622e-11,Bin,5.9,6.0
Delaware,3 wk ahead,percent,0.00199999979875426,Bin,6.0,6.1
Delaware,3 wk ahead,percent,0.003999999584144,Bin,6.1,6.2
Delaware,3 wk ahead,percent,0.00199999979875426,Bin,6.2,6.3
Delaware,3 wk ahead,percent,1.33645115936622e-11,Bin,6.3,6.4
Delaware,3 wk ahead,percent,1.33645115936622e-11,Bin,6.4,6.5
Delaware,3 wk ahead,percent,1.33645115936622e-11,Bin,6.5,6.6
Delaware,3 wk ahead,percent,1.33645115936622e-11,Bin,6.6,6.7
Delaware,3 wk ahead,percent,0.00199999979875426,Bin,6.7,6.8
Delaware,3 wk ahead,percent,0.00199999979875426,Bin,6.8,6.9
Delaware,3 wk ahead,percent,1.33645115936622e-11,Bin,6.9,7.0
Delaware,3 wk ahead,percent,0.00199999979875426,Bin,7.0,7.1
Delaware,3 wk ahead,percent,0.00199999979875426,Bin,7.1,7.2
Delaware,3 wk ahead,percent,1.33645115936622e-11,Bin,7.2,7.3
Delaware,3 wk ahead,percent,0.00199999979875426,Bin,7.3,7.4
Delaware,3 wk ahead,percent,0.00199999979875426,Bin,7.4,7.5
Delaware,3 wk ahead,percent,1.33645115936622e-11,Bin,7.5,7.6
Delaware,3 wk ahead,percent,1.33645115936622e-11,Bin,7.6,7.7
Delaware,3 wk ahead,percent,1.33645115936622e-11,Bin,7.7,7.8
Delaware,3 wk ahead,percent,1.33645115936622e-11,Bin,7.8,7.9
Delaware,3 wk ahead,percent,1.33645115936622e-11,Bin,7.9,8.0
Delaware,3 wk ahead,percent,0.00199999979875426,Bin,8.0,8.1
Delaware,3 wk ahead,percent,1.33645115936625e-11,Bin,8.1,8.2
Delaware,3 wk ahead,percent,1.33645115936625e-11,Bin,8.2,8.3
Delaware,3 wk ahead,percent,1.33645115936625e-11,Bin,8.3,8.4
Delaware,3 wk ahead,percent,0.00199999979875426,Bin,8.4,8.5
Delaware,3 wk ahead,percent,1.33645115936625e-11,Bin,8.5,8.6
Delaware,3 wk ahead,percent,1.33645115936625e-11,Bin,8.6,8.7
Delaware,3 wk ahead,percent,1.33645115936625e-11,Bin,8.7,8.8
Delaware,3 wk ahead,percent,1.33645115936625e-11,Bin,8.8,8.9
Delaware,3 wk ahead,percent,1.33645115936625e-11,Bin,8.9,9.0
Delaware,3 wk ahead,percent,1.33645115936625e-11,Bin,9.0,9.1
Delaware,3 wk ahead,percent,0.00199999979875426,Bin,9.1,9.2
Delaware,3 wk ahead,percent,1.33645115936625e-11,Bin,9.2,9.3
Delaware,3 wk ahead,percent,1.33645115936625e-11,Bin,9.3,9.4
Delaware,3 wk ahead,percent,1.33645115936625e-11,Bin,9.4,9.5
Delaware,3 wk ahead,percent,0.00199999979875426,Bin,9.5,9.6
Delaware,3 wk ahead,percent,1.33645115936625e-11,Bin,9.6,9.7
Delaware,3 wk ahead,percent,1.33645115936625e-11,Bin,9.7,9.8
Delaware,3 wk ahead,percent,1.33645115936625e-11,Bin,9.8,9.9
Delaware,3 wk ahead,percent,0.00199999979875426,Bin,9.9,10.0
Delaware,3 wk ahead,percent,1.33645115936625e-11,Bin,10.0,10.1
Delaware,3 wk ahead,percent,0.00199999979875426,Bin,10.1,10.2
Delaware,3 wk ahead,percent,1.33645115936625e-11,Bin,10.2,10.3
Delaware,3 wk ahead,percent,0.00199999979875426,Bin,10.3,10.4
Delaware,3 wk ahead,percent,1.33645115936625e-11,Bin,10.4,10.5
Delaware,3 wk ahead,percent,0.00199999979875426,Bin,10.5,10.6
Delaware,3 wk ahead,percent,1.33645115936625e-11,Bin,10.6,10.7
Delaware,3 wk ahead,percent,1.33645115936625e-11,Bin,10.7,10.8
Delaware,3 wk ahead,percent,1.33645115936625e-11,Bin,10.8,10.9
Delaware,3 wk ahead,percent,1.33645115936625e-11,Bin,10.9,11.0
Delaware,3 wk ahead,percent,1.33645115936625e-11,Bin,11.0,11.1
Delaware,3 wk ahead,percent,1.33645115936625e-11,Bin,11.1,11.2
Delaware,3 wk ahead,percent,1.33645115936625e-11,Bin,11.2,11.3
Delaware,3 wk ahead,percent,1.33645115936625e-11,Bin,11.3,11.4
Delaware,3 wk ahead,percent,1.33645115936625e-11,Bin,11.4,11.5
Delaware,3 wk ahead,percent,0.00199999979875426,Bin,11.5,11.6
Delaware,3 wk ahead,percent,1.33645115936625e-11,Bin,11.6,11.7
Delaware,3 wk ahead,percent,1.33645115936625e-11,Bin,11.7,11.8
Delaware,3 wk ahead,percent,1.33645115936625e-11,Bin,11.8,11.9
Delaware,3 wk ahead,percent,1.33645115936625e-11,Bin,11.9,12.0
Delaware,3 wk ahead,percent,1.33645115936625e-11,Bin,12.0,12.1
Delaware,3 wk ahead,percent,1.33645115936625e-11,Bin,12.1,12.2
Delaware,3 wk ahead,percent,1.33645115936625e-11,Bin,12.2,12.3
Delaware,3 wk ahead,percent,1.33645115936625e-11,Bin,12.3,12.4
Delaware,3 wk ahead,percent,1.33645115936625e-11,Bin,12.4,12.5
Delaware,3 wk ahead,percent,1.33645115936625e-11,Bin,12.5,12.6
Delaware,3 wk ahead,percent,1.33645115936625e-11,Bin,12.6,12.7
Delaware,3 wk ahead,percent,1.33645115936625e-11,Bin,12.7,12.8
Delaware,3 wk ahead,percent,1.33645115936625e-11,Bin,12.8,12.9
Delaware,3 wk ahead,percent,1.33645115936625e-11,Bin,12.9,13.0
Delaware,3 wk ahead,percent,0.00799999915492349,Bin,13.0,100.0
Delaware,4 wk ahead,percent,5.99791718736535e-10,Bin,0.0,0.1
Delaware,4 wk ahead,percent,0.029999998432624,Bin,0.1,0.2
Delaware,4 wk ahead,percent,0.0579999961161599,Bin,0.2,0.3
Delaware,4 wk ahead,percent,0.0779999947101043,Bin,0.3,0.4
Delaware,4 wk ahead,percent,0.0539999980265956,Bin,0.4,0.5
Delaware,4 wk ahead,percent,0.0499999991730768,Bin,0.5,0.6
Delaware,4 wk ahead,percent,0.0739999972870007,Bin,0.6,0.7
Delaware,4 wk ahead,percent,0.0540000000768686,Bin,0.7,0.8
Delaware,4 wk ahead,percent,0.0799999978160161,Bin,0.8,0.9
Delaware,4 wk ahead,percent,0.0659999996078188,Bin,0.9,1.0
Delaware,4 wk ahead,percent,0.0380000025328676,Bin,1.0,1.1
Delaware,4 wk ahead,percent,0.0340000024638513,Bin,1.1,1.2
Delaware,4 wk ahead,percent,0.0639999984175285,Bin,1.2,1.3
Delaware,4 wk ahead,percent,0.0200000022035721,Bin,1.3,1.4
Delaware,4 wk ahead,percent,0.018000001642686,Bin,1.4,1.5
Delaware,4 wk ahead,percent,0.016000001447063,Bin,1.5,1.6
Delaware,4 wk ahead,percent,0.0200000010341364,Bin,1.6,1.7
Delaware,4 wk ahead,percent,0.0220000011662877,Bin,1.7,1.8
Delaware,4 wk ahead,percent,0.0220000016390188,Bin,1.8,1.9
Delaware,4 wk ahead,percent,0.0280000013647056,Bin,1.9,2.0
Delaware,4 wk ahead,percent,0.0100000033882521,Bin,2.0,2.1
Delaware,4 wk ahead,percent,0.0100000031322768,Bin,2.1,2.2
Delaware,4 wk ahead,percent,0.0100000025670209,Bin,2.2,2.3
Delaware,4 wk ahead,percent,0.0100000018107841,Bin,2.3,2.4
Delaware,4 wk ahead,percent,0.00200000187025524,Bin,2.4,2.5
Delaware,4 wk ahead,percent,0.0100000002978767,Bin,2.5,2.6
Delaware,4 wk ahead,percent,0.00400000038801572,Bin,2.6,2.7
Delaware,4 wk ahead,percent,0.00799999958174563,Bin,2.7,2.8
Delaware,4 wk ahead,percent,0.00799999935523991,Bin,2.8,2.9
Delaware,4 wk ahead,percent,0.00799999923479593,Bin,2.9,3.0
Delaware,4 wk ahead,percent,0.00199999982254381,Bin,3.0,3.1
Delaware,4 wk ahead,percent,0.0039999995974344,Bin,3.1,3.2
Delaware,4 wk ahead,percent,0.00599999938282415,Bin,3.2,3.3
Delaware,4 wk ahead,percent,0.0039999995974344,Bin,3.3,3.4
Delaware,4 wk ahead,percent,0.00199999981204466,Bin,3.4,3.5
Delaware,4 wk ahead,percent,0.00599999938282415,Bin,3.5,3.6
Delaware,4 wk ahead,percent,0.0039999995974344,Bin,3.6,3.7
Delaware,4 wk ahead,percent,2.6654909118917e-11,Bin,3.7,3.8
Delaware,4 wk ahead,percent,0.0039999995974344,Bin,3.8,3.9
Delaware,4 wk ahead,percent,0.0039999995974344,Bin,3.9,4.0
Delaware,4 wk ahead,percent,0.00199999981204466,Bin,4.0,4.1
Delaware,4 wk ahead,percent,2.6654909118917e-11,Bin,4.1,4.2
Delaware,4 wk ahead,percent,2.6654909118917e-11,Bin,4.2,4.3
Delaware,4 wk ahead,percent,0.00599999938282415,Bin,4.3,4.4
Delaware,4 wk ahead,percent,0.00199999981204466,Bin,4.4,4.5
Delaware,4 wk ahead,percent,2.6654909118917e-11,Bin,4.5,4.6
Delaware,4 wk ahead,percent,2.6654909118917e-11,Bin,4.6,4.7
Delaware,4 wk ahead,percent,0.0039999995974344,Bin,4.7,4.8
Delaware,4 wk ahead,percent,0.00199999981204466,Bin,4.8,4.9
Delaware,4 wk ahead,percent,0.00199999981204466,Bin,4.9,5.0
Delaware,4 wk ahead,percent,0.00199999981204466,Bin,5.0,5.1
Delaware,4 wk ahead,percent,2.6654909118917e-11,Bin,5.1,5.2
Delaware,4 wk ahead,percent,0.00199999981204466,Bin,5.2,5.3
Delaware,4 wk ahead,percent,2.6654909118917e-11,Bin,5.3,5.4
Delaware,4 wk ahead,percent,0.0039999995974344,Bin,5.4,5.5
Delaware,4 wk ahead,percent,2.6654909118917e-11,Bin,5.5,5.6
Delaware,4 wk ahead,percent,2.6654909118917e-11,Bin,5.6,5.7
Delaware,4 wk ahead,percent,2.6654909118917e-11,Bin,5.7,5.8
Delaware,4 wk ahead,percent,2.6654909118917e-11,Bin,5.8,5.9
Delaware,4 wk ahead,percent,2.6654909118917e-11,Bin,5.9,6.0
Delaware,4 wk ahead,percent,2.6654909118917e-11,Bin,6.0,6.1
Delaware,4 wk ahead,percent,0.00199999981204466,Bin,6.1,6.2
Delaware,4 wk ahead,percent,2.6654909118917e-11,Bin,6.2,6.3
Delaware,4 wk ahead,percent,2.6654909118917e-11,Bin,6.3,6.4
Delaware,4 wk ahead,percent,2.6654909118917e-11,Bin,6.4,6.5
Delaware,4 wk ahead,percent,2.6654909118917e-11,Bin,6.5,6.6
Delaware,4 wk ahead,percent,2.6654909118917e-11,Bin,6.6,6.7
Delaware,4 wk ahead,percent,2.6654909118917e-11,Bin,6.7,6.8
Delaware,4 wk ahead,percent,2.6654909118917e-11,Bin,6.8,6.9
Delaware,4 wk ahead,percent,0.00199999981204466,Bin,6.9,7.0
Delaware,4 wk ahead,percent,2.6654909118917e-11,Bin,7.0,7.1
Delaware,4 wk ahead,percent,2.6654909118917e-11,Bin,7.1,7.2
Delaware,4 wk ahead,percent,2.6654909118917e-11,Bin,7.2,7.3
Delaware,4 wk ahead,percent,2.6654909118917e-11,Bin,7.3,7.4
Delaware,4 wk ahead,percent,2.6654909118917e-11,Bin,7.4,7.5
Delaware,4 wk ahead,percent,2.6654909118917e-11,Bin,7.5,7.6
Delaware,4 wk ahead,percent,2.6654909118917e-11,Bin,7.6,7.7
Delaware,4 wk ahead,percent,0.00199999981204466,Bin,7.7,7.8
Delaware,4 wk ahead,percent,2.6654909118917e-11,Bin,7.8,7.9
Delaware,4 wk ahead,percent,0.00199999981204466,Bin,7.9,8.0
Delaware,4 wk ahead,percent,2.66549091189172e-11,Bin,8.0,8.1
Delaware,4 wk ahead,percent,2.66549091189174e-11,Bin,8.1,8.2
Delaware,4 wk ahead,percent,2.66549091189174e-11,Bin,8.2,8.3
Delaware,4 wk ahead,percent,0.00199999981204466,Bin,8.3,8.4
Delaware,4 wk ahead,percent,2.66549091189174e-11,Bin,8.4,8.5
Delaware,4 wk ahead,percent,2.66549091189174e-11,Bin,8.5,8.6
Delaware,4 wk ahead,percent,2.66549091189174e-11,Bin,8.6,8.7
Delaware,4 wk ahead,percent,2.66549091189174e-11,Bin,8.7,8.8
Delaware,4 wk ahead,percent,0.00199999981204466,Bin,8.8,8.9
Delaware,4 wk ahead,percent,2.66549091189174e-11,Bin,8.9,9.0
Delaware,4 wk ahead,percent,2.66549091189174e-11,Bin,9.0,9.1
Delaware,4 wk ahead,percent,2.66549091189174e-11,Bin,9.1,9.2
Delaware,4 wk ahead,percent,2.66549091189174e-11,Bin,9.2,9.3
Delaware,4 wk ahead,percent,2.66549091189174e-11,Bin,9.3,9.4
Delaware,4 wk ahead,percent,2.66549091189174e-11,Bin,9.4,9.5
Delaware,4 wk ahead,percent,2.66549091189174e-11,Bin,9.5,9.6
Delaware,4 wk ahead,percent,2.66549091189174e-11,Bin,9.6,9.7
Delaware,4 wk ahead,percent,2.66549091189174e-11,Bin,9.7,9.8
Delaware,4 wk ahead,percent,2.66549091189174e-11,Bin,9.8,9.9
Delaware,4 wk ahead,percent,2.66549091189174e-11,Bin,9.9,10.0
Delaware,4 wk ahead,percent,2.66549091189174e-11,Bin,10.0,10.1
Delaware,4 wk ahead,percent,2.66549091189174e-11,Bin,10.1,10.2
Delaware,4 wk ahead,percent,0.00199999981204466,Bin,10.2,10.3
Delaware,4 wk ahead,percent,2.66549091189174e-11,Bin,10.3,10.4
Delaware,4 wk ahead,percent,2.66549091189174e-11,Bin,10.4,10.5
Delaware,4 wk ahead,percent,2.66549091189174e-11,Bin,10.5,10.6
Delaware,4 wk ahead,percent,2.66549091189174e-11,Bin,10.6,10.7
Delaware,4 wk ahead,percent,2.66549091189174e-11,Bin,10.7,10.8
Delaware,4 wk ahead,percent,2.66549091189174e-11,Bin,10.8,10.9
Delaware,4 wk ahead,percent,2.66549091189174e-11,Bin,10.9,11.0
Delaware,4 wk ahead,percent,2.66549091189174e-11,Bin,11.0,11.1
Delaware,4 wk ahead,percent,2.66549091189174e-11,Bin,11.1,11.2
Delaware,4 wk ahead,percent,2.66549091189174e-11,Bin,11.2,11.3
Delaware,4 wk ahead,percent,2.66549091189174e-11,Bin,11.3,11.4
Delaware,4 wk ahead,percent,2.66549091189174e-11,Bin,11.4,11.5
Delaware,4 wk ahead,percent,2.66549091189174e-11,Bin,11.5,11.6
Delaware,4 wk ahead,percent,2.66549091189174e-11,Bin,11.6,11.7
Delaware,4 wk ahead,percent,2.66549091189174e-11,Bin,11.7,11.8
Delaware,4 wk ahead,percent,2.66549091189174e-11,Bin,11.8,11.9
Delaware,4 wk ahead,percent,2.66549091189174e-11,Bin,11.9,12.0
Delaware,4 wk ahead,percent,2.66549091189174e-11,Bin,12.0,12.1
Delaware,4 wk ahead,percent,2.66549091189174e-11,Bin,12.1,12.2
Delaware,4 wk ahead,percent,2.66549091189174e-11,Bin,12.2,12.3
Delaware,4 wk ahead,percent,2.66549091189174e-11,Bin,12.3,12.4
Delaware,4 wk ahead,percent,0.00199999981204466,Bin,12.4,12.5
Delaware,4 wk ahead,percent,2.66549091189174e-11,Bin,12.5,12.6
Delaware,4 wk ahead,percent,2.66549091189174e-11,Bin,12.6,12.7
Delaware,4 wk ahead,percent,2.66549091189174e-11,Bin,12.7,12.8
Delaware,4 wk ahead,percent,2.66549091189174e-11,Bin,12.8,12.9
Delaware,4 wk ahead,percent,2.66549091189174e-11,Bin,12.9,13.0
Delaware,4 wk ahead,percent,0.0159999983097729,Bin,13.0,100.0
Delaware,Season peak percentage,percent,5.45733359016182e-11,Bin,0.0,0.1
Delaware,Season peak percentage,percent,1.14642547241733e-10,Bin,0.1,0.2
Delaware,Season peak percentage,percent,1.21993075438707e-10,Bin,0.2,0.3
Delaware,Season peak percentage,percent,1.2932909490103e-10,Bin,0.3,0.4
Delaware,Season peak percentage,percent,1.36603378954913e-10,Bin,0.4,0.5
Delaware,Season peak percentage,percent,1.43767614653164e-10,Bin,0.5,0.6
Delaware,Season peak percentage,percent,1.50775874393108e-10,Bin,0.6,0.7
Delaware,Season peak percentage,percent,1.57584534347772e-10,Bin,0.7,0.8
Delaware,Season peak percentage,percent,1.64148380737164e-10,Bin,0.8,0.9
Delaware,Season peak percentage,percent,1.70430245861826e-10,Bin,0.9,1.0
Delaware,Season peak percentage,percent,1.76396761490149e-10,Bin,1.0,1.1
Delaware,Season peak percentage,percent,1.82014378963648e-10,Bin,1.1,1.2
Delaware,Season peak percentage,percent,1.87255737722101e-10,Bin,1.2,1.3
Delaware,Season peak percentage,percent,1.92103635321604e-10,Bin,1.3,1.4
Delaware,Season peak percentage,percent,1.96539655945591e-10,Bin,1.4,1.5
Delaware,Season peak percentage,percent,2.00549387016362e-10,Bin,1.5,1.6
Delaware,Season peak percentage,percent,2.04130698841139e-10,Bin,1.6,1.7
Delaware,Season peak percentage,percent,2.07279482832246e-10,Bin,1.7,1.8
Delaware,Season peak percentage,percent,2.09994339953016e-10,Bin,1.8,1.9
Delaware,Season peak percentage,percent,2.12285515895793e-10,Bin,1.9,2.0
Delaware,Season peak percentage,percent,2.14160243079243e-10,Bin,2.0,2.1
Delaware,Season peak percentage,percent,2.15624221451917e-10,Bin,2.1,2.2
Delaware,Season peak percentage,percent,2.16695097938948e-10,Bin,2.2,2.3
Delaware,Season peak percentage,percent,2.17386704742813e-10,Bin,2.3,2.4
Delaware,Season peak percentage,percent,2.17708389767541e-10,Bin,2.4,2.5
Delaware,Season peak percentage,percent,2.17677865521104e-10,Bin,2.5,2.6
Delaware,Season peak percentage,percent,2.17310004658916e-10,Bin,2.6,2.7
Delaware,Season peak percentage,percent,2.16615215151358e-10,Bin,2.7,2.8
Delaware,Season peak percentage,percent,2.15607623891572e-10,Bin,2.8,2.9
Delaware,Season peak percentage,percent,2.14300110076352e-10,Bin,2.9,3.0
Delaware,Season peak percentage,percent,2.12699537971362e-10,Bin,3.0,3.1
Delaware,Season peak percentage,percent,2.1081664057406e-10,Bin,3.1,3.2
Delaware,Season peak percentage,percent,2.08661416540174e-10,Bin,3.2,3.3
Delaware,Season peak percentage,percent,2.06239417951246e-10,Bin,3.3,3.4
Delaware,Season peak percentage,percent,2.03556140454206e-10,Bin,3.4,3.5
Delaware,Season peak percentage,percent,0.501999994657443,Bin,3.5,3.6
Delaware,Season peak percentage,percent,0.00400000015327062,Bin,3.6,3.7
Delaware,Season peak percentage,percent,0.00400000014984773,Bin,3.7,3.8
Delaware,Season peak percentage,percent,0.0160000000136867,Bin,3.8,3.9
Delaware,Season peak percentage,percent,0.0279999998773011,Bin,3.9,4.0
Delaware,Season peak percentage,percent,0.012000000049879,Bin,4.0,4.1
Delaware,Season peak percentage,percent,0.00400000013391449,Bin,4.1,4.2
Delaware,Season peak percentage,percent,0.00400000012941821,Bin,4.2,4.3
Delaware,Season peak percentage,percent,0.0120000000364002,Bin,4.3,4.4
Delaware,Season peak percentage,percent,0.0040000001198886,Bin,4.4,4.5
Delaware,Season peak percentage,percent,0.014000000004464,Bin,4.5,4.6
Delaware,Season peak percentage,percent,0.00800000006557493,Bin,4.6,4.7
Delaware,Season peak percentage,percent,0.00400000010447966,Bin,4.7,4.8
Delaware,Season peak percentage,percent,0.00600000007702736,Bin,4.8,4.9
Delaware,Season peak percentage,percent,0.0139999999832352,Bin,4.9,5.0
Delaware,Season peak percentage,percent,0.0100000000218818,Bin,5.0,5.1
Delaware,Season peak percentage,percent,0.00400000008256427,Bin,5.1,5.2
Delaware,Season peak percentage,percent,0.0100000000107106,Bin,5.2,5.3
Delaware,Season peak percentage,percent,0.00800000002718377,Bin,5.3,5.4
Delaware,Season peak percentage,percent,0.0080000000215806,Bin,5.4,5.5
Delaware,Season peak percentage,percent,0.00800000001600388,Bin,5.5,5.6
Delaware,Season peak percentage,percent,9.88095513544723e-11,Bin,5.6,5.7
Delaware,Season peak percentage,percent,0.00600000002708641,Bin,5.7,5.8
Delaware,Season peak percentage,percent,0.0119999999554422,Bin,5.8,5.9
Delaware,Season peak percentage,percent,8.26529503029238e-11,Bin,5.9,6.0
Delaware,Season peak percentage,percent,0.00200000005538306,Bin,6.0,6.1
Delaware,Season peak percentage,percent,0.00999999996198468,Bin,6.1,6.2
Delaware,Season peak percentage,percent,0.00600000000123214,Bin,6.2,6.3
Delaware,Season peak percentage,percent,0.0040000000185455,Bin,6.3,6.4
Delaware,Season peak percentage,percent,0.00799999996976723,Bin,6.4,6.5
Delaware,Season peak percentage,percent,0.00999999994324725,Bin,6.5,6.6
Delaware,Season peak percentage,percent,0.0199999998285709,Bin,6.6,6.7
Delaware,Season peak percentage,percent,0.00400000000117975,Bin,6.7,6.8
Delaware,Season peak percentage,percent,0.00399999999730986,Bin,6.8,6.9
Delaware,Season peak percentage,percent,0.00599999997155595,Bin,6.9,7.0
Delaware,Season peak percentage,percent,0.00399999999017339,Bin,7.0,7.1
Delaware,Season peak percentage,percent,0.00200000000899793,Bin,7.1,7.2
Delaware,Season peak percentage,percent,0.00200000000594424,Bin,7.2,7.3
Delaware,Season peak percentage,percent,0.0020000000030946,Bin,7.3,7.4
Delaware,Season peak percentage,percent,0.00200000000044861,Bin,7.4,7.5
Delaware,Season peak percentage,percent,0.0019999999980028,Bin,7.5,7.6
Delaware,Season peak percentage,percent,0.00999999990741283,Bin,7.6,7.7
Delaware,Season peak percentage,percent,1.57706683520315e-11,Bin,7.7,7.8
Delaware,Season peak percentage,percent,0.00199999999180484,Bin,7.8,7.9
Delaware,Season peak percentage,percent,0.00199999999009615,Bin,7.9,8.0
Delaware,Season peak percentage,percent,0.00399999996646799,Bin,8.0,8.1
Delaware,Season peak percentage,percent,9.24960479174308e-12,Bin,8.1,8.2
Delaware,Season peak percentage,percent,0.00199999998592349,Bin,8.2,8.3
Delaware,Season peak percentage,percent,0.00399999996273326,Bin,8.3,8.4
Delaware,Season peak percentage,percent,0.00799999991758589,Bin,8.4,8.5
Delaware,Season peak percentage,percent,0.00399999996089163,Bin,8.5,8.6
Delaware,Season peak percentage,percent,0.00399999996013425,Bin,8.6,8.7
Delaware,Season peak percentage,percent,0.00199999998155855,Bin,8.7,8.8
Delaware,Season peak percentage,percent,0.00599999993681672,Bin,8.8,8.9
Delaware,Season peak percentage,percent,0.00599999993632149,Bin,8.9,9.0
Delaware,Season peak percentage,percent,2.14943999354239e-12,Bin,9.0,9.1
Delaware,Season peak percentage,percent,0.00199999997970169,Bin,9.1,9.2
Delaware,Season peak percentage,percent,0.00199999997939248,Bin,9.2,9.3
Delaware,Season peak percentage,percent,0.00199999997913123,Bin,9.3,9.4
Delaware,Season peak percentage,percent,0.00199999997891145,Bin,9.4,9.5
Delaware,Season peak percentage,percent,0.00399999995664294,Bin,9.5,9.6
Delaware,Season peak percentage,percent,0.00399999995648968,Bin,9.6,9.7
Delaware,Season peak percentage,percent,5.45868191494318e-13,Bin,9.7,9.8
Delaware,Season peak percentage,percent,5.31319769237225e-13,Bin,9.8,9.9
Delaware,Season peak percentage,percent,0.00199999997844694,Bin,9.9,10.0
Delaware,Season peak percentage,percent,0.00199999997844694,Bin,10.0,10.1
Delaware,Season peak percentage,percent,0.00399999995636257,Bin,10.1,10.2
Delaware,Season peak percentage,percent,0.00199999997844694,Bin,10.2,10.3
Delaware,Season peak percentage,percent,5.31319769237225e-13,Bin,10.3,10.4
Delaware,Season peak percentage,percent,0.00199999997844694,Bin,10.4,10.5
Delaware,Season peak percentage,percent,5.31319769237225e-13,Bin,10.5,10.6
Delaware,Season peak percentage,percent,5.31319769237225e-13,Bin,10.6,10.7
Delaware,Season peak percentage,percent,0.00399999995636257,Bin,10.7,10.8
Delaware,Season peak percentage,percent,0.00199999997844694,Bin,10.8,10.9
Delaware,Season peak percentage,percent,5.31319769237225e-13,Bin,10.9,11.0
Delaware,Season peak percentage,percent,0.00399999995636257,Bin,11.0,11.1
Delaware,Season peak percentage,percent,5.31319769237225e-13,Bin,11.1,11.2
Delaware,Season peak percentage,percent,5.31319769237225e-13,Bin,11.2,11.3
Delaware,Season peak percentage,percent,5.31319769237225e-13,Bin,11.3,11.4
Delaware,Season peak percentage,percent,5.31319769237225e-13,Bin,11.4,11.5
Delaware,Season peak percentage,percent,5.31319769237225e-13,Bin,11.5,11.6
Delaware,Season peak percentage,percent,0.00399999995636257,Bin,11.6,11.7
Delaware,Season peak percentage,percent,0.00199999997844694,Bin,11.7,11.8
Delaware,Season peak percentage,percent,5.31319769237225e-13,Bin,11.8,11.9
Delaware,Season peak percentage,percent,5.31319769237225e-13,Bin,11.9,12.0
Delaware,Season peak percentage,percent,5.31319769237225e-13,Bin,12.0,12.1
Delaware,Season peak percentage,percent,5.31319769237225e-13,Bin,12.1,12.2
Delaware,Season peak percentage,percent,5.31319769237225e-13,Bin,12.2,12.3
Delaware,Season peak percentage,percent,0.00199999997844694,Bin,12.3,12.4
Delaware,Season peak percentage,percent,0.00199999997844694,Bin,12.4,12.5
Delaware,Season peak percentage,percent,5.31319769237225e-13,Bin,12.5,12.6
Delaware,Season peak percentage,percent,0.00199999997844694,Bin,12.6,12.7
Delaware,Season peak percentage,percent,0.00199999997844694,Bin,12.7,12.8
Delaware,Season peak percentage,percent,5.31319769237225e-13,Bin,12.8,12.9
Delaware,Season peak percentage,percent,5.31319769237225e-13,Bin,12.9,13.0
Delaware,Season peak percentage,percent,0.103999998852144,Bin,13.0,100.0
Delaware,Season peak week,week,6.24718298171488e-12,Bin,40.0,41.0
Delaware,Season peak week,week,6.24718298171488e-12,Bin,41.0,42.0
Delaware,Season peak week,week,6.24718298171488e-12,Bin,42.0,43.0
Delaware,Season peak week,week,6.24718298171488e-12,Bin,43.0,44.0
Delaware,Season peak week,week,6.24718298171488e-12,Bin,44.0,45.0
Delaware,Season peak week,week,6.24718298171488e-12,Bin,45.0,46.0
Delaware,Season peak week,week,1.31806962576477e-11,Bin,46.0,47.0
Delaware,Season peak week,week,1.00732853688432e-10,Bin,47.0,48.0
Delaware,Season peak week,week,3.52470844719206e-10,Bin,48.0,49.0
Delaware,Season peak week,week,5.3469182160518e-10,Bin,49.0,50.0
Delaware,Season peak week,week,3.52506342109283e-10,Bin,50.0,51.0
Delaware,Season peak week,week,1.02042471586754e-10,Bin,51.0,52.0
Delaware,Season peak week,week,3.76774566396551e-11,Bin,52.0,53.0
Delaware,Season peak week,week,2.14381937389694e-10,Bin,1.0,2.0
Delaware,Season peak week,week,8.16009419821333e-10,Bin,2.0,3.0
Delaware,Season peak week,week,1.47673620539759e-09,Bin,3.0,4.0
Delaware,Season peak week,week,1.35835025117352e-09,Bin,4.0,5.0
Delaware,Season peak week,week,0.495069028892993,Bin,5.0,6.0
Delaware,Season peak week,week,0.260355027593111,Bin,6.0,7.0
Delaware,Season peak week,week,0.0769230772228488,Bin,7.0,8.0
Delaware,Season peak week,week,0.0493096650092894,Bin,8.0,9.0
Delaware,Season peak week,week,0.0414201185222277,Bin,9.0,10.0
Delaware,Season peak week,week,0.0177514797658269,Bin,10.0,11.0
Delaware,Season peak week,week,0.0236686392191006,Bin,11.0,12.0
Delaware,Season peak week,week,0.0177514792156565,Bin,12.0,13.0
Delaware,Season peak week,week,0.00986193284588329,Bin,13.0,14.0
Delaware,Season peak week,week,0.00394477313953107,Bin,14.0,15.0
Delaware,Season peak week,week,7.54758790895282e-12,Bin,15.0,16.0
Delaware,Season peak week,week,0.00197238657353933,Bin,16.0,17.0
Delaware,Season peak week,week,0.00197238657353933,Bin,17.0,18.0
Delaware,Season peak week,week,7.54758790895282e-12,Bin,18.0,19.0
Delaware,Season peak week,week,7.54758790895282e-12,Bin,19.0,20.0
Delaware,Season peak week,week,7.54758790895282e-12,Bin,20.0,21.0
Maryland,1 wk ahead,percent,9.15821298290718e-10,Bin,0.0,0.1
Maryland,1 wk ahead,percent,1.83164259658144e-09,Bin,0.1,0.2
Maryland,1 wk ahead,percent,1.83164259658144e-09,Bin,0.2,0.3
Maryland,1 wk ahead,percent,1.86416834206908e-09,Bin,0.3,0.4
Maryland,1 wk ahead,percent,2.9354951150946e-09,Bin,0.4,0.5
Maryland,1 wk ahead,percent,0.00199998550435186,Bin,0.5,0.6
Maryland,1 wk ahead,percent,9.17105764759895e-09,Bin,0.6,0.7
Maryland,1 wk ahead,percent,1.52531047522e-08,Bin,0.7,0.8
Maryland,1 wk ahead,percent,0.00200000458280398,Bin,0.8,0.9
Maryland,1 wk ahead,percent,3.74372292426685e-08,Bin,0.9,1.0
Maryland,1 wk ahead,percent,5.53088814980919e-08,Bin,1.0,1.1
Maryland,1 wk ahead,percent,7.8651283785519e-08,Bin,1.1,1.2
Maryland,1 wk ahead,percent,1.07756960797908e-07,Bin,1.2,1.3
Maryland,1 wk ahead,percent,1.42396649583082e-07,Bin,1.3,1.4
Maryland,1 wk ahead,percent,0.00200016193915937,Bin,1.4,1.5
Maryland,1 wk ahead,percent,2.24338866004483e-07,Bin,1.5,1.6
Maryland,1 wk ahead,percent,2.68337617563448e-07,Bin,1.6,1.7
Maryland,1 wk ahead,percent,3.1158737816415e-07,Bin,1.7,1.8
Maryland,1 wk ahead,percent,3.51926816600072e-07,Bin,1.8,1.9
Maryland,1 wk ahead,percent,3.87372642948615e-07,Bin,1.9,2.0
Maryland,1 wk ahead,percent,0.00200039646005835,Bin,2.0,2.1
Maryland,1 wk ahead,percent,4.37248206097306e-07,Bin,2.1,2.2
Maryland,1 wk ahead,percent,0.00800037025081679,Bin,2.2,2.3
Maryland,1 wk ahead,percent,4.52168645730521e-07,Bin,2.3,2.4
Maryland,1 wk ahead,percent,4.45357329671939e-07,Bin,2.4,2.5
Maryland,1 wk ahead,percent,4.29371775586657e-07,Bin,2.5,2.6
Maryland,1 wk ahead,percent,0.00800032607334661,Bin,2.6,2.7
Maryland,1 wk ahead,percent,3.74699563972717e-07,Bin,2.7,2.8
Maryland,1 wk ahead,percent,0.00400030053121503,Bin,2.8,2.9
Maryland,1 wk ahead,percent,0.0100002052525497,Bin,2.9,3.0
Maryland,1 wk ahead,percent,0.0100001707490256,Bin,3.0,3.1
Maryland,1 wk ahead,percent,0.0100001399392556,Bin,3.1,3.2
Maryland,1 wk ahead,percent,2.13289608097818e-07,Bin,3.2,3.3
Maryland,1 wk ahead,percent,0.00800011428429685,Bin,3.3,3.4
Maryland,1 wk ahead,percent,0.0399997832136425,Bin,3.4,3.5
Maryland,1 wk ahead,percent,0.0179999909528575,Bin,3.5,3.6
Maryland,1 wk ahead,percent,0.01600000397848,Bin,3.6,3.7
Maryland,1 wk ahead,percent,0.0140000190373513,Bin,3.7,3.8
Maryland,1 wk ahead,percent,0.0219999363426391,Bin,3.8,3.9
Maryland,1 wk ahead,percent,0.0239999137897013,Bin,3.9,4.0
Maryland,1 wk ahead,percent,0.0100000501892088,Bin,4.0,4.1
Maryland,1 wk ahead,percent,0.0159999892330243,Bin,4.1,4.2
Maryland,1 wk ahead,percent,0.0100000473730254,Bin,4.2,4.3
Maryland,1 wk ahead,percent,0.0140000064311727,Bin,4.3,4.4
Maryland,1 wk ahead,percent,0.0120000240065229,Bin,4.4,4.5
Maryland,1 wk ahead,percent,0.0140000003047698,Bin,4.5,4.6
Maryland,1 wk ahead,percent,0.0439996971086132,Bin,4.6,4.7
Maryland,1 wk ahead,percent,0.0120000046332051,Bin,4.7,4.8
Maryland,1 wk ahead,percent,0.0159999531899559,Bin,4.8,4.9
Maryland,1 wk ahead,percent,0.0179999193603554,Bin,4.9,5.0
Maryland,1 wk ahead,percent,0.0459996269763333,Bin,5.0,5.1
Maryland,1 wk ahead,percent,0.0179998885451826,Bin,5.1,5.2
Maryland,1 wk ahead,percent,0.0119999332301683,Bin,5.2,5.3
Maryland,1 wk ahead,percent,0.0159998805780802,Bin,5.3,5.4
Maryland,1 wk ahead,percent,0.0139998894045098,Bin,5.4,5.5
Maryland,1 wk ahead,percent,0.0159998609158912,Bin,5.5,5.6
Maryland,1 wk ahead,percent,0.0199998147952399,Bin,5.6,5.7
Maryland,1 wk ahead,percent,0.0199998101301726,Bin,5.7,5.8
Maryland,1 wk ahead,percent,0.0179998267568658,Bin,5.8,5.9
Maryland,1 wk ahead,percent,0.0339996663845642,Bin,5.9,6.0
Maryland,1 wk ahead,percent,0.00399996201304544,Bin,6.0,6.1
Maryland,1 wk ahead,percent,0.0179998231803777,Bin,6.1,6.2
Maryland,1 wk ahead,percent,0.027999724224457,Bin,6.2,6.3
Maryland,1 wk ahead,percent,0.0119998825539302,Bin,6.3,6.4
Maryland,1 wk ahead,percent,0.0119998825539302,Bin,6.4,6.5
Maryland,1 wk ahead,percent,0.00999990234511435,Bin,6.5,6.6
Maryland,1 wk ahead,percent,0.0179998231803777,Bin,6.6,6.7
Maryland,1 wk ahead,percent,0.0239997638068253,Bin,6.7,6.8
Maryland,1 wk ahead,percent,0.00999990234511435,Bin,6.8,6.9
Maryland,1 wk ahead,percent,0.0219997835980094,Bin,6.9,7.0
Maryland,1 wk ahead,percent,0.00999990234511435,Bin,7.0,7.1
Maryland,1 wk ahead,percent,0.0079999221362985,Bin,7.1,7.2
Maryland,1 wk ahead,percent,0.00199998150985096,Bin,7.2,7.3
Maryland,1 wk ahead,percent,0.00199998150985096,Bin,7.3,7.4
Maryland,1 wk ahead,percent,0.013999862762746,Bin,7.4,7.5
Maryland,1 wk ahead,percent,0.0079999221362985,Bin,7.5,7.6
Maryland,1 wk ahead,percent,1.30103511701717e-09,Bin,7.6,7.7
Maryland,1 wk ahead,percent,0.00599994192748266,Bin,7.7,7.8
Maryland,1 wk ahead,percent,0.00399996171866681,Bin,7.8,7.9
Maryland,1 wk ahead,percent,0.0079999221362985,Bin,7.9,8.0
Maryland,1 wk ahead,percent,0.0079999221362985,Bin,8.0,8.1
Maryland,1 wk ahead,percent,1.3010351170172e-09,Bin,8.1,8.2
Maryland,1 wk ahead,percent,0.0179998231803777,Bin,8.2,8.3
Maryland,1 wk ahead,percent,0.013999862762746,Bin,8.3,8.4
Maryland,1 wk ahead,percent,0.0179998231803777,Bin,8.4,8.5
Maryland,1 wk ahead,percent,0.00399996171866681,Bin,8.5,8.6
Maryland,1 wk ahead,percent,0.00399996171866681,Bin,8.6,8.7
Maryland,1 wk ahead,percent,0.0079999221362985,Bin,8.7,8.8
Maryland,1 wk ahead,percent,0.00399996171866681,Bin,8.8,8.9
Maryland,1 wk ahead,percent,0.00599994192748266,Bin,8.9,9.0
Maryland,1 wk ahead,percent,0.00599994192748266,Bin,9.0,9.1
Maryland,1 wk ahead,percent,1.3010351170172e-09,Bin,9.1,9.2
Maryland,1 wk ahead,percent,1.3010351170172e-09,Bin,9.2,9.3
Maryland,1 wk ahead,percent,0.00199998150985096,Bin,9.3,9.4
Maryland,1 wk ahead,percent,1.3010351170172e-09,Bin,9.4,9.5
Maryland,1 wk ahead,percent,1.3010351170172e-09,Bin,9.5,9.6
Maryland,1 wk ahead,percent,0.00399996171866681,Bin,9.6,9.7
Maryland,1 wk ahead,percent,0.0119998825539302,Bin,9.7,9.8
Maryland,1 wk ahead,percent,1.3010351170172e-09,Bin,9.8,9.9
Maryland,1 wk ahead,percent,0.00599994192748266,Bin,9.9,10.0
Maryland,1 wk ahead,percent,1.3010351170172e-09,Bin,10.0,10.1
Maryland,1 wk ahead,percent,0.00399996171866681,Bin,10.1,10.2
Maryland,1 wk ahead,percent,0.00399996171866681,Bin,10.2,10.3
Maryland,1 wk ahead,percent,1.3010351170172e-09,Bin,10.3,10.4
Maryland,1 wk ahead,percent,1.3010351170172e-09,Bin,10.4,10.5
Maryland,1 wk ahead,percent,0.0119998825539302,Bin,10.5,10.6
Maryland,1 wk ahead,percent,1.3010351170172e-09,Bin,10.6,10.7
Maryland,1 wk ahead,percent,1.3010351170172e-09,Bin,10.7,10.8
Maryland,1 wk ahead,percent,1.3010351170172e-09,Bin,10.8,10.9
Maryland,1 wk ahead,percent,1.3010351170172e-09,Bin,10.9,11.0
Maryland,1 wk ahead,percent,1.3010351170172e-09,Bin,11.0,11.1
Maryland,1 wk ahead,percent,1.3010351170172e-09,Bin,11.1,11.2
Maryland,1 wk ahead,percent,1.3010351170172e-09,Bin,11.2,11.3
Maryland,1 wk ahead,percent,0.00199998150985096,Bin,11.3,11.4
Maryland,1 wk ahead,percent,0.00599994192748266,Bin,11.4,11.5
Maryland,1 wk ahead,percent,1.3010351170172e-09,Bin,11.5,11.6
Maryland,1 wk ahead,percent,1.3010351170172e-09,Bin,11.6,11.7
Maryland,1 wk ahead,percent,0.00599994192748266,Bin,11.7,11.8
Maryland,1 wk ahead,percent,0.00199998150985096,Bin,11.8,11.9
Maryland,1 wk ahead,percent,0.00399996171866681,Bin,11.9,12.0
Maryland,1 wk ahead,percent,1.3010351170172e-09,Bin,12.0,12.1
Maryland,1 wk ahead,percent,1.3010351170172e-09,Bin,12.1,12.2
Maryland,1 wk ahead,percent,0.00399996171866681,Bin,12.2,12.3
Maryland,1 wk ahead,percent,1.3010351170172e-09,Bin,12.3,12.4
Maryland,1 wk ahead,percent,1.3010351170172e-09,Bin,12.4,12.5
Maryland,1 wk ahead,percent,0.00599994192748266,Bin,12.5,12.6
Maryland,1 wk ahead,percent,1.3010351170172e-09,Bin,12.6,12.7
Maryland,1 wk ahead,percent,0.00199998150985096,Bin,12.7,12.8
Maryland,1 wk ahead,percent,1.3010351170172e-09,Bin,12.8,12.9
Maryland,1 wk ahead,percent,1.3010351170172e-09,Bin,12.9,13.0
Maryland,1 wk ahead,percent,0.0339996648509045,Bin,13.0,100.0
Maryland,2 wk ahead,percent,1.21507025665977e-08,Bin,0.0,0.1
Maryland,2 wk ahead,percent,2.89403107656035e-08,Bin,0.1,0.2
Maryland,2 wk ahead,percent,3.60645226509995e-08,Bin,0.2,0.3
Maryland,2 wk ahead,percent,0.00200002459244133,Bin,0.3,0.4
Maryland,2 wk ahead,percent,5.39501459847114e-08,Bin,0.4,0.5
Maryland,2 wk ahead,percent,6.47819711553774e-08,Bin,0.5,0.6
Maryland,2 wk ahead,percent,7.68568112162146e-08,Bin,0.6,0.7
Maryland,2 wk ahead,percent,9.01059590174152e-08,Bin,0.7,0.8
Maryland,2 wk ahead,percent,0.00200008462037259,Bin,0.8,0.9
Maryland,2 wk ahead,percent,1.19604894877469e-07,Bin,0.9,1.0
Maryland,2 wk ahead,percent,0.00200011567925671,Bin,1.0,1.1
Maryland,2 wk ahead,percent,1.5175088046484e-07,Bin,1.1,1.2
Maryland,2 wk ahead,percent,0.00200014836441659,Bin,1.2,1.3
Maryland,2 wk ahead,percent,0.00200016457930261,Bin,1.3,1.4
Maryland,2 wk ahead,percent,0.00400016048787376,Bin,1.4,1.5
Maryland,2 wk ahead,percent,0.00200019514107677,Bin,1.5,1.6
Maryland,2 wk ahead,percent,0.00200020885820074,Bin,1.6,1.7
Maryland,2 wk ahead,percent,0.00200022115140391,Bin,1.7,1.8
Maryland,2 wk ahead,percent,0.0100001526137831,Bin,1.8,1.9
Maryland,2 wk ahead,percent,2.6033428170189e-07,Bin,1.9,2.0
Maryland,2 wk ahead,percent,0.00400022750915982,Bin,2.0,2.1
Maryland,2 wk ahead,percent,0.0120001530050295,Bin,2.1,2.2
Maryland,2 wk ahead,percent,0.004000234699662,Bin,2.2,2.3
Maryland,2 wk ahead,percent,0.0140001361632063,Bin,2.3,2.4
Maryland,2 wk ahead,percent,0.0180000949593437,Bin,2.4,2.5
Maryland,2 wk ahead,percent,0.0160001112041423,Bin,2.5,2.6
Maryland,2 wk ahead,percent,0.0299999673528216,Bin,2.6,2.7
Maryland,2 wk ahead,percent,0.0200000594232948,Bin,2.7,2.8
Maryland,2 wk ahead,percent,0.0279999720242775,Bin,2.8,2.9
Maryland,2 wk ahead,percent,0.0200000418516257,Bin,2.9,3.0
Maryland,2 wk ahead,percent,0.0299999327141226,Bin,3.0,3.1
Maryland,2 wk ahead,percent,0.0220000011176644,Bin,3.1,3.2
Maryland,2 wk ahead,percent,0.0239999702466721,Bin,3.2,3.3
Maryland,2 wk ahead,percent,0.0160000382601322,Bin,3.3,3.4
Maryland,2 wk ahead,percent,0.0199999876789714,Bin,3.4,3.5
Maryland,2 wk ahead,percent,0.0259999176511667,Bin,3.5,3.6
Maryland,2 wk ahead,percent,0.0259999074956422,Bin,3.6,3.7
Maryland,2 wk ahead,percent,0.0379997792043524,Bin,3.7,3.8
Maryland,2 wk ahead,percent,0.0199999484616587,Bin,3.8,3.9
Maryland,2 wk ahead,percent,0.0219999205175137,Bin,3.9,4.0
Maryland,2 wk ahead,percent,0.0219999130699573,Bin,4.0,4.1
Maryland,2 wk ahead,percent,0.0259998667143037,Bin,4.1,4.2
Maryland,2 wk ahead,percent,0.0259998605687154,Bin,4.2,4.3
Maryland,2 wk ahead,percent,0.0199999143722267,Bin,4.3,4.4
Maryland,2 wk ahead,percent,0.0100000082845346,Bin,4.4,4.5
Maryland,2 wk ahead,percent,0.0179999245644956,Bin,4.5,4.6
Maryland,2 wk ahead,percent,0.0159999402650095,Bin,4.6,4.7
Maryland,2 wk ahead,percent,0.0319997783007387,Bin,4.7,4.8
Maryland,2 wk ahead,percent,0.0159999334547881,Bin,4.8,4.9
Maryland,2 wk ahead,percent,0.0139999505394221,Bin,4.9,5.0
Maryland,2 wk ahead,percent,0.021999869143878,Bin,5.0,5.1
Maryland,2 wk ahead,percent,0.0119999663409084,Bin,5.1,5.2
Maryland,2 wk ahead,percent,0.00600002440426778,Bin,5.2,5.3
Maryland,2 wk ahead,percent,0.00800000370312213,Bin,5.3,5.4
Maryland,2 wk ahead,percent,0.0159999239523901,Bin,5.4,5.5
Maryland,2 wk ahead,percent,0.01599992358652,Bin,5.5,5.6
Maryland,2 wk ahead,percent,0.0179999035223438,Bin,5.6,5.7
Maryland,2 wk ahead,percent,0.0239998438260529,Bin,5.7,5.8
Maryland,2 wk ahead,percent,0.0119999620528217,Bin,5.8,5.9
Maryland,2 wk ahead,percent,0.0159999216113778,Bin,5.9,6.0
Maryland,2 wk ahead,percent,0.0139999400814325,Bin,6.0,6.1
Maryland,2 wk ahead,percent,0.0139999382028867,Bin,6.1,6.2
Maryland,2 wk ahead,percent,0.0119999554992473,Bin,6.2,6.3
Maryland,2 wk ahead,percent,0.00600001174288131,Bin,6.3,6.4
Maryland,2 wk ahead,percent,0.00999996841882015,Bin,6.4,6.5
Maryland,2 wk ahead,percent,0.00600000370992747,Bin,6.5,6.6
Maryland,2 wk ahead,percent,0.0099999593813167,Bin,6.6,6.7
Maryland,2 wk ahead,percent,0.0139999147170067,Bin,6.7,6.8
Maryland,2 wk ahead,percent,0.00400000838975038,Bin,6.8,6.9
Maryland,2 wk ahead,percent,0.00999994367083122,Bin,6.9,7.0
Maryland,2 wk ahead,percent,3.73536125958158e-08,Bin,7.0,7.1
Maryland,2 wk ahead,percent,3.22738565377717e-08,Bin,7.1,7.2
Maryland,2 wk ahead,percent,0.00599996811598296,Bin,7.2,7.3
Maryland,2 wk ahead,percent,0.0039999834973291,Bin,7.3,7.4
Maryland,2 wk ahead,percent,0.00599995972470681,Bin,7.4,7.5
Maryland,2 wk ahead,percent,1.55751668502613e-08,Bin,7.5,7.6
Maryland,2 wk ahead,percent,0.00399997293523144,Bin,7.6,7.7
Maryland,2 wk ahead,percent,0.00399997033117251,Bin,7.7,7.8
Maryland,2 wk ahead,percent,7.73648321801073e-09,Bin,7.8,7.9
Maryland,2 wk ahead,percent,5.94921418797378e-09,Bin,7.9,8.0
Maryland,2 wk ahead,percent,4.50771799154241e-09,Bin,8.0,8.1
Maryland,2 wk ahead,percent,0.00399996378310129,Bin,8.1,8.2
Maryland,2 wk ahead,percent,2.47583005554786e-09,Bin,8.2,8.3
Maryland,2 wk ahead,percent,0.00399996221217038,Bin,8.3,8.4
Maryland,2 wk ahead,percent,0.00599994190802905,Bin,8.4,8.5
Maryland,2 wk ahead,percent,0.00199998111201426,Bin,8.5,8.6
Maryland,2 wk ahead,percent,7.76417411914814e-10,Bin,8.6,8.7
Maryland,2 wk ahead,percent,0.00199998098523326,Bin,8.7,8.8
Maryland,2 wk ahead,percent,7.76417411914814e-10,Bin,8.8,8.9
Maryland,2 wk ahead,percent,0.00199998098523326,Bin,8.9,9.0
Maryland,2 wk ahead,percent,7.76417411914814e-10,Bin,9.0,9.1
Maryland,2 wk ahead,percent,7.76417411914814e-10,Bin,9.1,9.2
Maryland,2 wk ahead,percent,7.76417411914814e-10,Bin,9.2,9.3
Maryland,2 wk ahead,percent,7.76417411914814e-10,Bin,9.3,9.4
Maryland,2 wk ahead,percent,0.00199998098523326,Bin,9.4,9.5
Maryland,2 wk ahead,percent,0.00199998098523326,Bin,9.5,9.6
Maryland,2 wk ahead,percent,0.00599994140286495,Bin,9.6,9.7
Maryland,2 wk ahead,percent,7.76417411914814e-10,Bin,9.7,9.8
Maryland,2 wk ahead,percent,0.00199998098523326,Bin,9.8,9.9
Maryland,2 wk ahead,percent,0.00199998098523326,Bin,9.9,10.0
Maryland,2 wk ahead,percent,7.76417411914814e-10,Bin,10.0,10.1
Maryland,2 wk ahead,percent,0.00199998098523326,Bin,10.1,10.2
Maryland,2 wk ahead,percent,7.76417411914814e-10,Bin,10.2,10.3
Maryland,2 wk ahead,percent,7.76417411914814e-10,Bin,10.3,10.4
Maryland,2 wk ahead,percent,0.0039999611940491,Bin,10.4,10.5
Maryland,2 wk ahead,percent,0.00199998098523326,Bin,10.5,10.6
Maryland,2 wk ahead,percent,0.00199998098523326,Bin,10.6,10.7
Maryland,2 wk ahead,percent,7.76417411914814e-10,Bin,10.7,10.8
Maryland,2 wk ahead,percent,7.76417411914814e-10,Bin,10.8,10.9
Maryland,2 wk ahead,percent,0.00199998098523326,Bin,10.9,11.0
Maryland,2 wk ahead,percent,7.76417411914814e-10,Bin,11.0,11.1
Maryland,2 wk ahead,percent,0.0039999611940491,Bin,11.1,11.2
Maryland,2 wk ahead,percent,0.00199998098523326,Bin,11.2,11.3
Maryland,2 wk ahead,percent,7.76417411914814e-10,Bin,11.3,11.4
Maryland,2 wk ahead,percent,7.76417411914814e-10,Bin,11.4,11.5
Maryland,2 wk ahead,percent,7.76417411914814e-10,Bin,11.5,11.6
Maryland,2 wk ahead,percent,7.76417411914814e-10,Bin,11.6,11.7
Maryland,2 wk ahead,percent,0.00199998098523326,Bin,11.7,11.8
Maryland,2 wk ahead,percent,7.76417411914814e-10,Bin,11.8,11.9
Maryland,2 wk ahead,percent,7.76417411914814e-10,Bin,11.9,12.0
Maryland,2 wk ahead,percent,7.76417411914814e-10,Bin,12.0,12.1
Maryland,2 wk ahead,percent,0.00199998098523326,Bin,12.1,12.2
Maryland,2 wk ahead,percent,0.00199998098523326,Bin,12.2,12.3
Maryland,2 wk ahead,percent,7.76417411914814e-10,Bin,12.3,12.4
Maryland,2 wk ahead,percent,7.76417411914814e-10,Bin,12.4,12.5
Maryland,2 wk ahead,percent,7.76417411914814e-10,Bin,12.5,12.6
Maryland,2 wk ahead,percent,0.00199998098523326,Bin,12.6,12.7
Maryland,2 wk ahead,percent,7.76417411914814e-10,Bin,12.7,12.8
Maryland,2 wk ahead,percent,7.76417411914814e-10,Bin,12.8,12.9
Maryland,2 wk ahead,percent,0.00199998098523326,Bin,12.9,13.0
Maryland,2 wk ahead,percent,0.0239997632822076,Bin,13.0,100.0
Maryland,3 wk ahead,percent,7.38858823351116e-10,Bin,0.0,0.1
Maryland,3 wk ahead,percent,2.32566234914799e-09,Bin,0.1,0.2
Maryland,3 wk ahead,percent,4.28141096446467e-09,Bin,0.2,0.3
Maryland,3 wk ahead,percent,7.51384844674605e-09,Bin,0.3,0.4
Maryland,3 wk ahead,percent,1.25811896291028e-08,Bin,0.4,0.5
Maryland,3 wk ahead,percent,2.01028891140278e-08,Bin,0.5,0.6
Maryland,3 wk ahead,percent,0.0059999713125586,Bin,0.6,0.7
Maryland,3 wk ahead,percent,4.47911251079842e-08,Bin,0.7,0.8
Maryland,3 wk ahead,percent,0.00200004280809795,Bin,0.8,0.9
Maryland,3 wk ahead,percent,0.00200006412378945,Bin,0.9,1.0
Maryland,3 wk ahead,percent,1.08123445170406e-07,Bin,1.0,1.1
Maryland,3 wk ahead,percent,1.34276508285165e-07,Bin,1.1,1.2
Maryland,3 wk ahead,percent,1.61263796524286e-07,Bin,1.2,1.3
Maryland,3 wk ahead,percent,0.0020001682769879,Bin,1.3,1.4
Maryland,3 wk ahead,percent,0.00200019421559373,Bin,1.4,1.5
Maryland,3 wk ahead,percent,0.00400019932004865,Bin,1.5,1.6
Maryland,3 wk ahead,percent,0.00600020372225564,Bin,1.6,1.7
Maryland,3 wk ahead,percent,0.0040002477176293,Bin,1.7,1.8
Maryland,3 wk ahead,percent,0.0120001935471813,Bin,1.8,1.9
Maryland,3 wk ahead,percent,0.00600027917492154,Bin,1.9,2.0
Maryland,3 wk ahead,percent,0.0140002273222793,Bin,2.0,2.1
Maryland,3 wk ahead,percent,0.020000195230698,Bin,2.1,2.2
Maryland,3 wk ahead,percent,0.0120002996813613,Bin,2.2,2.3
Maryland,3 wk ahead,percent,0.0260001818682737,Bin,2.3,2.4
Maryland,3 wk ahead,percent,0.0180002745189759,Bin,2.4,2.5
Maryland,3 wk ahead,percent,0.038000080661158,Bin,2.5,2.6
Maryland,3 wk ahead,percent,0.0200002521672257,Bin,2.6,2.7
Maryland,3 wk ahead,percent,0.030000135919656,Bin,2.7,2.8
Maryland,3 wk ahead,percent,0.0320000893446194,Bin,2.8,2.9
Maryland,3 wk ahead,percent,0.022000154040579,Bin,2.9,3.0
Maryland,3 wk ahead,percent,0.0320000157980825,Bin,3.0,3.1
Maryland,3 wk ahead,percent,0.0160001322321239,Bin,3.1,3.2
Maryland,3 wk ahead,percent,0.0259999908865128,Bin,3.2,3.3
Maryland,3 wk ahead,percent,0.0259999497025223,Bin,3.3,3.4
Maryland,3 wk ahead,percent,0.0199999704036368,Bin,3.4,3.5
Maryland,3 wk ahead,percent,0.027999856059941,Bin,3.5,3.6
Maryland,3 wk ahead,percent,0.0279998250821509,Bin,3.6,3.7
Maryland,3 wk ahead,percent,0.0179998977026527,Bin,3.7,3.8
Maryland,3 wk ahead,percent,0.0199998563692154,Bin,3.8,3.9
Maryland,3 wk ahead,percent,0.0259997801079807,Bin,3.9,4.0
Maryland,3 wk ahead,percent,0.0139998862058702,Bin,4.0,4.1
Maryland,3 wk ahead,percent,0.0279997386543534,Bin,4.1,4.2
Maryland,3 wk ahead,percent,0.033999673219597,Bin,4.2,4.3
Maryland,3 wk ahead,percent,0.0259997486105571,Bin,4.3,4.4
Maryland,3 wk ahead,percent,0.00599994450150443,Bin,4.4,4.5
Maryland,3 wk ahead,percent,0.0199998053456677,Bin,4.5,4.6
Maryland,3 wk ahead,percent,0.017999825792351,Bin,4.6,4.7
Maryland,3 wk ahead,percent,0.0159998476051453,Bin,4.7,4.8
Maryland,3 wk ahead,percent,0.011999890855808,Bin,4.8,4.9
Maryland,3 wk ahead,percent,0.00999991636238746,Bin,4.9,5.0
Maryland,3 wk ahead,percent,0.0159998651554373,Bin,5.0,5.1
Maryland,3 wk ahead,percent,0.00599997498569426,Bin,5.1,5.2
Maryland,3 wk ahead,percent,0.017999869759195,Bin,5.2,5.3
Maryland,3 wk ahead,percent,0.0179998853904173,Bin,5.3,5.4
Maryland,3 wk ahead,percent,0.013999941648073,Bin,5.4,5.5
Maryland,3 wk ahead,percent,0.00800001719005272,Bin,5.5,5.6
Maryland,3 wk ahead,percent,0.00600005082675658,Bin,5.6,5.7
Maryland,3 wk ahead,percent,0.00400008036748982,Bin,5.7,5.8
Maryland,3 wk ahead,percent,0.0159999659337492,Bin,5.8,5.9
Maryland,3 wk ahead,percent,0.0100000235669647,Bin,5.9,6.0
Maryland,3 wk ahead,percent,0.00400007539155047,Bin,6.0,6.1
Maryland,3 wk ahead,percent,0.0100000037298055,Bin,6.1,6.2
Maryland,3 wk ahead,percent,0.0060000279107845,Bin,6.2,6.3
Maryland,3 wk ahead,percent,0.00400003103140907,Bin,6.3,6.4
Maryland,3 wk ahead,percent,0.00400001478775614,Bin,6.4,6.5
Maryland,3 wk ahead,percent,0.00200002005301886,Bin,6.5,6.6
Maryland,3 wk ahead,percent,0.00599996841479575,Bin,6.6,6.7
Maryland,3 wk ahead,percent,0.0139998799084914,Bin,6.7,6.8
Maryland,3 wk ahead,percent,0.0119998929074243,Bin,6.8,6.9
Maryland,3 wk ahead,percent,0.00799992784217286,Bin,6.9,7.0
Maryland,3 wk ahead,percent,0.00399996442812722,Bin,7.0,7.1
Maryland,3 wk ahead,percent,0.00599994281068605,Bin,7.1,7.2
Maryland,3 wk ahead,percent,0.0039999618332958,Bin,7.2,7.3
Maryland,3 wk ahead,percent,0.0019999816126812,Bin,7.3,7.4
Maryland,3 wk ahead,percent,0.0059999420303129,Bin,7.4,7.5
Maryland,3 wk ahead,percent,0.0019999816126812,Bin,7.5,7.6
Maryland,3 wk ahead,percent,0.00399996182149705,Bin,7.6,7.7
Maryland,3 wk ahead,percent,0.00399996182149705,Bin,7.7,7.8
Maryland,3 wk ahead,percent,0.0059999420303129,Bin,7.8,7.9
Maryland,3 wk ahead,percent,0.0019999816126812,Bin,7.9,8.0
Maryland,3 wk ahead,percent,0.0019999816126812,Bin,8.0,8.1
Maryland,3 wk ahead,percent,1.40386535731757e-09,Bin,8.1,8.2
Maryland,3 wk ahead,percent,0.0019999816126812,Bin,8.2,8.3
Maryland,3 wk ahead,percent,1.40386535731757e-09,Bin,8.3,8.4
Maryland,3 wk ahead,percent,1.40386535731757e-09,Bin,8.4,8.5
Maryland,3 wk ahead,percent,0.0019999816126812,Bin,8.5,8.6
Maryland,3 wk ahead,percent,0.0059999420303129,Bin,8.6,8.7
Maryland,3 wk ahead,percent,1.40386535731757e-09,Bin,8.7,8.8
Maryland,3 wk ahead,percent,0.0019999816126812,Bin,8.8,8.9
Maryland,3 wk ahead,percent,0.0059999420303129,Bin,8.9,9.0
Maryland,3 wk ahead,percent,1.40386535731757e-09,Bin,9.0,9.1
Maryland,3 wk ahead,percent,1.40386535731757e-09,Bin,9.1,9.2
Maryland,3 wk ahead,percent,1.40386535731757e-09,Bin,9.2,9.3
Maryland,3 wk ahead,percent,0.00399996182149705,Bin,9.3,9.4
Maryland,3 wk ahead,percent,0.0019999816126812,Bin,9.4,9.5
Maryland,3 wk ahead,percent,1.40386535731757e-09,Bin,9.5,9.6
Maryland,3 wk ahead,percent,0.0019999816126812,Bin,9.6,9.7
Maryland,3 wk ahead,percent,1.40386535731757e-09,Bin,9.7,9.8
Maryland,3 wk ahead,percent,1.40386535731757e-09,Bin,9.8,9.9
Maryland,3 wk ahead,percent,1.40386535731757e-09,Bin,9.9,10.0
Maryland,3 wk ahead,percent,1.40386535731757e-09,Bin,10.0,10.1
Maryland,3 wk ahead,percent,0.00399996182149705,Bin,10.1,10.2
Maryland,3 wk ahead,percent,0.00399996182149705,Bin,10.2,10.3
Maryland,3 wk ahead,percent,1.40386535731757e-09,Bin,10.3,10.4
Maryland,3 wk ahead,percent,1.40386535731757e-09,Bin,10.4,10.5
Maryland,3 wk ahead,percent,1.40386535731757e-09,Bin,10.5,10.6
Maryland,3 wk ahead,percent,1.40386535731757e-09,Bin,10.6,10.7
Maryland,3 wk ahead,percent,1.40386535731757e-09,Bin,10.7,10.8
Maryland,3 wk ahead,percent,1.40386535731757e-09,Bin,10.8,10.9
Maryland,3 wk ahead,percent,0.00399996182149705,Bin,10.9,11.0
Maryland,3 wk ahead,percent,1.40386535731757e-09,Bin,11.0,11.1
Maryland,3 wk ahead,percent,1.40386535731757e-09,Bin,11.1,11.2
Maryland,3 wk ahead,percent,0.0019999816126812,Bin,11.2,11.3
Maryland,3 wk ahead,percent,1.40386535731757e-09,Bin,11.3,11.4
Maryland,3 wk ahead,percent,1.40386535731757e-09,Bin,11.4,11.5
Maryland,3 wk ahead,percent,1.40386535731757e-09,Bin,11.5,11.6
Maryland,3 wk ahead,percent,1.40386535731757e-09,Bin,11.6,11.7
Maryland,3 wk ahead,percent,1.40386535731757e-09,Bin,11.7,11.8
Maryland,3 wk ahead,percent,1.40386535731757e-09,Bin,11.8,11.9
Maryland,3 wk ahead,percent,1.40386535731757e-09,Bin,11.9,12.0
Maryland,3 wk ahead,percent,1.40386535731757e-09,Bin,12.0,12.1
Maryland,3 wk ahead,percent,0.0019999816126812,Bin,12.1,12.2
Maryland,3 wk ahead,percent,1.40386535731757e-09,Bin,12.2,12.3
Maryland,3 wk ahead,percent,0.00399996182149705,Bin,12.3,12.4
Maryland,3 wk ahead,percent,0.00399996182149705,Bin,12.4,12.5
Maryland,3 wk ahead,percent,0.0019999816126812,Bin,12.5,12.6
Maryland,3 wk ahead,percent,1.40386535731757e-09,Bin,12.6,12.7
Maryland,3 wk ahead,percent,1.40386535731757e-09,Bin,12.7,12.8
Maryland,3 wk ahead,percent,1.40386535731757e-09,Bin,12.8,12.9
Maryland,3 wk ahead,percent,1.40386535731757e-09,Bin,12.9,13.0
Maryland,3 wk ahead,percent,0.017999823283208,Bin,13.0,100.0
Maryland,4 wk ahead,percent,5.28623567265963e-09,Bin,0.0,0.1
Maryland,4 wk ahead,percent,1.46224720140202e-08,Bin,0.1,0.2
Maryland,4 wk ahead,percent,2.17775818220543e-08,Bin,0.2,0.3
Maryland,4 wk ahead,percent,3.14390809471248e-08,Bin,0.3,0.4
Maryland,4 wk ahead,percent,0.00200002421440429,Bin,0.4,0.5
Maryland,4 wk ahead,percent,5.9744557060777e-08,Bin,0.5,0.6
Maryland,4 wk ahead,percent,7.87112638443607e-08,Bin,0.6,0.7
Maryland,4 wk ahead,percent,1.00689591396949e-07,Bin,0.7,0.8
Maryland,4 wk ahead,percent,0.0040000855793345,Bin,0.8,0.9
Maryland,4 wk ahead,percent,0.00200013153334959,Bin,0.9,1.0
Maryland,4 wk ahead,percent,1.78157609967493e-07,Bin,1.0,1.1
Maryland,4 wk ahead,percent,0.00200018474823341,Bin,1.1,1.2
Maryland,4 wk ahead,percent,2.29387118131097e-07,Bin,1.2,1.3
Maryland,4 wk ahead,percent,0.00600019242183266,Bin,1.3,1.4
Maryland,4 wk ahead,percent,0.00600021177145548,Bin,1.4,1.5
Maryland,4 wk ahead,percent,0.00800020799200979,Bin,1.5,1.6
Maryland,4 wk ahead,percent,0.00800022071927086,Bin,1.6,1.7
Maryland,4 wk ahead,percent,0.0160001513246822,Bin,1.7,1.8
Maryland,4 wk ahead,percent,0.0200001190622471,Bin,1.8,1.9
Maryland,4 wk ahead,percent,0.026000065153509,Bin,1.9,2.0
Maryland,4 wk ahead,percent,0.0140001881098884,Bin,2.0,2.1
Maryland,4 wk ahead,percent,0.0240000926591198,Bin,2.1,2.2
Maryland,4 wk ahead,percent,0.032000016763517,Bin,2.2,2.3
Maryland,4 wk ahead,percent,0.0359999805716196,Bin,2.3,2.4
Maryland,4 wk ahead,percent,0.0200001426242629,Bin,2.4,2.5
Maryland,4 wk ahead,percent,0.0240001071140721,Bin,2.5,2.6
Maryland,4 wk ahead,percent,0.0180001706767809,Bin,2.6,2.7
Maryland,4 wk ahead,percent,0.0280000755094113,Bin,2.7,2.8
Maryland,4 wk ahead,percent,0.0419999395584124,Bin,2.8,2.9
Maryland,4 wk ahead,percent,0.0399999597180765,Bin,2.9,3.0
Maryland,4 wk ahead,percent,0.0260000952986311,Bin,3.0,3.1
Maryland,4 wk ahead,percent,0.0300000484110137,Bin,3.1,3.2
Maryland,4 wk ahead,percent,0.0339999964330922,Bin,3.2,3.3
Maryland,4 wk ahead,percent,0.0339999786425111,Bin,3.3,3.4
Maryland,4 wk ahead,percent,0.0220000744284751,Bin,3.4,3.5
Maryland,4 wk ahead,percent,0.0260000074760103,Bin,3.5,3.6
Maryland,4 wk ahead,percent,0.023999996698153,Bin,3.6,3.7
Maryland,4 wk ahead,percent,0.0339998654673459,Bin,3.7,3.8
Maryland,4 wk ahead,percent,0.0160000111903568,Bin,3.8,3.9
Maryland,4 wk ahead,percent,0.0179999603536913,Bin,3.9,4.0
Maryland,4 wk ahead,percent,0.0219998922863397,Bin,4.0,4.1
Maryland,4 wk ahead,percent,0.00999998595406408,Bin,4.1,4.2
Maryland,4 wk ahead,percent,0.0299997668157571,Bin,4.2,4.3
Maryland,4 wk ahead,percent,0.0139999078506086,Bin,4.3,4.4
Maryland,4 wk ahead,percent,0.00999993385532405,Bin,4.4,4.5
Maryland,4 wk ahead,percent,0.0119999037827076,Bin,4.5,4.6
Maryland,4 wk ahead,percent,0.0119998962679562,Bin,4.6,4.7
Maryland,4 wk ahead,percent,0.0199998117993995,Bin,4.7,4.8
Maryland,4 wk ahead,percent,0.0179998279741419,Bin,4.8,4.9
Maryland,4 wk ahead,percent,0.0159998453814771,Bin,4.9,5.0
Maryland,4 wk ahead,percent,0.00799992302719222,Bin,5.0,5.1
Maryland,4 wk ahead,percent,0.00999990259409081,Bin,5.1,5.2
Maryland,4 wk ahead,percent,0.0139998630059497,Bin,5.2,5.3
Maryland,4 wk ahead,percent,0.0039999619618705,Bin,5.3,5.4
Maryland,4 wk ahead,percent,0.00999990258831804,Bin,5.4,5.5
Maryland,4 wk ahead,percent,0.0119998827971339,Bin,5.5,5.6
Maryland,4 wk ahead,percent,0.0039999619618705,Bin,5.6,5.7
Maryland,4 wk ahead,percent,0.00799992237950219,Bin,5.7,5.8
Maryland,4 wk ahead,percent,0.0039999619618705,Bin,5.8,5.9
Maryland,4 wk ahead,percent,1.54423880700409e-09,Bin,5.9,6.0
Maryland,4 wk ahead,percent,0.00799992237950219,Bin,6.0,6.1
Maryland,4 wk ahead,percent,0.00599994217068635,Bin,6.1,6.2
Maryland,4 wk ahead,percent,0.0159998432147656,Bin,6.2,6.3
Maryland,4 wk ahead,percent,0.00199998175305465,Bin,6.3,6.4
Maryland,4 wk ahead,percent,0.00199998175305465,Bin,6.4,6.5
Maryland,4 wk ahead,percent,0.00199998175305465,Bin,6.5,6.6
Maryland,4 wk ahead,percent,0.00199998175305465,Bin,6.6,6.7
Maryland,4 wk ahead,percent,0.00199998175305465,Bin,6.7,6.8
Maryland,4 wk ahead,percent,0.0039999619618705,Bin,6.8,6.9
Maryland,4 wk ahead,percent,1.54423880700409e-09,Bin,6.9,7.0
Maryland,4 wk ahead,percent,0.00199998175305465,Bin,7.0,7.1
Maryland,4 wk ahead,percent,0.00199998175305465,Bin,7.1,7.2
Maryland,4 wk ahead,percent,1.54423880700409e-09,Bin,7.2,7.3
Maryland,4 wk ahead,percent,1.54423880700409e-09,Bin,7.3,7.4
Maryland,4 wk ahead,percent,0.00199998175305465,Bin,7.4,7.5
Maryland,4 wk ahead,percent,1.54423880700409e-09,Bin,7.5,7.6
Maryland,4 wk ahead,percent,0.00799992237950219,Bin,7.6,7.7
Maryland,4 wk ahead,percent,0.00199998175305465,Bin,7.7,7.8
Maryland,4 wk ahead,percent,0.00199998175305465,Bin,7.8,7.9
Maryland,4 wk ahead,percent,1.54423880700409e-09,Bin,7.9,8.0
Maryland,4 wk ahead,percent,0.0039999619618705,Bin,8.0,8.1
Maryland,4 wk ahead,percent,0.00199998175305465,Bin,8.1,8.2
Maryland,4 wk ahead,percent,0.00599994217068635,Bin,8.2,8.3
Maryland,4 wk ahead,percent,1.54423880700412e-09,Bin,8.3,8.4
Maryland,4 wk ahead,percent,1.54423880700412e-09,Bin,8.4,8.5
Maryland,4 wk ahead,percent,1.54423880700412e-09,Bin,8.5,8.6
Maryland,4 wk ahead,percent,1.54423880700412e-09,Bin,8.6,8.7
Maryland,4 wk ahead,percent,1.54423880700412e-09,Bin,8.7,8.8
Maryland,4 wk ahead,percent,0.00199998175305465,Bin,8.8,8.9
Maryland,4 wk ahead,percent,1.54423880700412e-09,Bin,8.9,9.0
Maryland,4 wk ahead,percent,1.54423880700412e-09,Bin,9.0,9.1
Maryland,4 wk ahead,percent,1.54423880700412e-09,Bin,9.1,9.2
Maryland,4 wk ahead,percent,0.00199998175305465,Bin,9.2,9.3
Maryland,4 wk ahead,percent,0.00199998175305465,Bin,9.3,9.4
Maryland,4 wk ahead,percent,1.54423880700412e-09,Bin,9.4,9.5
Maryland,4 wk ahead,percent,1.54423880700412e-09,Bin,9.5,9.6
Maryland,4 wk ahead,percent,1.54423880700412e-09,Bin,9.6,9.7
Maryland,4 wk ahead,percent,1.54423880700412e-09,Bin,9.7,9.8
Maryland,4 wk ahead,percent,1.54423880700412e-09,Bin,9.8,9.9
Maryland,4 wk ahead,percent,1.54423880700412e-09,Bin,9.9,10.0
Maryland,4 wk ahead,percent,1.54423880700412e-09,Bin,10.0,10.1
Maryland,4 wk ahead,percent,1.54423880700412e-09,Bin,10.1,10.2
Maryland,4 wk ahead,percent,1.54423880700412e-09,Bin,10.2,10.3
Maryland,4 wk ahead,percent,0.00199998175305465,Bin,10.3,10.4
Maryland,4 wk ahead,percent,0.00199998175305465,Bin,10.4,10.5
Maryland,4 wk ahead,percent,1.54423880700412e-09,Bin,10.5,10.6
Maryland,4 wk ahead,percent,1.54423880700412e-09,Bin,10.6,10.7
Maryland,4 wk ahead,percent,1.54423880700412e-09,Bin,10.7,10.8
Maryland,4 wk ahead,percent,1.54423880700412e-09,Bin,10.8,10.9
Maryland,4 wk ahead,percent,0.00199998175305465,Bin,10.9,11.0
Maryland,4 wk ahead,percent,1.54423880700412e-09,Bin,11.0,11.1
Maryland,4 wk ahead,percent,1.54423880700412e-09,Bin,11.1,11.2
Maryland,4 wk ahead,percent,1.54423880700412e-09,Bin,11.2,11.3
Maryland,4 wk ahead,percent,0.0039999619618705,Bin,11.3,11.4
Maryland,4 wk ahead,percent,0.00199998175305465,Bin,11.4,11.5
Maryland,4 wk ahead,percent,1.54423880700412e-09,Bin,11.5,11.6
Maryland,4 wk ahead,percent,1.54423880700412e-09,Bin,11.6,11.7
Maryland,4 wk ahead,percent,1.54423880700412e-09,Bin,11.7,11.8
Maryland,4 wk ahead,percent,0.00199998175305465,Bin,11.8,11.9
Maryland,4 wk ahead,percent,1.54423880700412e-09,Bin,11.9,12.0
Maryland,4 wk ahead,percent,1.54423880700412e-09,Bin,12.0,12.1
Maryland,4 wk ahead,percent,1.54423880700412e-09,Bin,12.1,12.2
Maryland,4 wk ahead,percent,0.00199998175305465,Bin,12.2,12.3
Maryland,4 wk ahead,percent,0.00199998175305465,Bin,12.3,12.4
Maryland,4 wk ahead,percent,1.54423880700412e-09,Bin,12.4,12.5
Maryland,4 wk ahead,percent,1.54423880700412e-09,Bin,12.5,12.6
Maryland,4 wk ahead,percent,0.00199998175305465,Bin,12.6,12.7
Maryland,4 wk ahead,percent,0.00199998175305465,Bin,12.7,12.8
Maryland,4 wk ahead,percent,1.54423880700412e-09,Bin,12.8,12.9
Maryland,4 wk ahead,percent,1.54423880700412e-09,Bin,12.9,13.0
Maryland,4 wk ahead,percent,0.0179998234235814,Bin,13.0,100.0
Maryland,Season peak percentage,percent,1.29510487797852e-05,Bin,0.0,0.1
Maryland,Season peak percentage,percent,2.59020975595705e-05,Bin,0.1,0.2
Maryland,Season peak percentage,percent,2.59020975595705e-05,Bin,0.2,0.3
Maryland,Season peak percentage,percent,2.59020975595705e-05,Bin,0.3,0.4
Maryland,Season peak percentage,percent,2.59959186244814e-05,Bin,0.4,0.5
Maryland,Season peak percentage,percent,3.25729847917434e-05,Bin,0.5,0.6
Maryland,Season peak percentage,percent,4.57413492365261e-05,Bin,0.6,0.7
Maryland,Season peak percentage,percent,6.33950426517786e-05,Bin,0.7,0.8
Maryland,Season peak percentage,percent,8.67777957266635e-05,Bin,0.8,0.9
Maryland,Season peak percentage,percent,0.000117265351352891,Bin,0.9,1.0
Maryland,Season peak percentage,percent,0.000156500712996036,Bin,1.0,1.1
Maryland,Season peak percentage,percent,0.00020628871736206,Bin,1.1,1.2
Maryland,Season peak percentage,percent,0.000268626918036386,Bin,1.2,1.3
Maryland,Season peak percentage,percent,0.00034556588382005,Bin,1.3,1.4
Maryland,Season peak percentage,percent,0.000439382201428176,Bin,1.4,1.5
Maryland,Season peak percentage,percent,0.000552172047300489,Bin,1.5,1.6
Maryland,Season peak percentage,percent,0.000686047651130382,Bin,1.6,1.7
Maryland,Season peak percentage,percent,0.000842912103046442,Bin,1.7,1.8
Maryland,Season peak percentage,percent,0.00102451742829985,Bin,1.8,1.9
Maryland,Season peak percentage,percent,0.00123206042699974,Bin,1.9,2.0
Maryland,Season peak percentage,percent,0.00146654399439936,Bin,2.0,2.1
Maryland,Season peak percentage,percent,0.00172830440336901,Bin,2.1,2.2
Maryland,Season peak percentage,percent,0.00201716585631421,Bin,2.2,2.3
Maryland,Season peak percentage,percent,0.00233230399914779,Bin,2.3,2.4
Maryland,Season peak percentage,percent,0.00267241918718731,Bin,2.4,2.5
Maryland,Season peak percentage,percent,0.00303527431142577,Bin,2.5,2.6
Maryland,Season peak percentage,percent,0.00341810319551615,Bin,2.6,2.7
Maryland,Season peak percentage,percent,0.00381736850052708,Bin,2.7,2.8
Maryland,Season peak percentage,percent,0.00422878209329208,Bin,2.8,2.9
Maryland,Season peak percentage,percent,0.00464731819464158,Bin,2.9,3.0
Maryland,Season peak percentage,percent,0.00506724829393133,Bin,3.0,3.1
Maryland,Season peak percentage,percent,0.00548216429908056,Bin,3.1,3.2
Maryland,Season peak percentage,percent,0.00588507247013872,Bin,3.2,3.3
Maryland,Season peak percentage,percent,0.00626857722699463,Bin,3.3,3.4
Maryland,Season peak percentage,percent,0.00662502749150306,Bin,3.4,3.5
Maryland,Season peak percentage,percent,0.00694700761723132,Bin,3.5,3.6
Maryland,Season peak percentage,percent,0.00722721612061967,Bin,3.6,3.7
Maryland,Season peak percentage,percent,0.00745949969392683,Bin,3.7,3.8
Maryland,Season peak percentage,percent,0.0076387895636737,Bin,3.8,3.9
Maryland,Season peak percentage,percent,0.00776170480847626,Bin,3.9,4.0
Maryland,Season peak percentage,percent,0.00782660917306541,Bin,4.0,4.1
Maryland,Season peak percentage,percent,0.00783443489973739,Bin,4.1,4.2
Maryland,Season peak percentage,percent,0.00778806975982973,Bin,4.2,4.3
Maryland,Season peak percentage,percent,0.00769280642503006,Bin,4.3,4.4
Maryland,Season peak percentage,percent,0.00755595859760621,Bin,4.4,4.5
Maryland,Season peak percentage,percent,0.00738634284339678,Bin,4.5,4.6
Maryland,Season peak percentage,percent,0.0071937237547455,Bin,4.6,4.7
Maryland,Season peak percentage,percent,0.00698834211244912,Bin,4.7,4.8
Maryland,Season peak percentage,percent,0.00677998358549108,Bin,4.8,4.9
Maryland,Season peak percentage,percent,0.00657736054698639,Bin,4.9,5.0
Maryland,Season peak percentage,percent,0.00638742542420982,Bin,5.0,5.1
Maryland,Season peak percentage,percent,0.00621490150979151,Bin,5.1,5.2
Maryland,Season peak percentage,percent,0.00606208602183164,Bin,5.2,5.3
Maryland,Season peak percentage,percent,0.0059285643738888,Bin,5.3,5.4
Maryland,Season peak percentage,percent,0.00581146863444802,Bin,5.4,5.5
Maryland,Season peak percentage,percent,0.00570586148546899,Bin,5.5,5.6
Maryland,Season peak percentage,percent,0.0056052094411752,Bin,5.6,5.7
Maryland,Season peak percentage,percent,0.00550206803814537,Bin,5.7,5.8
Maryland,Season peak percentage,percent,0.00538875723326693,Bin,5.8,5.9
Maryland,Season peak percentage,percent,0.00525814133577721,Bin,5.9,6.0
Maryland,Season peak percentage,percent,0.00510425129896059,Bin,6.0,6.1
Maryland,Season peak percentage,percent,0.00492278293102442,Bin,6.1,6.2
Maryland,Season peak percentage,percent,0.00471131877373696,Bin,6.2,6.3
Maryland,Season peak percentage,percent,0.00446977438693508,Bin,6.3,6.4
Maryland,Season peak percentage,percent,0.00420005034340756,Bin,6.4,6.5
Maryland,Season peak percentage,percent,0.00390597299634565,Bin,6.5,6.6
Maryland,Season peak percentage,percent,0.00359297947288956,Bin,6.6,6.7
Maryland,Season peak percentage,percent,0.00326754894854061,Bin,6.7,6.8
Maryland,Season peak percentage,percent,0.00293676904341732,Bin,6.8,6.9
Maryland,Season peak percentage,percent,0.00260786269013984,Bin,6.9,7.0
Maryland,Season peak percentage,percent,0.0022877042933651,Bin,7.0,7.1
Maryland,Season peak percentage,percent,0.00198250952430582,Bin,7.1,7.2
Maryland,Season peak percentage,percent,0.0016974333737645,Bin,7.2,7.3
Maryland,Season peak percentage,percent,0.00143655182399708,Bin,7.3,7.4
Maryland,Season peak percentage,percent,0.00120279975951721,Bin,7.4,7.5
Maryland,Season peak percentage,percent,0.000997975777327176,Bin,7.5,7.6
Maryland,Season peak percentage,percent,0.000822764598227299,Bin,7.6,7.7
Maryland,Season peak percentage,percent,0.000677191651850123,Bin,7.7,7.8
Maryland,Season peak percentage,percent,0.000560569414701451,Bin,7.8,7.9
Maryland,Season peak percentage,percent,0.0004718004237671,Bin,7.9,8.0
Maryland,Season peak percentage,percent,0.442415935150689,Bin,8.0,8.1
Maryland,Season peak percentage,percent,0.0017041172842111,Bin,8.1,8.2
Maryland,Season peak percentage,percent,0.0110106018920456,Bin,8.2,8.3
Maryland,Season peak percentage,percent,0.00968911932593793,Bin,8.3,8.4
Maryland,Season peak percentage,percent,0.0137147943700386,Bin,8.4,8.5
Maryland,Season peak percentage,percent,0.00444776441625045,Bin,8.5,8.6
Maryland,Season peak percentage,percent,0.0031885187444461,Bin,8.6,8.7
Maryland,Season peak percentage,percent,0.00594192650709757,Bin,8.7,8.8
Maryland,Season peak percentage,percent,0.00604978503483209,Bin,8.8,8.9
Maryland,Season peak percentage,percent,0.0048416324875487,Bin,8.9,9.0
Maryland,Season peak percentage,percent,0.00364651112011957,Bin,9.0,9.1
Maryland,Season peak percentage,percent,0.00113017970252309,Bin,9.1,9.2
Maryland,Season peak percentage,percent,0.00261449105843306,Bin,9.2,9.3
Maryland,Season peak percentage,percent,0.00410135987836799,Bin,9.3,9.4
Maryland,Season peak percentage,percent,0.00292355205527958,Bin,9.4,9.5
Maryland,Season peak percentage,percent,0.00173890523129631,Bin,9.5,9.6
Maryland,Season peak percentage,percent,0.00586783520409277,Bin,9.6,9.7
Maryland,Season peak percentage,percent,0.00864874232967345,Bin,9.7,9.8
Maryland,Season peak percentage,percent,0.00342055238495953,Bin,9.8,9.9
Maryland,Season peak percentage,percent,0.00881824566779995,Bin,9.9,10.0
Maryland,Season peak percentage,percent,0.00220612076421432,Bin,10.0,10.1
Maryland,Season peak percentage,percent,0.00887789266320431,Bin,10.1,10.2
Maryland,Season peak percentage,percent,0.00620012706787015,Bin,10.2,10.3
Maryland,Season peak percentage,percent,0.00216137196057082,Bin,10.3,10.4
Maryland,Season peak percentage,percent,0.00608298253976071,Bin,10.4,10.5
Maryland,Season peak percentage,percent,0.0073169869312569,Bin,10.5,10.6
Maryland,Season peak percentage,percent,0.00320442404798135,Bin,10.6,10.7
Maryland,Season peak percentage,percent,0.00173774483669548,Bin,10.7,10.8
Maryland,Season peak percentage,percent,0.00159037561760764,Bin,10.8,10.9
Maryland,Season peak percentage,percent,0.00409846207151914,Bin,10.9,11.0
Maryland,Season peak percentage,percent,0.0012786574036822,Bin,11.0,11.1
Maryland,Season peak percentage,percent,0.00245465517978883,Bin,11.1,11.2
Maryland,Season peak percentage,percent,0.00363615779695567,Bin,11.2,11.3
Maryland,Season peak percentage,percent,0.00482623708153931,Bin,11.3,11.4
Maryland,Season peak percentage,percent,0.00735850414285699,Bin,11.4,11.5
Maryland,Season peak percentage,percent,0.000583810789171043,Bin,11.5,11.6
Maryland,Season peak percentage,percent,0.000479084283570711,Bin,11.6,11.7
Maryland,Season peak percentage,percent,0.00438185017559531,Bin,11.7,11.8
Maryland,Season peak percentage,percent,0.0029723574249272,Bin,11.8,11.9
Maryland,Season peak percentage,percent,0.00290664202763722,Bin,11.9,12.0
Maryland,Season peak percentage,percent,0.000189558453897261,Bin,12.0,12.1
Maryland,Season peak percentage,percent,0.0014766483976582,Bin,12.1,12.2
Maryland,Season peak percentage,percent,0.00410390382949383,Bin,12.2,12.3
Maryland,Season peak percentage,percent,0.00540733516817065,Bin,12.3,12.4
Maryland,Season peak percentage,percent,0.00139164059853355,Bin,12.4,12.5
Maryland,Season peak percentage,percent,0.0040378067115778,Bin,12.5,12.6
Maryland,Season peak percentage,percent,0.0026940294844405,Bin,12.6,12.7
Maryland,Season peak percentage,percent,0.00268778194896802,Bin,12.7,12.8
Maryland,Season peak percentage,percent,2.50040678225988e-05,Bin,12.8,12.9
Maryland,Season peak percentage,percent,0.00135634835135934,Bin,12.9,13.0
Maryland,Season peak percentage,percent,0.0710738304178106,Bin,13.0,100.0
Maryland,Season peak week,week,0.000160017567490532,Bin,40.0,41.0
Maryland,Season peak week,week,0.000160017567490532,Bin,41.0,42.0
Maryland,Season peak week,week,0.000160017567490532,Bin,42.0,43.0
Maryland,Season peak week,week,0.000160017567490532,Bin,43.0,44.0
Maryland,Season peak week,week,0.000160017567490532,Bin,44.0,45.0
Maryland,Season peak week,week,0.000160017567490532,Bin,45.0,46.0
Maryland,Season peak week,week,0.000160017567490532,Bin,46.0,47.0
Maryland,Season peak week,week,0.000265535875583169,Bin,47.0,48.0
Maryland,Season peak week,week,0.00119706389211951,Bin,48.0,49.0
Maryland,Season peak week,week,0.00417866526537863,Bin,49.0,50.0
Maryland,Season peak week,week,0.010879819897564,Bin,50.0,51.0
Maryland,Season peak week,week,0.0212856688586415,Bin,51.0,52.0
Maryland,Season peak week,week,0.031648473057427,Bin,52.0,53.0
Maryland,Season peak week,week,0.0364415026923376,Bin,1.0,2.0
Maryland,Season peak week,week,0.033543345398233,Bin,2.0,3.0
Maryland,Season peak week,week,0.0262249726186424,Bin,3.0,4.0
Maryland,Season peak week,week,0.0200677136404901,Bin,4.0,5.0
Maryland,Season peak week,week,0.457297489865887,Bin,5.0,6.0
Maryland,Season peak week,week,0.12976814120146,Bin,6.0,7.0
Maryland,Season peak week,week,0.0602329163236384,Bin,7.0,8.0
Maryland,Season peak week,week,0.0421928264334987,Bin,8.0,9.0
Maryland,Season peak week,week,0.0394363145980723,Bin,9.0,10.0
Maryland,Season peak week,week,0.0247812061586877,Bin,10.0,11.0
Maryland,Season peak week,week,0.0203300720569698,Bin,11.0,12.0
Maryland,Season peak week,week,0.013513546627733,Bin,12.0,13.0
Maryland,Season peak week,week,0.00967655000168261,Bin,13.0,14.0
Maryland,Season peak week,week,0.00516913866493929,Bin,14.0,15.0
Maryland,Season peak week,week,0.00345548754237838,Bin,15.0,16.0
Maryland,Season peak week,week,0.00283974137916197,Bin,16.0,17.0
Maryland,Season peak week,week,0.00144361575902617,Bin,17.0,18.0
Maryland,Season peak week,week,0.000122837699961937,Bin,18.0,19.0
Maryland,Season peak week,week,0.00276439381809039,Bin,19.0,20.0
Maryland,Season peak week,week,0.000122837699961937,Bin,20.0,21.0
Pennsylvania,1 wk ahead,percent,0.000220394146345451,Bin,0.0,0.1
Pennsylvania,1 wk ahead,percent,0.000505809683005735,Bin,0.1,0.2
Pennsylvania,1 wk ahead,percent,0.000602279900154623,Bin,0.2,0.3
Pennsylvania,1 wk ahead,percent,0.000710866379070182,Bin,0.3,0.4
Pennsylvania,1 wk ahead,percent,0.000831873518078684,Bin,0.4,0.5
Pennsylvania,1 wk ahead,percent,0.00096539236905007,Bin,0.5,0.6
Pennsylvania,1 wk ahead,percent,0.00111132447737547,Bin,0.6,0.7
Pennsylvania,1 wk ahead,percent,0.0012692744057371,Bin,0.7,0.8
Pennsylvania,1 wk ahead,percent,0.00143857618721978,Bin,0.8,0.9
Pennsylvania,1 wk ahead,percent,0.00161825357026721,Bin,0.9,1.0
Pennsylvania,1 wk ahead,percent,0.00180700971761616,Bin,1.0,1.1
Pennsylvania,1 wk ahead,percent,0.0020032358586262,Bin,1.1,1.2
Pennsylvania,1 wk ahead,percent,0.00220496897440893,Bin,1.2,1.3
Pennsylvania,1 wk ahead,percent,0.00240990549921535,Bin,1.3,1.4
Pennsylvania,1 wk ahead,percent,0.00261544371048827,Bin,1.4,1.5
Pennsylvania,1 wk ahead,percent,0.00281872146459811,Bin,1.5,1.6
Pennsylvania,1 wk ahead,percent,0.00301666508831008,Bin,1.6,1.7
Pennsylvania,1 wk ahead,percent,0.00320607068541925,Bin,1.7,1.8
Pennsylvania,1 wk ahead,percent,0.00338372655681746,Bin,1.8,1.9
Pennsylvania,1 wk ahead,percent,0.00354655562405732,Bin,1.9,2.0
Pennsylvania,1 wk ahead,percent,0.00369171063713594,Bin,2.0,2.1
Pennsylvania,1 wk ahead,percent,0.00381669664514497,Bin,2.1,2.2
Pennsylvania,1 wk ahead,percent,0.00391952754058116,Bin,2.2,2.3
Pennsylvania,1 wk ahead,percent,0.00399884527909288,Bin,2.3,2.4
Pennsylvania,1 wk ahead,percent,0.00573115720324731,Bin,2.4,2.5
Pennsylvania,1 wk ahead,percent,0.00408496062575966,Bin,2.5,2.6
Pennsylvania,1 wk ahead,percent,0.00409248225066291,Bin,2.6,2.7
Pennsylvania,1 wk ahead,percent,0.00407789511249648,Bin,2.7,2.8
Pennsylvania,1 wk ahead,percent,0.00572026593704767,Bin,2.8,2.9
Pennsylvania,1 wk ahead,percent,0.00399039290742115,Bin,2.9,3.0
Pennsylvania,1 wk ahead,percent,0.00392231279714981,Bin,3.0,3.1
Pennsylvania,1 wk ahead,percent,0.00384147104995609,Bin,3.1,3.2
Pennsylvania,1 wk ahead,percent,0.0037504202269871,Bin,3.2,3.3
Pennsylvania,1 wk ahead,percent,0.0153917108264303,Bin,3.3,3.4
Pennsylvania,1 wk ahead,percent,0.0203185138688252,Bin,3.4,3.5
Pennsylvania,1 wk ahead,percent,0.0101466755574899,Bin,3.5,3.6
Pennsylvania,1 wk ahead,percent,0.0167438134461788,Bin,3.6,3.7
Pennsylvania,1 wk ahead,percent,0.016630545028319,Bin,3.7,3.8
Pennsylvania,1 wk ahead,percent,0.0215478278854273,Bin,3.8,3.9
Pennsylvania,1 wk ahead,percent,0.0298190593087561,Bin,3.9,4.0
Pennsylvania,1 wk ahead,percent,0.0280273362628745,Bin,4.0,4.1
Pennsylvania,1 wk ahead,percent,0.0581024090332581,Bin,4.1,4.2
Pennsylvania,1 wk ahead,percent,0.0596665926403916,Bin,4.2,4.3
Pennsylvania,1 wk ahead,percent,0.0478150178058078,Bin,4.3,4.4
Pennsylvania,1 wk ahead,percent,0.0527374513114593,Bin,4.4,4.5
Pennsylvania,1 wk ahead,percent,0.0325053407623237,Bin,4.5,4.6
Pennsylvania,1 wk ahead,percent,0.0307259045051257,Bin,4.6,4.7
Pennsylvania,1 wk ahead,percent,0.054108521913374,Bin,4.7,4.8
Pennsylvania,1 wk ahead,percent,0.0372440617936153,Bin,4.8,4.9
Pennsylvania,1 wk ahead,percent,0.0354795554033236,Bin,4.9,5.0
Pennsylvania,1 wk ahead,percent,0.0387520756879976,Bin,5.0,5.1
Pennsylvania,1 wk ahead,percent,0.0252581898284253,Bin,5.1,5.2
Pennsylvania,1 wk ahead,percent,0.0268636503641669,Bin,5.2,5.3
Pennsylvania,1 wk ahead,percent,0.0184101078997441,Bin,5.3,5.4
Pennsylvania,1 wk ahead,percent,0.00995959107158425,Bin,5.4,5.5
Pennsylvania,1 wk ahead,percent,0.0249913509576965,Bin,5.5,5.6
Pennsylvania,1 wk ahead,percent,0.0333150884371762,Bin,5.6,5.7
Pennsylvania,1 wk ahead,percent,0.0366068185090087,Bin,5.7,5.8
Pennsylvania,1 wk ahead,percent,0.0197709791187359,Bin,5.8,5.9
Pennsylvania,1 wk ahead,percent,0.0146730418486346,Bin,5.9,6.0
Pennsylvania,1 wk ahead,percent,0.0146038112953489,Bin,6.0,6.1
Pennsylvania,1 wk ahead,percent,0.00782290169409612,Bin,6.1,6.2
Pennsylvania,1 wk ahead,percent,0.00439349680220196,Bin,6.2,6.3
Pennsylvania,1 wk ahead,percent,0.00599321801868205,Bin,6.3,6.4
Pennsylvania,1 wk ahead,percent,0.00759127544585801,Bin,6.4,6.5
Pennsylvania,1 wk ahead,percent,0.0158972869071817,Bin,6.5,6.6
Pennsylvania,1 wk ahead,percent,0.00910908181997199,Bin,6.6,6.7
Pennsylvania,1 wk ahead,percent,0.0023223176823384,Bin,6.7,6.8
Pennsylvania,1 wk ahead,percent,0.00224677781072481,Bin,6.8,6.9
Pennsylvania,1 wk ahead,percent,0.00720629787526605,Bin,6.9,7.0
Pennsylvania,1 wk ahead,percent,0.000430023353842684,Bin,7.0,7.1
Pennsylvania,1 wk ahead,percent,0.00036752717326211,Bin,7.1,7.2
Pennsylvania,1 wk ahead,percent,0.000310595790744281,Bin,7.2,7.3
Pennsylvania,1 wk ahead,percent,0.00025951279107875,Bin,7.3,7.4
Pennsylvania,1 wk ahead,percent,0.00189152220922962,Bin,7.4,7.5
Pennsylvania,1 wk ahead,percent,0.00185217597683523,Bin,7.5,7.6
Pennsylvania,1 wk ahead,percent,0.00349556396676788,Bin,7.6,7.7
Pennsylvania,1 wk ahead,percent,0.000112622859127385,Bin,7.7,7.8
Pennsylvania,1 wk ahead,percent,8.87622957449481e-05,Bin,7.8,7.9
Pennsylvania,1 wk ahead,percent,6.91341689378245e-05,Bin,7.9,8.0
Pennsylvania,1 wk ahead,percent,0.00676189511920326,Bin,8.0,8.1
Pennsylvania,1 wk ahead,percent,4.04659835771049e-05,Bin,8.1,8.2
Pennsylvania,1 wk ahead,percent,3.04089580819264e-05,Bin,8.2,8.3
Pennsylvania,1 wk ahead,percent,2.25795812897719e-05,Bin,8.3,8.4
Pennsylvania,1 wk ahead,percent,1.65670916731236e-05,Bin,8.4,8.5
Pennsylvania,1 wk ahead,percent,1.22624504312964e-05,Bin,8.5,8.6
Pennsylvania,1 wk ahead,percent,1.14710616401625e-05,Bin,8.6,8.7
Pennsylvania,1 wk ahead,percent,1.14710616401625e-05,Bin,8.7,8.8
Pennsylvania,1 wk ahead,percent,1.14710616401625e-05,Bin,8.8,8.9
Pennsylvania,1 wk ahead,percent,1.14710616401625e-05,Bin,8.9,9.0
Pennsylvania,1 wk ahead,percent,1.14710616401625e-05,Bin,9.0,9.1
Pennsylvania,1 wk ahead,percent,1.14710616401625e-05,Bin,9.1,9.2
Pennsylvania,1 wk ahead,percent,1.14710616401625e-05,Bin,9.2,9.3
Pennsylvania,1 wk ahead,percent,1.14710616401625e-05,Bin,9.3,9.4
Pennsylvania,1 wk ahead,percent,1.14710616401625e-05,Bin,9.4,9.5
Pennsylvania,1 wk ahead,percent,1.14710616401625e-05,Bin,9.5,9.6
Pennsylvania,1 wk ahead,percent,1.14710616401625e-05,Bin,9.6,9.7
Pennsylvania,1 wk ahead,percent,1.14710616401625e-05,Bin,9.7,9.8
Pennsylvania,1 wk ahead,percent,1.14710616401625e-05,Bin,9.8,9.9
Pennsylvania,1 wk ahead,percent,1.14710616401625e-05,Bin,9.9,10.0
Pennsylvania,1 wk ahead,percent,1.14710616401625e-05,Bin,10.0,10.1
Pennsylvania,1 wk ahead,percent,1.14710616401625e-05,Bin,10.1,10.2
Pennsylvania,1 wk ahead,percent,1.14710616401625e-05,Bin,10.2,10.3
Pennsylvania,1 wk ahead,percent,1.14710616401625e-05,Bin,10.3,10.4
Pennsylvania,1 wk ahead,percent,1.14710616401625e-05,Bin,10.4,10.5
Pennsylvania,1 wk ahead,percent,1.14710616401625e-05,Bin,10.5,10.6
Pennsylvania,1 wk ahead,percent,1.14710616401625e-05,Bin,10.6,10.7
Pennsylvania,1 wk ahead,percent,1.14710616401625e-05,Bin,10.7,10.8
Pennsylvania,1 wk ahead,percent,1.14710616401625e-05,Bin,10.8,10.9
Pennsylvania,1 wk ahead,percent,1.14710616401625e-05,Bin,10.9,11.0
Pennsylvania,1 wk ahead,percent,1.14710616401625e-05,Bin,11.0,11.1
Pennsylvania,1 wk ahead,percent,1.14710616401625e-05,Bin,11.1,11.2
Pennsylvania,1 wk ahead,percent,1.14710616401625e-05,Bin,11.2,11.3
Pennsylvania,1 wk ahead,percent,1.14710616401625e-05,Bin,11.3,11.4
Pennsylvania,1 wk ahead,percent,1.14710616401625e-05,Bin,11.4,11.5
Pennsylvania,1 wk ahead,percent,1.14710616401625e-05,Bin,11.5,11.6
Pennsylvania,1 wk ahead,percent,1.14710616401625e-05,Bin,11.6,11.7
Pennsylvania,1 wk ahead,percent,1.14710616401625e-05,Bin,11.7,11.8
Pennsylvania,1 wk ahead,percent,1.14710616401625e-05,Bin,11.8,11.9
Pennsylvania,1 wk ahead,percent,1.14710616401625e-05,Bin,11.9,12.0
Pennsylvania,1 wk ahead,percent,1.14710616401625e-05,Bin,12.0,12.1
Pennsylvania,1 wk ahead,percent,1.14710616401625e-05,Bin,12.1,12.2
Pennsylvania,1 wk ahead,percent,1.14710616401625e-05,Bin,12.2,12.3
Pennsylvania,1 wk ahead,percent,1.14710616401625e-05,Bin,12.3,12.4
Pennsylvania,1 wk ahead,percent,1.14710616401625e-05,Bin,12.4,12.5
Pennsylvania,1 wk ahead,percent,1.14710616401625e-05,Bin,12.5,12.6
Pennsylvania,1 wk ahead,percent,1.14710616401625e-05,Bin,12.6,12.7
Pennsylvania,1 wk ahead,percent,1.14710616401625e-05,Bin,12.7,12.8
Pennsylvania,1 wk ahead,percent,1.14710616401625e-05,Bin,12.8,12.9
Pennsylvania,1 wk ahead,percent,1.14710616401625e-05,Bin,12.9,13.0
Pennsylvania,1 wk ahead,percent,1.14710616401625e-05,Bin,13.0,100.0
Pennsylvania,2 wk ahead,percent,0.000292988262252789,Bin,0.0,0.1
Pennsylvania,2 wk ahead,percent,0.000673205407941947,Bin,0.1,0.2
Pennsylvania,2 wk ahead,percent,0.000802270196904695,Bin,0.2,0.3
Pennsylvania,2 wk ahead,percent,0.000946790316237996,Bin,0.3,0.4
Pennsylvania,2 wk ahead,percent,0.0011067213316356,Bin,0.4,0.5
Pennsylvania,2 wk ahead,percent,0.00128149813686218,Bin,0.5,0.6
Pennsylvania,2 wk ahead,percent,0.00147025038204917,Bin,0.6,0.7
Pennsylvania,2 wk ahead,percent,0.0016715543092734,Bin,0.7,0.8
Pennsylvania,2 wk ahead,percent,0.00188360715514594,Bin,0.8,0.9
Pennsylvania,2 wk ahead,percent,0.00210421762027166,Bin,0.9,1.0
Pennsylvania,2 wk ahead,percent,0.00233079153525563,Bin,1.0,1.1
Pennsylvania,2 wk ahead,percent,0.00256051926549717,Bin,1.1,1.2
Pennsylvania,2 wk ahead,percent,0.00279035035320699,Bin,1.2,1.3
Pennsylvania,2 wk ahead,percent,0.00301715668059364,Bin,1.3,1.4
Pennsylvania,2 wk ahead,percent,0.00323777091974704,Bin,1.4,1.5
Pennsylvania,2 wk ahead,percent,0.00344917576522386,Bin,1.5,1.6
Pennsylvania,2 wk ahead,percent,0.0036484235552676,Bin,1.6,1.7
Pennsylvania,2 wk ahead,percent,0.00383295587812779,Bin,1.7,1.8
Pennsylvania,2 wk ahead,percent,0.00567754644227605,Bin,1.8,1.9
Pennsylvania,2 wk ahead,percent,0.00750307341523614,Bin,1.9,2.0
Pennsylvania,2 wk ahead,percent,0.00595362143997975,Bin,2.0,2.1
Pennsylvania,2 wk ahead,percent,0.00941377500448771,Bin,2.1,2.2
Pennsylvania,2 wk ahead,percent,0.00949694064734549,Bin,2.2,2.3
Pennsylvania,2 wk ahead,percent,0.0196199479141283,Bin,2.3,2.4
Pennsylvania,2 wk ahead,percent,0.016302365456823,Bin,2.4,2.5
Pennsylvania,2 wk ahead,percent,0.0213475956149343,Bin,2.5,2.6
Pennsylvania,2 wk ahead,percent,0.0330790655640737,Bin,2.6,2.7
Pennsylvania,2 wk ahead,percent,0.0145997912289121,Bin,2.7,2.8
Pennsylvania,2 wk ahead,percent,0.0380292453573508,Bin,2.8,2.9
Pennsylvania,2 wk ahead,percent,0.0429906143882697,Bin,2.9,3.0
Pennsylvania,2 wk ahead,percent,0.047934291088943,Bin,3.0,3.1
Pennsylvania,2 wk ahead,percent,0.0528621045770468,Bin,3.1,3.2
Pennsylvania,2 wk ahead,percent,0.046035676612322,Bin,3.2,3.3
Pennsylvania,2 wk ahead,percent,0.0425516354927447,Bin,3.3,3.4
Pennsylvania,2 wk ahead,percent,0.0507978912432995,Bin,3.4,3.5
Pennsylvania,2 wk ahead,percent,0.0372330921804883,Bin,3.5,3.6
Pennsylvania,2 wk ahead,percent,0.0504972673588669,Bin,3.6,3.7
Pennsylvania,2 wk ahead,percent,0.0352456144759749,Bin,3.7,3.8
Pennsylvania,2 wk ahead,percent,0.0451493699826522,Bin,3.8,3.9
Pennsylvania,2 wk ahead,percent,0.0382807103170932,Bin,3.9,4.0
Pennsylvania,2 wk ahead,percent,0.0213495500956693,Bin,4.0,4.1
Pennsylvania,2 wk ahead,percent,0.026223088738083,Bin,4.1,4.2
Pennsylvania,2 wk ahead,percent,0.0277444286209952,Bin,4.2,4.3
Pennsylvania,2 wk ahead,percent,0.0376541813075986,Bin,4.3,4.4
Pennsylvania,2 wk ahead,percent,0.02744065838317,Bin,4.4,4.5
Pennsylvania,2 wk ahead,percent,0.0222615007043888,Bin,4.5,4.6
Pennsylvania,2 wk ahead,percent,0.00869932597087379,Bin,4.6,4.7
Pennsylvania,2 wk ahead,percent,0.0186203698269656,Bin,4.7,4.8
Pennsylvania,2 wk ahead,percent,0.0117725122598234,Bin,4.8,4.9
Pennsylvania,2 wk ahead,percent,0.00660474853851422,Bin,4.9,5.0
Pennsylvania,2 wk ahead,percent,0.0131803159134973,Bin,5.0,5.1
Pennsylvania,2 wk ahead,percent,0.00969633762481628,Bin,5.1,5.2
Pennsylvania,2 wk ahead,percent,0.00789347637832468,Bin,5.2,5.3
Pennsylvania,2 wk ahead,percent,0.00777232204622138,Bin,5.3,5.4
Pennsylvania,2 wk ahead,percent,0.00597917029543231,Bin,5.4,5.5
Pennsylvania,2 wk ahead,percent,0.00754620606990896,Bin,5.5,5.6
Pennsylvania,2 wk ahead,percent,0.00576541002652819,Bin,5.6,5.7
Pennsylvania,2 wk ahead,percent,0.00734601200111215,Bin,5.7,5.8
Pennsylvania,2 wk ahead,percent,0.00725700599590695,Bin,5.8,5.9
Pennsylvania,2 wk ahead,percent,0.00382150975227643,Bin,5.9,6.0
Pennsylvania,2 wk ahead,percent,0.000394058484576856,Bin,6.0,6.1
Pennsylvania,2 wk ahead,percent,0.000328989256444885,Bin,6.1,6.2
Pennsylvania,2 wk ahead,percent,0.00362610780491396,Bin,6.2,6.3
Pennsylvania,2 wk ahead,percent,0.000222107545618657,Bin,6.3,6.4
Pennsylvania,2 wk ahead,percent,0.000179527045783095,Bin,6.4,6.5
Pennsylvania,2 wk ahead,percent,0.000143514395465194,Bin,6.5,6.6
Pennsylvania,2 wk ahead,percent,0.000113437934742045,Bin,6.6,6.7
Pennsylvania,2 wk ahead,percent,8.86435199529596e-05,Bin,6.7,6.8
Pennsylvania,2 wk ahead,percent,6.84838342080815e-05,Bin,6.8,6.9
Pennsylvania,2 wk ahead,percent,5.22907722781583e-05,Bin,6.9,7.0
Pennsylvania,2 wk ahead,percent,3.94673174230808e-05,Bin,7.0,7.1
Pennsylvania,2 wk ahead,percent,2.94369988240662e-05,Bin,7.1,7.2
Pennsylvania,2 wk ahead,percent,2.17000789836765e-05,Bin,7.2,7.3
Pennsylvania,2 wk ahead,percent,1.58069940837378e-05,Bin,7.3,7.4
Pennsylvania,2 wk ahead,percent,1.20586380098323e-05,Bin,7.4,7.5
Pennsylvania,2 wk ahead,percent,1.17425739341453e-05,Bin,7.5,7.6
Pennsylvania,2 wk ahead,percent,1.17425739341453e-05,Bin,7.6,7.7
Pennsylvania,2 wk ahead,percent,1.17425739341453e-05,Bin,7.7,7.8
Pennsylvania,2 wk ahead,percent,1.17425739341453e-05,Bin,7.8,7.9
Pennsylvania,2 wk ahead,percent,1.17425739341453e-05,Bin,7.9,8.0
Pennsylvania,2 wk ahead,percent,1.17425739341454e-05,Bin,8.0,8.1
Pennsylvania,2 wk ahead,percent,1.17425739341455e-05,Bin,8.1,8.2
Pennsylvania,2 wk ahead,percent,1.17425739341455e-05,Bin,8.2,8.3
Pennsylvania,2 wk ahead,percent,0.00168891438746313,Bin,8.3,8.4
Pennsylvania,2 wk ahead,percent,1.17425739341455e-05,Bin,8.4,8.5
Pennsylvania,2 wk ahead,percent,1.17425739341455e-05,Bin,8.5,8.6
Pennsylvania,2 wk ahead,percent,1.17425739341455e-05,Bin,8.6,8.7
Pennsylvania,2 wk ahead,percent,1.17425739341455e-05,Bin,8.7,8.8
Pennsylvania,2 wk ahead,percent,1.17425739341455e-05,Bin,8.8,8.9
Pennsylvania,2 wk ahead,percent,1.17425739341455e-05,Bin,8.9,9.0
Pennsylvania,2 wk ahead,percent,1.17425739341455e-05,Bin,9.0,9.1
Pennsylvania,2 wk ahead,percent,1.17425739341455e-05,Bin,9.1,9.2
Pennsylvania,2 wk ahead,percent,1.17425739341455e-05,Bin,9.2,9.3
Pennsylvania,2 wk ahead,percent,1.17425739341455e-05,Bin,9.3,9.4
Pennsylvania,2 wk ahead,percent,1.17425739341455e-05,Bin,9.4,9.5
Pennsylvania,2 wk ahead,percent,1.17425739341455e-05,Bin,9.5,9.6
Pennsylvania,2 wk ahead,percent,1.17425739341455e-05,Bin,9.6,9.7
Pennsylvania,2 wk ahead,percent,1.17425739341455e-05,Bin,9.7,9.8
Pennsylvania,2 wk ahead,percent,1.17425739341455e-05,Bin,9.8,9.9
Pennsylvania,2 wk ahead,percent,1.17425739341455e-05,Bin,9.9,10.0
Pennsylvania,2 wk ahead,percent,1.17425739341455e-05,Bin,10.0,10.1
Pennsylvania,2 wk ahead,percent,1.17425739341455e-05,Bin,10.1,10.2
Pennsylvania,2 wk ahead,percent,1.17425739341455e-05,Bin,10.2,10.3
Pennsylvania,2 wk ahead,percent,1.17425739341455e-05,Bin,10.3,10.4
Pennsylvania,2 wk ahead,percent,1.17425739341455e-05,Bin,10.4,10.5
Pennsylvania,2 wk ahead,percent,1.17425739341455e-05,Bin,10.5,10.6
Pennsylvania,2 wk ahead,percent,1.17425739341455e-05,Bin,10.6,10.7
Pennsylvania,2 wk ahead,percent,1.17425739341455e-05,Bin,10.7,10.8
Pennsylvania,2 wk ahead,percent,1.17425739341455e-05,Bin,10.8,10.9
Pennsylvania,2 wk ahead,percent,1.17425739341455e-05,Bin,10.9,11.0
Pennsylvania,2 wk ahead,percent,1.17425739341455e-05,Bin,11.0,11.1
Pennsylvania,2 wk ahead,percent,1.17425739341455e-05,Bin,11.1,11.2
Pennsylvania,2 wk ahead,percent,1.17425739341455e-05,Bin,11.2,11.3
Pennsylvania,2 wk ahead,percent,1.17425739341455e-05,Bin,11.3,11.4
Pennsylvania,2 wk ahead,percent,1.17425739341455e-05,Bin,11.4,11.5
Pennsylvania,2 wk ahead,percent,1.17425739341455e-05,Bin,11.5,11.6
Pennsylvania,2 wk ahead,percent,1.17425739341455e-05,Bin,11.6,11.7
Pennsylvania,2 wk ahead,percent,1.17425739341455e-05,Bin,11.7,11.8
Pennsylvania,2 wk ahead,percent,1.17425739341455e-05,Bin,11.8,11.9
Pennsylvania,2 wk ahead,percent,1.17425739341455e-05,Bin,11.9,12.0
Pennsylvania,2 wk ahead,percent,1.17425739341455e-05,Bin,12.0,12.1
Pennsylvania,2 wk ahead,percent,1.17425739341455e-05,Bin,12.1,12.2
Pennsylvania,2 wk ahead,percent,1.17425739341455e-05,Bin,12.2,12.3
Pennsylvania,2 wk ahead,percent,1.17425739341455e-05,Bin,12.3,12.4
Pennsylvania,2 wk ahead,percent,1.17425739341455e-05,Bin,12.4,12.5
Pennsylvania,2 wk ahead,percent,1.17425739341455e-05,Bin,12.5,12.6
Pennsylvania,2 wk ahead,percent,1.17425739341455e-05,Bin,12.6,12.7
Pennsylvania,2 wk ahead,percent,1.17425739341455e-05,Bin,12.7,12.8
Pennsylvania,2 wk ahead,percent,1.17425739341455e-05,Bin,12.8,12.9
Pennsylvania,2 wk ahead,percent,1.17425739341455e-05,Bin,12.9,13.0
Pennsylvania,2 wk ahead,percent,1.17425739341455e-05,Bin,13.0,100.0
Pennsylvania,3 wk ahead,percent,0.000169608882504221,Bin,0.0,0.1
Pennsylvania,3 wk ahead,percent,0.000411210640079772,Bin,0.1,0.2
Pennsylvania,3 wk ahead,percent,0.000523211857826174,Bin,0.2,0.3
Pennsylvania,3 wk ahead,percent,0.000655714743340615,Bin,0.3,0.4
Pennsylvania,3 wk ahead,percent,0.000809633948216798,Bin,0.4,0.5
Pennsylvania,3 wk ahead,percent,0.00098530682592712,Bin,0.5,0.6
Pennsylvania,3 wk ahead,percent,0.00118231477595493,Bin,0.6,0.7
Pennsylvania,3 wk ahead,percent,0.00139945396850199,Bin,0.7,0.8
Pennsylvania,3 wk ahead,percent,0.00163486454752429,Bin,0.8,0.9
Pennsylvania,3 wk ahead,percent,0.00188595699976018,Bin,0.9,1.0
Pennsylvania,3 wk ahead,percent,0.00214966208033018,Bin,1.0,1.1
Pennsylvania,3 wk ahead,percent,0.00242258564598082,Bin,1.1,1.2
Pennsylvania,3 wk ahead,percent,0.00270113822615566,Bin,1.2,1.3
Pennsylvania,3 wk ahead,percent,0.00298178141663913,Bin,1.3,1.4
Pennsylvania,3 wk ahead,percent,0.00326110003297259,Bin,1.4,1.5
Pennsylvania,3 wk ahead,percent,0.00353593292366568,Bin,1.5,1.6
Pennsylvania,3 wk ahead,percent,0.00548050689936492,Bin,1.6,1.7
Pennsylvania,3 wk ahead,percent,0.00741491283340187,Bin,1.7,1.8
Pennsylvania,3 wk ahead,percent,0.00598219890549527,Bin,1.8,1.9
Pennsylvania,3 wk ahead,percent,0.0145970873676389,Bin,1.9,2.0
Pennsylvania,3 wk ahead,percent,0.0148079885888415,Bin,2.0,2.1
Pennsylvania,3 wk ahead,percent,0.0200293672458517,Bin,2.1,2.2
Pennsylvania,3 wk ahead,percent,0.0285810297002946,Bin,2.2,2.3
Pennsylvania,3 wk ahead,percent,0.0153023655415601,Bin,2.3,2.4
Pennsylvania,3 wk ahead,percent,0.0271510876502843,Bin,2.4,2.5
Pennsylvania,3 wk ahead,percent,0.0490299791644326,Bin,2.5,2.6
Pennsylvania,3 wk ahead,percent,0.0423619282619938,Bin,2.6,2.7
Pennsylvania,3 wk ahead,percent,0.0591376581126115,Bin,2.7,2.8
Pennsylvania,3 wk ahead,percent,0.0456871361857479,Bin,2.8,2.9
Pennsylvania,3 wk ahead,percent,0.032199773711531,Bin,2.9,3.0
Pennsylvania,3 wk ahead,percent,0.0471887752888538,Bin,3.0,3.1
Pennsylvania,3 wk ahead,percent,0.0403412260690947,Bin,3.1,3.2
Pennsylvania,3 wk ahead,percent,0.0502349298697177,Bin,3.2,3.3
Pennsylvania,3 wk ahead,percent,0.0483614678984735,Bin,3.3,3.4
Pennsylvania,3 wk ahead,percent,0.0548506757522123,Bin,3.4,3.5
Pennsylvania,3 wk ahead,percent,0.0529347131984354,Bin,3.5,3.6
Pennsylvania,3 wk ahead,percent,0.0476490216008347,Bin,3.6,3.7
Pennsylvania,3 wk ahead,percent,0.0188712746030376,Bin,3.7,3.8
Pennsylvania,3 wk ahead,percent,0.0236289025571238,Bin,3.8,3.9
Pennsylvania,3 wk ahead,percent,0.0300590567722587,Bin,3.9,4.0
Pennsylvania,3 wk ahead,percent,0.0281019471931231,Bin,4.0,4.1
Pennsylvania,3 wk ahead,percent,0.0194378838209117,Bin,4.1,4.2
Pennsylvania,3 wk ahead,percent,0.0191644280044119,Bin,4.2,4.3
Pennsylvania,3 wk ahead,percent,0.0172214896873658,Bin,4.3,4.4
Pennsylvania,3 wk ahead,percent,0.0119346746268409,Bin,4.4,4.5
Pennsylvania,3 wk ahead,percent,0.00666090895592444,Bin,4.5,4.6
Pennsylvania,3 wk ahead,percent,0.00811119571344554,Bin,4.6,4.7
Pennsylvania,3 wk ahead,percent,0.0112559156532613,Bin,4.7,4.8
Pennsylvania,3 wk ahead,percent,0.014419389587025,Bin,4.8,4.9
Pennsylvania,3 wk ahead,percent,0.00418513365614277,Bin,4.9,5.0
Pennsylvania,3 wk ahead,percent,0.00738825085688895,Bin,5.0,5.1
Pennsylvania,3 wk ahead,percent,0.00390252812550046,Bin,5.1,5.2
Pennsylvania,3 wk ahead,percent,0.0138532530504193,Bin,5.2,5.3
Pennsylvania,3 wk ahead,percent,0.00537301647228322,Bin,5.3,5.4
Pennsylvania,3 wk ahead,percent,0.00697226074213088,Bin,5.4,5.5
Pennsylvania,3 wk ahead,percent,0.00187748250534429,Bin,5.5,5.6
Pennsylvania,3 wk ahead,percent,0.00182704641747521,Bin,5.6,5.7
Pennsylvania,3 wk ahead,percent,0.00178754246217701,Bin,5.7,5.8
Pennsylvania,3 wk ahead,percent,7.99788201908938e-05,Bin,5.8,5.9
Pennsylvania,3 wk ahead,percent,5.70259865853216e-05,Bin,5.9,6.0
Pennsylvania,3 wk ahead,percent,0.00171716415958792,Bin,6.0,6.1
Pennsylvania,3 wk ahead,percent,0.00170475853934979,Bin,6.1,6.2
Pennsylvania,3 wk ahead,percent,0.00169588794853617,Bin,6.2,6.3
Pennsylvania,3 wk ahead,percent,0.00169191512518969,Bin,6.3,6.4
Pennsylvania,3 wk ahead,percent,1.472209843904e-05,Bin,6.4,6.5
Pennsylvania,3 wk ahead,percent,1.472209843904e-05,Bin,6.5,6.6
Pennsylvania,3 wk ahead,percent,1.472209843904e-05,Bin,6.6,6.7
Pennsylvania,3 wk ahead,percent,1.472209843904e-05,Bin,6.7,6.8
Pennsylvania,3 wk ahead,percent,1.472209843904e-05,Bin,6.8,6.9
Pennsylvania,3 wk ahead,percent,1.472209843904e-05,Bin,6.9,7.0
Pennsylvania,3 wk ahead,percent,1.472209843904e-05,Bin,7.0,7.1
Pennsylvania,3 wk ahead,percent,1.472209843904e-05,Bin,7.1,7.2
Pennsylvania,3 wk ahead,percent,1.472209843904e-05,Bin,7.2,7.3
Pennsylvania,3 wk ahead,percent,1.472209843904e-05,Bin,7.3,7.4
Pennsylvania,3 wk ahead,percent,1.472209843904e-05,Bin,7.4,7.5
Pennsylvania,3 wk ahead,percent,1.472209843904e-05,Bin,7.5,7.6
Pennsylvania,3 wk ahead,percent,1.472209843904e-05,Bin,7.6,7.7
Pennsylvania,3 wk ahead,percent,1.472209843904e-05,Bin,7.7,7.8
Pennsylvania,3 wk ahead,percent,1.472209843904e-05,Bin,7.8,7.9
Pennsylvania,3 wk ahead,percent,1.472209843904e-05,Bin,7.9,8.0
Pennsylvania,3 wk ahead,percent,1.47220984390401e-05,Bin,8.0,8.1
Pennsylvania,3 wk ahead,percent,1.47220984390402e-05,Bin,8.1,8.2
Pennsylvania,3 wk ahead,percent,1.47220984390402e-05,Bin,8.2,8.3
Pennsylvania,3 wk ahead,percent,1.47220984390402e-05,Bin,8.3,8.4
Pennsylvania,3 wk ahead,percent,1.47220984390402e-05,Bin,8.4,8.5
Pennsylvania,3 wk ahead,percent,1.47220984390402e-05,Bin,8.5,8.6
Pennsylvania,3 wk ahead,percent,1.47220984390402e-05,Bin,8.6,8.7
Pennsylvania,3 wk ahead,percent,1.47220984390402e-05,Bin,8.7,8.8
Pennsylvania,3 wk ahead,percent,1.47220984390402e-05,Bin,8.8,8.9
Pennsylvania,3 wk ahead,percent,1.47220984390402e-05,Bin,8.9,9.0
Pennsylvania,3 wk ahead,percent,1.47220984390402e-05,Bin,9.0,9.1
Pennsylvania,3 wk ahead,percent,1.47220984390402e-05,Bin,9.1,9.2
Pennsylvania,3 wk ahead,percent,1.47220984390402e-05,Bin,9.2,9.3
Pennsylvania,3 wk ahead,percent,1.47220984390402e-05,Bin,9.3,9.4
Pennsylvania,3 wk ahead,percent,1.47220984390402e-05,Bin,9.4,9.5
Pennsylvania,3 wk ahead,percent,1.47220984390402e-05,Bin,9.5,9.6
Pennsylvania,3 wk ahead,percent,1.47220984390402e-05,Bin,9.6,9.7
Pennsylvania,3 wk ahead,percent,1.47220984390402e-05,Bin,9.7,9.8
Pennsylvania,3 wk ahead,percent,1.47220984390402e-05,Bin,9.8,9.9
Pennsylvania,3 wk ahead,percent,1.47220984390402e-05,Bin,9.9,10.0
Pennsylvania,3 wk ahead,percent,1.47220984390402e-05,Bin,10.0,10.1
Pennsylvania,3 wk ahead,percent,1.47220984390402e-05,Bin,10.1,10.2
Pennsylvania,3 wk ahead,percent,1.47220984390402e-05,Bin,10.2,10.3
Pennsylvania,3 wk ahead,percent,1.47220984390402e-05,Bin,10.3,10.4
Pennsylvania,3 wk ahead,percent,1.47220984390402e-05,Bin,10.4,10.5
Pennsylvania,3 wk ahead,percent,1.47220984390402e-05,Bin,10.5,10.6
Pennsylvania,3 wk ahead,percent,1.47220984390402e-05,Bin,10.6,10.7
Pennsylvania,3 wk ahead,percent,1.47220984390402e-05,Bin,10.7,10.8
Pennsylvania,3 wk ahead,percent,1.47220984390402e-05,Bin,10.8,10.9
Pennsylvania,3 wk ahead,percent,1.47220984390402e-05,Bin,10.9,11.0
Pennsylvania,3 wk ahead,percent,1.47220984390402e-05,Bin,11.0,11.1
Pennsylvania,3 wk ahead,percent,1.47220984390402e-05,Bin,11.1,11.2
Pennsylvania,3 wk ahead,percent,1.47220984390402e-05,Bin,11.2,11.3
Pennsylvania,3 wk ahead,percent,1.47220984390402e-05,Bin,11.3,11.4
Pennsylvania,3 wk ahead,percent,1.47220984390402e-05,Bin,11.4,11.5
Pennsylvania,3 wk ahead,percent,1.47220984390402e-05,Bin,11.5,11.6
Pennsylvania,3 wk ahead,percent,1.47220984390402e-05,Bin,11.6,11.7
Pennsylvania,3 wk ahead,percent,1.47220984390402e-05,Bin,11.7,11.8
Pennsylvania,3 wk ahead,percent,1.47220984390402e-05,Bin,11.8,11.9
Pennsylvania,3 wk ahead,percent,1.47220984390402e-05,Bin,11.9,12.0
Pennsylvania,3 wk ahead,percent,1.47220984390402e-05,Bin,12.0,12.1
Pennsylvania,3 wk ahead,percent,1.47220984390402e-05,Bin,12.1,12.2
Pennsylvania,3 wk ahead,percent,1.47220984390402e-05,Bin,12.2,12.3
Pennsylvania,3 wk ahead,percent,1.47220984390402e-05,Bin,12.3,12.4
Pennsylvania,3 wk ahead,percent,1.47220984390402e-05,Bin,12.4,12.5
Pennsylvania,3 wk ahead,percent,1.47220984390402e-05,Bin,12.5,12.6
Pennsylvania,3 wk ahead,percent,1.47220984390402e-05,Bin,12.6,12.7
Pennsylvania,3 wk ahead,percent,1.47220984390402e-05,Bin,12.7,12.8
Pennsylvania,3 wk ahead,percent,1.47220984390402e-05,Bin,12.8,12.9
Pennsylvania,3 wk ahead,percent,1.47220984390402e-05,Bin,12.9,13.0
Pennsylvania,3 wk ahead,percent,1.47220984390402e-05,Bin,13.0,100.0
Pennsylvania,4 wk ahead,percent,8.73517624811569e-05,Bin,0.0,0.1
Pennsylvania,4 wk ahead,percent,0.000234574007435763,Bin,0.1,0.2
Pennsylvania,4 wk ahead,percent,0.000337862313226539,Bin,0.2,0.3
Pennsylvania,4 wk ahead,percent,0.000474397067987463,Bin,0.3,0.4
Pennsylvania,4 wk ahead,percent,0.000649658754812729,Bin,0.4,0.5
Pennsylvania,4 wk ahead,percent,0.000868096341504835,Bin,0.5,0.6
Pennsylvania,4 wk ahead,percent,0.00113242721411251,Bin,0.6,0.7
Pennsylvania,4 wk ahead,percent,0.00144296202873519,Bin,0.7,0.8
Pennsylvania,4 wk ahead,percent,0.00179718612971038,Bin,0.8,0.9
Pennsylvania,4 wk ahead,percent,0.00218952296023668,Bin,0.9,1.0
Pennsylvania,4 wk ahead,percent,0.00261152625247455,Bin,1.0,1.1
Pennsylvania,4 wk ahead,percent,0.00305244463893155,Bin,1.1,1.2
Pennsylvania,4 wk ahead,percent,0.00517736718740954,Bin,1.2,1.3
Pennsylvania,4 wk ahead,percent,0.00394249744880036,Bin,1.3,1.4
Pennsylvania,4 wk ahead,percent,0.00772240765328127,Bin,1.4,1.5
Pennsylvania,4 wk ahead,percent,0.00812202815402834,Bin,1.5,1.6
Pennsylvania,4 wk ahead,percent,0.0101663648855064,Bin,1.6,1.7
Pennsylvania,4 wk ahead,percent,0.0222376168475816,Bin,1.7,1.8
Pennsylvania,4 wk ahead,percent,0.0141454877424806,Bin,1.8,1.9
Pennsylvania,4 wk ahead,percent,0.0294968579514671,Bin,1.9,2.0
Pennsylvania,4 wk ahead,percent,0.0246860710578938,Bin,2.0,2.1
Pennsylvania,4 wk ahead,percent,0.0449967898353957,Bin,2.1,2.2
Pennsylvania,4 wk ahead,percent,0.0635925778912847,Bin,2.2,2.3
Pennsylvania,4 wk ahead,percent,0.0452489523311535,Bin,2.3,2.4
Pennsylvania,4 wk ahead,percent,0.0503381522522545,Bin,2.4,2.5
Pennsylvania,4 wk ahead,percent,0.040277932783763,Bin,2.5,2.6
Pennsylvania,4 wk ahead,percent,0.0787933581697296,Bin,2.6,2.7
Pennsylvania,4 wk ahead,percent,0.0417674569492268,Bin,2.7,2.8
Pennsylvania,4 wk ahead,percent,0.0465985201935559,Bin,2.8,2.9
Pennsylvania,4 wk ahead,percent,0.0396168479711414,Bin,2.9,3.0
Pennsylvania,4 wk ahead,percent,0.0459838883620477,Bin,3.0,3.1
Pennsylvania,4 wk ahead,percent,0.0472587056073514,Bin,3.1,3.2
Pennsylvania,4 wk ahead,percent,0.0367441436694064,Bin,3.2,3.3
Pennsylvania,4 wk ahead,percent,0.0412891758668891,Bin,3.3,3.4
Pennsylvania,4 wk ahead,percent,0.0525237375835202,Bin,3.4,3.5
Pennsylvania,4 wk ahead,percent,0.0235031676678174,Bin,3.5,3.6
Pennsylvania,4 wk ahead,percent,0.0280383557205369,Bin,3.6,3.7
Pennsylvania,4 wk ahead,percent,0.0208592038844545,Bin,3.7,3.8
Pennsylvania,4 wk ahead,percent,0.0137168950732745,Bin,3.8,3.9
Pennsylvania,4 wk ahead,percent,0.0082965238563155,Bin,3.9,4.0
Pennsylvania,4 wk ahead,percent,0.00795714722740724,Bin,4.0,4.1
Pennsylvania,4 wk ahead,percent,0.00431455200850638,Bin,4.1,4.2
Pennsylvania,4 wk ahead,percent,0.0107849569252062,Bin,4.2,4.3
Pennsylvania,4 wk ahead,percent,0.0139476274027077,Bin,4.3,4.4
Pennsylvania,4 wk ahead,percent,0.00373460065326192,Bin,4.4,4.5
Pennsylvania,4 wk ahead,percent,0.006974801785603,Bin,4.5,4.6
Pennsylvania,4 wk ahead,percent,0.00689033095206894,Bin,4.6,4.7
Pennsylvania,4 wk ahead,percent,0.0101839040027269,Bin,4.7,4.8
Pennsylvania,4 wk ahead,percent,7.83802632994034e-05,Bin,4.8,4.9
Pennsylvania,4 wk ahead,percent,0.00340385841266917,Bin,4.9,5.0
Pennsylvania,4 wk ahead,percent,0.00338480472183485,Bin,5.0,5.1
Pennsylvania,4 wk ahead,percent,0.00169729264931572,Bin,5.1,5.2
Pennsylvania,4 wk ahead,percent,0.00169659083383803,Bin,5.2,5.3
Pennsylvania,4 wk ahead,percent,0.00337376264736701,Bin,5.3,5.4
Pennsylvania,4 wk ahead,percent,0.00169659083383803,Bin,5.4,5.5
Pennsylvania,4 wk ahead,percent,0.00169659083383803,Bin,5.5,5.6
Pennsylvania,4 wk ahead,percent,1.94190203090442e-05,Bin,5.6,5.7
Pennsylvania,4 wk ahead,percent,0.00337376264736701,Bin,5.7,5.8
Pennsylvania,4 wk ahead,percent,1.94190203090442e-05,Bin,5.8,5.9
Pennsylvania,4 wk ahead,percent,0.00169659083383803,Bin,5.9,6.0
Pennsylvania,4 wk ahead,percent,0.00169659083383803,Bin,6.0,6.1
Pennsylvania,4 wk ahead,percent,1.94190203090442e-05,Bin,6.1,6.2
Pennsylvania,4 wk ahead,percent,1.94190203090442e-05,Bin,6.2,6.3
Pennsylvania,4 wk ahead,percent,1.94190203090442e-05,Bin,6.3,6.4
Pennsylvania,4 wk ahead,percent,1.94190203090442e-05,Bin,6.4,6.5
Pennsylvania,4 wk ahead,percent,1.94190203090442e-05,Bin,6.5,6.6
Pennsylvania,4 wk ahead,percent,1.94190203090442e-05,Bin,6.6,6.7
Pennsylvania,4 wk ahead,percent,1.94190203090442e-05,Bin,6.7,6.8
Pennsylvania,4 wk ahead,percent,1.94190203090442e-05,Bin,6.8,6.9
Pennsylvania,4 wk ahead,percent,1.94190203090442e-05,Bin,6.9,7.0
Pennsylvania,4 wk ahead,percent,1.94190203090442e-05,Bin,7.0,7.1
Pennsylvania,4 wk ahead,percent,1.94190203090442e-05,Bin,7.1,7.2
Pennsylvania,4 wk ahead,percent,1.94190203090442e-05,Bin,7.2,7.3
Pennsylvania,4 wk ahead,percent,1.94190203090442e-05,Bin,7.3,7.4
Pennsylvania,4 wk ahead,percent,1.94190203090442e-05,Bin,7.4,7.5
Pennsylvania,4 wk ahead,percent,1.94190203090442e-05,Bin,7.5,7.6
Pennsylvania,4 wk ahead,percent,1.94190203090442e-05,Bin,7.6,7.7
Pennsylvania,4 wk ahead,percent,1.94190203090442e-05,Bin,7.7,7.8
Pennsylvania,4 wk ahead,percent,1.94190203090442e-05,Bin,7.8,7.9
Pennsylvania,4 wk ahead,percent,1.94190203090442e-05,Bin,7.9,8.0
Pennsylvania,4 wk ahead,percent,1.94190203090444e-05,Bin,8.0,8.1
Pennsylvania,4 wk ahead,percent,1.94190203090446e-05,Bin,8.1,8.2
Pennsylvania,4 wk ahead,percent,1.94190203090446e-05,Bin,8.2,8.3
Pennsylvania,4 wk ahead,percent,1.94190203090446e-05,Bin,8.3,8.4
Pennsylvania,4 wk ahead,percent,1.94190203090446e-05,Bin,8.4,8.5
Pennsylvania,4 wk ahead,percent,1.94190203090446e-05,Bin,8.5,8.6
Pennsylvania,4 wk ahead,percent,1.94190203090446e-05,Bin,8.6,8.7
Pennsylvania,4 wk ahead,percent,1.94190203090446e-05,Bin,8.7,8.8
Pennsylvania,4 wk ahead,percent,1.94190203090446e-05,Bin,8.8,8.9
Pennsylvania,4 wk ahead,percent,1.94190203090446e-05,Bin,8.9,9.0
Pennsylvania,4 wk ahead,percent,1.94190203090446e-05,Bin,9.0,9.1
Pennsylvania,4 wk ahead,percent,1.94190203090446e-05,Bin,9.1,9.2
Pennsylvania,4 wk ahead,percent,1.94190203090446e-05,Bin,9.2,9.3
Pennsylvania,4 wk ahead,percent,1.94190203090446e-05,Bin,9.3,9.4
Pennsylvania,4 wk ahead,percent,1.94190203090446e-05,Bin,9.4,9.5
Pennsylvania,4 wk ahead,percent,1.94190203090446e-05,Bin,9.5,9.6
Pennsylvania,4 wk ahead,percent,1.94190203090446e-05,Bin,9.6,9.7
Pennsylvania,4 wk ahead,percent,1.94190203090446e-05,Bin,9.7,9.8
Pennsylvania,4 wk ahead,percent,1.94190203090446e-05,Bin,9.8,9.9
Pennsylvania,4 wk ahead,percent,1.94190203090446e-05,Bin,9.9,10.0
Pennsylvania,4 wk ahead,percent,1.94190203090446e-05,Bin,10.0,10.1
Pennsylvania,4 wk ahead,percent,1.94190203090446e-05,Bin,10.1,10.2
Pennsylvania,4 wk ahead,percent,1.94190203090446e-05,Bin,10.2,10.3
Pennsylvania,4 wk ahead,percent,1.94190203090446e-05,Bin,10.3,10.4
Pennsylvania,4 wk ahead,percent,1.94190203090446e-05,Bin,10.4,10.5
Pennsylvania,4 wk ahead,percent,1.94190203090446e-05,Bin,10.5,10.6
Pennsylvania,4 wk ahead,percent,1.94190203090446e-05,Bin,10.6,10.7
Pennsylvania,4 wk ahead,percent,1.94190203090446e-05,Bin,10.7,10.8
Pennsylvania,4 wk ahead,percent,1.94190203090446e-05,Bin,10.8,10.9
Pennsylvania,4 wk ahead,percent,1.94190203090446e-05,Bin,10.9,11.0
Pennsylvania,4 wk ahead,percent,1.94190203090446e-05,Bin,11.0,11.1
Pennsylvania,4 wk ahead,percent,1.94190203090446e-05,Bin,11.1,11.2
Pennsylvania,4 wk ahead,percent,1.94190203090446e-05,Bin,11.2,11.3
Pennsylvania,4 wk ahead,percent,1.94190203090446e-05,Bin,11.3,11.4
Pennsylvania,4 wk ahead,percent,1.94190203090446e-05,Bin,11.4,11.5
Pennsylvania,4 wk ahead,percent,1.94190203090446e-05,Bin,11.5,11.6
Pennsylvania,4 wk ahead,percent,1.94190203090446e-05,Bin,11.6,11.7
Pennsylvania,4 wk ahead,percent,1.94190203090446e-05,Bin,11.7,11.8
Pennsylvania,4 wk ahead,percent,1.94190203090446e-05,Bin,11.8,11.9
Pennsylvania,4 wk ahead,percent,1.94190203090446e-05,Bin,11.9,12.0
Pennsylvania,4 wk ahead,percent,1.94190203090446e-05,Bin,12.0,12.1
Pennsylvania,4 wk ahead,percent,1.94190203090446e-05,Bin,12.1,12.2
Pennsylvania,4 wk ahead,percent,1.94190203090446e-05,Bin,12.2,12.3
Pennsylvania,4 wk ahead,percent,1.94190203090446e-05,Bin,12.3,12.4
Pennsylvania,4 wk ahead,percent,1.94190203090446e-05,Bin,12.4,12.5
Pennsylvania,4 wk ahead,percent,1.94190203090446e-05,Bin,12.5,12.6
Pennsylvania,4 wk ahead,percent,1.94190203090446e-05,Bin,12.6,12.7
Pennsylvania,4 wk ahead,percent,1.94190203090446e-05,Bin,12.7,12.8
Pennsylvania,4 wk ahead,percent,1.94190203090446e-05,Bin,12.8,12.9
Pennsylvania,4 wk ahead,percent,1.94190203090446e-05,Bin,12.9,13.0
Pennsylvania,4 wk ahead,percent,1.94190203090446e-05,Bin,13.0,100.0
Pennsylvania,Season peak percentage,percent,2.3413580426136e-11,Bin,0.0,0.1
Pennsylvania,Season peak percentage,percent,5.09498010920251e-11,Bin,0.1,0.2
Pennsylvania,Season peak percentage,percent,5.68154991498146e-11,Bin,0.2,0.3
Pennsylvania,Season peak percentage,percent,6.31319506286202e-11,Bin,0.3,0.4
Pennsylvania,Season peak percentage,percent,6.98991218025375e-11,Bin,0.4,0.5
Pennsylvania,Season peak percentage,percent,7.71195242502516e-11,Bin,0.5,0.6
Pennsylvania,Season peak percentage,percent,8.47981371506526e-11,Bin,0.6,0.7
Pennsylvania,Season peak percentage,percent,9.29243893553683e-11,Bin,0.7,0.8
Pennsylvania,Season peak percentage,percent,1.01487674797275e-10,Bin,0.8,0.9
Pennsylvania,Season peak percentage,percent,1.10478698027676e-10,Bin,0.9,1.0
Pennsylvania,Season peak percentage,percent,1.19882609781675e-10,Bin,1.0,1.1
Pennsylvania,Season peak percentage,percent,1.2967404473871e-10,Bin,1.1,1.2
Pennsylvania,Season peak percentage,percent,1.39829776445858e-10,Bin,1.2,1.3
Pennsylvania,Season peak percentage,percent,1.503272360944e-10,Bin,1.3,1.4
Pennsylvania,Season peak percentage,percent,1.61131942533788e-10,Bin,1.4,1.5
Pennsylvania,Season peak percentage,percent,1.72209484563485e-10,Bin,1.5,1.6
Pennsylvania,Season peak percentage,percent,1.8352571546584e-10,Bin,1.6,1.7
Pennsylvania,Season peak percentage,percent,1.95043001982197e-10,Bin,1.7,1.8
Pennsylvania,Season peak percentage,percent,2.06718222985186e-10,Bin,1.8,1.9
Pennsylvania,Season peak percentage,percent,2.18509885122837e-10,Bin,1.9,2.0
Pennsylvania,Season peak percentage,percent,2.30375345688886e-10,Bin,2.0,2.1
Pennsylvania,Season peak percentage,percent,2.42268925590176e-10,Bin,2.1,2.2
Pennsylvania,Season peak percentage,percent,2.54145653541186e-10,Bin,2.2,2.3
Pennsylvania,Season peak percentage,percent,2.65959706644526e-10,Bin,2.3,2.4
Pennsylvania,Season peak percentage,percent,2.77663989984906e-10,Bin,2.4,2.5
Pennsylvania,Season peak percentage,percent,2.8921435123112e-10,Bin,2.5,2.6
Pennsylvania,Season peak percentage,percent,3.00565981184411e-10,Bin,2.6,2.7
Pennsylvania,Season peak percentage,percent,3.11670426290062e-10,Bin,2.7,2.8
Pennsylvania,Season peak percentage,percent,3.22486352092223e-10,Bin,2.8,2.9
Pennsylvania,Season peak percentage,percent,3.32972644500664e-10,Bin,2.9,3.0
Pennsylvania,Season peak percentage,percent,3.4308590345002e-10,Bin,3.0,3.1
Pennsylvania,Season peak percentage,percent,3.52782335818822e-10,Bin,3.1,3.2
Pennsylvania,Season peak percentage,percent,3.620294193889e-10,Bin,3.2,3.3
Pennsylvania,Season peak percentage,percent,3.70790998501054e-10,Bin,3.3,3.4
Pennsylvania,Season peak percentage,percent,3.79024661407747e-10,Bin,3.4,3.5
Pennsylvania,Season peak percentage,percent,3.86703392711251e-10,Bin,3.5,3.6
Pennsylvania,Season peak percentage,percent,3.93800005888285e-10,Bin,3.6,3.7
Pennsylvania,Season peak percentage,percent,4.00283707863297e-10,Bin,3.7,3.8
Pennsylvania,Season peak percentage,percent,4.06123577467113e-10,Bin,3.8,3.9
Pennsylvania,Season peak percentage,percent,4.11306713844344e-10,Bin,3.9,4.0
Pennsylvania,Season peak percentage,percent,4.15814017576878e-10,Bin,4.0,4.1
Pennsylvania,Season peak percentage,percent,4.19618194950991e-10,Bin,4.1,4.2
Pennsylvania,Season peak percentage,percent,4.2271283979494e-10,Bin,4.2,4.3
Pennsylvania,Season peak percentage,percent,4.2509104204404e-10,Bin,4.3,4.4
Pennsylvania,Season peak percentage,percent,4.26741089008785e-10,Bin,4.4,4.5
Pennsylvania,Season peak percentage,percent,4.27650995105043e-10,Bin,4.5,4.6
Pennsylvania,Season peak percentage,percent,4.27829924892914e-10,Bin,4.6,4.7
Pennsylvania,Season peak percentage,percent,4.27278597428906e-10,Bin,4.7,4.8
Pennsylvania,Season peak percentage,percent,4.25989237531225e-10,Bin,4.8,4.9
Pennsylvania,Season peak percentage,percent,4.23974868142654e-10,Bin,4.9,5.0
Pennsylvania,Season peak percentage,percent,4.2124772354352e-10,Bin,5.0,5.1
Pennsylvania,Season peak percentage,percent,4.1781469279819e-10,Bin,5.1,5.2
Pennsylvania,Season peak percentage,percent,4.1368131318542e-10,Bin,5.2,5.3
Pennsylvania,Season peak percentage,percent,4.0887316205674e-10,Bin,5.3,5.4
Pennsylvania,Season peak percentage,percent,4.0340683397081e-10,Bin,5.4,5.5
Pennsylvania,Season peak percentage,percent,3.97291784839608e-10,Bin,5.5,5.6
Pennsylvania,Season peak percentage,percent,3.90554818581417e-10,Bin,5.6,5.7
Pennsylvania,Season peak percentage,percent,3.83222060717975e-10,Bin,5.7,5.8
Pennsylvania,Season peak percentage,percent,3.75315439353302e-10,Bin,5.8,5.9
Pennsylvania,Season peak percentage,percent,0.889999979341841,Bin,5.9,6.0
Pennsylvania,Season peak percentage,percent,0.0199999998854092,Bin,6.0,6.1
Pennsylvania,Season peak percentage,percent,0.0100000001121861,Bin,6.1,6.2
Pennsylvania,Season peak percentage,percent,0.00600000019676376,Bin,6.2,6.3
Pennsylvania,Season peak percentage,percent,0.00800000013918183,Bin,6.3,6.4
Pennsylvania,Season peak percentage,percent,0.0100000000812222,Bin,6.4,6.5
Pennsylvania,Season peak percentage,percent,0.0179999998811813,Bin,6.5,6.6
Pennsylvania,Season peak percentage,percent,0.0100000000588181,Bin,6.6,6.7
Pennsylvania,Season peak percentage,percent,0.00200000023620339,Bin,6.7,6.8
Pennsylvania,Season peak percentage,percent,0.00200000022439401,Bin,6.8,6.9
Pennsylvania,Season peak percentage,percent,0.00800000007068255,Bin,6.9,7.0
Pennsylvania,Season peak percentage,percent,2.4759184149335e-10,Bin,7.0,7.1
Pennsylvania,Season peak percentage,percent,2.354525812117e-10,Bin,7.1,7.2
Pennsylvania,Season peak percentage,percent,2.23303374997015e-10,Bin,7.2,7.3
Pennsylvania,Season peak percentage,percent,2.11195234167382e-10,Bin,7.3,7.4
Pennsylvania,Season peak percentage,percent,0.00200000015193025,Bin,7.4,7.5
Pennsylvania,Season peak percentage,percent,0.00200000014005081,Bin,7.5,7.6
Pennsylvania,Season peak percentage,percent,0.00400000008111208,Bin,7.6,7.7
Pennsylvania,Season peak percentage,percent,1.64147337068748e-10,Bin,7.7,7.8
Pennsylvania,Season peak percentage,percent,1.52960984824645e-10,Bin,7.8,7.9
Pennsylvania,Season peak percentage,percent,1.42087830755873e-10,Bin,7.9,8.0
Pennsylvania,Season peak percentage,percent,0.00599999998982629,Bin,8.0,8.1
Pennsylvania,Season peak percentage,percent,1.21428639845697e-10,Bin,8.1,8.2
Pennsylvania,Season peak percentage,percent,1.11697083200828e-10,Bin,8.2,8.3
Pennsylvania,Season peak percentage,percent,0.00200000005515505,Bin,8.3,8.4
Pennsylvania,Season peak percentage,percent,9.35615091935507e-11,Bin,8.4,8.5
Pennsylvania,Season peak percentage,percent,8.51855902428856e-11,Bin,8.5,8.6
Pennsylvania,Season peak percentage,percent,7.72861992576438e-11,Bin,8.6,8.7
Pennsylvania,Season peak percentage,percent,6.9874515209162e-11,Bin,8.7,8.8
Pennsylvania,Season peak percentage,percent,6.2944755911962e-11,Bin,8.8,8.9
Pennsylvania,Season peak percentage,percent,5.64934425948405e-11,Bin,8.9,9.0
Pennsylvania,Season peak percentage,percent,5.05195097374529e-11,Bin,9.0,9.1
Pennsylvania,Season peak percentage,percent,4.50108533788017e-11,Bin,9.1,9.2
Pennsylvania,Season peak percentage,percent,3.99503277265089e-11,Bin,9.2,9.3
Pennsylvania,Season peak percentage,percent,3.53235297147037e-11,Bin,9.3,9.4
Pennsylvania,Season peak percentage,percent,3.11170005291357e-11,Bin,9.4,9.5
Pennsylvania,Season peak percentage,percent,2.73047723944967e-11,Bin,9.5,9.6
Pennsylvania,Season peak percentage,percent,2.38647402173815e-11,Bin,9.6,9.7
Pennsylvania,Season peak percentage,percent,2.07783928916531e-11,Bin,9.7,9.8
Pennsylvania,Season peak percentage,percent,1.80210616241835e-11,Bin,9.8,9.9
Pennsylvania,Season peak percentage,percent,1.5566263176554e-11,Bin,9.9,10.0
Pennsylvania,Season peak percentage,percent,1.339159724001e-11,Bin,10.0,10.1
Pennsylvania,Season peak percentage,percent,1.14766736480134e-11,Bin,10.1,10.2
Pennsylvania,Season peak percentage,percent,9.79528155094421e-12,Bin,10.2,10.3
Pennsylvania,Season peak percentage,percent,8.3252701610575e-12,Bin,10.3,10.4
Pennsylvania,Season peak percentage,percent,7.04790613465738e-12,Bin,10.4,10.5
Pennsylvania,Season peak percentage,percent,5.94268878928781e-12,Bin,10.5,10.6
Pennsylvania,Season peak percentage,percent,4.98941479272348e-12,Bin,10.6,10.7
Pennsylvania,Season peak percentage,percent,4.1714201011517e-12,Bin,10.7,10.8
Pennsylvania,Season peak percentage,percent,3.47396394562211e-12,Bin,10.8,10.9
Pennsylvania,Season peak percentage,percent,2.88083329040178e-12,Bin,10.9,11.0
Pennsylvania,Season peak percentage,percent,2.37852522950935e-12,Bin,11.0,11.1
Pennsylvania,Season peak percentage,percent,1.95584039325356e-12,Bin,11.1,11.2
Pennsylvania,Season peak percentage,percent,1.6017576258461e-12,Bin,11.2,11.3
Pennsylvania,Season peak percentage,percent,1.30595091403655e-12,Bin,11.3,11.4
Pennsylvania,Season peak percentage,percent,1.07154399485502e-12,Bin,11.4,11.5
Pennsylvania,Season peak percentage,percent,1.02084083351637e-12,Bin,11.5,11.6
Pennsylvania,Season peak percentage,percent,1.02084083351637e-12,Bin,11.6,11.7
Pennsylvania,Season peak percentage,percent,1.02084083351637e-12,Bin,11.7,11.8
Pennsylvania,Season peak percentage,percent,1.02084083351637e-12,Bin,11.8,11.9
Pennsylvania,Season peak percentage,percent,1.02084083351637e-12,Bin,11.9,12.0
Pennsylvania,Season peak percentage,percent,1.02084083351637e-12,Bin,12.0,12.1
Pennsylvania,Season peak percentage,percent,1.02084083351637e-12,Bin,12.1,12.2
Pennsylvania,Season peak percentage,percent,1.02084083351637e-12,Bin,12.2,12.3
Pennsylvania,Season peak percentage,percent,1.02084083351637e-12,Bin,12.3,12.4
Pennsylvania,Season peak percentage,percent,1.02084083351637e-12,Bin,12.4,12.5
Pennsylvania,Season peak percentage,percent,1.02084083351637e-12,Bin,12.5,12.6
Pennsylvania,Season peak percentage,percent,1.02084083351637e-12,Bin,12.6,12.7
Pennsylvania,Season peak percentage,percent,1.02084083351637e-12,Bin,12.7,12.8
Pennsylvania,Season peak percentage,percent,1.02084083351637e-12,Bin,12.8,12.9
Pennsylvania,Season peak percentage,percent,1.02084083351637e-12,Bin,12.9,13.0
Pennsylvania,Season peak percentage,percent,1.02084083351637e-12,Bin,13.0,100.0
Pennsylvania,Season peak week,week,3.8682489077619e-11,Bin,40.0,41.0
Pennsylvania,Season peak week,week,3.8682489077619e-11,Bin,41.0,42.0
Pennsylvania,Season peak week,week,3.8682489077619e-11,Bin,42.0,43.0
Pennsylvania,Season peak week,week,3.8682489077619e-11,Bin,43.0,44.0
Pennsylvania,Season peak week,week,3.8682489077619e-11,Bin,44.0,45.0
Pennsylvania,Season peak week,week,3.8682489077619e-11,Bin,45.0,46.0
Pennsylvania,Season peak week,week,3.8682489077619e-11,Bin,46.0,47.0
Pennsylvania,Season peak week,week,3.8682489077619e-11,Bin,47.0,48.0
Pennsylvania,Season peak week,week,3.8682489077619e-11,Bin,48.0,49.0
Pennsylvania,Season peak week,week,6.8781828812221e-11,Bin,49.0,50.0
Pennsylvania,Season peak week,week,5.82794624606478e-10,Bin,50.0,51.0
Pennsylvania,Season peak week,week,2.36112571394321e-09,Bin,51.0,52.0
Pennsylvania,Season peak week,week,4.27080094230977e-09,Bin,52.0,53.0
Pennsylvania,Season peak week,week,3.67232798809644e-09,Bin,1.0,2.0
Pennsylvania,Season peak week,week,1.59240425974501e-09,Bin,2.0,3.0
Pennsylvania,Season peak week,week,5.6229263428917e-10,Bin,3.0,4.0
Pennsylvania,Season peak week,week,1.0176934729896e-09,Bin,4.0,5.0
Pennsylvania,Season peak week,week,0.874263242562562,Bin,5.0,6.0
Pennsylvania,Season peak week,week,0.108055009099893,Bin,6.0,7.0
Pennsylvania,Season peak week,week,0.00589391038372505,Bin,7.0,8.0
Pennsylvania,Season peak week,week,0.0058939099505341,Bin,8.0,9.0
Pennsylvania,Season peak week,week,0.00392927402105663,Bin,9.0,10.0
Pennsylvania,Season peak week,week,0.0019646380678267,Bin,10.0,11.0
Pennsylvania,Season peak week,week,1.00973833172142e-09,Bin,11.0,12.0
Pennsylvania,Season peak week,week,2.67197467708667e-10,Bin,12.0,13.0
Pennsylvania,Season peak week,week,3.25072567379233e-11,Bin,13.0,14.0
Pennsylvania,Season peak week,week,1.8370815684544e-11,Bin,14.0,15.0
Pennsylvania,Season peak week,week,1.8370815684544e-11,Bin,15.0,16.0
Pennsylvania,Season peak week,week,1.8370815684544e-11,Bin,16.0,17.0
Pennsylvania,Season peak week,week,1.8370815684544e-11,Bin,17.0,18.0
Pennsylvania,Season peak week,week,1.8370815684544e-11,Bin,18.0,19.0
Pennsylvania,Season peak week,week,1.8370815684544e-11,Bin,19.0,20.0
Pennsylvania,Season peak week,week,1.8370815684544e-11,Bin,20.0,21.0
Virginia,1 wk ahead,percent,4.58889863582007e-05,Bin,0.0,0.1
Virginia,1 wk ahead,percent,9.17779727164014e-05,Bin,0.1,0.2
Virginia,1 wk ahead,percent,9.17779727164014e-05,Bin,0.2,0.3
Virginia,1 wk ahead,percent,9.17779727164014e-05,Bin,0.3,0.4
Virginia,1 wk ahead,percent,9.17779727164014e-05,Bin,0.4,0.5
Virginia,1 wk ahead,percent,0.000142610492919139,Bin,0.5,0.6
Virginia,1 wk ahead,percent,0.000314139437784149,Bin,0.6,0.7
Virginia,1 wk ahead,percent,0.000637552422585147,Bin,0.7,0.8
Virginia,1 wk ahead,percent,0.00119349997336172,Bin,0.8,0.9
Virginia,1 wk ahead,percent,0.00206324253358944,Bin,0.9,1.0
Virginia,1 wk ahead,percent,0.00329999451277444,Bin,1.0,1.1
Virginia,1 wk ahead,percent,0.00489575458755281,Bin,1.1,1.2
Virginia,1 wk ahead,percent,0.00675815643467688,Bin,1.2,1.3
Virginia,1 wk ahead,percent,0.00871374590059483,Bin,1.3,1.4
Virginia,1 wk ahead,percent,0.0105399309482566,Bin,1.4,1.5
Virginia,1 wk ahead,percent,0.0120135670501707,Bin,1.5,1.6
Virginia,1 wk ahead,percent,0.0129554884017182,Bin,1.6,1.7
Virginia,1 wk ahead,percent,0.0132556598394388,Bin,1.7,1.8
Virginia,1 wk ahead,percent,0.0128823639334201,Bin,1.8,1.9
Virginia,1 wk ahead,percent,0.0118862844649931,Bin,1.9,2.0
Virginia,1 wk ahead,percent,0.0104030303500039,Bin,2.0,2.1
Virginia,1 wk ahead,percent,0.00865277827780054,Bin,2.1,2.2
Virginia,1 wk ahead,percent,0.00899693202390705,Bin,2.2,2.3
Virginia,1 wk ahead,percent,0.00553889960530205,Bin,2.3,2.4
Virginia,1 wk ahead,percent,0.00481201961261304,Bin,2.4,2.5
Virginia,1 wk ahead,percent,0.00500375817575038,Bin,2.5,2.6
Virginia,1 wk ahead,percent,0.00627765518668774,Bin,2.6,2.7
Virginia,1 wk ahead,percent,0.00864749019168281,Bin,2.7,2.8
Virginia,1 wk ahead,percent,0.0171031959042302,Bin,2.8,2.9
Virginia,1 wk ahead,percent,0.0187793534242772,Bin,2.9,3.0
Virginia,1 wk ahead,percent,0.0234101568736674,Bin,3.0,3.1
Virginia,1 wk ahead,percent,0.0219919084077793,Bin,3.1,3.2
Virginia,1 wk ahead,percent,0.0253245841464661,Bin,3.2,3.3
Virginia,1 wk ahead,percent,0.0279234439868871,Bin,3.3,3.4
Virginia,1 wk ahead,percent,0.0205626344955552,Bin,3.4,3.5
Virginia,1 wk ahead,percent,0.0202900998330889,Bin,3.5,3.6
Virginia,1 wk ahead,percent,0.0153312075859145,Bin,3.6,3.7
Virginia,1 wk ahead,percent,0.0104830940823779,Bin,3.7,3.8
Virginia,1 wk ahead,percent,0.0113974360366901,Bin,3.8,3.9
Virginia,1 wk ahead,percent,0.00689319997044966,Bin,3.9,4.0
Virginia,1 wk ahead,percent,0.00423011554456661,Bin,4.0,4.1
Virginia,1 wk ahead,percent,0.00225401866216139,Bin,4.1,4.2
Virginia,1 wk ahead,percent,0.00393585986202163,Bin,4.2,4.3
Virginia,1 wk ahead,percent,0.00193255323701415,Bin,4.3,4.4
Virginia,1 wk ahead,percent,0.00142020067561324,Bin,4.4,4.5
Virginia,1 wk ahead,percent,0.00556808843361899,Bin,4.5,4.6
Virginia,1 wk ahead,percent,0.0123736871757066,Bin,4.6,4.7
Virginia,1 wk ahead,percent,0.0114728195959747,Bin,4.7,4.8
Virginia,1 wk ahead,percent,0.0141205865200758,Bin,4.8,4.9
Virginia,1 wk ahead,percent,0.0127294477316172,Bin,4.9,5.0
Virginia,1 wk ahead,percent,0.0182259596266682,Bin,5.0,5.1
Virginia,1 wk ahead,percent,0.0249326696020857,Bin,5.1,5.2
Virginia,1 wk ahead,percent,0.0283543732186308,Bin,5.2,5.3
Virginia,1 wk ahead,percent,0.0180521701106536,Bin,5.3,5.4
Virginia,1 wk ahead,percent,0.0212035392541751,Bin,5.4,5.5
Virginia,1 wk ahead,percent,0.0164869721255665,Bin,5.5,5.6
Virginia,1 wk ahead,percent,0.0168439883202033,Bin,5.6,5.7
Virginia,1 wk ahead,percent,0.0112817451713413,Bin,5.7,5.8
Virginia,1 wk ahead,percent,0.0114309031365232,Bin,5.8,5.9
Virginia,1 wk ahead,percent,0.0152654986563555,Bin,5.9,6.0
Virginia,1 wk ahead,percent,0.00819588688365089,Bin,6.0,6.1
Virginia,1 wk ahead,percent,0.00460046684504403,Bin,6.1,6.2
Virginia,1 wk ahead,percent,0.0105672535178911,Bin,6.2,6.3
Virginia,1 wk ahead,percent,0.00738651434171395,Bin,6.3,6.4
Virginia,1 wk ahead,percent,0.00842302519122645,Bin,6.4,6.5
Virginia,1 wk ahead,percent,0.0104960468902514,Bin,6.5,6.6
Virginia,1 wk ahead,percent,0.00945953604073895,Bin,6.6,6.7
Virginia,1 wk ahead,percent,0.00220396009415146,Bin,6.7,6.8
Virginia,1 wk ahead,percent,0.00635000349220145,Bin,6.8,6.9
Virginia,1 wk ahead,percent,0.00635000349220145,Bin,6.9,7.0
Virginia,1 wk ahead,percent,0.00427698179317646,Bin,7.0,7.1
Virginia,1 wk ahead,percent,0.0104960468902514,Bin,7.1,7.2
Virginia,1 wk ahead,percent,0.00738651434171395,Bin,7.2,7.3
Virginia,1 wk ahead,percent,0.00635000349220145,Bin,7.3,7.4
Virginia,1 wk ahead,percent,0.00945953604073895,Bin,7.4,7.5
Virginia,1 wk ahead,percent,0.00842302519122645,Bin,7.5,7.6
Virginia,1 wk ahead,percent,0.00635000349220145,Bin,7.6,7.7
Virginia,1 wk ahead,percent,0.00635000349220145,Bin,7.7,7.8
Virginia,1 wk ahead,percent,0.00427698179317646,Bin,7.8,7.9
Virginia,1 wk ahead,percent,0.00220396009415146,Bin,7.9,8.0
Virginia,1 wk ahead,percent,0.00635000349220145,Bin,8.0,8.1
Virginia,1 wk ahead,percent,0.00220396009415146,Bin,8.1,8.2
Virginia,1 wk ahead,percent,0.00635000349220146,Bin,8.2,8.3
Virginia,1 wk ahead,percent,0.00220396009415146,Bin,8.3,8.4
Virginia,1 wk ahead,percent,0.00220396009415146,Bin,8.4,8.5
Virginia,1 wk ahead,percent,0.0104960468902515,Bin,8.5,8.6
Virginia,1 wk ahead,percent,0.00220396009415146,Bin,8.6,8.7
Virginia,1 wk ahead,percent,0.011532557739764,Bin,8.7,8.8
Virginia,1 wk ahead,percent,0.00324047094366396,Bin,8.8,8.9
Virginia,1 wk ahead,percent,0.00427698179317646,Bin,8.9,9.0
Virginia,1 wk ahead,percent,0.00220396009415146,Bin,9.0,9.1
Virginia,1 wk ahead,percent,0.00220396009415146,Bin,9.1,9.2
Virginia,1 wk ahead,percent,0.00324047094366396,Bin,9.2,9.3
Virginia,1 wk ahead,percent,0.00116744924463896,Bin,9.3,9.4
Virginia,1 wk ahead,percent,0.00427698179317646,Bin,9.4,9.5
Virginia,1 wk ahead,percent,0.00427698179317646,Bin,9.5,9.6
Virginia,1 wk ahead,percent,0.00531349264268896,Bin,9.6,9.7
Virginia,1 wk ahead,percent,0.00427698179317646,Bin,9.7,9.8
Virginia,1 wk ahead,percent,0.00116744924463896,Bin,9.8,9.9
Virginia,1 wk ahead,percent,0.00427698179317646,Bin,9.9,10.0
Virginia,1 wk ahead,percent,0.00324047094366396,Bin,10.0,10.1
Virginia,1 wk ahead,percent,0.000130938395126463,Bin,10.1,10.2
Virginia,1 wk ahead,percent,0.00324047094366396,Bin,10.2,10.3
Virginia,1 wk ahead,percent,0.00635000349220146,Bin,10.3,10.4
Virginia,1 wk ahead,percent,0.00842302519122645,Bin,10.4,10.5
Virginia,1 wk ahead,percent,0.000130938395126463,Bin,10.5,10.6
Virginia,1 wk ahead,percent,0.000130938395126463,Bin,10.6,10.7
Virginia,1 wk ahead,percent,0.00635000349220146,Bin,10.7,10.8
Virginia,1 wk ahead,percent,0.00220396009415146,Bin,10.8,10.9
Virginia,1 wk ahead,percent,0.00531349264268896,Bin,10.9,11.0
Virginia,1 wk ahead,percent,0.00324047094366396,Bin,11.0,11.1
Virginia,1 wk ahead,percent,0.000130938395126463,Bin,11.1,11.2
Virginia,1 wk ahead,percent,0.000130938395126463,Bin,11.2,11.3
Virginia,1 wk ahead,percent,0.00116744924463896,Bin,11.3,11.4
Virginia,1 wk ahead,percent,0.00842302519122645,Bin,11.4,11.5
Virginia,1 wk ahead,percent,0.00324047094366396,Bin,11.5,11.6
Virginia,1 wk ahead,percent,0.00220396009415146,Bin,11.6,11.7
Virginia,1 wk ahead,percent,0.000130938395126463,Bin,11.7,11.8
Virginia,1 wk ahead,percent,0.000130938395126463,Bin,11.8,11.9
Virginia,1 wk ahead,percent,0.000130938395126463,Bin,11.9,12.0
Virginia,1 wk ahead,percent,0.00324047094366396,Bin,12.0,12.1
Virginia,1 wk ahead,percent,0.00220396009415146,Bin,12.1,12.2
Virginia,1 wk ahead,percent,0.00116744924463896,Bin,12.2,12.3
Virginia,1 wk ahead,percent,0.00220396009415146,Bin,12.3,12.4
Virginia,1 wk ahead,percent,0.00427698179317646,Bin,12.4,12.5
Virginia,1 wk ahead,percent,0.000130938395126463,Bin,12.5,12.6
Virginia,1 wk ahead,percent,0.00220396009415146,Bin,12.6,12.7
Virginia,1 wk ahead,percent,0.000130938395126463,Bin,12.7,12.8
Virginia,1 wk ahead,percent,0.000130938395126463,Bin,12.8,12.9
Virginia,1 wk ahead,percent,0.000130938395126463,Bin,12.9,13.0
Virginia,1 wk ahead,percent,0.0747597195600264,Bin,13.0,100.0
Virginia,2 wk ahead,percent,4.79628034589514e-05,Bin,0.0,0.1
Virginia,2 wk ahead,percent,0.000136903424064207,Bin,0.1,0.2
Virginia,2 wk ahead,percent,0.000213044261080967,Bin,0.2,0.3
Virginia,2 wk ahead,percent,0.000322834264875022,Bin,0.3,0.4
Virginia,2 wk ahead,percent,0.000476446194551665,Bin,0.4,0.5
Virginia,2 wk ahead,percent,0.000685089617527955,Bin,0.5,0.6
Virginia,2 wk ahead,percent,0.00096030765561356,Bin,0.6,0.7
Virginia,2 wk ahead,percent,0.00131282135907955,Bin,0.7,0.8
Virginia,2 wk ahead,percent,0.00175155426574532,Bin,0.8,0.9
Virginia,2 wk ahead,percent,0.00228234282611232,Bin,0.9,1.0
Virginia,2 wk ahead,percent,0.0029070691257172,Bin,1.0,1.1
Virginia,2 wk ahead,percent,0.0036231626163764,Bin,1.1,1.2
Virginia,2 wk ahead,percent,0.00442342985509573,Bin,1.2,1.3
Virginia,2 wk ahead,percent,0.00529704925252747,Bin,1.3,1.4
Virginia,2 wk ahead,percent,0.00623013649513815,Bin,1.4,1.5
Virginia,2 wk ahead,percent,0.00720757656544131,Bin,1.5,1.6
Virginia,2 wk ahead,percent,0.00821399798170673,Bin,1.6,1.7
Virginia,2 wk ahead,percent,0.00923488769660068,Bin,1.7,1.8
Virginia,2 wk ahead,percent,0.0102568477858939,Bin,1.8,1.9
Virginia,2 wk ahead,percent,0.0112672339192553,Bin,1.9,2.0
Virginia,2 wk ahead,percent,0.0143652106924818,Bin,2.0,2.1
Virginia,2 wk ahead,percent,0.0142561485322833,Bin,2.1,2.2
Virginia,2 wk ahead,percent,0.0172586744688119,Bin,2.2,2.3
Virginia,2 wk ahead,percent,0.0159589438124834,Bin,2.3,2.4
Virginia,2 wk ahead,percent,0.021947277400208,Bin,2.4,2.5
Virginia,2 wk ahead,percent,0.0182971828611678,Bin,2.5,2.6
Virginia,2 wk ahead,percent,0.0176492703002154,Bin,2.6,2.7
Virginia,2 wk ahead,percent,0.018916021849404,Bin,2.7,2.8
Virginia,2 wk ahead,percent,0.0189021024847413,Bin,2.8,2.9
Virginia,2 wk ahead,percent,0.0207563763710046,Bin,2.9,3.0
Virginia,2 wk ahead,percent,0.0223584741723846,Bin,3.0,3.1
Virginia,2 wk ahead,percent,0.0194909242715014,Bin,3.1,3.2
Virginia,2 wk ahead,percent,0.0185116871324495,Bin,3.2,3.3
Virginia,2 wk ahead,percent,0.0205143801923327,Bin,3.3,3.4
Virginia,2 wk ahead,percent,0.0171016490470741,Bin,3.4,3.5
Virginia,2 wk ahead,percent,0.0136142046694865,Bin,3.5,3.6
Virginia,2 wk ahead,percent,0.0132855855464534,Bin,3.6,3.7
Virginia,2 wk ahead,percent,0.0172368699206136,Bin,3.7,3.8
Virginia,2 wk ahead,percent,0.0107429859549088,Bin,3.8,3.9
Virginia,2 wk ahead,percent,0.0160300944320191,Bin,3.9,4.0
Virginia,2 wk ahead,percent,0.014126580237694,Bin,4.0,4.1
Virginia,2 wk ahead,percent,0.0103347787379181,Bin,4.1,4.2
Virginia,2 wk ahead,percent,0.00571900126660206,Bin,4.2,4.3
Virginia,2 wk ahead,percent,0.00977736320963502,Bin,4.3,4.4
Virginia,2 wk ahead,percent,0.00982018217247367,Bin,4.4,4.5
Virginia,2 wk ahead,percent,0.0153241504008702,Bin,4.5,4.6
Virginia,2 wk ahead,percent,0.0125262806052431,Bin,4.6,4.7
Virginia,2 wk ahead,percent,0.00877940341688933,Bin,4.7,4.8
Virginia,2 wk ahead,percent,0.0156583286479344,Bin,4.8,4.9
Virginia,2 wk ahead,percent,0.0151694221094211,Bin,4.9,5.0
Virginia,2 wk ahead,percent,0.0125541613576354,Bin,5.0,5.1
Virginia,2 wk ahead,percent,0.0141143480512259,Bin,5.1,5.2
Virginia,2 wk ahead,percent,0.0177089278076993,Bin,5.2,5.3
Virginia,2 wk ahead,percent,0.0159230641905402,Bin,5.3,5.4
Virginia,2 wk ahead,percent,0.0140202117481141,Bin,5.4,5.5
Virginia,2 wk ahead,percent,0.0162144039522838,Bin,5.5,5.6
Virginia,2 wk ahead,percent,0.0182767910221402,Bin,5.6,5.7
Virginia,2 wk ahead,percent,0.0128164055030989,Bin,5.7,5.8
Virginia,2 wk ahead,percent,0.0135679769201163,Bin,5.8,5.9
Virginia,2 wk ahead,percent,0.01103896746568,Bin,5.9,6.0
Virginia,2 wk ahead,percent,0.0147502590669228,Bin,6.0,6.1
Virginia,2 wk ahead,percent,0.0120506026829478,Bin,6.1,6.2
Virginia,2 wk ahead,percent,0.00930055317748365,Bin,6.2,6.3
Virginia,2 wk ahead,percent,0.0107503973840885,Bin,6.3,6.4
Virginia,2 wk ahead,percent,0.0111461408804559,Bin,6.4,6.5
Virginia,2 wk ahead,percent,0.00839975983500733,Bin,6.5,6.6
Virginia,2 wk ahead,percent,0.0099237192949094,Bin,6.6,6.7
Virginia,2 wk ahead,percent,0.0104527701210594,Bin,6.7,6.8
Virginia,2 wk ahead,percent,0.00682815245579424,Bin,6.8,6.9
Virginia,2 wk ahead,percent,0.00750138175061945,Bin,6.9,7.0
Virginia,2 wk ahead,percent,0.00507867002447399,Bin,7.0,7.1
Virginia,2 wk ahead,percent,0.00694655125425889,Bin,7.1,7.2
Virginia,2 wk ahead,percent,0.00359258246142392,Bin,7.2,7.3
Virginia,2 wk ahead,percent,0.00451146347755875,Bin,7.3,7.4
Virginia,2 wk ahead,percent,0.00863751648997459,Bin,7.4,7.5
Virginia,2 wk ahead,percent,0.00223338379690205,Bin,7.5,7.6
Virginia,2 wk ahead,percent,0.00218771645448557,Bin,7.6,7.7
Virginia,2 wk ahead,percent,0.00427810014498592,Bin,7.7,7.8
Virginia,2 wk ahead,percent,0.00533368911311151,Bin,7.8,7.9
Virginia,2 wk ahead,percent,0.00955779608978587,Bin,7.9,8.0
Virginia,2 wk ahead,percent,0.0063897158572801,Bin,8.0,8.1
Virginia,2 wk ahead,percent,0.00216560888060573,Bin,8.1,8.2
Virginia,2 wk ahead,percent,0.00216560888060573,Bin,8.2,8.3
Virginia,2 wk ahead,percent,0.00110958213643714,Bin,8.3,8.4
Virginia,2 wk ahead,percent,0.00533368911311151,Bin,8.4,8.5
Virginia,2 wk ahead,percent,5.35553922685466e-05,Bin,8.5,8.6
Virginia,2 wk ahead,percent,0.00322163562477432,Bin,8.6,8.7
Virginia,2 wk ahead,percent,0.00322163562477432,Bin,8.7,8.8
Virginia,2 wk ahead,percent,0.00322163562477432,Bin,8.8,8.9
Virginia,2 wk ahead,percent,5.35553922685466e-05,Bin,8.9,9.0
Virginia,2 wk ahead,percent,0.00322163562477432,Bin,9.0,9.1
Virginia,2 wk ahead,percent,0.00322163562477432,Bin,9.1,9.2
Virginia,2 wk ahead,percent,0.00322163562477432,Bin,9.2,9.3
Virginia,2 wk ahead,percent,0.00216560888060573,Bin,9.3,9.4
Virginia,2 wk ahead,percent,0.00110958213643714,Bin,9.4,9.5
Virginia,2 wk ahead,percent,0.00110958213643714,Bin,9.5,9.6
Virginia,2 wk ahead,percent,0.00110958213643714,Bin,9.6,9.7
Virginia,2 wk ahead,percent,0.00216560888060573,Bin,9.7,9.8
Virginia,2 wk ahead,percent,0.00110958213643714,Bin,9.8,9.9
Virginia,2 wk ahead,percent,0.00216560888060573,Bin,9.9,10.0
Virginia,2 wk ahead,percent,0.00216560888060573,Bin,10.0,10.1
Virginia,2 wk ahead,percent,0.00110958213643714,Bin,10.1,10.2
Virginia,2 wk ahead,percent,0.00216560888060573,Bin,10.2,10.3
Virginia,2 wk ahead,percent,0.00110958213643714,Bin,10.3,10.4
Virginia,2 wk ahead,percent,0.00322163562477432,Bin,10.4,10.5
Virginia,2 wk ahead,percent,0.00322163562477432,Bin,10.5,10.6
Virginia,2 wk ahead,percent,0.00110958213643714,Bin,10.6,10.7
Virginia,2 wk ahead,percent,0.00110958213643714,Bin,10.7,10.8
Virginia,2 wk ahead,percent,0.00216560888060573,Bin,10.8,10.9
Virginia,2 wk ahead,percent,0.00322163562477432,Bin,10.9,11.0
Virginia,2 wk ahead,percent,5.35553922685466e-05,Bin,11.0,11.1
Virginia,2 wk ahead,percent,0.00110958213643714,Bin,11.1,11.2
Virginia,2 wk ahead,percent,5.35553922685466e-05,Bin,11.2,11.3
Virginia,2 wk ahead,percent,0.00216560888060573,Bin,11.3,11.4
Virginia,2 wk ahead,percent,0.00110958213643714,Bin,11.4,11.5
Virginia,2 wk ahead,percent,0.00110958213643714,Bin,11.5,11.6
Virginia,2 wk ahead,percent,0.00216560888060573,Bin,11.6,11.7
Virginia,2 wk ahead,percent,0.00110958213643714,Bin,11.7,11.8
Virginia,2 wk ahead,percent,5.35553922685466e-05,Bin,11.8,11.9
Virginia,2 wk ahead,percent,0.00110958213643714,Bin,11.9,12.0
Virginia,2 wk ahead,percent,5.35553922685466e-05,Bin,12.0,12.1
Virginia,2 wk ahead,percent,0.00216560888060573,Bin,12.1,12.2
Virginia,2 wk ahead,percent,5.35553922685466e-05,Bin,12.2,12.3
Virginia,2 wk ahead,percent,0.00216560888060573,Bin,12.3,12.4
Virginia,2 wk ahead,percent,0.00216560888060573,Bin,12.4,12.5
Virginia,2 wk ahead,percent,0.00322163562477432,Bin,12.5,12.6
Virginia,2 wk ahead,percent,0.00322163562477432,Bin,12.6,12.7
Virginia,2 wk ahead,percent,0.00427766236894291,Bin,12.7,12.8
Virginia,2 wk ahead,percent,5.35553922685466e-05,Bin,12.8,12.9
Virginia,2 wk ahead,percent,0.00110958213643714,Bin,12.9,13.0
Virginia,2 wk ahead,percent,0.0623591332982155,Bin,13.0,100.0
Virginia,3 wk ahead,percent,4.34282044819491e-05,Bin,0.0,0.1
Virginia,3 wk ahead,percent,8.68564089638983e-05,Bin,0.1,0.2
Virginia,3 wk ahead,percent,8.68564089638983e-05,Bin,0.2,0.3
Virginia,3 wk ahead,percent,8.68564089638983e-05,Bin,0.3,0.4
Virginia,3 wk ahead,percent,8.68564089638983e-05,Bin,0.4,0.5
Virginia,3 wk ahead,percent,8.68564089638983e-05,Bin,0.5,0.6
Virginia,3 wk ahead,percent,0.000132555449312942,Bin,0.6,0.7
Virginia,3 wk ahead,percent,0.00028016104735576,Bin,0.7,0.8
Virginia,3 wk ahead,percent,0.00054883301466692,Bin,0.8,0.9
Virginia,3 wk ahead,percent,0.000996587788886832,Bin,0.9,1.0
Virginia,3 wk ahead,percent,0.00167780212903704,Bin,1.0,1.1
Virginia,3 wk ahead,percent,0.00261993813490348,Bin,1.1,1.2
Virginia,3 wk ahead,percent,0.00379754508725594,Bin,1.2,1.3
Virginia,3 wk ahead,percent,0.00511649045633763,Bin,1.3,1.4
Virginia,3 wk ahead,percent,0.00642465303317474,Bin,1.4,1.5
Virginia,3 wk ahead,percent,0.00755604330008719,Bin,1.5,1.6
Virginia,3 wk ahead,percent,0.00839910363777234,Bin,1.6,1.7
Virginia,3 wk ahead,percent,0.00896229131405771,Bin,1.7,1.8
Virginia,3 wk ahead,percent,0.013636257109551,Bin,1.8,1.9
Virginia,3 wk ahead,percent,0.00999778629812799,Bin,1.9,2.0
Virginia,3 wk ahead,percent,0.0121080373834049,Bin,2.0,2.1
Virginia,3 wk ahead,percent,0.0159488347844602,Bin,2.1,2.2
Virginia,3 wk ahead,percent,0.0183702271194053,Bin,2.2,2.3
Virginia,3 wk ahead,percent,0.0265717624164259,Bin,2.3,2.4
Virginia,3 wk ahead,percent,0.0221570178657535,Bin,2.4,2.5
Virginia,3 wk ahead,percent,0.0300230746012325,Bin,2.5,2.6
Virginia,3 wk ahead,percent,0.0348931042992336,Bin,2.6,2.7
Virginia,3 wk ahead,percent,0.0375203727027148,Bin,2.7,2.8
Virginia,3 wk ahead,percent,0.0282953060892669,Bin,2.8,2.9
Virginia,3 wk ahead,percent,0.0274534855675489,Bin,2.9,3.0
Virginia,3 wk ahead,percent,0.0299885408867024,Bin,3.0,3.1
Virginia,3 wk ahead,percent,0.030969335832046,Bin,3.1,3.2
Virginia,3 wk ahead,percent,0.0233516005662593,Bin,3.2,3.3
Virginia,3 wk ahead,percent,0.0243859052872519,Bin,3.3,3.4
Virginia,3 wk ahead,percent,0.0152739404556719,Bin,3.4,3.5
Virginia,3 wk ahead,percent,0.0173542165407962,Bin,3.5,3.6
Virginia,3 wk ahead,percent,0.0137936738316258,Bin,3.6,3.7
Virginia,3 wk ahead,percent,0.00991028578271757,Bin,3.7,3.8
Virginia,3 wk ahead,percent,0.0109510541674806,Bin,3.8,3.9
Virginia,3 wk ahead,percent,0.0157408198110451,Bin,3.9,4.0
Virginia,3 wk ahead,percent,0.0135082119671327,Bin,4.0,4.1
Virginia,3 wk ahead,percent,0.0103546668831896,Bin,4.1,4.2
Virginia,3 wk ahead,percent,0.0197647974604917,Bin,4.2,4.3
Virginia,3 wk ahead,percent,0.0235060622225843,Bin,4.3,4.4
Virginia,3 wk ahead,percent,0.0193092114494544,Bin,4.4,4.5
Virginia,3 wk ahead,percent,0.0198490865675231,Bin,4.5,4.6
Virginia,3 wk ahead,percent,0.0125312097924297,Bin,4.6,4.7
Virginia,3 wk ahead,percent,0.0091869474445717,Bin,4.7,4.8
Virginia,3 wk ahead,percent,0.00897069332299621,Bin,4.8,4.9
Virginia,3 wk ahead,percent,0.00888224794840817,Bin,4.9,5.0
Virginia,3 wk ahead,percent,0.0143148437988003,Bin,5.0,5.1
Virginia,3 wk ahead,percent,0.00942184975357703,Bin,5.1,5.2
Virginia,3 wk ahead,percent,0.00581666663878292,Bin,5.2,5.3
Virginia,3 wk ahead,percent,0.00767951258692634,Bin,5.3,5.4
Virginia,3 wk ahead,percent,0.00543285655637084,Bin,5.4,5.5
Virginia,3 wk ahead,percent,0.0106789805424059,Bin,5.5,5.6
Virginia,3 wk ahead,percent,0.00541183736187516,Bin,5.6,5.7
Virginia,3 wk ahead,percent,0.00868846282762601,Bin,5.7,5.8
Virginia,3 wk ahead,percent,0.00890037816998227,Bin,5.8,5.9
Virginia,3 wk ahead,percent,0.00715598994022407,Bin,5.9,6.0
Virginia,3 wk ahead,percent,0.0109181897402666,Bin,6.0,6.1
Virginia,3 wk ahead,percent,0.0075258291221529,Bin,6.1,6.2
Virginia,3 wk ahead,percent,0.00437835333200285,Bin,6.2,6.3
Virginia,3 wk ahead,percent,0.00986289010450162,Bin,6.3,6.4
Virginia,3 wk ahead,percent,0.0132417715603942,Bin,6.4,6.5
Virginia,3 wk ahead,percent,0.0132491751773331,Bin,6.5,6.6
Virginia,3 wk ahead,percent,0.00967881789799489,Bin,6.6,6.7
Virginia,3 wk ahead,percent,0.0108563126356475,Bin,6.7,6.8
Virginia,3 wk ahead,percent,0.0125225108001543,Bin,6.8,6.9
Virginia,3 wk ahead,percent,0.0116000447102393,Bin,6.9,7.0
Virginia,3 wk ahead,percent,0.0082755646843312,Bin,7.0,7.1
Virginia,3 wk ahead,percent,0.0101715514770845,Bin,7.1,7.2
Virginia,3 wk ahead,percent,0.00688715800300958,Bin,7.2,7.3
Virginia,3 wk ahead,percent,0.00699935353647987,Bin,7.3,7.4
Virginia,3 wk ahead,percent,0.00313523298778478,Bin,7.4,7.5
Virginia,3 wk ahead,percent,0.00162132481647345,Bin,7.5,7.6
Virginia,3 wk ahead,percent,0.00452142112704871,Bin,7.6,7.7
Virginia,3 wk ahead,percent,0.00331166754817669,Bin,7.7,7.8
Virginia,3 wk ahead,percent,0.0022033673286816,Bin,7.8,7.9
Virginia,3 wk ahead,percent,0.00431980824460414,Bin,7.9,8.0
Virginia,3 wk ahead,percent,0.00114508633446208,Bin,8.0,8.1
Virginia,3 wk ahead,percent,0.0022033269711761,Bin,8.1,8.2
Virginia,3 wk ahead,percent,0.00114508633446209,Bin,8.2,8.3
Virginia,3 wk ahead,percent,0.00326156760789012,Bin,8.3,8.4
Virginia,3 wk ahead,percent,0.0022033269711761,Bin,8.4,8.5
Virginia,3 wk ahead,percent,0.00114508633446209,Bin,8.5,8.6
Virginia,3 wk ahead,percent,0.00114508633446209,Bin,8.6,8.7
Virginia,3 wk ahead,percent,0.00114508633446209,Bin,8.7,8.8
Virginia,3 wk ahead,percent,0.00114508633446209,Bin,8.8,8.9
Virginia,3 wk ahead,percent,0.00114508633446209,Bin,8.9,9.0
Virginia,3 wk ahead,percent,0.00114508633446209,Bin,9.0,9.1
Virginia,3 wk ahead,percent,8.68456977480663e-05,Bin,9.1,9.2
Virginia,3 wk ahead,percent,8.68456977480663e-05,Bin,9.2,9.3
Virginia,3 wk ahead,percent,0.00114508633446209,Bin,9.3,9.4
Virginia,3 wk ahead,percent,0.0022033269711761,Bin,9.4,9.5
Virginia,3 wk ahead,percent,8.68456977480663e-05,Bin,9.5,9.6
Virginia,3 wk ahead,percent,0.00114508633446209,Bin,9.6,9.7
Virginia,3 wk ahead,percent,0.00114508633446209,Bin,9.7,9.8
Virginia,3 wk ahead,percent,8.68456977480663e-05,Bin,9.8,9.9
Virginia,3 wk ahead,percent,0.00326156760789012,Bin,9.9,10.0
Virginia,3 wk ahead,percent,0.0022033269711761,Bin,10.0,10.1
Virginia,3 wk ahead,percent,0.0022033269711761,Bin,10.1,10.2
Virginia,3 wk ahead,percent,0.00537804888131816,Bin,10.2,10.3
Virginia,3 wk ahead,percent,8.68456977480663e-05,Bin,10.3,10.4
Virginia,3 wk ahead,percent,8.68456977480663e-05,Bin,10.4,10.5
Virginia,3 wk ahead,percent,8.68456977480663e-05,Bin,10.5,10.6
Virginia,3 wk ahead,percent,0.00114508633446209,Bin,10.6,10.7
Virginia,3 wk ahead,percent,0.00114508633446209,Bin,10.7,10.8
Virginia,3 wk ahead,percent,0.00326156760789012,Bin,10.8,10.9
Virginia,3 wk ahead,percent,8.68456977480663e-05,Bin,10.9,11.0
Virginia,3 wk ahead,percent,0.00326156760789012,Bin,11.0,11.1
Virginia,3 wk ahead,percent,8.68456977480663e-05,Bin,11.1,11.2
Virginia,3 wk ahead,percent,8.68456977480663e-05,Bin,11.2,11.3
Virginia,3 wk ahead,percent,0.00326156760789012,Bin,11.3,11.4
Virginia,3 wk ahead,percent,0.00114508633446209,Bin,11.4,11.5
Virginia,3 wk ahead,percent,8.68456977480663e-05,Bin,11.5,11.6
Virginia,3 wk ahead,percent,0.00431980824460414,Bin,11.6,11.7
Virginia,3 wk ahead,percent,0.0022033269711761,Bin,11.7,11.8
Virginia,3 wk ahead,percent,8.68456977480663e-05,Bin,11.8,11.9
Virginia,3 wk ahead,percent,8.68456977480663e-05,Bin,11.9,12.0
Virginia,3 wk ahead,percent,0.00114508633446209,Bin,12.0,12.1
Virginia,3 wk ahead,percent,0.00114508633446209,Bin,12.1,12.2
Virginia,3 wk ahead,percent,0.00114508633446209,Bin,12.2,12.3
Virginia,3 wk ahead,percent,8.68456977480663e-05,Bin,12.3,12.4
Virginia,3 wk ahead,percent,8.68456977480663e-05,Bin,12.4,12.5
Virginia,3 wk ahead,percent,0.00114508633446209,Bin,12.5,12.6
Virginia,3 wk ahead,percent,0.00114508633446209,Bin,12.6,12.7
Virginia,3 wk ahead,percent,0.00114508633446209,Bin,12.7,12.8
Virginia,3 wk ahead,percent,8.68456977480663e-05,Bin,12.8,12.9
Virginia,3 wk ahead,percent,0.0022033269711761,Bin,12.9,13.0
Virginia,3 wk ahead,percent,0.0339505460725967,Bin,13.0,100.0
Virginia,4 wk ahead,percent,0.000112990680260359,Bin,0.0,0.1
Virginia,4 wk ahead,percent,0.000320035965809677,Bin,0.1,0.2
Virginia,4 wk ahead,percent,0.000492406656852364,Bin,0.2,0.3
Virginia,4 wk ahead,percent,0.000736212487232456,Bin,0.3,0.4
Virginia,4 wk ahead,percent,0.00106972758601858,Bin,0.4,0.5
Virginia,4 wk ahead,percent,0.0015107255397076,Bin,0.5,0.6
Virginia,4 wk ahead,percent,0.00207407789271733,Bin,0.6,0.7
Virginia,4 wk ahead,percent,0.0027687565060484,Bin,0.7,0.8
Virginia,4 wk ahead,percent,0.00359493060685768,Bin,0.8,0.9
Virginia,4 wk ahead,percent,0.00454144107341754,Bin,0.9,1.0
Virginia,4 wk ahead,percent,0.00558460389469298,Bin,1.0,1.1
Virginia,4 wk ahead,percent,0.00772956920829926,Bin,1.1,1.2
Virginia,4 wk ahead,percent,0.00780878011840655,Bin,1.2,1.3
Virginia,4 wk ahead,percent,0.00889446571154671,Bin,1.3,1.4
Virginia,4 wk ahead,percent,0.00989677763237652,Bin,1.4,1.5
Virginia,4 wk ahead,percent,0.010774153363001,Bin,1.5,1.6
Virginia,4 wk ahead,percent,0.0125392113151916,Bin,1.6,1.7
Virginia,4 wk ahead,percent,0.0141406585830124,Bin,1.7,1.8
Virginia,4 wk ahead,percent,0.0155870491116526,Bin,1.8,1.9
Virginia,4 wk ahead,percent,0.0158641426280591,Bin,1.9,2.0
Virginia,4 wk ahead,percent,0.0181346826085609,Bin,2.0,2.1
Virginia,4 wk ahead,percent,0.0172431406520965,Bin,2.1,2.2
Virginia,4 wk ahead,percent,0.0174020806173081,Bin,2.2,2.3
Virginia,4 wk ahead,percent,0.023859047792573,Bin,2.3,2.4
Virginia,4 wk ahead,percent,0.0231157432783658,Bin,2.4,2.5
Virginia,4 wk ahead,percent,0.0203922103229698,Bin,2.5,2.6
Virginia,4 wk ahead,percent,0.0250535278686819,Bin,2.6,2.7
Virginia,4 wk ahead,percent,0.0225087165043129,Bin,2.7,2.8
Virginia,4 wk ahead,percent,0.0283335529142706,Bin,2.8,2.9
Virginia,4 wk ahead,percent,0.0237455610667367,Bin,2.9,3.0
Virginia,4 wk ahead,percent,0.029504934701406,Bin,3.0,3.1
Virginia,4 wk ahead,percent,0.0372286155302828,Bin,3.1,3.2
Virginia,4 wk ahead,percent,0.0385382380033564,Bin,3.2,3.3
Virginia,4 wk ahead,percent,0.0281877746978348,Bin,3.3,3.4
Virginia,4 wk ahead,percent,0.0332100246188084,Bin,3.4,3.5
Virginia,4 wk ahead,percent,0.0306964403738661,Bin,3.5,3.6
Virginia,4 wk ahead,percent,0.0289791717230846,Bin,3.6,3.7
Virginia,4 wk ahead,percent,0.0228755544961448,Bin,3.7,3.8
Virginia,4 wk ahead,percent,0.0290721335079247,Bin,3.8,3.9
Virginia,4 wk ahead,percent,0.0247144087635407,Bin,3.9,4.0
Virginia,4 wk ahead,percent,0.0160947107737602,Bin,4.0,4.1
Virginia,4 wk ahead,percent,0.0199143032652333,Bin,4.1,4.2
Virginia,4 wk ahead,percent,0.023730381479347,Bin,4.2,4.3
Virginia,4 wk ahead,percent,0.016136256549278,Bin,4.3,4.4
Virginia,4 wk ahead,percent,0.00861614390564213,Bin,4.4,4.5
Virginia,4 wk ahead,percent,0.0168098755035599,Bin,4.5,4.6
Virginia,4 wk ahead,percent,0.0157584289479368,Bin,4.6,4.7
Virginia,4 wk ahead,percent,0.0148404986930304,Bin,4.7,4.8
Virginia,4 wk ahead,percent,0.00677442971432821,Bin,4.8,4.9
Virginia,4 wk ahead,percent,0.0123728313722662,Bin,4.9,5.0
Virginia,4 wk ahead,percent,0.00456646505972088,Bin,5.0,5.1
Virginia,4 wk ahead,percent,0.00623972146774026,Bin,5.1,5.2
Virginia,4 wk ahead,percent,0.00801005156793941,Bin,5.2,5.3
Virginia,4 wk ahead,percent,0.00777951930262363,Bin,5.3,5.4
Virginia,4 wk ahead,percent,0.00761363269237199,Bin,5.4,5.5
Virginia,4 wk ahead,percent,0.00541613591760775,Bin,5.5,5.6
Virginia,4 wk ahead,percent,0.00533750335277399,Bin,5.6,5.7
Virginia,4 wk ahead,percent,0.00528572649651296,Bin,5.7,5.8
Virginia,4 wk ahead,percent,0.00317982796558327,Bin,5.8,5.9
Virginia,4 wk ahead,percent,0.00942400661429893,Bin,5.9,6.0
Virginia,4 wk ahead,percent,0.00317929588795764,Bin,6.0,6.1
Virginia,4 wk ahead,percent,0.00526086613007141,Bin,6.1,6.2
Virginia,4 wk ahead,percent,0.00422008100901452,Bin,6.2,6.3
Virginia,4 wk ahead,percent,0.00630165125112828,Bin,6.3,6.4
Virginia,4 wk ahead,percent,0.00213851076690076,Bin,6.4,6.5
Virginia,4 wk ahead,percent,0.00213851076690076,Bin,6.5,6.6
Virginia,4 wk ahead,percent,0.00630165125112828,Bin,6.6,6.7
Virginia,4 wk ahead,percent,0.00526086613007141,Bin,6.7,6.8
Virginia,4 wk ahead,percent,0.00317929588795764,Bin,6.8,6.9
Virginia,4 wk ahead,percent,0.00109772564584388,Bin,6.9,7.0
Virginia,4 wk ahead,percent,0.00109772564584388,Bin,7.0,7.1
Virginia,4 wk ahead,percent,0.00317929588795764,Bin,7.1,7.2
Virginia,4 wk ahead,percent,5.69405247870037e-05,Bin,7.2,7.3
Virginia,4 wk ahead,percent,0.00734243637218517,Bin,7.3,7.4
Virginia,4 wk ahead,percent,0.00213851076690076,Bin,7.4,7.5
Virginia,4 wk ahead,percent,0.00109772564584388,Bin,7.5,7.6
Virginia,4 wk ahead,percent,5.69405247870037e-05,Bin,7.6,7.7
Virginia,4 wk ahead,percent,0.00213851076690076,Bin,7.7,7.8
Virginia,4 wk ahead,percent,0.00317929588795764,Bin,7.8,7.9
Virginia,4 wk ahead,percent,0.00630165125112828,Bin,7.9,8.0
Virginia,4 wk ahead,percent,0.00213851076690076,Bin,8.0,8.1
Virginia,4 wk ahead,percent,0.00213851076690077,Bin,8.1,8.2
Virginia,4 wk ahead,percent,0.00109772564584389,Bin,8.2,8.3
Virginia,4 wk ahead,percent,5.69405247870047e-05,Bin,8.3,8.4
Virginia,4 wk ahead,percent,0.00109772564584389,Bin,8.4,8.5
Virginia,4 wk ahead,percent,0.00109772564584389,Bin,8.5,8.6
Virginia,4 wk ahead,percent,5.69405247870047e-05,Bin,8.6,8.7
Virginia,4 wk ahead,percent,5.69405247870047e-05,Bin,8.7,8.8
Virginia,4 wk ahead,percent,5.69405247870047e-05,Bin,8.8,8.9
Virginia,4 wk ahead,percent,5.69405247870047e-05,Bin,8.9,9.0
Virginia,4 wk ahead,percent,0.00213851076690077,Bin,9.0,9.1
Virginia,4 wk ahead,percent,0.00213851076690077,Bin,9.1,9.2
Virginia,4 wk ahead,percent,0.00109772564584389,Bin,9.2,9.3
Virginia,4 wk ahead,percent,5.69405247870047e-05,Bin,9.3,9.4
Virginia,4 wk ahead,percent,5.69405247870047e-05,Bin,9.4,9.5
Virginia,4 wk ahead,percent,5.69405247870047e-05,Bin,9.5,9.6
Virginia,4 wk ahead,percent,5.69405247870047e-05,Bin,9.6,9.7
Virginia,4 wk ahead,percent,0.00317929588795765,Bin,9.7,9.8
Virginia,4 wk ahead,percent,0.00213851076690077,Bin,9.8,9.9
Virginia,4 wk ahead,percent,0.00213851076690077,Bin,9.9,10.0
Virginia,4 wk ahead,percent,0.00213851076690077,Bin,10.0,10.1
Virginia,4 wk ahead,percent,5.69405247870047e-05,Bin,10.1,10.2
Virginia,4 wk ahead,percent,5.69405247870047e-05,Bin,10.2,10.3
Virginia,4 wk ahead,percent,0.00109772564584389,Bin,10.3,10.4
Virginia,4 wk ahead,percent,5.69405247870047e-05,Bin,10.4,10.5
Virginia,4 wk ahead,percent,5.69405247870047e-05,Bin,10.5,10.6
Virginia,4 wk ahead,percent,5.69405247870047e-05,Bin,10.6,10.7
Virginia,4 wk ahead,percent,0.00109772564584389,Bin,10.7,10.8
Virginia,4 wk ahead,percent,5.69405247870047e-05,Bin,10.8,10.9
Virginia,4 wk ahead,percent,0.00109772564584389,Bin,10.9,11.0
Virginia,4 wk ahead,percent,0.00109772564584389,Bin,11.0,11.1
Virginia,4 wk ahead,percent,0.00109772564584389,Bin,11.1,11.2
Virginia,4 wk ahead,percent,0.00109772564584389,Bin,11.2,11.3
Virginia,4 wk ahead,percent,5.69405247870047e-05,Bin,11.3,11.4
Virginia,4 wk ahead,percent,5.69405247870047e-05,Bin,11.4,11.5
Virginia,4 wk ahead,percent,0.00109772564584389,Bin,11.5,11.6
Virginia,4 wk ahead,percent,5.69405247870047e-05,Bin,11.6,11.7
Virginia,4 wk ahead,percent,0.00109772564584389,Bin,11.7,11.8
Virginia,4 wk ahead,percent,0.00109772564584389,Bin,11.8,11.9
Virginia,4 wk ahead,percent,5.69405247870047e-05,Bin,11.9,12.0
Virginia,4 wk ahead,percent,5.69405247870047e-05,Bin,12.0,12.1
Virginia,4 wk ahead,percent,0.00109772564584389,Bin,12.1,12.2
Virginia,4 wk ahead,percent,5.69405247870047e-05,Bin,12.2,12.3
Virginia,4 wk ahead,percent,5.69405247870047e-05,Bin,12.3,12.4
Virginia,4 wk ahead,percent,5.69405247870047e-05,Bin,12.4,12.5
Virginia,4 wk ahead,percent,0.00109772564584389,Bin,12.5,12.6
Virginia,4 wk ahead,percent,0.00109772564584389,Bin,12.6,12.7
Virginia,4 wk ahead,percent,0.00109772564584389,Bin,12.7,12.8
Virginia,4 wk ahead,percent,5.69405247870047e-05,Bin,12.8,12.9
Virginia,4 wk ahead,percent,5.69405247870047e-05,Bin,12.9,13.0
Virginia,4 wk ahead,percent,0.0333620643986072,Bin,13.0,100.0
Virginia,Season peak percentage,percent,0.000232619522733969,Bin,0.0,0.1
Virginia,Season peak percentage,percent,0.000489410692542882,Bin,0.1,0.2
Virginia,Season peak percentage,percent,0.00052278632990959,Bin,0.2,0.3
Virginia,Season peak percentage,percent,0.00055755749761252,Bin,0.3,0.4
Virginia,Season peak percentage,percent,0.00059371468937932,Bin,0.4,0.5
Virginia,Season peak percentage,percent,0.000631265068327622,Bin,0.5,0.6
Virginia,Season peak percentage,percent,0.000670181150674053,Bin,0.6,0.7
Virginia,Season peak percentage,percent,0.000710415406293358,Bin,0.7,0.8
Virginia,Season peak percentage,percent,0.000751946650595211,Bin,0.8,0.9
Virginia,Season peak percentage,percent,0.000794759118685591,Bin,0.9,1.0
Virginia,Season peak percentage,percent,0.00083877510283224,Bin,1.0,1.1
Virginia,Season peak percentage,percent,0.000883943178536358,Bin,1.1,1.2
Virginia,Season peak percentage,percent,0.000930205486494104,Bin,1.2,1.3
Virginia,Season peak percentage,percent,0.000977513189550168,Bin,1.3,1.4
Virginia,Season peak percentage,percent,0.00102577451152302,Bin,1.4,1.5
Virginia,Season peak percentage,percent,0.0010748928167216,Bin,1.5,1.6
Virginia,Season peak percentage,percent,0.0011248064658287,Bin,1.6,1.7
Virginia,Season peak percentage,percent,0.00117540608649361,Bin,1.7,1.8
Virginia,Season peak percentage,percent,0.00122658202280829,Bin,1.8,1.9
Virginia,Season peak percentage,percent,0.0012782246922729,Bin,1.9,2.0
Virginia,Season peak percentage,percent,0.00133022061803471,Bin,2.0,2.1
Virginia,Season peak percentage,percent,0.00138244535647179,Bin,2.1,2.2
Virginia,Season peak percentage,percent,0.0014347656362036,Bin,2.2,2.3
Virginia,Season peak percentage,percent,0.00148704781358977,Bin,2.3,2.4
Virginia,Season peak percentage,percent,0.00153914477284932,Bin,2.4,2.5
Virginia,Season peak percentage,percent,0.00159091558129508,Bin,2.5,2.6
Virginia,Season peak percentage,percent,0.00164221228118642,Bin,2.6,2.7
Virginia,Season peak percentage,percent,0.001692884292333,Bin,2.7,2.8
Virginia,Season peak percentage,percent,0.00174276511356993,Bin,2.8,2.9
Virginia,Season peak percentage,percent,0.00179169748744096,Bin,2.9,3.0
Virginia,Season peak percentage,percent,0.001839549586732,Bin,3.0,3.1
Virginia,Season peak percentage,percent,0.00188613685342117,Bin,3.1,3.2
Virginia,Season peak percentage,percent,0.00193129630419904,Bin,3.2,3.3
Virginia,Season peak percentage,percent,0.001974896207269,Bin,3.3,3.4
Virginia,Season peak percentage,percent,0.00201679066925677,Bin,3.4,3.5
Virginia,Season peak percentage,percent,0.00205682671965311,Bin,3.5,3.6
Virginia,Season peak percentage,percent,0.00209482709857081,Bin,3.6,3.7
Virginia,Season peak percentage,percent,0.00213069365139843,Bin,3.7,3.8
Virginia,Season peak percentage,percent,0.00216432997741978,Bin,3.8,3.9
Virginia,Season peak percentage,percent,0.00219553229058948,Bin,3.9,4.0
Virginia,Season peak percentage,percent,0.00222423974322169,Bin,4.0,4.1
Virginia,Season peak percentage,percent,0.00225036217476193,Bin,4.1,4.2
Virginia,Season peak percentage,percent,0.00227381475987587,Bin,4.2,4.3
Virginia,Season peak percentage,percent,0.00229449294714759,Bin,4.3,4.4
Virginia,Season peak percentage,percent,0.00231230606083493,Bin,4.4,4.5
Virginia,Season peak percentage,percent,0.00232727629625746,Bin,4.5,4.6
Virginia,Season peak percentage,percent,0.00233933073606017,Bin,4.6,4.7
Virginia,Season peak percentage,percent,0.00234838573655809,Bin,4.7,4.8
Virginia,Season peak percentage,percent,0.00235449375418088,Bin,4.8,4.9
Virginia,Season peak percentage,percent,0.00235765844732905,Bin,4.9,5.0
Virginia,Season peak percentage,percent,0.00235788832675078,Bin,5.0,5.1
Virginia,Season peak percentage,percent,0.00235516172331204,Bin,5.1,5.2
Virginia,Season peak percentage,percent,0.00234954133353907,Bin,5.2,5.3
Virginia,Season peak percentage,percent,0.00234114242165958,Bin,5.3,5.4
Virginia,Season peak percentage,percent,0.00232994624514087,Bin,5.4,5.5
Virginia,Season peak percentage,percent,0.00231604705698734,Bin,5.5,5.6
Virginia,Season peak percentage,percent,0.00229956110550405,Bin,5.6,5.7
Virginia,Season peak percentage,percent,0.0022805869570725,Bin,5.7,5.8
Virginia,Season peak percentage,percent,0.00225921713354609,Bin,5.8,5.9
Virginia,Season peak percentage,percent,0.0022355238163493,Bin,5.9,6.0
Virginia,Season peak percentage,percent,0.00220969034847529,Bin,6.0,6.1
Virginia,Season peak percentage,percent,0.00218184203672908,Bin,6.1,6.2
Virginia,Season peak percentage,percent,0.00215205961788934,Bin,6.2,6.3
Virginia,Season peak percentage,percent,0.00212051751401463,Bin,6.3,6.4
Virginia,Season peak percentage,percent,0.00208736370228944,Bin,6.4,6.5
Virginia,Season peak percentage,percent,0.00205273616791552,Bin,6.5,6.6
Virginia,Season peak percentage,percent,0.00201676395628136,Bin,6.6,6.7
Virginia,Season peak percentage,percent,0.00197958581821333,Bin,6.7,6.8
Virginia,Season peak percentage,percent,0.00194137761628019,Bin,6.8,6.9
Virginia,Season peak percentage,percent,0.00190225697013252,Bin,6.9,7.0
Virginia,Season peak percentage,percent,0.00186235867453739,Bin,7.0,7.1
Virginia,Season peak percentage,percent,0.00182183093482279,Bin,7.1,7.2
Virginia,Season peak percentage,percent,0.00178080335036479,Bin,7.2,7.3
Virginia,Season peak percentage,percent,0.00173939936363276,Bin,7.3,7.4
Virginia,Season peak percentage,percent,0.00169773398193816,Bin,7.4,7.5
Virginia,Season peak percentage,percent,0.00165592688871897,Bin,7.5,7.6
Virginia,Season peak percentage,percent,0.00161408481837188,Bin,7.6,7.7
Virginia,Season peak percentage,percent,0.00157230807097812,Bin,7.7,7.8
Virginia,Season peak percentage,percent,0.00153069014282359,Bin,7.8,7.9
Virginia,Season peak percentage,percent,0.00148931401423862,Bin,7.9,8.0
Virginia,Season peak percentage,percent,0.00144825587131592,Bin,8.0,8.1
Virginia,Season peak percentage,percent,0.00140758615882472,Bin,8.1,8.2
Virginia,Season peak percentage,percent,0.00136737628020278,Bin,8.2,8.3
Virginia,Season peak percentage,percent,0.00132766314570197,Bin,8.3,8.4
Virginia,Season peak percentage,percent,0.00128849849063708,Bin,8.4,8.5
Virginia,Season peak percentage,percent,0.00124993203310576,Bin,8.5,8.6
Virginia,Season peak percentage,percent,0.00121198505399674,Bin,8.6,8.7
Virginia,Season peak percentage,percent,0.00117467896419362,Bin,8.7,8.8
Virginia,Season peak percentage,percent,0.00113803258158499,Bin,8.8,8.9
Virginia,Season peak percentage,percent,0.00110206919714034,Bin,8.9,9.0
Virginia,Season peak percentage,percent,0.00106679378800139,Bin,9.0,9.1
Virginia,Season peak percentage,percent,0.00103219231493083,Bin,9.1,9.2
Virginia,Season peak percentage,percent,0.000998278675167557,Bin,9.2,9.3
Virginia,Season peak percentage,percent,0.000965049086906044,Bin,9.3,9.4
Virginia,Season peak percentage,percent,0.000932485023549057,Bin,9.4,9.5
Virginia,Season peak percentage,percent,0.000900575031473287,Bin,9.5,9.6
Virginia,Season peak percentage,percent,0.000869305859258146,Bin,9.6,9.7
Virginia,Season peak percentage,percent,0.000838681698693877,Bin,9.7,9.8
Virginia,Season peak percentage,percent,0.000808665412866083,Bin,9.8,9.9
Virginia,Season peak percentage,percent,0.00077924527170276,Bin,9.9,10.0
Virginia,Season peak percentage,percent,0.000750415859787475,Bin,10.0,10.1
Virginia,Season peak percentage,percent,0.000722158950733746,Bin,10.1,10.2
Virginia,Season peak percentage,percent,0.000694455772033005,Bin,10.2,10.3
Virginia,Season peak percentage,percent,0.000667295145760861,Bin,10.3,10.4
Virginia,Season peak percentage,percent,0.000640671108983118,Bin,10.4,10.5
Virginia,Season peak percentage,percent,0.000614582818351923,Bin,10.5,10.6
Virginia,Season peak percentage,percent,0.492583700412467,Bin,10.6,10.7
Virginia,Season peak percentage,percent,0.0071901355682722,Bin,10.7,10.8
Virginia,Season peak percentage,percent,0.00550904823634589,Bin,10.8,10.9
Virginia,Season peak percentage,percent,0.0104546640653203,Bin,10.9,11.0
Virginia,Season peak percentage,percent,0.00711805397144065,Bin,11.0,11.1
Virginia,Season peak percentage,percent,0.000468864541918206,Bin,11.1,11.2
Virginia,Season peak percentage,percent,0.00375949661910446,Bin,11.2,11.3
Virginia,Season peak percentage,percent,0.00705066046240027,Bin,11.3,11.4
Virginia,Season peak percentage,percent,0.0119989074149858,Bin,11.4,11.5
Virginia,Season peak percentage,percent,0.00203877740597285,Bin,11.5,11.6
Virginia,Season peak percentage,percent,0.00698814371287924,Bin,11.6,11.7
Virginia,Season peak percentage,percent,0.00365533895656948,Bin,11.7,11.8
Virginia,Season peak percentage,percent,0.0019796607338369,Bin,11.8,11.9
Virginia,Season peak percentage,percent,0.000304572381969011,Bin,11.9,12.0
Virginia,Season peak percentage,percent,0.00525629286027161,Bin,12.0,12.1
Virginia,Season peak percentage,percent,0.00358242337314796,Bin,12.1,12.2
Virginia,Season peak percentage,percent,0.00190917317908651,Bin,12.2,12.3
Virginia,Season peak percentage,percent,0.00189310344302974,Bin,12.3,12.4
Virginia,Season peak percentage,percent,0.00684731166677826,Bin,12.4,12.5
Virginia,Season peak percentage,percent,0.00517596224054239,Bin,12.5,12.6
Virginia,Season peak percentage,percent,0.00681834284788047,Bin,12.6,12.7
Virginia,Season peak percentage,percent,0.00680482166028436,Bin,12.7,12.8
Virginia,Season peak percentage,percent,0.000165753462309846,Bin,12.8,12.9
Virginia,Season peak percentage,percent,0.000153501688292255,Bin,12.9,13.0
Virginia,Season peak percentage,percent,0.238264980743955,Bin,13.0,100.0
Virginia,Season peak week,week,0.000130934522768499,Bin,40.0,41.0
Virginia,Season peak week,week,0.000130934522768499,Bin,41.0,42.0
Virginia,Season peak week,week,0.000130934522768499,Bin,42.0,43.0
Virginia,Season peak week,week,0.000130934522768499,Bin,43.0,44.0
Virginia,Season peak week,week,0.000130934522768499,Bin,44.0,45.0
Virginia,Season peak week,week,0.000130934522768499,Bin,45.0,46.0
Virginia,Season peak week,week,0.000251408196805306,Bin,46.0,47.0
Virginia,Season peak week,week,0.00081233757306521,Bin,47.0,48.0
Virginia,Season peak week,week,0.00213155946614946,Bin,48.0,49.0
Virginia,Season peak week,week,0.00455062155397684,Bin,49.0,50.0
Virginia,Season peak week,week,0.00795219219350793,Bin,50.0,51.0
Virginia,Season peak week,week,0.01150389629222,Bin,51.0,52.0
Virginia,Season peak week,week,0.0140574969183932,Bin,52.0,53.0
Virginia,Season peak week,week,0.0149961418121296,Bin,1.0,2.0
Virginia,Season peak week,week,0.0146031192270335,Bin,2.0,3.0
Virginia,Season peak week,week,0.0135625379486731,Bin,3.0,4.0
Virginia,Season peak week,week,0.0123353190088817,Bin,4.0,5.0
Virginia,Season peak week,week,0.503124926717947,Bin,5.0,6.0
Virginia,Season peak week,week,0.139396475325325,Bin,6.0,7.0
Virginia,Season peak week,week,0.105815265674713,Bin,7.0,8.0
Virginia,Season peak week,week,0.0494317143579531,Bin,8.0,9.0
Virginia,Season peak week,week,0.0508732107152108,Bin,9.0,10.0
Virginia,Season peak week,week,0.0184370935755878,Bin,10.0,11.0
Virginia,Season peak week,week,0.0166079343414794,Bin,11.0,12.0
Virginia,Season peak week,week,0.00940564006308565,Bin,12.0,13.0
Virginia,Season peak week,week,0.00245832462133608,Bin,13.0,14.0
Virginia,Season peak week,week,0.00443622549590612,Bin,14.0,15.0
Virginia,Season peak week,week,0.000420197518963575,Bin,15.0,16.0
Virginia,Season peak week,week,0.00178488966916918,Bin,16.0,17.0
Virginia,Season peak week,week,6.64661489691522e-05,Bin,17.0,18.0
Virginia,Season peak week,week,6.64661489691522e-05,Bin,18.0,19.0
Virginia,Season peak week,week,6.64661489691522e-05,Bin,19.0,20.0
Virginia,Season peak week,week,6.64661489691522e-05,Bin,20.0,21.0
West Virginia,1 wk ahead,percent,0.000106645140704996,Bin,0.0,0.1
West Virginia,1 wk ahead,percent,0.000231480683332429,Bin,0.1,0.2
West Virginia,1 wk ahead,percent,0.000256687217740669,Bin,0.2,0.3
West Virginia,1 wk ahead,percent,0.00028290273930253,Bin,0.3,0.4
West Virginia,1 wk ahead,percent,0.00030993759042709,Bin,0.4,0.5
West Virginia,1 wk ahead,percent,0.000337570395899895,Bin,0.5,0.6
West Virginia,1 wk ahead,percent,0.000365551328588427,Bin,0.6,0.7
West Virginia,1 wk ahead,percent,0.000393600497334249,Bin,0.7,0.8
West Virginia,1 wk ahead,percent,0.000421407907052702,Bin,0.8,0.9
West Virginia,1 wk ahead,percent,0.000448640383999799,Bin,0.9,1.0
West Virginia,1 wk ahead,percent,0.000474944548359767,Bin,1.0,1.1
West Virginia,1 wk ahead,percent,0.000499952088451435,Bin,1.1,1.2
West Virginia,1 wk ahead,percent,0.000523293803043332,Bin,1.2,1.3
West Virginia,1 wk ahead,percent,0.000544608372309575,Bin,1.3,1.4
West Virginia,1 wk ahead,percent,0.000563548397344841,Bin,1.4,1.5
West Virginia,1 wk ahead,percent,0.000579801331245152,Bin,1.5,1.6
West Virginia,1 wk ahead,percent,0.00059310448817741,Bin,1.6,1.7
West Virginia,1 wk ahead,percent,0.000603253841573901,Bin,1.7,1.8
West Virginia,1 wk ahead,percent,0.000610102471403422,Bin,1.8,1.9
West Virginia,1 wk ahead,percent,0.0006135877601994,Bin,1.9,2.0
West Virginia,1 wk ahead,percent,0.000613739571815916,Bin,2.0,2.1
West Virginia,1 wk ahead,percent,0.00061064803168803,Bin,2.1,2.2
West Virginia,1 wk ahead,percent,0.000604495422150549,Bin,2.2,2.3
West Virginia,1 wk ahead,percent,0.000595540866126095,Bin,2.3,2.4
West Virginia,1 wk ahead,percent,0.00253500057601944,Bin,2.4,2.5
West Virginia,1 wk ahead,percent,0.000570530157947952,Bin,2.5,2.6
West Virginia,1 wk ahead,percent,0.000555239516627953,Bin,2.6,2.7
West Virginia,1 wk ahead,percent,0.000538645307200837,Bin,2.7,2.8
West Virginia,1 wk ahead,percent,0.00442296998245749,Bin,2.8,2.9
West Virginia,1 wk ahead,percent,0.0102577145865445,Bin,2.9,3.0
West Virginia,1 wk ahead,percent,0.000485128710315189,Bin,3.0,3.1
West Virginia,1 wk ahead,percent,0.00241818572621252,Bin,3.1,3.2
West Virginia,1 wk ahead,percent,0.00044994674600402,Bin,3.2,3.3
West Virginia,1 wk ahead,percent,0.0043351544165101,Bin,3.3,3.4
West Virginia,1 wk ahead,percent,0.00627036366909801,Bin,3.4,3.5
West Virginia,1 wk ahead,percent,0.00625568141607995,Bin,3.5,3.6
West Virginia,1 wk ahead,percent,0.00429115935827302,Bin,3.6,3.7
West Virginia,1 wk ahead,percent,0.0140331142542224,Bin,3.7,3.8
West Virginia,1 wk ahead,percent,0.00621794816088267,Bin,3.8,3.9
West Virginia,1 wk ahead,percent,0.0237654363742357,Bin,3.9,4.0
West Virginia,1 wk ahead,percent,0.00229565732463068,Bin,4.0,4.1
West Virginia,1 wk ahead,percent,0.0256972844046165,Bin,4.1,4.2
West Virginia,1 wk ahead,percent,0.0100813277824206,Bin,4.2,4.3
West Virginia,1 wk ahead,percent,0.0276310189590584,Bin,4.3,4.4
West Virginia,1 wk ahead,percent,0.0237208986152554,Bin,4.4,4.5
West Virginia,1 wk ahead,percent,0.0237125326419461,Bin,4.5,4.6
West Virginia,1 wk ahead,percent,0.0119985378749224,Bin,4.6,4.7
West Virginia,1 wk ahead,percent,0.0256459260542088,Bin,4.7,4.8
West Virginia,1 wk ahead,percent,0.0178329081324052,Bin,4.8,4.9
West Virginia,1 wk ahead,percent,0.0275774497258315,Bin,4.9,5.0
West Virginia,1 wk ahead,percent,0.00610691505171413,Bin,5.0,5.1
West Virginia,1 wk ahead,percent,0.0295064879858636,Bin,5.1,5.2
West Virginia,1 wk ahead,percent,0.0177891548475677,Bin,5.2,5.3
West Virginia,1 wk ahead,percent,0.0294820400278658,Bin,5.3,5.4
West Virginia,1 wk ahead,percent,0.0158126407895571,Bin,5.4,5.5
West Virginia,1 wk ahead,percent,0.0197009204618648,Bin,5.5,5.6
West Virginia,1 wk ahead,percent,0.0235888769741977,Bin,5.6,5.7
West Virginia,1 wk ahead,percent,0.0196730399715397,Bin,5.7,5.8
West Virginia,1 wk ahead,percent,0.0274625941122727,Bin,5.8,5.9
West Virginia,1 wk ahead,percent,0.00598873865269844,Bin,5.9,6.0
West Virginia,1 wk ahead,percent,0.0391404574032117,Bin,6.0,6.1
West Virginia,1 wk ahead,percent,0.0176673399036232,Bin,6.1,6.2
West Virginia,1 wk ahead,percent,0.0137529308957472,Bin,6.2,6.3
West Virginia,1 wk ahead,percent,0.0117901249470825,Bin,6.3,6.4
West Virginia,1 wk ahead,percent,0.0156808244617375,Bin,6.4,6.5
West Virginia,1 wk ahead,percent,0.0117687812679726,Bin,6.5,6.6
West Virginia,1 wk ahead,percent,0.00785765154945854,Bin,6.6,6.7
West Virginia,1 wk ahead,percent,0.0254073874721548,Bin,6.7,6.8
West Virginia,1 wk ahead,percent,0.0195472209290665,Bin,6.8,6.9
West Virginia,1 wk ahead,percent,0.013687961795157,Bin,6.9,7.0
West Virginia,1 wk ahead,percent,0.0214858875042179,Bin,7.0,7.1
West Virginia,1 wk ahead,percent,0.0156283033765231,Bin,7.1,7.2
West Virginia,1 wk ahead,percent,0.0175750759004233,Bin,7.2,7.3
West Virginia,1 wk ahead,percent,0.0136698117488525,Bin,7.3,7.4
West Virginia,1 wk ahead,percent,0.0234214636805151,Bin,7.4,7.5
West Virginia,1 wk ahead,percent,0.0117137060440723,Bin,7.5,7.6
West Virginia,1 wk ahead,percent,0.015613620896246,Bin,7.6,7.7
West Virginia,1 wk ahead,percent,0.0136612070489738,Bin,7.7,7.8
West Virginia,1 wk ahead,percent,0.00585640293001078,Bin,7.8,7.9
West Virginia,1 wk ahead,percent,0.0058554725941553,Bin,7.9,8.0
West Virginia,1 wk ahead,percent,0.0117074636015978,Bin,8.0,8.1
West Virginia,1 wk ahead,percent,0.00585443944680475,Bin,8.1,8.2
West Virginia,1 wk ahead,percent,0.0292652740105428,Bin,8.2,8.3
West Virginia,1 wk ahead,percent,0.00390353631372666,Bin,8.3,8.4
West Virginia,1 wk ahead,percent,0.00390353631372666,Bin,8.4,8.5
West Virginia,1 wk ahead,percent,1.73051421649601e-06,Bin,8.5,8.6
West Virginia,1 wk ahead,percent,0.00780534211323683,Bin,8.6,8.7
West Virginia,1 wk ahead,percent,0.00975624501299192,Bin,8.7,8.8
West Virginia,1 wk ahead,percent,0.00975624501299192,Bin,8.8,8.9
West Virginia,1 wk ahead,percent,0.00975624501299192,Bin,8.9,9.0
West Virginia,1 wk ahead,percent,0.0136580508125021,Bin,9.0,9.1
West Virginia,1 wk ahead,percent,0.011707147912747,Bin,9.1,9.2
West Virginia,1 wk ahead,percent,1.73051421649601e-06,Bin,9.2,9.3
West Virginia,1 wk ahead,percent,0.00585443921348175,Bin,9.3,9.4
West Virginia,1 wk ahead,percent,1.73051421649601e-06,Bin,9.4,9.5
West Virginia,1 wk ahead,percent,0.00195263341397158,Bin,9.5,9.6
West Virginia,1 wk ahead,percent,0.00780534211323683,Bin,9.6,9.7
West Virginia,1 wk ahead,percent,0.00195263341397158,Bin,9.7,9.8
West Virginia,1 wk ahead,percent,1.73051421649601e-06,Bin,9.8,9.9
West Virginia,1 wk ahead,percent,0.00585443921348175,Bin,9.9,10.0
West Virginia,1 wk ahead,percent,1.73051421649601e-06,Bin,10.0,10.1
West Virginia,1 wk ahead,percent,0.011707147912747,Bin,10.1,10.2
West Virginia,1 wk ahead,percent,1.73051421649601e-06,Bin,10.2,10.3
West Virginia,1 wk ahead,percent,0.00195263341397158,Bin,10.3,10.4
West Virginia,1 wk ahead,percent,1.73051421649601e-06,Bin,10.4,10.5
West Virginia,1 wk ahead,percent,1.73051421649601e-06,Bin,10.5,10.6
West Virginia,1 wk ahead,percent,0.00585443921348175,Bin,10.6,10.7
West Virginia,1 wk ahead,percent,1.73051421649601e-06,Bin,10.7,10.8
West Virginia,1 wk ahead,percent,1.73051421649601e-06,Bin,10.8,10.9
West Virginia,1 wk ahead,percent,1.73051421649601e-06,Bin,10.9,11.0
West Virginia,1 wk ahead,percent,1.73051421649601e-06,Bin,11.0,11.1
West Virginia,1 wk ahead,percent,1.73051421649601e-06,Bin,11.1,11.2
West Virginia,1 wk ahead,percent,1.73051421649601e-06,Bin,11.2,11.3
West Virginia,1 wk ahead,percent,0.00975624501299192,Bin,11.3,11.4
West Virginia,1 wk ahead,percent,1.73051421649601e-06,Bin,11.4,11.5
West Virginia,1 wk ahead,percent,1.73051421649601e-06,Bin,11.5,11.6
West Virginia,1 wk ahead,percent,1.73051421649601e-06,Bin,11.6,11.7
West Virginia,1 wk ahead,percent,1.73051421649601e-06,Bin,11.7,11.8
West Virginia,1 wk ahead,percent,1.73051421649601e-06,Bin,11.8,11.9
West Virginia,1 wk ahead,percent,0.00390353631372666,Bin,11.9,12.0
West Virginia,1 wk ahead,percent,1.73051421649601e-06,Bin,12.0,12.1
West Virginia,1 wk ahead,percent,1.73051421649601e-06,Bin,12.1,12.2
West Virginia,1 wk ahead,percent,1.73051421649601e-06,Bin,12.2,12.3
West Virginia,1 wk ahead,percent,1.73051421649601e-06,Bin,12.3,12.4
West Virginia,1 wk ahead,percent,1.73051421649601e-06,Bin,12.4,12.5
West Virginia,1 wk ahead,percent,1.73051421649601e-06,Bin,12.5,12.6
West Virginia,1 wk ahead,percent,1.73051421649601e-06,Bin,12.6,12.7
West Virginia,1 wk ahead,percent,0.00390353631372666,Bin,12.7,12.8
West Virginia,1 wk ahead,percent,1.73051421649601e-06,Bin,12.8,12.9
West Virginia,1 wk ahead,percent,1.73051421649601e-06,Bin,12.9,13.0
West Virginia,1 wk ahead,percent,0.011707147912747,Bin,13.0,100.0
West Virginia,2 wk ahead,percent,8.84216325656964e-05,Bin,0.0,0.1
West Virginia,2 wk ahead,percent,0.00019835372233519,Bin,0.1,0.2
West Virginia,2 wk ahead,percent,0.00022883593121498,Bin,0.2,0.3
West Virginia,2 wk ahead,percent,0.00026119924575745,Bin,0.3,0.4
West Virginia,2 wk ahead,percent,0.000295047360864778,Bin,0.4,0.5
West Virginia,2 wk ahead,percent,0.000329900017946212,Bin,0.5,0.6
West Virginia,2 wk ahead,percent,0.000365200708194832,Bin,0.6,0.7
West Virginia,2 wk ahead,percent,0.000400328035016594,Bin,0.7,0.8
West Virginia,2 wk ahead,percent,0.000434612577167616,Bin,0.8,0.9
West Virginia,2 wk ahead,percent,0.00241825144865277,Bin,0.9,1.0
West Virginia,2 wk ahead,percent,0.00244872133516955,Bin,1.0,1.1
West Virginia,2 wk ahead,percent,0.000525323871734038,Bin,1.1,1.2
West Virginia,2 wk ahead,percent,0.000549197537056445,Bin,1.2,1.3
West Virginia,2 wk ahead,percent,0.000568836673969151,Bin,1.3,1.4
West Virginia,2 wk ahead,percent,0.00253465634381662,Bin,1.4,1.5
West Virginia,2 wk ahead,percent,0.00449538446240573,Bin,1.5,1.6
West Virginia,2 wk ahead,percent,0.00840169253236409,Bin,1.6,1.7
West Virginia,2 wk ahead,percent,0.00449903684497369,Bin,1.7,1.8
West Virginia,2 wk ahead,percent,0.00449298159907705,Bin,1.8,1.9
West Virginia,2 wk ahead,percent,0.0103347596535255,Bin,1.9,2.0
West Virginia,2 wk ahead,percent,0.0103194710698989,Bin,2.0,2.1
West Virginia,2 wk ahead,percent,0.020055029276479,Bin,2.1,2.2
West Virginia,2 wk ahead,percent,0.00832779663194533,Bin,2.2,2.3
West Virginia,2 wk ahead,percent,0.0161076408137188,Bin,2.3,2.4
West Virginia,2 wk ahead,percent,0.0141319710465625,Bin,2.4,2.5
West Virginia,2 wk ahead,percent,0.0141071514256511,Bin,2.5,2.6
West Virginia,2 wk ahead,percent,0.0218867847083893,Bin,2.6,2.7
West Virginia,2 wk ahead,percent,0.025766254722041,Bin,2.7,2.8
West Virginia,2 wk ahead,percent,0.0237953237763791,Bin,2.8,2.9
West Virginia,2 wk ahead,percent,0.0276799249489237,Bin,2.9,3.0
West Virginia,2 wk ahead,percent,0.015960476120491,Bin,3.0,3.1
West Virginia,2 wk ahead,percent,0.0276552179922938,Bin,3.1,3.2
West Virginia,2 wk ahead,percent,0.0217952192337897,Bin,3.2,3.3
West Virginia,2 wk ahead,percent,0.0295948251255393,Bin,3.3,3.4
West Virginia,2 wk ahead,percent,0.021790275775477,Bin,3.4,3.5
West Virginia,2 wk ahead,percent,0.0256939089051708,Bin,3.5,3.6
West Virginia,2 wk ahead,percent,0.021796335127153,Bin,3.6,3.7
West Virginia,2 wk ahead,percent,0.033507976251453,Bin,3.7,3.8
West Virginia,2 wk ahead,percent,0.0335157491953209,Bin,3.8,3.9
West Virginia,2 wk ahead,percent,0.0276718942999547,Bin,3.9,4.0
West Virginia,2 wk ahead,percent,0.0335340479444552,Bin,4.0,4.1
West Virginia,2 wk ahead,percent,0.0374453777965114,Bin,4.1,4.2
West Virginia,2 wk ahead,percent,0.0159945204397845,Bin,4.2,4.3
West Virginia,2 wk ahead,percent,0.0238062161362868,Bin,4.3,4.4
West Virginia,2 wk ahead,percent,0.0238127644634976,Bin,4.4,4.5
West Virginia,2 wk ahead,percent,0.0238172521308547,Bin,4.5,4.6
West Virginia,2 wk ahead,percent,0.0238191942665699,Bin,4.6,4.7
West Virginia,2 wk ahead,percent,0.016014547680798,Bin,4.7,4.8
West Virginia,2 wk ahead,percent,0.0335683376062969,Bin,4.8,4.9
West Virginia,2 wk ahead,percent,0.021855075258619,Bin,4.9,5.0
West Virginia,2 wk ahead,percent,0.0140400350109452,Bin,5.0,5.1
West Virginia,2 wk ahead,percent,0.015976004593522,Bin,5.1,5.2
West Virginia,2 wk ahead,percent,0.0179087117074555,Bin,5.2,5.3
West Virginia,2 wk ahead,percent,0.0120349202351141,Bin,5.3,5.4
West Virginia,2 wk ahead,percent,0.0120114491232853,Bin,5.4,5.5
West Virginia,2 wk ahead,percent,0.0100352859996815,Bin,5.5,5.6
West Virginia,2 wk ahead,percent,0.0139106933804928,Bin,5.6,5.7
West Virginia,2 wk ahead,percent,0.0119329241602546,Bin,5.7,5.8
West Virginia,2 wk ahead,percent,0.00800443567486075,Bin,5.8,5.9
West Virginia,2 wk ahead,percent,0.00992943536704249,Bin,5.9,6.0
West Virginia,2 wk ahead,percent,0.00990482589898826,Bin,6.0,6.1
West Virginia,2 wk ahead,percent,0.00988192316573444,Bin,6.1,6.2
West Virginia,2 wk ahead,percent,0.00986102889670371,Bin,6.2,6.3
West Virginia,2 wk ahead,percent,0.0098423273509408,Bin,6.3,6.4
West Virginia,2 wk ahead,percent,0.00787499715986778,Bin,6.4,6.5
West Virginia,2 wk ahead,percent,0.0020081219905334,Bin,6.5,6.6
West Virginia,2 wk ahead,percent,0.00589792384147828,Bin,6.6,6.7
West Virginia,2 wk ahead,percent,0.0117406411705654,Bin,6.7,6.8
West Virginia,2 wk ahead,percent,0.00392885593670755,Bin,6.8,6.9
West Virginia,2 wk ahead,percent,0.00197137885780825,Bin,6.9,7.0
West Virginia,2 wk ahead,percent,0.00391708310105674,Bin,7.0,7.1
West Virginia,2 wk ahead,percent,0.00781484662563261,Bin,7.1,7.2
West Virginia,2 wk ahead,percent,0.00390994867740381,Bin,7.2,7.3
West Virginia,2 wk ahead,percent,0.00195671946149555,Bin,7.3,7.4
West Virginia,2 wk ahead,percent,0.00780770614605742,Bin,7.4,7.5
West Virginia,2 wk ahead,percent,0.00195374393397055,Bin,7.5,7.6
West Virginia,2 wk ahead,percent,0.00585508103804154,Bin,7.6,7.7
West Virginia,2 wk ahead,percent,2.37233877629303e-06,Bin,7.7,7.8
West Virginia,2 wk ahead,percent,0.00195327523853138,Bin,7.8,7.9
West Virginia,2 wk ahead,percent,0.00390417813828646,Bin,7.9,8.0
West Virginia,2 wk ahead,percent,0.00195327523853138,Bin,8.0,8.1
West Virginia,2 wk ahead,percent,0.00195327523853138,Bin,8.1,8.2
West Virginia,2 wk ahead,percent,0.00195327523853138,Bin,8.2,8.3
West Virginia,2 wk ahead,percent,0.00195327523853138,Bin,8.3,8.4
West Virginia,2 wk ahead,percent,2.37233877629308e-06,Bin,8.4,8.5
West Virginia,2 wk ahead,percent,2.37233877629308e-06,Bin,8.5,8.6
West Virginia,2 wk ahead,percent,2.37233877629308e-06,Bin,8.6,8.7
West Virginia,2 wk ahead,percent,2.37233877629308e-06,Bin,8.7,8.8
West Virginia,2 wk ahead,percent,0.00195327523853138,Bin,8.8,8.9
West Virginia,2 wk ahead,percent,0.00195327523853138,Bin,8.9,9.0
West Virginia,2 wk ahead,percent,0.00195327523853138,Bin,9.0,9.1
West Virginia,2 wk ahead,percent,2.37233877629308e-06,Bin,9.1,9.2
West Virginia,2 wk ahead,percent,0.00195327523853138,Bin,9.2,9.3
West Virginia,2 wk ahead,percent,2.37233877629308e-06,Bin,9.3,9.4
West Virginia,2 wk ahead,percent,2.37233877629308e-06,Bin,9.4,9.5
West Virginia,2 wk ahead,percent,2.37233877629308e-06,Bin,9.5,9.6
West Virginia,2 wk ahead,percent,2.37233877629308e-06,Bin,9.6,9.7
West Virginia,2 wk ahead,percent,0.00195327523853138,Bin,9.7,9.8
West Virginia,2 wk ahead,percent,2.37233877629308e-06,Bin,9.8,9.9
West Virginia,2 wk ahead,percent,2.37233877629308e-06,Bin,9.9,10.0
West Virginia,2 wk ahead,percent,2.37233877629308e-06,Bin,10.0,10.1
West Virginia,2 wk ahead,percent,2.37233877629308e-06,Bin,10.1,10.2
West Virginia,2 wk ahead,percent,2.37233877629308e-06,Bin,10.2,10.3
West Virginia,2 wk ahead,percent,2.37233877629308e-06,Bin,10.3,10.4
West Virginia,2 wk ahead,percent,2.37233877629308e-06,Bin,10.4,10.5
West Virginia,2 wk ahead,percent,0.00195327523853138,Bin,10.5,10.6
West Virginia,2 wk ahead,percent,2.37233877629308e-06,Bin,10.6,10.7
West Virginia,2 wk ahead,percent,2.37233877629308e-06,Bin,10.7,10.8
West Virginia,2 wk ahead,percent,2.37233877629308e-06,Bin,10.8,10.9
West Virginia,2 wk ahead,percent,2.37233877629308e-06,Bin,10.9,11.0
West Virginia,2 wk ahead,percent,2.37233877629308e-06,Bin,11.0,11.1
West Virginia,2 wk ahead,percent,2.37233877629308e-06,Bin,11.1,11.2
West Virginia,2 wk ahead,percent,2.37233877629308e-06,Bin,11.2,11.3
West Virginia,2 wk ahead,percent,2.37233877629308e-06,Bin,11.3,11.4
West Virginia,2 wk ahead,percent,0.00195327523853138,Bin,11.4,11.5
West Virginia,2 wk ahead,percent,2.37233877629308e-06,Bin,11.5,11.6
West Virginia,2 wk ahead,percent,2.37233877629308e-06,Bin,11.6,11.7
West Virginia,2 wk ahead,percent,2.37233877629308e-06,Bin,11.7,11.8
West Virginia,2 wk ahead,percent,2.37233877629308e-06,Bin,11.8,11.9
West Virginia,2 wk ahead,percent,2.37233877629308e-06,Bin,11.9,12.0
West Virginia,2 wk ahead,percent,2.37233877629308e-06,Bin,12.0,12.1
West Virginia,2 wk ahead,percent,2.37233877629308e-06,Bin,12.1,12.2
West Virginia,2 wk ahead,percent,2.37233877629308e-06,Bin,12.2,12.3
West Virginia,2 wk ahead,percent,2.37233877629308e-06,Bin,12.3,12.4
West Virginia,2 wk ahead,percent,2.37233877629308e-06,Bin,12.4,12.5
West Virginia,2 wk ahead,percent,2.37233877629308e-06,Bin,12.5,12.6
West Virginia,2 wk ahead,percent,2.37233877629308e-06,Bin,12.6,12.7
West Virginia,2 wk ahead,percent,2.37233877629308e-06,Bin,12.7,12.8
West Virginia,2 wk ahead,percent,2.37233877629308e-06,Bin,12.8,12.9
West Virginia,2 wk ahead,percent,2.37233877629308e-06,Bin,12.9,13.0
West Virginia,2 wk ahead,percent,0.00195327523853138,Bin,13.0,100.0
West Virginia,3 wk ahead,percent,9.77549270762175e-05,Bin,0.0,0.1
West Virginia,3 wk ahead,percent,0.000210547695308249,Bin,0.1,0.2
West Virginia,3 wk ahead,percent,0.000231222288880283,Bin,0.2,0.3
West Virginia,3 wk ahead,percent,0.000252528553253074,Bin,0.3,0.4
West Virginia,3 wk ahead,percent,0.000274302579137974,Bin,0.4,0.5
West Virginia,3 wk ahead,percent,0.00224728012192723,Bin,0.5,0.6
West Virginia,3 wk ahead,percent,0.000318568637453984,Bin,0.6,0.7
West Virginia,3 wk ahead,percent,0.00424249635195265,Bin,0.7,0.8
West Virginia,3 wk ahead,percent,0.00231345674297442,Bin,0.8,0.9
West Virginia,3 wk ahead,percent,0.00233487355552782,Bin,0.9,1.0
West Virginia,3 wk ahead,percent,0.00235566332959122,Bin,1.0,1.1
West Virginia,3 wk ahead,percent,0.00237565397235505,Bin,1.1,1.2
West Virginia,3 wk ahead,percent,0.00824739499667148,Bin,1.2,1.3
West Virginia,3 wk ahead,percent,0.00631442369402286,Bin,1.3,1.4
West Virginia,3 wk ahead,percent,0.00633112544445963,Bin,1.4,1.5
West Virginia,3 wk ahead,percent,0.00439559062616613,Bin,1.5,1.6
West Virginia,3 wk ahead,percent,0.0102622374032675,Bin,1.6,1.7
West Virginia,3 wk ahead,percent,0.0141764883315177,Bin,1.7,1.8
West Virginia,3 wk ahead,percent,0.0200400830337343,Bin,1.8,1.9
West Virginia,3 wk ahead,percent,0.0180984800579504,Bin,1.9,2.0
West Virginia,3 wk ahead,percent,0.0239588642741926,Bin,2.0,2.1
West Virginia,3 wk ahead,percent,0.0200631067349058,Bin,2.1,2.2
West Virginia,3 wk ahead,percent,0.0220184138889895,Bin,2.2,2.3
West Virginia,3 wk ahead,percent,0.0298247986020393,Bin,2.3,2.4
West Virginia,3 wk ahead,percent,0.0298259384299377,Bin,2.4,2.5
West Virginia,3 wk ahead,percent,0.0200709546748302,Bin,2.5,2.6
West Virginia,3 wk ahead,percent,0.0259215946821436,Bin,2.6,2.7
West Virginia,3 wk ahead,percent,0.0259179586343001,Bin,2.7,2.8
West Virginia,3 wk ahead,percent,0.0356672986544425,Bin,2.8,2.9
West Virginia,3 wk ahead,percent,0.0239552092219628,Bin,2.9,3.0
West Virginia,3 wk ahead,percent,0.0454070257839313,Bin,3.0,3.1
West Virginia,3 wk ahead,percent,0.0239375934753624,Bin,3.1,3.2
West Virginia,3 wk ahead,percent,0.0278285990306657,Bin,3.2,3.3
West Virginia,3 wk ahead,percent,0.0239147787821273,Bin,3.3,3.4
West Virginia,3 wk ahead,percent,0.0121962499375011,Bin,3.4,3.5
West Virginia,3 wk ahead,percent,0.0277893833151706,Bin,3.5,3.6
West Virginia,3 wk ahead,percent,0.0355780725830512,Bin,3.6,3.7
West Virginia,3 wk ahead,percent,0.0219061445815118,Bin,3.7,3.8
West Virginia,3 wk ahead,percent,0.0316445314673564,Bin,3.8,3.9
West Virginia,3 wk ahead,percent,0.0238244352148157,Bin,3.9,4.0
West Virginia,3 wk ahead,percent,0.0179550533819247,Bin,4.0,4.1
West Virginia,3 wk ahead,percent,0.0237910606921444,Bin,4.1,4.2
West Virginia,3 wk ahead,percent,0.0179217741236633,Bin,4.2,4.3
West Virginia,3 wk ahead,percent,0.0140036495030134,Bin,4.3,4.4
West Virginia,3 wk ahead,percent,0.015938610554496,Bin,4.4,4.5
West Virginia,3 wk ahead,percent,0.0120213319595415,Bin,4.5,4.6
West Virginia,3 wk ahead,percent,0.015908206201715,Bin,4.6,4.7
West Virginia,3 wk ahead,percent,0.0119920493078309,Bin,4.7,4.8
West Virginia,3 wk ahead,percent,0.0236837179688601,Bin,4.8,4.9
West Virginia,3 wk ahead,percent,0.00806333697080453,Bin,4.9,5.0
West Virginia,3 wk ahead,percent,0.0100016509923948,Bin,5.0,5.1
West Virginia,3 wk ahead,percent,0.00803867769294024,Bin,5.1,5.2
West Virginia,3 wk ahead,percent,0.0119288801041779,Bin,5.2,5.3
West Virginia,3 wk ahead,percent,0.00801586748734018,Bin,5.3,5.4
West Virginia,3 wk ahead,percent,0.0158086061188652,Bin,5.4,5.5
West Virginia,3 wk ahead,percent,0.0138470950560164,Bin,5.5,5.6
West Virginia,3 wk ahead,percent,0.00798398739428883,Bin,5.6,5.7
West Virginia,3 wk ahead,percent,0.01187555306288,Bin,5.7,5.8
West Virginia,3 wk ahead,percent,0.00211092344564146,Bin,5.8,5.9
West Virginia,3 wk ahead,percent,0.0157572317754241,Bin,5.9,6.0
West Virginia,3 wk ahead,percent,0.00989460944570783,Bin,6.0,6.1
West Virginia,3 wk ahead,percent,0.00403209391437217,Bin,6.1,6.2
West Virginia,3 wk ahead,percent,0.00207151386826624,Bin,6.2,6.3
West Virginia,3 wk ahead,percent,0.00791470875631266,Bin,6.3,6.4
West Virginia,3 wk ahead,percent,0.00205269183528265,Bin,6.4,6.5
West Virginia,3 wk ahead,percent,9.27354153584435e-05,Bin,6.5,6.6
West Virginia,3 wk ahead,percent,0.00398579175033918,Bin,6.6,6.7
West Virginia,3 wk ahead,percent,7.55937805427842e-05,Bin,6.7,6.8
West Virginia,3 wk ahead,percent,0.00787121492948405,Bin,6.8,6.9
West Virginia,3 wk ahead,percent,0.00396186610245043,Bin,6.9,7.0
West Virginia,3 wk ahead,percent,0.00200389888427534,Bin,7.0,7.1
West Virginia,3 wk ahead,percent,0.0039482463949041,Bin,7.1,7.2
West Virginia,3 wk ahead,percent,0.00394221307961393,Bin,7.2,7.3
West Virginia,3 wk ahead,percent,0.00198581033092586,Bin,7.3,7.4
West Virginia,3 wk ahead,percent,2.99356436634891e-05,Bin,7.4,7.5
West Virginia,3 wk ahead,percent,0.00392729006725142,Bin,7.5,7.6
West Virginia,3 wk ahead,percent,0.00197243604379898,Bin,7.6,7.7
West Virginia,3 wk ahead,percent,0.00196896122819241,Bin,7.7,7.8
West Virginia,3 wk ahead,percent,1.5030371649315e-05,Bin,7.8,7.9
West Virginia,3 wk ahead,percent,0.0039142201808084,Bin,7.9,8.0
West Virginia,3 wk ahead,percent,0.00196107932431497,Bin,8.0,8.1
West Virginia,3 wk ahead,percent,8.27699918565372e-06,Bin,8.1,8.2
West Virginia,3 wk ahead,percent,6.68114087530553e-06,Bin,8.2,8.3
West Virginia,3 wk ahead,percent,0.00390715637609405,Bin,8.3,8.4
West Virginia,3 wk ahead,percent,0.00195515533303279,Bin,8.4,8.5
West Virginia,3 wk ahead,percent,0.00195425579238355,Bin,8.5,8.6
West Virginia,3 wk ahead,percent,2.62351821693168e-06,Bin,8.6,8.7
West Virginia,3 wk ahead,percent,0.00195293932974839,Bin,8.7,8.8
West Virginia,3 wk ahead,percent,1.58369733199511e-06,Bin,8.8,8.9
West Virginia,3 wk ahead,percent,1.47546099136646e-06,Bin,8.9,9.0
West Virginia,3 wk ahead,percent,1.47546099136646e-06,Bin,9.0,9.1
West Virginia,3 wk ahead,percent,1.47546099136646e-06,Bin,9.1,9.2
West Virginia,3 wk ahead,percent,1.47546099136646e-06,Bin,9.2,9.3
West Virginia,3 wk ahead,percent,0.00195237836074645,Bin,9.3,9.4
West Virginia,3 wk ahead,percent,0.00390328126050153,Bin,9.4,9.5
West Virginia,3 wk ahead,percent,1.47546099136646e-06,Bin,9.5,9.6
West Virginia,3 wk ahead,percent,0.00195237836074645,Bin,9.6,9.7
West Virginia,3 wk ahead,percent,1.47546099136646e-06,Bin,9.7,9.8
West Virginia,3 wk ahead,percent,0.00195237836074645,Bin,9.8,9.9
West Virginia,3 wk ahead,percent,1.47546099136646e-06,Bin,9.9,10.0
West Virginia,3 wk ahead,percent,1.47546099136646e-06,Bin,10.0,10.1
West Virginia,3 wk ahead,percent,1.47546099136646e-06,Bin,10.1,10.2
West Virginia,3 wk ahead,percent,1.47546099136646e-06,Bin,10.2,10.3
West Virginia,3 wk ahead,percent,1.47546099136646e-06,Bin,10.3,10.4
West Virginia,3 wk ahead,percent,1.47546099136646e-06,Bin,10.4,10.5
West Virginia,3 wk ahead,percent,0.00195237836074645,Bin,10.5,10.6
West Virginia,3 wk ahead,percent,0.00195237836074645,Bin,10.6,10.7
West Virginia,3 wk ahead,percent,1.47546099136646e-06,Bin,10.7,10.8
West Virginia,3 wk ahead,percent,1.47546099136646e-06,Bin,10.8,10.9
West Virginia,3 wk ahead,percent,1.47546099136646e-06,Bin,10.9,11.0
West Virginia,3 wk ahead,percent,0.00195237836074645,Bin,11.0,11.1
West Virginia,3 wk ahead,percent,1.47546099136646e-06,Bin,11.1,11.2
West Virginia,3 wk ahead,percent,1.47546099136646e-06,Bin,11.2,11.3
West Virginia,3 wk ahead,percent,1.47546099136646e-06,Bin,11.3,11.4
West Virginia,3 wk ahead,percent,1.47546099136646e-06,Bin,11.4,11.5
West Virginia,3 wk ahead,percent,1.47546099136646e-06,Bin,11.5,11.6
West Virginia,3 wk ahead,percent,1.47546099136646e-06,Bin,11.6,11.7
West Virginia,3 wk ahead,percent,1.47546099136646e-06,Bin,11.7,11.8
West Virginia,3 wk ahead,percent,1.47546099136646e-06,Bin,11.8,11.9
West Virginia,3 wk ahead,percent,1.47546099136646e-06,Bin,11.9,12.0
West Virginia,3 wk ahead,percent,1.47546099136646e-06,Bin,12.0,12.1
West Virginia,3 wk ahead,percent,0.00195237836074645,Bin,12.1,12.2
West Virginia,3 wk ahead,percent,1.47546099136646e-06,Bin,12.2,12.3
West Virginia,3 wk ahead,percent,1.47546099136646e-06,Bin,12.3,12.4
West Virginia,3 wk ahead,percent,1.47546099136646e-06,Bin,12.4,12.5
West Virginia,3 wk ahead,percent,1.47546099136646e-06,Bin,12.5,12.6
West Virginia,3 wk ahead,percent,1.47546099136646e-06,Bin,12.6,12.7
West Virginia,3 wk ahead,percent,1.47546099136646e-06,Bin,12.7,12.8
West Virginia,3 wk ahead,percent,1.47546099136646e-06,Bin,12.8,12.9
West Virginia,3 wk ahead,percent,1.47546099136646e-06,Bin,12.9,13.0
West Virginia,3 wk ahead,percent,0.00195237836074645,Bin,13.0,100.0
West Virginia,4 wk ahead,percent,0.000119815569881997,Bin,0.0,0.1
West Virginia,4 wk ahead,percent,0.000263602662917479,Bin,0.1,0.2
West Virginia,4 wk ahead,percent,0.00029690404226394,Bin,0.2,0.3
West Virginia,4 wk ahead,percent,0.000331481029335956,Bin,0.3,0.4
West Virginia,4 wk ahead,percent,0.000366881780721348,Bin,0.4,0.5
West Virginia,4 wk ahead,percent,0.000402601366815872,Bin,0.5,0.6
West Virginia,4 wk ahead,percent,0.00433989603715742,Bin,0.6,0.7
West Virginia,4 wk ahead,percent,0.00242367730260783,Bin,0.7,0.8
West Virginia,4 wk ahead,percent,0.0161132971805294,Bin,0.8,0.9
West Virginia,4 wk ahead,percent,0.00248832053288044,Bin,0.9,1.0
West Virginia,4 wk ahead,percent,0.00446809240394481,Bin,1.0,1.1
West Virginia,4 wk ahead,percent,0.0103467140423981,Bin,1.1,1.2
West Virginia,4 wk ahead,percent,0.0142710856357915,Bin,1.2,1.3
West Virginia,4 wk ahead,percent,0.0123391045364753,Bin,1.3,1.4
West Virginia,4 wk ahead,percent,0.0240595885076147,Bin,1.4,1.5
West Virginia,4 wk ahead,percent,0.0182180168283149,Bin,1.5,1.6
West Virginia,4 wk ahead,percent,0.0279797513794093,Bin,1.6,1.7
West Virginia,4 wk ahead,percent,0.0162777593866727,Bin,1.7,1.8
West Virginia,4 wk ahead,percent,0.0221303331276686,Bin,1.8,1.9
West Virginia,4 wk ahead,percent,0.0240778250170988,Bin,1.9,2.0
West Virginia,4 wk ahead,percent,0.0357769242363925,Bin,2.0,2.1
West Virginia,4 wk ahead,percent,0.0162590699301272,Bin,2.1,2.2
West Virginia,4 wk ahead,percent,0.0338062766681165,Bin,2.2,2.3
West Virginia,4 wk ahead,percent,0.0220882702488762,Bin,2.3,2.4
West Virginia,4 wk ahead,percent,0.0337798179859878,Bin,2.4,2.5
West Virginia,4 wk ahead,percent,0.0435195422049562,Bin,2.5,2.6
West Virginia,4 wk ahead,percent,0.0239951137268377,Bin,2.6,2.7
West Virginia,4 wk ahead,percent,0.0395865795127285,Bin,2.7,2.8
West Virginia,4 wk ahead,percent,0.0415215622678078,Bin,2.8,2.9
West Virginia,4 wk ahead,percent,0.0219965840469715,Bin,2.9,3.0
West Virginia,4 wk ahead,percent,0.0317351989499053,Bin,3.0,3.1
West Virginia,4 wk ahead,percent,0.0219648625686201,Bin,3.1,3.2
West Virginia,4 wk ahead,percent,0.0219491052452686,Bin,3.2,3.3
West Virginia,4 wk ahead,percent,0.0258351714301479,Bin,3.3,3.4
West Virginia,4 wk ahead,percent,0.0180157678494425,Bin,3.4,3.5
West Virginia,4 wk ahead,percent,0.0238525469011559,Bin,3.5,3.6
West Virginia,4 wk ahead,percent,0.0121309717509552,Bin,3.6,3.7
West Virginia,4 wk ahead,percent,0.012114497725205,Bin,3.7,3.8
West Virginia,4 wk ahead,percent,0.0140485305918808,Bin,3.8,3.9
West Virginia,4 wk ahead,percent,0.0159821069050687,Bin,3.9,4.0
West Virginia,4 wk ahead,percent,0.0159642810681687,Bin,4.0,4.1
West Virginia,4 wk ahead,percent,0.0237495535529913,Bin,4.1,4.2
West Virginia,4 wk ahead,percent,0.0120252990969902,Bin,4.2,4.3
West Virginia,4 wk ahead,percent,0.0178587170279253,Bin,4.3,4.4
West Virginia,4 wk ahead,percent,0.0139372455121592,Bin,4.4,4.5
West Virginia,4 wk ahead,percent,0.0100155057968098,Bin,4.5,4.6
West Virginia,4 wk ahead,percent,0.0119463416325854,Bin,4.6,4.7
West Virginia,4 wk ahead,percent,0.0138772014856829,Bin,4.7,4.8
West Virginia,4 wk ahead,percent,0.0138573563109968,Bin,4.8,4.9
West Virginia,4 wk ahead,percent,0.0138378918064771,Bin,4.9,5.0
West Virginia,4 wk ahead,percent,0.00601537933697847,Bin,5.0,5.1
West Virginia,4 wk ahead,percent,0.00989902707212655,Bin,5.1,5.2
West Virginia,4 wk ahead,percent,0.00597996600500063,Bin,5.2,5.3
West Virginia,4 wk ahead,percent,0.00986556158159436,Bin,5.3,5.4
West Virginia,4 wk ahead,percent,0.0039978032996786,Bin,5.4,5.5
West Virginia,4 wk ahead,percent,0.00203309007303371,Bin,5.5,5.6
West Virginia,4 wk ahead,percent,0.0039714783374636,Bin,5.6,5.7
West Virginia,4 wk ahead,percent,0.00200937050864848,Bin,5.7,5.8
West Virginia,4 wk ahead,percent,0.0039503657128656,Bin,5.8,5.9
West Virginia,4 wk ahead,percent,0.00394171706506291,Bin,5.9,6.0
West Virginia,4 wk ahead,percent,0.00588516187091382,Bin,6.0,6.1
West Virginia,4 wk ahead,percent,0.00782971696562736,Bin,6.1,6.2
West Virginia,4 wk ahead,percent,0.00587348004504956,Bin,6.2,6.3
West Virginia,4 wk ahead,percent,0.00977085808812781,Bin,6.3,6.4
West Virginia,4 wk ahead,percent,0.00391452407931443,Bin,6.4,6.5
West Virginia,4 wk ahead,percent,0.00391159119534456,Bin,6.5,6.6
West Virginia,4 wk ahead,percent,0.00390924959434242,Bin,6.6,6.7
West Virginia,4 wk ahead,percent,0.0019565016058142,Bin,6.7,6.8
West Virginia,4 wk ahead,percent,0.00195506514752962,Bin,6.8,6.9
West Virginia,4 wk ahead,percent,0.00390486484896,Bin,6.9,7.0
West Virginia,4 wk ahead,percent,2.22241853549241e-06,Bin,7.0,7.1
West Virginia,4 wk ahead,percent,1.85706043333744e-06,Bin,7.1,7.2
West Virginia,4 wk ahead,percent,0.00390366249078066,Bin,7.2,7.3
West Virginia,4 wk ahead,percent,0.00195275959102557,Bin,7.3,7.4
West Virginia,4 wk ahead,percent,0.00195275959102557,Bin,7.4,7.5
West Virginia,4 wk ahead,percent,0.00390366249078066,Bin,7.5,7.6
West Virginia,4 wk ahead,percent,0.00195275959102557,Bin,7.6,7.7
West Virginia,4 wk ahead,percent,0.00390366249078066,Bin,7.7,7.8
West Virginia,4 wk ahead,percent,0.00195275959102557,Bin,7.8,7.9
West Virginia,4 wk ahead,percent,1.85669127048962e-06,Bin,7.9,8.0
West Virginia,4 wk ahead,percent,1.85669127048964e-06,Bin,8.0,8.1
West Virginia,4 wk ahead,percent,1.85669127048965e-06,Bin,8.1,8.2
West Virginia,4 wk ahead,percent,1.85669127048965e-06,Bin,8.2,8.3
West Virginia,4 wk ahead,percent,1.85669127048965e-06,Bin,8.3,8.4
West Virginia,4 wk ahead,percent,1.85669127048965e-06,Bin,8.4,8.5
West Virginia,4 wk ahead,percent,1.85669127048965e-06,Bin,8.5,8.6
West Virginia,4 wk ahead,percent,0.00390366249078066,Bin,8.6,8.7
West Virginia,4 wk ahead,percent,1.85669127048965e-06,Bin,8.7,8.8
West Virginia,4 wk ahead,percent,1.85669127048965e-06,Bin,8.8,8.9
West Virginia,4 wk ahead,percent,1.85669127048965e-06,Bin,8.9,9.0
West Virginia,4 wk ahead,percent,0.00195275959102557,Bin,9.0,9.1
West Virginia,4 wk ahead,percent,1.85669127048965e-06,Bin,9.1,9.2
West Virginia,4 wk ahead,percent,0.00195275959102557,Bin,9.2,9.3
West Virginia,4 wk ahead,percent,0.00195275959102557,Bin,9.3,9.4
West Virginia,4 wk ahead,percent,1.85669127048965e-06,Bin,9.4,9.5
West Virginia,4 wk ahead,percent,1.85669127048965e-06,Bin,9.5,9.6
West Virginia,4 wk ahead,percent,0.00195275959102557,Bin,9.6,9.7
West Virginia,4 wk ahead,percent,1.85669127048965e-06,Bin,9.7,9.8
West Virginia,4 wk ahead,percent,1.85669127048965e-06,Bin,9.8,9.9
West Virginia,4 wk ahead,percent,1.85669127048965e-06,Bin,9.9,10.0
West Virginia,4 wk ahead,percent,1.85669127048965e-06,Bin,10.0,10.1
West Virginia,4 wk ahead,percent,1.85669127048965e-06,Bin,10.1,10.2
West Virginia,4 wk ahead,percent,1.85669127048965e-06,Bin,10.2,10.3
West Virginia,4 wk ahead,percent,1.85669127048965e-06,Bin,10.3,10.4
West Virginia,4 wk ahead,percent,1.85669127048965e-06,Bin,10.4,10.5
West Virginia,4 wk ahead,percent,0.00195275959102557,Bin,10.5,10.6
West Virginia,4 wk ahead,percent,1.85669127048965e-06,Bin,10.6,10.7
West Virginia,4 wk ahead,percent,1.85669127048965e-06,Bin,10.7,10.8
West Virginia,4 wk ahead,percent,1.85669127048965e-06,Bin,10.8,10.9
West Virginia,4 wk ahead,percent,1.85669127048965e-06,Bin,10.9,11.0
West Virginia,4 wk ahead,percent,0.00195275959102557,Bin,11.0,11.1
West Virginia,4 wk ahead,percent,0.00195275959102557,Bin,11.1,11.2
West Virginia,4 wk ahead,percent,1.85669127048965e-06,Bin,11.2,11.3
West Virginia,4 wk ahead,percent,1.85669127048965e-06,Bin,11.3,11.4
West Virginia,4 wk ahead,percent,0.00195275959102557,Bin,11.4,11.5
West Virginia,4 wk ahead,percent,1.85669127048965e-06,Bin,11.5,11.6
West Virginia,4 wk ahead,percent,1.85669127048965e-06,Bin,11.6,11.7
West Virginia,4 wk ahead,percent,1.85669127048965e-06,Bin,11.7,11.8
West Virginia,4 wk ahead,percent,1.85669127048965e-06,Bin,11.8,11.9
West Virginia,4 wk ahead,percent,1.85669127048965e-06,Bin,11.9,12.0
West Virginia,4 wk ahead,percent,1.85669127048965e-06,Bin,12.0,12.1
West Virginia,4 wk ahead,percent,1.85669127048965e-06,Bin,12.1,12.2
West Virginia,4 wk ahead,percent,1.85669127048965e-06,Bin,12.2,12.3
West Virginia,4 wk ahead,percent,1.85669127048965e-06,Bin,12.3,12.4
West Virginia,4 wk ahead,percent,1.85669127048965e-06,Bin,12.4,12.5
West Virginia,4 wk ahead,percent,1.85669127048965e-06,Bin,12.5,12.6
West Virginia,4 wk ahead,percent,1.85669127048965e-06,Bin,12.6,12.7
West Virginia,4 wk ahead,percent,1.85669127048965e-06,Bin,12.7,12.8
West Virginia,4 wk ahead,percent,1.85669127048965e-06,Bin,12.8,12.9
West Virginia,4 wk ahead,percent,1.85669127048965e-06,Bin,12.9,13.0
West Virginia,4 wk ahead,percent,0.00195275959102557,Bin,13.0,100.0
West Virginia,Season peak percentage,percent,0.000488339274419131,Bin,0.0,0.1
West Virginia,Season peak percentage,percent,0.00103006918078457,Bin,0.1,0.2
West Virginia,Season peak percentage,percent,0.00110268426222897,Bin,0.2,0.3
West Virginia,Season peak percentage,percent,0.00117682819331261,Bin,0.3,0.4
West Virginia,Season peak percentage,percent,0.00125238707438335,Bin,0.4,0.5
West Virginia,Season peak percentage,percent,0.00132921278011042,Bin,0.5,0.6
West Virginia,Season peak percentage,percent,0.00140724449329398,Bin,0.6,0.7
West Virginia,Season peak percentage,percent,0.00148640353480611,Bin,0.7,0.8
West Virginia,Season peak percentage,percent,0.00156669854974974,Bin,0.8,0.9
West Virginia,Season peak percentage,percent,0.00164812659005576,Bin,0.9,1.0
West Virginia,Season peak percentage,percent,0.00173076231500592,Bin,1.0,1.1
West Virginia,Season peak percentage,percent,0.00181467763464688,Bin,1.1,1.2
West Virginia,Season peak percentage,percent,0.0018999973659991,Bin,1.2,1.3
West Virginia,Season peak percentage,percent,0.00198684953353131,Bin,1.3,1.4
West Virginia,Season peak percentage,percent,0.00207537932149412,Bin,1.4,1.5
West Virginia,Season peak percentage,percent,0.00216574128073489,Bin,1.5,1.6
West Virginia,Season peak percentage,percent,0.00225806046435933,Bin,1.6,1.7
West Virginia,Season peak percentage,percent,0.00235248129921469,Bin,1.7,1.8
West Virginia,Season peak percentage,percent,0.0024490637865568,Bin,1.8,1.9
West Virginia,Season peak percentage,percent,0.00254789574538356,Bin,1.9,2.0
West Virginia,Season peak percentage,percent,0.00264894073474022,Bin,2.0,2.1
West Virginia,Season peak percentage,percent,0.00275217720373919,Bin,2.1,2.2
West Virginia,Season peak percentage,percent,0.0028574538757716,Bin,2.2,2.3
West Virginia,Season peak percentage,percent,0.00296460226860302,Bin,2.3,2.4
West Virginia,Season peak percentage,percent,0.00307334035013014,Bin,2.4,2.5
West Virginia,Season peak percentage,percent,0.00318333651000995,Bin,2.5,2.6
West Virginia,Season peak percentage,percent,0.00329417267273297,Bin,2.6,2.7
West Virginia,Season peak percentage,percent,0.00340535961949143,Bin,2.7,2.8
West Virginia,Season peak percentage,percent,0.00351634683283993,Bin,2.8,2.9
West Virginia,Season peak percentage,percent,0.00362651859229394,Bin,2.9,3.0
West Virginia,Season peak percentage,percent,0.00373520151409391,Bin,3.0,3.1
West Virginia,Season peak percentage,percent,0.00384170327367297,Bin,3.1,3.2
West Virginia,Season peak percentage,percent,0.00394524975885742,Bin,3.2,3.3
West Virginia,Season peak percentage,percent,0.004045125245698,Bin,3.3,3.4
West Virginia,Season peak percentage,percent,0.00414048805745093,Bin,3.4,3.5
West Virginia,Season peak percentage,percent,0.00423065316830921,Bin,3.5,3.6
West Virginia,Season peak percentage,percent,0.00431475554194892,Bin,3.6,3.7
West Virginia,Season peak percentage,percent,0.00439219248201047,Bin,3.7,3.8
West Virginia,Season peak percentage,percent,0.00446212078714991,Bin,3.8,3.9
West Virginia,Season peak percentage,percent,0.00452404551440218,Bin,3.9,4.0
West Virginia,Season peak percentage,percent,0.004577241351604,Bin,4.0,4.1
West Virginia,Season peak percentage,percent,0.00462129834679407,Bin,4.1,4.2
West Virginia,Season peak percentage,percent,0.00465569378659388,Bin,4.2,4.3
West Virginia,Season peak percentage,percent,0.00468010441702898,Bin,4.3,4.4
West Virginia,Season peak percentage,percent,0.00469425635548035,Bin,4.4,4.5
West Virginia,Season peak percentage,percent,0.00469792976992265,Bin,4.5,4.6
West Virginia,Season peak percentage,percent,0.00469112949005583,Bin,4.6,4.7
West Virginia,Season peak percentage,percent,0.00467374172867066,Bin,4.7,4.8
West Virginia,Season peak percentage,percent,0.00464605461340937,Bin,4.8,4.9
West Virginia,Season peak percentage,percent,0.00460808386295074,Bin,4.9,5.0
West Virginia,Season peak percentage,percent,0.00456034974105749,Bin,5.0,5.1
West Virginia,Season peak percentage,percent,0.00450305993455832,Bin,5.1,5.2
West Virginia,Season peak percentage,percent,0.00443687668556576,Bin,5.2,5.3
West Virginia,Season peak percentage,percent,0.00436220599469187,Bin,5.3,5.4
West Virginia,Season peak percentage,percent,0.00427981266068295,Bin,5.4,5.5
West Virginia,Season peak percentage,percent,0.00419026752964778,Bin,5.5,5.6
West Virginia,Season peak percentage,percent,0.00409438490432889,Bin,5.6,5.7
West Virginia,Season peak percentage,percent,0.00399285253047274,Bin,5.7,5.8
West Virginia,Season peak percentage,percent,0.00388648323692422,Bin,5.8,5.9
West Virginia,Season peak percentage,percent,0.00377602849481998,Bin,5.9,6.0
West Virginia,Season peak percentage,percent,0.00366225218827319,Bin,6.0,6.1
West Virginia,Season peak percentage,percent,0.00354589897932326,Bin,6.1,6.2
West Virginia,Season peak percentage,percent,0.0034276558026017,Bin,6.2,6.3
West Virginia,Season peak percentage,percent,0.00330819185106187,Bin,6.3,6.4
West Virginia,Season peak percentage,percent,0.00318809687185378,Bin,6.4,6.5
West Virginia,Season peak percentage,percent,0.00306791717102714,Bin,6.5,6.6
West Virginia,Season peak percentage,percent,0.00294813137202092,Bin,6.6,6.7
West Virginia,Season peak percentage,percent,0.00282914134737586,Bin,6.7,6.8
West Virginia,Season peak percentage,percent,0.00271131040122614,Bin,6.8,6.9
West Virginia,Season peak percentage,percent,0.0025949008377768,Bin,6.9,7.0
West Virginia,Season peak percentage,percent,0.00248016135616771,Bin,7.0,7.1
West Virginia,Season peak percentage,percent,0.00236724518715294,Bin,7.1,7.2
West Virginia,Season peak percentage,percent,0.00225629623870639,Bin,7.2,7.3
West Virginia,Season peak percentage,percent,0.00214739847374887,Bin,7.3,7.4
West Virginia,Season peak percentage,percent,0.00204061707154342,Bin,7.4,7.5
West Virginia,Season peak percentage,percent,0.00193600484144585,Bin,7.5,7.6
West Virginia,Season peak percentage,percent,0.00183357813407045,Bin,7.6,7.7
West Virginia,Season peak percentage,percent,0.567649203763224,Bin,7.7,7.8
West Virginia,Season peak percentage,percent,0.00605666393309641,Bin,7.8,7.9
West Virginia,Season peak percentage,percent,0.00596104095062026,Bin,7.9,8.0
West Virginia,Season peak percentage,percent,0.0117626978223405,Bin,8.0,8.1
West Virginia,Season peak percentage,percent,0.00725062138112103,Bin,8.1,8.2
West Virginia,Season peak percentage,percent,0.0189521412660755,Bin,8.2,8.3
West Virginia,Season peak percentage,percent,0.00560271116664027,Bin,8.3,8.4
West Virginia,Season peak percentage,percent,0.00551959653450849,Bin,8.4,8.5
West Virginia,Season peak percentage,percent,0.00396557749607345,Bin,8.5,8.6
West Virginia,Season peak percentage,percent,0.00683567388167935,Bin,8.6,8.7
West Virginia,Season peak percentage,percent,0.00676136791792626,Bin,8.7,8.8
West Virginia,Season peak percentage,percent,0.00963768116115683,Bin,8.8,8.9
West Virginia,Season peak percentage,percent,0.00809607436959608,Bin,8.9,9.0
West Virginia,Season peak percentage,percent,0.010979040893813,Bin,9.0,9.1
West Virginia,Season peak percentage,percent,0.00797051484469751,Bin,9.1,9.2
West Virginia,Season peak percentage,percent,0.000544278628046895,Bin,9.2,9.3
West Virginia,Season peak percentage,percent,0.00638524602518866,Bin,9.3,9.4
West Virginia,Season peak percentage,percent,0.00338734721308746,Bin,9.4,9.5
West Virginia,Season peak percentage,percent,0.00186672889850244,Bin,9.5,9.6
West Virginia,Season peak percentage,percent,0.0077183322188768,Bin,9.6,9.7
West Virginia,Season peak percentage,percent,0.00178345257074652,Bin,9.7,9.8
West Virginia,Season peak percentage,percent,0.000273169601587269,Bin,9.8,9.9
West Virginia,Season peak percentage,percent,0.00318733272762815,Bin,9.9,10.0
West Virginia,Season peak percentage,percent,0.000209671417735526,Bin,10.0,10.1
West Virginia,Season peak percentage,percent,0.00902487973505472,Bin,10.1,10.2
West Virginia,Season peak percentage,percent,0.000158031057403207,Bin,10.2,10.3
West Virginia,Season peak percentage,percent,0.00160998818458747,Bin,10.3,10.4
West Virginia,Season peak percentage,percent,0.00306439581503635,Bin,10.4,10.5
West Virginia,Season peak percentage,percent,0.00157360231749752,Bin,10.5,10.6
West Virginia,Season peak percentage,percent,0.00155862238951335,Bin,10.6,10.7
West Virginia,Season peak percentage,percent,7.18178012716392e-05,Bin,10.7,10.8
West Virginia,Season peak percentage,percent,6.04583913133997e-05,Bin,10.8,10.9
West Virginia,Season peak percentage,percent,5.06647884884011e-05,Bin,10.9,11.0
West Virginia,Season peak percentage,percent,4.22390427215445e-05,Bin,11.0,11.1
West Virginia,Season peak percentage,percent,3.50546847729381e-05,Bin,11.1,11.2
West Virginia,Season peak percentage,percent,0.00150267934140783,Bin,11.2,11.3
West Virginia,Season peak percentage,percent,0.00739247927331691,Bin,11.3,11.4
West Virginia,Season peak percentage,percent,0.00149318201622221,Bin,11.4,11.5
West Virginia,Season peak percentage,percent,1.5822177588576e-05,Bin,11.5,11.6
West Virginia,Season peak percentage,percent,1.30246754654601e-05,Bin,11.6,11.7
West Virginia,Season peak percentage,percent,1.25332172290048e-05,Bin,11.7,11.8
West Virginia,Season peak percentage,percent,1.25332172290048e-05,Bin,11.8,11.9
West Virginia,Season peak percentage,percent,0.00296001139569693,Bin,11.9,12.0
West Virginia,Season peak percentage,percent,1.25332172290048e-05,Bin,12.0,12.1
West Virginia,Season peak percentage,percent,0.00148627230646297,Bin,12.1,12.2
West Virginia,Season peak percentage,percent,1.25332172290048e-05,Bin,12.2,12.3
West Virginia,Season peak percentage,percent,1.25332172290048e-05,Bin,12.3,12.4
West Virginia,Season peak percentage,percent,1.25332172290048e-05,Bin,12.4,12.5
West Virginia,Season peak percentage,percent,1.25332172290048e-05,Bin,12.5,12.6
West Virginia,Season peak percentage,percent,1.25332172290048e-05,Bin,12.6,12.7
West Virginia,Season peak percentage,percent,0.00296001139569693,Bin,12.7,12.8
West Virginia,Season peak percentage,percent,1.25332172290048e-05,Bin,12.8,12.9
West Virginia,Season peak percentage,percent,1.25332172290048e-05,Bin,12.9,13.0
West Virginia,Season peak percentage,percent,0.0147499241095686,Bin,13.0,100.0
West Virginia,Season peak week,week,5.95389976313527e-05,Bin,40.0,41.0
West Virginia,Season peak week,week,5.95389976313527e-05,Bin,41.0,42.0
West Virginia,Season peak week,week,5.95389976313527e-05,Bin,42.0,43.0
West Virginia,Season peak week,week,7.00507883585564e-05,Bin,43.0,44.0
West Virginia,Season peak week,week,0.000156534124601034,Bin,44.0,45.0
West Virginia,Season peak week,week,0.000344824533055118,Bin,45.0,46.0
West Virginia,Season peak week,week,0.000701247194544214,Bin,46.0,47.0
West Virginia,Season peak week,week,0.00131867446008198,Bin,47.0,48.0
West Virginia,Season peak week,week,0.00229666028416454,Bin,48.0,49.0
West Virginia,Season peak week,week,0.0037120671249357,Bin,49.0,50.0
West Virginia,Season peak week,week,0.0055819961188471,Bin,50.0,51.0
West Virginia,Season peak week,week,0.00783335101859003,Bin,51.0,52.0
West Virginia,Season peak week,week,0.566208977027753,Bin,52.0,53.0
West Virginia,Season peak week,week,0.0127522416536449,Bin,1.0,2.0
West Virginia,Season peak week,week,0.0149623251190768,Bin,2.0,3.0
West Virginia,Season peak week,week,0.0167617749194554,Bin,3.0,4.0
West Virginia,Season peak week,week,0.0180765478129128,Bin,4.0,5.0
West Virginia,Season peak week,week,0.0189130184055647,Bin,5.0,6.0
West Virginia,Season peak week,week,0.164079067124835,Bin,6.0,7.0
West Virginia,Season peak week,week,0.0221874626547758,Bin,7.0,8.0
West Virginia,Season peak week,week,0.0275232687445215,Bin,8.0,9.0
West Virginia,Season peak week,week,0.0193500342112211,Bin,9.0,10.0
West Virginia,Season peak week,week,0.0193564930668302,Bin,10.0,11.0
West Virginia,Season peak week,week,0.0217864261341071,Bin,11.0,12.0
West Virginia,Season peak week,week,0.0209644899402833,Bin,12.0,13.0
West Virginia,Season peak week,week,0.0127330616089341,Bin,13.0,14.0
West Virginia,Season peak week,week,0.00744269318079326,Bin,14.0,15.0
West Virginia,Season peak week,week,0.0052915413597606,Bin,15.0,16.0
West Virginia,Season peak week,week,0.00352051024839374,Bin,16.0,17.0
West Virginia,Season peak week,week,0.00363152690752891,Bin,17.0,18.0
West Virginia,Season peak week,week,0.00125904960267574,Bin,18.0,19.0
West Virginia,Season peak week,week,0.000672857802171658,Bin,19.0,20.0
West Virginia,Season peak week,week,0.000332609834687843,Bin,20.0,21.0
