location,target,unit,value,type,bin_start_incl,bin_end_notincl
Alabama,1 wk ahead,percent,1.4,Point,NA,NA
Alabama,2 wk ahead,percent,1.3,Point,NA,NA
Alabama,3 wk ahead,percent,1.2,Point,NA,NA
Alabama,4 wk ahead,percent,1.2,Point,NA,NA
Alabama,Season peak percentage,percent,13,Point,NA,NA
Alabama,Season peak week,week,3,Point,NA,NA
Alaska,1 wk ahead,percent,4.4,Point,NA,NA
Alaska,2 wk ahead,percent,4,Point,NA,NA
Alaska,3 wk ahead,percent,3.2,Point,NA,NA
Alaska,4 wk ahead,percent,2.5,Point,NA,NA
Alaska,Season peak percentage,percent,7.6,Point,NA,NA
Alaska,Season peak week,week,10,Point,NA,NA
Arizona,1 wk ahead,percent,2.9,Point,NA,NA
Arizona,2 wk ahead,percent,2.9,Point,NA,NA
Arizona,3 wk ahead,percent,2.4,Point,NA,NA
Arizona,4 wk ahead,percent,2.2,Point,NA,NA
Arizona,Season peak percentage,percent,8.5,Point,NA,NA
Arizona,Season peak week,week,52,Point,NA,NA
Arkansas,1 wk ahead,percent,1.3,Point,NA,NA
Arkansas,2 wk ahead,percent,1.2,Point,NA,NA
Arkansas,3 wk ahead,percent,1.1,Point,NA,NA
Arkansas,4 wk ahead,percent,0.9,Point,NA,NA
Arkansas,Season peak percentage,percent,11.1,Point,NA,NA
Arkansas,Season peak week,week,5,Point,NA,NA
California,1 wk ahead,percent,1.6,Point,NA,NA
California,2 wk ahead,percent,1.6,Point,NA,NA
California,3 wk ahead,percent,1.6,Point,NA,NA
California,4 wk ahead,percent,1.6,Point,NA,NA
California,Season peak percentage,percent,6.9,Point,NA,NA
California,Season peak week,week,52,Point,NA,NA
Colorado,1 wk ahead,percent,0.6,Point,NA,NA
Colorado,2 wk ahead,percent,0.6,Point,NA,NA
Colorado,3 wk ahead,percent,0.5,Point,NA,NA
Colorado,4 wk ahead,percent,0.5,Point,NA,NA
Colorado,Season peak percentage,percent,3.7,Point,NA,NA
Colorado,Season peak week,week,5,Point,NA,NA
Connecticut,1 wk ahead,percent,2.1,Point,NA,NA
Connecticut,2 wk ahead,percent,1.6,Point,NA,NA
Connecticut,3 wk ahead,percent,1.3,Point,NA,NA
Connecticut,4 wk ahead,percent,1,Point,NA,NA
Connecticut,Season peak percentage,percent,7.2,Point,NA,NA
Connecticut,Season peak week,week,6,Point,NA,NA
Delaware,1 wk ahead,percent,0.1,Point,NA,NA
Delaware,2 wk ahead,percent,0.1,Point,NA,NA
Delaware,3 wk ahead,percent,0.1,Point,NA,NA
Delaware,4 wk ahead,percent,0.1,Point,NA,NA
Delaware,Season peak percentage,percent,6.3,Point,NA,NA
Delaware,Season peak week,week,6,Point,NA,NA
Georgia,1 wk ahead,percent,1.7,Point,NA,NA
Georgia,2 wk ahead,percent,1.6,Point,NA,NA
Georgia,3 wk ahead,percent,1.5,Point,NA,NA
Georgia,4 wk ahead,percent,1.3,Point,NA,NA
Georgia,Season peak percentage,percent,13,Point,NA,NA
Georgia,Season peak week,week,5,Point,NA,NA
Hawaii,1 wk ahead,percent,2.9,Point,NA,NA
Hawaii,2 wk ahead,percent,2.9,Point,NA,NA
Hawaii,3 wk ahead,percent,2.8,Point,NA,NA
Hawaii,4 wk ahead,percent,2.5,Point,NA,NA
Hawaii,Season peak percentage,percent,9.1,Point,NA,NA
Hawaii,Season peak week,week,52,Point,NA,NA
Idaho,1 wk ahead,percent,0.4,Point,NA,NA
Idaho,2 wk ahead,percent,0.4,Point,NA,NA
Idaho,3 wk ahead,percent,0.4,Point,NA,NA
Idaho,4 wk ahead,percent,0.3,Point,NA,NA
Idaho,Season peak percentage,percent,3.7,Point,NA,NA
Idaho,Season peak week,week,2,Point,NA,NA
Illinois,1 wk ahead,percent,1.2,Point,NA,NA
Illinois,2 wk ahead,percent,1.2,Point,NA,NA
Illinois,3 wk ahead,percent,1.2,Point,NA,NA
Illinois,4 wk ahead,percent,1.2,Point,NA,NA
Illinois,Season peak percentage,percent,6.4,Point,NA,NA
Illinois,Season peak week,week,52,Point,NA,NA
Indiana,1 wk ahead,percent,1.2,Point,NA,NA
Indiana,2 wk ahead,percent,1,Point,NA,NA
Indiana,3 wk ahead,percent,0.8,Point,NA,NA
Indiana,4 wk ahead,percent,0.7,Point,NA,NA
Indiana,Season peak percentage,percent,8.4,Point,NA,NA
Indiana,Season peak week,week,6,Point,NA,NA
Iowa,1 wk ahead,percent,0.2,Point,NA,NA
Iowa,2 wk ahead,percent,0.2,Point,NA,NA
Iowa,3 wk ahead,percent,0.2,Point,NA,NA
Iowa,4 wk ahead,percent,0.2,Point,NA,NA
Iowa,Season peak percentage,percent,3.7,Point,NA,NA
Iowa,Season peak week,week,4,Point,NA,NA
Kansas,1 wk ahead,percent,0.9,Point,NA,NA
Kansas,2 wk ahead,percent,0.9,Point,NA,NA
Kansas,3 wk ahead,percent,0.6,Point,NA,NA
Kansas,4 wk ahead,percent,0.6,Point,NA,NA
Kansas,Season peak percentage,percent,11.6,Point,NA,NA
Kansas,Season peak week,week,7,Point,NA,NA
Kentucky,1 wk ahead,percent,0.7,Point,NA,NA
Kentucky,2 wk ahead,percent,0.5,Point,NA,NA
Kentucky,3 wk ahead,percent,0.5,Point,NA,NA
Kentucky,4 wk ahead,percent,0.3,Point,NA,NA
Kentucky,Season peak percentage,percent,12.3,Point,NA,NA
Kentucky,Season peak week,week,2,Point,NA,NA
Louisiana,1 wk ahead,percent,2,Point,NA,NA
Louisiana,2 wk ahead,percent,1.9,Point,NA,NA
Louisiana,3 wk ahead,percent,1.7,Point,NA,NA
Louisiana,4 wk ahead,percent,1.7,Point,NA,NA
Louisiana,Season peak percentage,percent,11.2,Point,NA,NA
Louisiana,Season peak week,week,52,Point,NA,NA
Maine,1 wk ahead,percent,0.4,Point,NA,NA
Maine,2 wk ahead,percent,0.5,Point,NA,NA
Maine,3 wk ahead,percent,0.5,Point,NA,NA
Maine,4 wk ahead,percent,0.5,Point,NA,NA
Maine,Season peak percentage,percent,1.6,Point,NA,NA
Maine,Season peak week,week,8,Point,NA,NA
Maryland,1 wk ahead,percent,1.2,Point,NA,NA
Maryland,2 wk ahead,percent,1.2,Point,NA,NA
Maryland,3 wk ahead,percent,1.2,Point,NA,NA
Maryland,4 wk ahead,percent,1.2,Point,NA,NA
Maryland,Season peak percentage,percent,5.9,Point,NA,NA
Maryland,Season peak week,week,5,Point,NA,NA
Massachusetts,1 wk ahead,percent,1.2,Point,NA,NA
Massachusetts,2 wk ahead,percent,1.1,Point,NA,NA
Massachusetts,3 wk ahead,percent,1,Point,NA,NA
Massachusetts,4 wk ahead,percent,0.9,Point,NA,NA
Massachusetts,Season peak percentage,percent,5.5,Point,NA,NA
Massachusetts,Season peak week,week,5,Point,NA,NA
Michigan,1 wk ahead,percent,1.4,Point,NA,NA
Michigan,2 wk ahead,percent,1.2,Point,NA,NA
Michigan,3 wk ahead,percent,1,Point,NA,NA
Michigan,4 wk ahead,percent,0.9,Point,NA,NA
Michigan,Season peak percentage,percent,5.6,Point,NA,NA
Michigan,Season peak week,week,5,Point,NA,NA
Minnesota,1 wk ahead,percent,1.7,Point,NA,NA
Minnesota,2 wk ahead,percent,1.8,Point,NA,NA
Minnesota,3 wk ahead,percent,1.6,Point,NA,NA
Minnesota,4 wk ahead,percent,1.5,Point,NA,NA
Minnesota,Season peak percentage,percent,6.7,Point,NA,NA
Minnesota,Season peak week,week,6,Point,NA,NA
Mississippi,1 wk ahead,percent,2.2,Point,NA,NA
Mississippi,2 wk ahead,percent,2.1,Point,NA,NA
Mississippi,3 wk ahead,percent,2,Point,NA,NA
Mississippi,4 wk ahead,percent,1.9,Point,NA,NA
Mississippi,Season peak percentage,percent,13,Point,NA,NA
Mississippi,Season peak week,week,52,Point,NA,NA
Missouri,1 wk ahead,percent,0.7,Point,NA,NA
Missouri,2 wk ahead,percent,0.5,Point,NA,NA
Missouri,3 wk ahead,percent,0.4,Point,NA,NA
Missouri,4 wk ahead,percent,0.3,Point,NA,NA
Missouri,Season peak percentage,percent,11.3,Point,NA,NA
Missouri,Season peak week,week,4,Point,NA,NA
Montana,1 wk ahead,percent,0.1,Point,NA,NA
Montana,2 wk ahead,percent,0.1,Point,NA,NA
Montana,3 wk ahead,percent,0.1,Point,NA,NA
Montana,4 wk ahead,percent,0.1,Point,NA,NA
Montana,Season peak percentage,percent,0.9,Point,NA,NA
Montana,Season peak week,week,9,Point,NA,NA
Nebraska,1 wk ahead,percent,1.6,Point,NA,NA
Nebraska,2 wk ahead,percent,1.4,Point,NA,NA
Nebraska,3 wk ahead,percent,1.2,Point,NA,NA
Nebraska,4 wk ahead,percent,1.2,Point,NA,NA
Nebraska,Season peak percentage,percent,8.9,Point,NA,NA
Nebraska,Season peak week,week,6,Point,NA,NA
Nevada,1 wk ahead,percent,1.1,Point,NA,NA
Nevada,2 wk ahead,percent,1,Point,NA,NA
Nevada,3 wk ahead,percent,0.9,Point,NA,NA
Nevada,4 wk ahead,percent,0.7,Point,NA,NA
Nevada,Season peak percentage,percent,3.6,Point,NA,NA
Nevada,Season peak week,week,52,Point,NA,NA
New Hampshire,1 wk ahead,percent,0.6,Point,NA,NA
New Hampshire,2 wk ahead,percent,0.6,Point,NA,NA
New Hampshire,3 wk ahead,percent,0.5,Point,NA,NA
New Hampshire,4 wk ahead,percent,0.5,Point,NA,NA
New Hampshire,Season peak percentage,percent,6.7,Point,NA,NA
New Hampshire,Season peak week,week,6,Point,NA,NA
New Jersey,1 wk ahead,percent,2,Point,NA,NA
New Jersey,2 wk ahead,percent,1.9,Point,NA,NA
New Jersey,3 wk ahead,percent,1.7,Point,NA,NA
New Jersey,4 wk ahead,percent,1.6,Point,NA,NA
New Jersey,Season peak percentage,percent,11.2,Point,NA,NA
New Jersey,Season peak week,week,7,Point,NA,NA
New Mexico,1 wk ahead,percent,1.3,Point,NA,NA
New Mexico,2 wk ahead,percent,1.2,Point,NA,NA
New Mexico,3 wk ahead,percent,1.2,Point,NA,NA
New Mexico,4 wk ahead,percent,1.1,Point,NA,NA
New Mexico,Season peak percentage,percent,9.9,Point,NA,NA
New Mexico,Season peak week,week,5,Point,NA,NA
New York,1 wk ahead,percent,1.6,Point,NA,NA
New York,2 wk ahead,percent,1.5,Point,NA,NA
New York,3 wk ahead,percent,1.4,Point,NA,NA
New York,4 wk ahead,percent,1.3,Point,NA,NA
New York,Season peak percentage,percent,8.7,Point,NA,NA
New York,Season peak week,week,6,Point,NA,NA
North Carolina,1 wk ahead,percent,1.2,Point,NA,NA
North Carolina,2 wk ahead,percent,1.2,Point,NA,NA
North Carolina,3 wk ahead,percent,0.9,Point,NA,NA
North Carolina,4 wk ahead,percent,1,Point,NA,NA
North Carolina,Season peak percentage,percent,10.6,Point,NA,NA
North Carolina,Season peak week,week,6,Point,NA,NA
North Dakota,1 wk ahead,percent,0.6,Point,NA,NA
North Dakota,2 wk ahead,percent,0.5,Point,NA,NA
North Dakota,3 wk ahead,percent,0.4,Point,NA,NA
North Dakota,4 wk ahead,percent,0.4,Point,NA,NA
North Dakota,Season peak percentage,percent,5,Point,NA,NA
North Dakota,Season peak week,week,2,Point,NA,NA
Ohio,1 wk ahead,percent,0.6,Point,NA,NA
Ohio,2 wk ahead,percent,0.5,Point,NA,NA
Ohio,3 wk ahead,percent,0.5,Point,NA,NA
Ohio,4 wk ahead,percent,0.5,Point,NA,NA
Ohio,Season peak percentage,percent,5.1,Point,NA,NA
Ohio,Season peak week,week,6,Point,NA,NA
Oklahoma,1 wk ahead,percent,0.9,Point,NA,NA
Oklahoma,2 wk ahead,percent,0.8,Point,NA,NA
Oklahoma,3 wk ahead,percent,0.6,Point,NA,NA
Oklahoma,4 wk ahead,percent,0.4,Point,NA,NA
Oklahoma,Season peak percentage,percent,11.2,Point,NA,NA
Oklahoma,Season peak week,week,4,Point,NA,NA
Oregon,1 wk ahead,percent,0.8,Point,NA,NA
Oregon,2 wk ahead,percent,0.7,Point,NA,NA
Oregon,3 wk ahead,percent,0.6,Point,NA,NA
Oregon,4 wk ahead,percent,0.5,Point,NA,NA
Oregon,Season peak percentage,percent,5,Point,NA,NA
Oregon,Season peak week,week,3,Point,NA,NA
Pennsylvania,1 wk ahead,percent,1.2,Point,NA,NA
Pennsylvania,2 wk ahead,percent,1.1,Point,NA,NA
Pennsylvania,3 wk ahead,percent,1,Point,NA,NA
Pennsylvania,4 wk ahead,percent,1,Point,NA,NA
Pennsylvania,Season peak percentage,percent,6.8,Point,NA,NA
Pennsylvania,Season peak week,week,7,Point,NA,NA
Rhode Island,1 wk ahead,percent,0.4,Point,NA,NA
Rhode Island,2 wk ahead,percent,0.4,Point,NA,NA
Rhode Island,3 wk ahead,percent,0.2,Point,NA,NA
Rhode Island,4 wk ahead,percent,0.2,Point,NA,NA
Rhode Island,Season peak percentage,percent,7.8,Point,NA,NA
Rhode Island,Season peak week,week,6,Point,NA,NA
South Carolina,1 wk ahead,percent,0.9,Point,NA,NA
South Carolina,2 wk ahead,percent,0.8,Point,NA,NA
South Carolina,3 wk ahead,percent,0.7,Point,NA,NA
South Carolina,4 wk ahead,percent,0.6,Point,NA,NA
South Carolina,Season peak percentage,percent,13,Point,NA,NA
South Carolina,Season peak week,week,6,Point,NA,NA
South Dakota,1 wk ahead,percent,1.2,Point,NA,NA
South Dakota,2 wk ahead,percent,1,Point,NA,NA
South Dakota,3 wk ahead,percent,0.9,Point,NA,NA
South Dakota,4 wk ahead,percent,0.8,Point,NA,NA
South Dakota,Season peak percentage,percent,5.4,Point,NA,NA
South Dakota,Season peak week,week,5,Point,NA,NA
Tennessee,1 wk ahead,percent,0.4,Point,NA,NA
Tennessee,2 wk ahead,percent,0.3,Point,NA,NA
Tennessee,3 wk ahead,percent,0.3,Point,NA,NA
Tennessee,4 wk ahead,percent,0.2,Point,NA,NA
Tennessee,Season peak percentage,percent,9.4,Point,NA,NA
Tennessee,Season peak week,week,3,Point,NA,NA
Texas,1 wk ahead,percent,2.2,Point,NA,NA
Texas,2 wk ahead,percent,2.1,Point,NA,NA
Texas,3 wk ahead,percent,2.2,Point,NA,NA
Texas,4 wk ahead,percent,2.2,Point,NA,NA
Texas,Season peak percentage,percent,13,Point,NA,NA
Texas,Season peak week,week,4,Point,NA,NA
Utah,1 wk ahead,percent,0.8,Point,NA,NA
Utah,2 wk ahead,percent,0.9,Point,NA,NA
Utah,3 wk ahead,percent,0.9,Point,NA,NA
Utah,4 wk ahead,percent,0.9,Point,NA,NA
Utah,Season peak percentage,percent,3,Point,NA,NA
Utah,Season peak week,week,8,Point,NA,NA
Vermont,1 wk ahead,percent,1.8,Point,NA,NA
Vermont,2 wk ahead,percent,1.5,Point,NA,NA
Vermont,3 wk ahead,percent,1.4,Point,NA,NA
Vermont,4 wk ahead,percent,1.3,Point,NA,NA
Vermont,Season peak percentage,percent,6.3,Point,NA,NA
Vermont,Season peak week,week,6,Point,NA,NA
Virginia,1 wk ahead,percent,1.5,Point,NA,NA
Virginia,2 wk ahead,percent,1.3,Point,NA,NA
Virginia,3 wk ahead,percent,1.2,Point,NA,NA
Virginia,4 wk ahead,percent,1.1,Point,NA,NA
Virginia,Season peak percentage,percent,10.9,Point,NA,NA
Virginia,Season peak week,week,6,Point,NA,NA
Washington,1 wk ahead,percent,0.5,Point,NA,NA
Washington,2 wk ahead,percent,0.4,Point,NA,NA
Washington,3 wk ahead,percent,0.4,Point,NA,NA
Washington,4 wk ahead,percent,0.4,Point,NA,NA
Washington,Season peak percentage,percent,5.1,Point,NA,NA
Washington,Season peak week,week,1,Point,NA,NA
West Virginia,1 wk ahead,percent,1,Point,NA,NA
West Virginia,2 wk ahead,percent,0.9,Point,NA,NA
West Virginia,3 wk ahead,percent,0.8,Point,NA,NA
West Virginia,4 wk ahead,percent,0.8,Point,NA,NA
West Virginia,Season peak percentage,percent,7.7,Point,NA,NA
West Virginia,Season peak week,week,52,Point,NA,NA
Wisconsin,1 wk ahead,percent,1.7,Point,NA,NA
Wisconsin,2 wk ahead,percent,1.5,Point,NA,NA
Wisconsin,3 wk ahead,percent,1.2,Point,NA,NA
Wisconsin,4 wk ahead,percent,0.9,Point,NA,NA
Wisconsin,Season peak percentage,percent,4.9,Point,NA,NA
Wisconsin,Season peak week,week,5,Point,NA,NA
Wyoming,1 wk ahead,percent,0.6,Point,NA,NA
Wyoming,2 wk ahead,percent,0.6,Point,NA,NA
Wyoming,3 wk ahead,percent,0.4,Point,NA,NA
Wyoming,4 wk ahead,percent,0.4,Point,NA,NA
Wyoming,Season peak percentage,percent,7.2,Point,NA,NA
Wyoming,Season peak week,week,6,Point,NA,NA
Alabama,1 wk ahead,percent,2.48610030223422e-10,Bin,0.0,0.1
Alabama,1 wk ahead,percent,5.73705783696724e-10,Bin,0.1,0.2
Alabama,1 wk ahead,percent,6.84307955237125e-10,Bin,0.2,0.3
Alabama,1 wk ahead,percent,8.03906503621011e-10,Bin,0.3,0.4
Alabama,1 wk ahead,percent,9.30442864839858e-10,Bin,0.4,0.5
Alabama,1 wk ahead,percent,0.00200000092360378,Bin,0.5,0.6
Alabama,1 wk ahead,percent,1.19364688367704e-09,Bin,0.6,0.7
Alabama,1 wk ahead,percent,0.00200000118639653,Bin,0.7,0.8
Alabama,1 wk ahead,percent,0.00800000089864649,Bin,0.8,0.9
Alabama,1 wk ahead,percent,0.039999998812205,Bin,0.9,1.0
Alabama,1 wk ahead,percent,0.0459999985058489,Bin,1.0,1.1
Alabama,1 wk ahead,percent,0.0959999951566197,Bin,1.1,1.2
Alabama,1 wk ahead,percent,0.113999993997626,Bin,1.2,1.3
Alabama,1 wk ahead,percent,0.165999990482989,Bin,1.3,1.4
Alabama,1 wk ahead,percent,0.123999993428756,Bin,1.4,1.5
Alabama,1 wk ahead,percent,0.14399999209205,Bin,1.5,1.6
Alabama,1 wk ahead,percent,0.0699999972183751,Bin,1.6,1.7
Alabama,1 wk ahead,percent,0.0699999972389854,Bin,1.7,1.8
Alabama,1 wk ahead,percent,0.0160000009709708,Bin,1.8,1.9
Alabama,1 wk ahead,percent,0.0479999987734299,Bin,1.9,2.0
Alabama,1 wk ahead,percent,0.0120000012530793,Bin,2.0,2.1
Alabama,1 wk ahead,percent,0.012000001247081,Bin,2.1,2.2
Alabama,1 wk ahead,percent,0.0160000009584372,Bin,2.2,2.3
Alabama,1 wk ahead,percent,2.03865017777435e-09,Bin,2.3,2.4
Alabama,1 wk ahead,percent,0.00600000159339511,Bin,2.4,2.5
Alabama,1 wk ahead,percent,0.00400000168713946,Bin,2.5,2.6
Alabama,1 wk ahead,percent,1.9052741996355e-09,Bin,2.6,2.7
Alabama,1 wk ahead,percent,1.83386785117588e-09,Bin,2.7,2.8
Alabama,1 wk ahead,percent,1.74852170605205e-09,Bin,2.8,2.9
Alabama,1 wk ahead,percent,1.6503683803963e-09,Bin,2.9,3.0
Alabama,1 wk ahead,percent,1.54150245636533e-09,Bin,3.0,3.1
Alabama,1 wk ahead,percent,1.424939320771e-09,Bin,3.1,3.2
Alabama,1 wk ahead,percent,1.30433756634241e-09,Bin,3.2,3.3
Alabama,1 wk ahead,percent,1.18376948559488e-09,Bin,3.3,3.4
Alabama,1 wk ahead,percent,1.06737216578287e-09,Bin,3.4,3.5
Alabama,1 wk ahead,percent,9.5900633221876e-10,Bin,3.5,3.6
Alabama,1 wk ahead,percent,8.61982670968984e-10,Bin,3.6,3.7
Alabama,1 wk ahead,percent,7.78756994754674e-10,Bin,3.7,3.8
Alabama,1 wk ahead,percent,7.1080657302734e-10,Bin,3.8,3.9
Alabama,1 wk ahead,percent,6.58499890405481e-10,Bin,3.9,4.0
Alabama,1 wk ahead,percent,6.21138644161424e-10,Bin,4.0,4.1
Alabama,1 wk ahead,percent,5.97028908601696e-10,Bin,4.1,4.2
Alabama,1 wk ahead,percent,0.00400000030819575,Bin,4.2,4.3
Alabama,1 wk ahead,percent,5.78048913976592e-10,Bin,4.3,4.4
Alabama,1 wk ahead,percent,5.76802994690163e-10,Bin,4.4,4.5
Alabama,1 wk ahead,percent,5.76641647546205e-10,Bin,4.5,4.6
Alabama,1 wk ahead,percent,5.745556269383e-10,Bin,4.6,4.7
Alabama,1 wk ahead,percent,5.68059570585351e-10,Bin,4.7,4.8
Alabama,1 wk ahead,percent,5.55388192743329e-10,Bin,4.8,4.9
Alabama,1 wk ahead,percent,5.35542186142739e-10,Bin,4.9,5.0
Alabama,1 wk ahead,percent,5.08352323885783e-10,Bin,5.0,5.1
Alabama,1 wk ahead,percent,4.74353260670953e-10,Bin,5.1,5.2
Alabama,1 wk ahead,percent,4.34703427944745e-10,Bin,5.2,5.3
Alabama,1 wk ahead,percent,3.90960270856467e-10,Bin,5.3,5.4
Alabama,1 wk ahead,percent,3.44922813794384e-10,Bin,5.4,5.5
Alabama,1 wk ahead,percent,2.9840974885823e-10,Bin,5.5,5.6
Alabama,1 wk ahead,percent,2.5310819061014e-10,Bin,5.6,5.7
Alabama,1 wk ahead,percent,2.10443712240059e-10,Bin,5.7,5.8
Alabama,1 wk ahead,percent,1.71493423091682e-10,Bin,5.8,5.9
Alabama,1 wk ahead,percent,1.36966718754672e-10,Bin,5.9,6.0
Alabama,1 wk ahead,percent,1.07205309750329e-10,Bin,6.0,6.1
Alabama,1 wk ahead,percent,8.22285297685646e-11,Bin,6.1,6.2
Alabama,1 wk ahead,percent,6.18072372205313e-11,Bin,6.2,6.3
Alabama,1 wk ahead,percent,4.5523469210941e-11,Bin,6.3,6.4
Alabama,1 wk ahead,percent,3.28591131701605e-11,Bin,6.4,6.5
Alabama,1 wk ahead,percent,2.3238990581042e-11,Bin,6.5,6.6
Alabama,1 wk ahead,percent,1.61068548568056e-11,Bin,6.6,6.7
Alabama,1 wk ahead,percent,1.09377642678622e-11,Bin,6.7,6.8
Alabama,1 wk ahead,percent,7.28170286568187e-12,Bin,6.8,6.9
Alabama,1 wk ahead,percent,5.96425465254532e-12,Bin,6.9,7.0
Alabama,1 wk ahead,percent,5.96425465254532e-12,Bin,7.0,7.1
Alabama,1 wk ahead,percent,5.96425465254532e-12,Bin,7.1,7.2
Alabama,1 wk ahead,percent,5.96425465254532e-12,Bin,7.2,7.3
Alabama,1 wk ahead,percent,5.96425465254532e-12,Bin,7.3,7.4
Alabama,1 wk ahead,percent,5.96425465254532e-12,Bin,7.4,7.5
Alabama,1 wk ahead,percent,5.96425465254532e-12,Bin,7.5,7.6
Alabama,1 wk ahead,percent,5.96425465254532e-12,Bin,7.6,7.7
Alabama,1 wk ahead,percent,5.96425465254532e-12,Bin,7.7,7.8
Alabama,1 wk ahead,percent,5.96425465254532e-12,Bin,7.8,7.9
Alabama,1 wk ahead,percent,5.96425465254532e-12,Bin,7.9,8.0
Alabama,1 wk ahead,percent,5.96425465254537e-12,Bin,8.0,8.1
Alabama,1 wk ahead,percent,5.96425465254543e-12,Bin,8.1,8.2
Alabama,1 wk ahead,percent,5.96425465254543e-12,Bin,8.2,8.3
Alabama,1 wk ahead,percent,5.96425465254543e-12,Bin,8.3,8.4
Alabama,1 wk ahead,percent,5.96425465254543e-12,Bin,8.4,8.5
Alabama,1 wk ahead,percent,5.96425465254543e-12,Bin,8.5,8.6
Alabama,1 wk ahead,percent,5.96425465254543e-12,Bin,8.6,8.7
Alabama,1 wk ahead,percent,5.96425465254543e-12,Bin,8.7,8.8
Alabama,1 wk ahead,percent,5.96425465254543e-12,Bin,8.8,8.9
Alabama,1 wk ahead,percent,5.96425465254543e-12,Bin,8.9,9.0
Alabama,1 wk ahead,percent,5.96425465254543e-12,Bin,9.0,9.1
Alabama,1 wk ahead,percent,5.96425465254543e-12,Bin,9.1,9.2
Alabama,1 wk ahead,percent,5.96425465254543e-12,Bin,9.2,9.3
Alabama,1 wk ahead,percent,5.96425465254543e-12,Bin,9.3,9.4
Alabama,1 wk ahead,percent,5.96425465254543e-12,Bin,9.4,9.5
Alabama,1 wk ahead,percent,5.96425465254543e-12,Bin,9.5,9.6
Alabama,1 wk ahead,percent,5.96425465254543e-12,Bin,9.6,9.7
Alabama,1 wk ahead,percent,5.96425465254543e-12,Bin,9.7,9.8
Alabama,1 wk ahead,percent,5.96425465254543e-12,Bin,9.8,9.9
Alabama,1 wk ahead,percent,5.96425465254543e-12,Bin,9.9,10.0
Alabama,1 wk ahead,percent,5.96425465254543e-12,Bin,10.0,10.1
Alabama,1 wk ahead,percent,5.96425465254543e-12,Bin,10.1,10.2
Alabama,1 wk ahead,percent,5.96425465254543e-12,Bin,10.2,10.3
Alabama,1 wk ahead,percent,5.96425465254543e-12,Bin,10.3,10.4
Alabama,1 wk ahead,percent,5.96425465254543e-12,Bin,10.4,10.5
Alabama,1 wk ahead,percent,5.96425465254543e-12,Bin,10.5,10.6
Alabama,1 wk ahead,percent,5.96425465254543e-12,Bin,10.6,10.7
Alabama,1 wk ahead,percent,5.96425465254543e-12,Bin,10.7,10.8
Alabama,1 wk ahead,percent,5.96425465254543e-12,Bin,10.8,10.9
Alabama,1 wk ahead,percent,5.96425465254543e-12,Bin,10.9,11.0
Alabama,1 wk ahead,percent,5.96425465254543e-12,Bin,11.0,11.1
Alabama,1 wk ahead,percent,5.96425465254543e-12,Bin,11.1,11.2
Alabama,1 wk ahead,percent,5.96425465254543e-12,Bin,11.2,11.3
Alabama,1 wk ahead,percent,5.96425465254543e-12,Bin,11.3,11.4
Alabama,1 wk ahead,percent,5.96425465254543e-12,Bin,11.4,11.5
Alabama,1 wk ahead,percent,5.96425465254543e-12,Bin,11.5,11.6
Alabama,1 wk ahead,percent,5.96425465254543e-12,Bin,11.6,11.7
Alabama,1 wk ahead,percent,5.96425465254543e-12,Bin,11.7,11.8
Alabama,1 wk ahead,percent,5.96425465254543e-12,Bin,11.8,11.9
Alabama,1 wk ahead,percent,5.96425465254543e-12,Bin,11.9,12.0
Alabama,1 wk ahead,percent,5.96425465254543e-12,Bin,12.0,12.1
Alabama,1 wk ahead,percent,5.96425465254543e-12,Bin,12.1,12.2
Alabama,1 wk ahead,percent,5.96425465254543e-12,Bin,12.2,12.3
Alabama,1 wk ahead,percent,5.96425465254543e-12,Bin,12.3,12.4
Alabama,1 wk ahead,percent,5.96425465254543e-12,Bin,12.4,12.5
Alabama,1 wk ahead,percent,5.96425465254543e-12,Bin,12.5,12.6
Alabama,1 wk ahead,percent,5.96425465254543e-12,Bin,12.6,12.7
Alabama,1 wk ahead,percent,5.96425465254543e-12,Bin,12.7,12.8
Alabama,1 wk ahead,percent,5.96425465254543e-12,Bin,12.8,12.9
Alabama,1 wk ahead,percent,5.96425465254543e-12,Bin,12.9,13.0
Alabama,1 wk ahead,percent,5.96425465254543e-12,Bin,13.0,100.0
Alabama,2 wk ahead,percent,7.84385525125856e-11,Bin,0.0,0.1
Alabama,2 wk ahead,percent,2.46841852304096e-10,Bin,0.1,0.2
Alabama,2 wk ahead,percent,4.10953994446189e-10,Bin,0.2,0.3
Alabama,2 wk ahead,percent,0.00200000047616696,Bin,0.3,0.4
Alabama,2 wk ahead,percent,8.66373803086046e-10,Bin,0.4,0.5
Alabama,2 wk ahead,percent,0.0040000008120694,Bin,0.5,0.6
Alabama,2 wk ahead,percent,0.00800000072645708,Bin,0.6,0.7
Alabama,2 wk ahead,percent,0.0200000000074858,Bin,0.7,0.8
Alabama,2 wk ahead,percent,0.0339999991153722,Bin,0.8,0.9
Alabama,2 wk ahead,percent,0.0419999986792747,Bin,0.9,1.0
Alabama,2 wk ahead,percent,0.0799999960759759,Bin,1.0,1.1
Alabama,2 wk ahead,percent,0.125999992932517,Bin,1.1,1.2
Alabama,2 wk ahead,percent,0.111999994225674,Bin,1.2,1.3
Alabama,2 wk ahead,percent,0.119999993822373,Bin,1.3,1.4
Alabama,2 wk ahead,percent,0.0979999954872623,Bin,1.4,1.5
Alabama,2 wk ahead,percent,0.0699999974169245,Bin,1.5,1.6
Alabama,2 wk ahead,percent,0.0739999968407058,Bin,1.6,1.7
Alabama,2 wk ahead,percent,0.0459999985783362,Bin,1.7,1.8
Alabama,2 wk ahead,percent,0.043999998466567,Bin,1.8,1.9
Alabama,2 wk ahead,percent,0.027999999562162,Bin,1.9,2.0
Alabama,2 wk ahead,percent,0.0299999995554968,Bin,2.0,2.1
Alabama,2 wk ahead,percent,0.0140000010909561,Bin,2.1,2.2
Alabama,2 wk ahead,percent,0.0160000014322151,Bin,2.2,2.3
Alabama,2 wk ahead,percent,0.00400000281931703,Bin,2.3,2.4
Alabama,2 wk ahead,percent,0.00400000319759301,Bin,2.4,2.5
Alabama,2 wk ahead,percent,0.00800000304942172,Bin,2.5,2.6
Alabama,2 wk ahead,percent,3.50656871652754e-09,Bin,2.6,2.7
Alabama,2 wk ahead,percent,3.1142891152461e-09,Bin,2.7,2.8
Alabama,2 wk ahead,percent,2.54610949129615e-09,Bin,2.8,2.9
Alabama,2 wk ahead,percent,1.91376682533205e-09,Bin,2.9,3.0
Alabama,2 wk ahead,percent,0.00200000117354423,Bin,3.0,3.1
Alabama,2 wk ahead,percent,8.37738318817242e-10,Bin,3.1,3.2
Alabama,2 wk ahead,percent,4.89952871807456e-10,Bin,3.2,3.3
Alabama,2 wk ahead,percent,0.00200000012317835,Bin,3.3,3.4
Alabama,2 wk ahead,percent,1.57499607430539e-10,Bin,3.4,3.5
Alabama,2 wk ahead,percent,1.26829257500397e-10,Bin,3.5,3.6
Alabama,2 wk ahead,percent,1.64898903997293e-10,Bin,3.6,3.7
Alabama,2 wk ahead,percent,0.00399999997112934,Bin,3.7,3.8
Alabama,2 wk ahead,percent,0.00200000028037261,Bin,3.8,3.9
Alabama,2 wk ahead,percent,6.37223959705769e-10,Bin,3.9,4.0
Alabama,2 wk ahead,percent,0.00200000071777148,Bin,4.0,4.1
Alabama,2 wk ahead,percent,1.06887297771636e-09,Bin,4.1,4.2
Alabama,2 wk ahead,percent,1.1996374217555e-09,Bin,4.2,4.3
Alabama,2 wk ahead,percent,1.22332150919938e-09,Bin,4.3,4.4
Alabama,2 wk ahead,percent,1.13346617007789e-09,Bin,4.4,4.5
Alabama,2 wk ahead,percent,9.54187988592467e-10,Bin,4.5,4.6
Alabama,2 wk ahead,percent,7.29830744992428e-10,Bin,4.6,4.7
Alabama,2 wk ahead,percent,5.07189761461712e-10,Bin,4.7,4.8
Alabama,2 wk ahead,percent,0.00200000017256909,Bin,4.8,4.9
Alabama,2 wk ahead,percent,1.83708976185002e-10,Bin,4.9,5.0
Alabama,2 wk ahead,percent,9.57570463585048e-11,Bin,5.0,5.1
Alabama,2 wk ahead,percent,4.53426607813005e-11,Bin,5.1,5.2
Alabama,2 wk ahead,percent,1.96610645074453e-11,Bin,5.2,5.3
Alabama,2 wk ahead,percent,1.38503795000416e-11,Bin,5.3,5.4
Alabama,2 wk ahead,percent,1.38503795000416e-11,Bin,5.4,5.5
Alabama,2 wk ahead,percent,1.38503795000416e-11,Bin,5.5,5.6
Alabama,2 wk ahead,percent,1.38503795000416e-11,Bin,5.6,5.7
Alabama,2 wk ahead,percent,1.38503795000416e-11,Bin,5.7,5.8
Alabama,2 wk ahead,percent,1.38503795000416e-11,Bin,5.8,5.9
Alabama,2 wk ahead,percent,1.38503795000416e-11,Bin,5.9,6.0
Alabama,2 wk ahead,percent,1.38503795000416e-11,Bin,6.0,6.1
Alabama,2 wk ahead,percent,1.38503795000416e-11,Bin,6.1,6.2
Alabama,2 wk ahead,percent,1.38503795000416e-11,Bin,6.2,6.3
Alabama,2 wk ahead,percent,1.38503795000416e-11,Bin,6.3,6.4
Alabama,2 wk ahead,percent,0.00199999986616966,Bin,6.4,6.5
Alabama,2 wk ahead,percent,1.38503795000416e-11,Bin,6.5,6.6
Alabama,2 wk ahead,percent,1.38503795000416e-11,Bin,6.6,6.7
Alabama,2 wk ahead,percent,1.38503795000416e-11,Bin,6.7,6.8
Alabama,2 wk ahead,percent,1.38503795000416e-11,Bin,6.8,6.9
Alabama,2 wk ahead,percent,1.38503795000416e-11,Bin,6.9,7.0
Alabama,2 wk ahead,percent,1.38503795000416e-11,Bin,7.0,7.1
Alabama,2 wk ahead,percent,1.38503795000416e-11,Bin,7.1,7.2
Alabama,2 wk ahead,percent,1.38503795000416e-11,Bin,7.2,7.3
Alabama,2 wk ahead,percent,1.38503795000416e-11,Bin,7.3,7.4
Alabama,2 wk ahead,percent,1.38503795000416e-11,Bin,7.4,7.5
Alabama,2 wk ahead,percent,1.38503795000416e-11,Bin,7.5,7.6
Alabama,2 wk ahead,percent,1.38503795000416e-11,Bin,7.6,7.7
Alabama,2 wk ahead,percent,1.38503795000416e-11,Bin,7.7,7.8
Alabama,2 wk ahead,percent,1.38503795000416e-11,Bin,7.8,7.9
Alabama,2 wk ahead,percent,1.38503795000416e-11,Bin,7.9,8.0
Alabama,2 wk ahead,percent,1.38503795000418e-11,Bin,8.0,8.1
Alabama,2 wk ahead,percent,1.38503795000419e-11,Bin,8.1,8.2
Alabama,2 wk ahead,percent,1.38503795000419e-11,Bin,8.2,8.3
Alabama,2 wk ahead,percent,1.38503795000419e-11,Bin,8.3,8.4
Alabama,2 wk ahead,percent,1.38503795000419e-11,Bin,8.4,8.5
Alabama,2 wk ahead,percent,1.38503795000419e-11,Bin,8.5,8.6
Alabama,2 wk ahead,percent,1.38503795000419e-11,Bin,8.6,8.7
Alabama,2 wk ahead,percent,1.38503795000419e-11,Bin,8.7,8.8
Alabama,2 wk ahead,percent,1.38503795000419e-11,Bin,8.8,8.9
Alabama,2 wk ahead,percent,1.38503795000419e-11,Bin,8.9,9.0
Alabama,2 wk ahead,percent,1.38503795000419e-11,Bin,9.0,9.1
Alabama,2 wk ahead,percent,1.38503795000419e-11,Bin,9.1,9.2
Alabama,2 wk ahead,percent,1.38503795000419e-11,Bin,9.2,9.3
Alabama,2 wk ahead,percent,1.38503795000419e-11,Bin,9.3,9.4
Alabama,2 wk ahead,percent,1.38503795000419e-11,Bin,9.4,9.5
Alabama,2 wk ahead,percent,1.38503795000419e-11,Bin,9.5,9.6
Alabama,2 wk ahead,percent,1.38503795000419e-11,Bin,9.6,9.7
Alabama,2 wk ahead,percent,1.38503795000419e-11,Bin,9.7,9.8
Alabama,2 wk ahead,percent,1.38503795000419e-11,Bin,9.8,9.9
Alabama,2 wk ahead,percent,1.38503795000419e-11,Bin,9.9,10.0
Alabama,2 wk ahead,percent,1.38503795000419e-11,Bin,10.0,10.1
Alabama,2 wk ahead,percent,1.38503795000419e-11,Bin,10.1,10.2
Alabama,2 wk ahead,percent,1.38503795000419e-11,Bin,10.2,10.3
Alabama,2 wk ahead,percent,1.38503795000419e-11,Bin,10.3,10.4
Alabama,2 wk ahead,percent,1.38503795000419e-11,Bin,10.4,10.5
Alabama,2 wk ahead,percent,1.38503795000419e-11,Bin,10.5,10.6
Alabama,2 wk ahead,percent,1.38503795000419e-11,Bin,10.6,10.7
Alabama,2 wk ahead,percent,1.38503795000419e-11,Bin,10.7,10.8
Alabama,2 wk ahead,percent,1.38503795000419e-11,Bin,10.8,10.9
Alabama,2 wk ahead,percent,1.38503795000419e-11,Bin,10.9,11.0
Alabama,2 wk ahead,percent,1.38503795000419e-11,Bin,11.0,11.1
Alabama,2 wk ahead,percent,1.38503795000419e-11,Bin,11.1,11.2
Alabama,2 wk ahead,percent,1.38503795000419e-11,Bin,11.2,11.3
Alabama,2 wk ahead,percent,1.38503795000419e-11,Bin,11.3,11.4
Alabama,2 wk ahead,percent,1.38503795000419e-11,Bin,11.4,11.5
Alabama,2 wk ahead,percent,1.38503795000419e-11,Bin,11.5,11.6
Alabama,2 wk ahead,percent,1.38503795000419e-11,Bin,11.6,11.7
Alabama,2 wk ahead,percent,1.38503795000419e-11,Bin,11.7,11.8
Alabama,2 wk ahead,percent,1.38503795000419e-11,Bin,11.8,11.9
Alabama,2 wk ahead,percent,1.38503795000419e-11,Bin,11.9,12.0
Alabama,2 wk ahead,percent,1.38503795000419e-11,Bin,12.0,12.1
Alabama,2 wk ahead,percent,1.38503795000419e-11,Bin,12.1,12.2
Alabama,2 wk ahead,percent,1.38503795000419e-11,Bin,12.2,12.3
Alabama,2 wk ahead,percent,1.38503795000419e-11,Bin,12.3,12.4
Alabama,2 wk ahead,percent,1.38503795000419e-11,Bin,12.4,12.5
Alabama,2 wk ahead,percent,1.38503795000419e-11,Bin,12.5,12.6
Alabama,2 wk ahead,percent,1.38503795000419e-11,Bin,12.6,12.7
Alabama,2 wk ahead,percent,1.38503795000419e-11,Bin,12.7,12.8
Alabama,2 wk ahead,percent,1.38503795000419e-11,Bin,12.8,12.9
Alabama,2 wk ahead,percent,1.38503795000419e-11,Bin,12.9,13.0
Alabama,2 wk ahead,percent,1.38503795000419e-11,Bin,13.0,100.0
Alabama,3 wk ahead,percent,3.82104780089563e-10,Bin,0.0,0.1
Alabama,3 wk ahead,percent,1.0754785836176e-09,Bin,0.1,0.2
Alabama,3 wk ahead,percent,1.56694097358176e-09,Bin,0.2,0.3
Alabama,3 wk ahead,percent,0.00400000126001706,Bin,0.3,0.4
Alabama,3 wk ahead,percent,0.0120000000735297,Bin,0.4,0.5
Alabama,3 wk ahead,percent,0.00400000212840839,Bin,0.5,0.6
Alabama,3 wk ahead,percent,0.00400000231657191,Bin,0.6,0.7
Alabama,3 wk ahead,percent,0.027999997273076,Bin,0.7,0.8
Alabama,3 wk ahead,percent,0.0639999895949519,Bin,0.8,0.9
Alabama,3 wk ahead,percent,0.0859999848776152,Bin,0.9,1.0
Alabama,3 wk ahead,percent,0.103999981151701,Bin,1.0,1.1
Alabama,3 wk ahead,percent,0.111999979773815,Bin,1.1,1.2
Alabama,3 wk ahead,percent,0.101999982443511,Bin,1.2,1.3
Alabama,3 wk ahead,percent,0.0859999865655683,Bin,1.3,1.4
Alabama,3 wk ahead,percent,0.0739999899026264,Bin,1.4,1.5
Alabama,3 wk ahead,percent,0.0479999960938822,Bin,1.5,1.6
Alabama,3 wk ahead,percent,0.0739999911441971,Bin,1.6,1.7
Alabama,3 wk ahead,percent,0.049999996487175,Bin,1.7,1.8
Alabama,3 wk ahead,percent,0.0339999999854991,Bin,1.8,1.9
Alabama,3 wk ahead,percent,0.0260000017774488,Bin,1.9,2.0
Alabama,3 wk ahead,percent,0.0160000041257078,Bin,2.0,2.1
Alabama,3 wk ahead,percent,0.00600000672095687,Bin,2.1,2.2
Alabama,3 wk ahead,percent,0.00800000704263173,Bin,2.2,2.3
Alabama,3 wk ahead,percent,0.0120000070662027,Bin,2.3,2.4
Alabama,3 wk ahead,percent,0.0140000073990574,Bin,2.4,2.5
Alabama,3 wk ahead,percent,0.010000008619074,Bin,2.5,2.6
Alabama,3 wk ahead,percent,0.00600000926572927,Bin,2.6,2.7
Alabama,3 wk ahead,percent,0.00200000928205281,Bin,2.7,2.8
Alabama,3 wk ahead,percent,8.34962340831778e-09,Bin,2.8,2.9
Alabama,3 wk ahead,percent,6.68825414871109e-09,Bin,2.9,3.0
Alabama,3 wk ahead,percent,0.00200000455703704,Bin,3.0,3.1
Alabama,3 wk ahead,percent,3.43847113456245e-09,Bin,3.1,3.2
Alabama,3 wk ahead,percent,2.2024856819195e-09,Bin,3.2,3.3
Alabama,3 wk ahead,percent,1.30726723797171e-09,Bin,3.3,3.4
Alabama,3 wk ahead,percent,0.00200000029778439,Bin,3.4,3.5
Alabama,3 wk ahead,percent,3.656105373904e-10,Bin,3.5,3.6
Alabama,3 wk ahead,percent,1.72088713500603e-10,Bin,3.6,3.7
Alabama,3 wk ahead,percent,7.503800994122e-11,Bin,3.7,3.8
Alabama,3 wk ahead,percent,3.07627923359847e-11,Bin,3.8,3.9
Alabama,3 wk ahead,percent,1.33330134069504e-11,Bin,3.9,4.0
Alabama,3 wk ahead,percent,0.00199999958930578,Bin,4.0,4.1
Alabama,3 wk ahead,percent,1.7952280754143e-11,Bin,4.1,4.2
Alabama,3 wk ahead,percent,0.00199999962048915,Bin,4.2,4.3
Alabama,3 wk ahead,percent,9.21911429087366e-11,Bin,4.3,4.4
Alabama,3 wk ahead,percent,1.90476328138298e-10,Bin,4.4,4.5
Alabama,3 wk ahead,percent,3.62111591584881e-10,Bin,4.5,4.6
Alabama,3 wk ahead,percent,6.33051215188339e-10,Bin,4.6,4.7
Alabama,3 wk ahead,percent,0.00200000059679273,Bin,4.7,4.8
Alabama,3 wk ahead,percent,1.50408435039435e-09,Bin,4.8,4.9
Alabama,3 wk ahead,percent,2.04411676419824e-09,Bin,4.9,5.0
Alabama,3 wk ahead,percent,0.00200000213355745,Bin,5.0,5.1
Alabama,3 wk ahead,percent,2.93507870115933e-09,Bin,5.1,5.2
Alabama,3 wk ahead,percent,3.10092176828323e-09,Bin,5.2,5.3
Alabama,3 wk ahead,percent,3.01235360890012e-09,Bin,5.3,5.4
Alabama,3 wk ahead,percent,2.6907486835616e-09,Bin,5.4,5.5
Alabama,3 wk ahead,percent,2.20999730221932e-09,Bin,5.5,5.6
Alabama,3 wk ahead,percent,1.66896374205323e-09,Bin,5.6,5.7
Alabama,3 wk ahead,percent,1.1589228854559e-09,Bin,5.7,5.8
Alabama,3 wk ahead,percent,7.39956260081754e-10,Bin,5.8,5.9
Alabama,3 wk ahead,percent,4.34387267976443e-10,Bin,5.9,6.0
Alabama,3 wk ahead,percent,2.34482430523363e-10,Bin,6.0,6.1
Alabama,3 wk ahead,percent,1.16383988758981e-10,Bin,6.1,6.2
Alabama,3 wk ahead,percent,5.31428197774775e-11,Bin,6.2,6.3
Alabama,3 wk ahead,percent,3.5118473615935e-11,Bin,6.3,6.4
Alabama,3 wk ahead,percent,3.5118473615935e-11,Bin,6.4,6.5
Alabama,3 wk ahead,percent,3.5118473615935e-11,Bin,6.5,6.6
Alabama,3 wk ahead,percent,3.5118473615935e-11,Bin,6.6,6.7
Alabama,3 wk ahead,percent,3.5118473615935e-11,Bin,6.7,6.8
Alabama,3 wk ahead,percent,3.5118473615935e-11,Bin,6.8,6.9
Alabama,3 wk ahead,percent,3.5118473615935e-11,Bin,6.9,7.0
Alabama,3 wk ahead,percent,0.00199999961430726,Bin,7.0,7.1
Alabama,3 wk ahead,percent,3.5118473615935e-11,Bin,7.1,7.2
Alabama,3 wk ahead,percent,3.5118473615935e-11,Bin,7.2,7.3
Alabama,3 wk ahead,percent,3.5118473615935e-11,Bin,7.3,7.4
Alabama,3 wk ahead,percent,3.5118473615935e-11,Bin,7.4,7.5
Alabama,3 wk ahead,percent,3.5118473615935e-11,Bin,7.5,7.6
Alabama,3 wk ahead,percent,3.5118473615935e-11,Bin,7.6,7.7
Alabama,3 wk ahead,percent,3.5118473615935e-11,Bin,7.7,7.8
Alabama,3 wk ahead,percent,3.5118473615935e-11,Bin,7.8,7.9
Alabama,3 wk ahead,percent,3.5118473615935e-11,Bin,7.9,8.0
Alabama,3 wk ahead,percent,3.51184736159353e-11,Bin,8.0,8.1
Alabama,3 wk ahead,percent,3.51184736159356e-11,Bin,8.1,8.2
Alabama,3 wk ahead,percent,3.51184736159356e-11,Bin,8.2,8.3
Alabama,3 wk ahead,percent,3.51184736159356e-11,Bin,8.3,8.4
Alabama,3 wk ahead,percent,3.51184736159356e-11,Bin,8.4,8.5
Alabama,3 wk ahead,percent,3.51184736159356e-11,Bin,8.5,8.6
Alabama,3 wk ahead,percent,3.51184736159356e-11,Bin,8.6,8.7
Alabama,3 wk ahead,percent,3.51184736159356e-11,Bin,8.7,8.8
Alabama,3 wk ahead,percent,3.51184736159356e-11,Bin,8.8,8.9
Alabama,3 wk ahead,percent,3.51184736159356e-11,Bin,8.9,9.0
Alabama,3 wk ahead,percent,3.51184736159356e-11,Bin,9.0,9.1
Alabama,3 wk ahead,percent,3.51184736159356e-11,Bin,9.1,9.2
Alabama,3 wk ahead,percent,3.51184736159356e-11,Bin,9.2,9.3
Alabama,3 wk ahead,percent,3.51184736159356e-11,Bin,9.3,9.4
Alabama,3 wk ahead,percent,3.51184736159356e-11,Bin,9.4,9.5
Alabama,3 wk ahead,percent,3.51184736159356e-11,Bin,9.5,9.6
Alabama,3 wk ahead,percent,3.51184736159356e-11,Bin,9.6,9.7
Alabama,3 wk ahead,percent,3.51184736159356e-11,Bin,9.7,9.8
Alabama,3 wk ahead,percent,3.51184736159356e-11,Bin,9.8,9.9
Alabama,3 wk ahead,percent,3.51184736159356e-11,Bin,9.9,10.0
Alabama,3 wk ahead,percent,3.51184736159356e-11,Bin,10.0,10.1
Alabama,3 wk ahead,percent,3.51184736159356e-11,Bin,10.1,10.2
Alabama,3 wk ahead,percent,3.51184736159356e-11,Bin,10.2,10.3
Alabama,3 wk ahead,percent,3.51184736159356e-11,Bin,10.3,10.4
Alabama,3 wk ahead,percent,3.51184736159356e-11,Bin,10.4,10.5
Alabama,3 wk ahead,percent,3.51184736159356e-11,Bin,10.5,10.6
Alabama,3 wk ahead,percent,3.51184736159356e-11,Bin,10.6,10.7
Alabama,3 wk ahead,percent,3.51184736159356e-11,Bin,10.7,10.8
Alabama,3 wk ahead,percent,3.51184736159356e-11,Bin,10.8,10.9
Alabama,3 wk ahead,percent,3.51184736159356e-11,Bin,10.9,11.0
Alabama,3 wk ahead,percent,3.51184736159356e-11,Bin,11.0,11.1
Alabama,3 wk ahead,percent,3.51184736159356e-11,Bin,11.1,11.2
Alabama,3 wk ahead,percent,3.51184736159356e-11,Bin,11.2,11.3
Alabama,3 wk ahead,percent,3.51184736159356e-11,Bin,11.3,11.4
Alabama,3 wk ahead,percent,3.51184736159356e-11,Bin,11.4,11.5
Alabama,3 wk ahead,percent,3.51184736159356e-11,Bin,11.5,11.6
Alabama,3 wk ahead,percent,3.51184736159356e-11,Bin,11.6,11.7
Alabama,3 wk ahead,percent,3.51184736159356e-11,Bin,11.7,11.8
Alabama,3 wk ahead,percent,3.51184736159356e-11,Bin,11.8,11.9
Alabama,3 wk ahead,percent,3.51184736159356e-11,Bin,11.9,12.0
Alabama,3 wk ahead,percent,3.51184736159356e-11,Bin,12.0,12.1
Alabama,3 wk ahead,percent,3.51184736159356e-11,Bin,12.1,12.2
Alabama,3 wk ahead,percent,3.51184736159356e-11,Bin,12.2,12.3
Alabama,3 wk ahead,percent,3.51184736159356e-11,Bin,12.3,12.4
Alabama,3 wk ahead,percent,3.51184736159356e-11,Bin,12.4,12.5
Alabama,3 wk ahead,percent,3.51184736159356e-11,Bin,12.5,12.6
Alabama,3 wk ahead,percent,3.51184736159356e-11,Bin,12.6,12.7
Alabama,3 wk ahead,percent,3.51184736159356e-11,Bin,12.7,12.8
Alabama,3 wk ahead,percent,3.51184736159356e-11,Bin,12.8,12.9
Alabama,3 wk ahead,percent,3.51184736159356e-11,Bin,12.9,13.0
Alabama,3 wk ahead,percent,3.51184736159356e-11,Bin,13.0,100.0
Alabama,4 wk ahead,percent,4.96793227576784e-10,Bin,0.0,0.1
Alabama,4 wk ahead,percent,1.19134469647774e-09,Bin,0.1,0.2
Alabama,4 wk ahead,percent,0.00200000107271551,Bin,0.2,0.3
Alabama,4 wk ahead,percent,0.00600000058011442,Bin,0.3,0.4
Alabama,4 wk ahead,percent,0.0139999992935288,Bin,0.4,0.5
Alabama,4 wk ahead,percent,0.0120000001483447,Bin,0.5,0.6
Alabama,4 wk ahead,percent,0.0359999955873973,Bin,0.6,0.7
Alabama,4 wk ahead,percent,0.0439999944171271,Bin,0.7,0.8
Alabama,4 wk ahead,percent,0.0919999848801797,Bin,0.8,0.9
Alabama,4 wk ahead,percent,0.0859999866894166,Bin,0.9,1.0
Alabama,4 wk ahead,percent,0.0879999868248662,Bin,1.0,1.1
Alabama,4 wk ahead,percent,0.0999999848539602,Bin,1.1,1.2
Alabama,4 wk ahead,percent,0.0759999904142241,Bin,1.2,1.3
Alabama,4 wk ahead,percent,0.0919999875454414,Bin,1.3,1.4
Alabama,4 wk ahead,percent,0.0839999896617467,Bin,1.4,1.5
Alabama,4 wk ahead,percent,0.0579999954912752,Bin,1.5,1.6
Alabama,4 wk ahead,percent,0.0519999970499088,Bin,1.6,1.7
Alabama,4 wk ahead,percent,0.0360000006231904,Bin,1.7,1.8
Alabama,4 wk ahead,percent,0.0200000041068305,Bin,1.8,1.9
Alabama,4 wk ahead,percent,0.0140000053994758,Bin,1.9,2.0
Alabama,4 wk ahead,percent,0.0220000036617946,Bin,2.0,2.1
Alabama,4 wk ahead,percent,0.0100000060304009,Bin,2.1,2.2
Alabama,4 wk ahead,percent,0.0120000053775155,Bin,2.2,2.3
Alabama,4 wk ahead,percent,0.00800000590809914,Bin,2.3,2.4
Alabama,4 wk ahead,percent,0.0040000063744658,Bin,2.4,2.5
Alabama,4 wk ahead,percent,0.00800000511144684,Bin,2.5,2.6
Alabama,4 wk ahead,percent,0.00200000591074432,Bin,2.6,2.7
Alabama,4 wk ahead,percent,0.00200000543133411,Bin,2.7,2.8
Alabama,4 wk ahead,percent,0.00400000452857091,Bin,2.8,2.9
Alabama,4 wk ahead,percent,0.00200000447653868,Bin,2.9,3.0
Alabama,4 wk ahead,percent,0.00200000402958835,Bin,3.0,3.1
Alabama,4 wk ahead,percent,4.03729272894053e-09,Bin,3.1,3.2
Alabama,4 wk ahead,percent,0.00200000324740397,Bin,3.2,3.3
Alabama,4 wk ahead,percent,0.00200000292138657,Bin,3.3,3.4
Alabama,4 wk ahead,percent,3.05781816183083e-09,Bin,3.4,3.5
Alabama,4 wk ahead,percent,2.81256465198161e-09,Bin,3.5,3.6
Alabama,4 wk ahead,percent,2.59781062012535e-09,Bin,3.6,3.7
Alabama,4 wk ahead,percent,2.40477720591241e-09,Bin,3.7,3.8
Alabama,4 wk ahead,percent,2.22464865142218e-09,Bin,3.8,3.9
Alabama,4 wk ahead,percent,2.04974493889623e-09,Bin,3.9,4.0
Alabama,4 wk ahead,percent,1.8744332547783e-09,Bin,4.0,4.1
Alabama,4 wk ahead,percent,1.69563800214189e-09,Bin,4.1,4.2
Alabama,4 wk ahead,percent,1.51291417767244e-09,Bin,4.2,4.3
Alabama,4 wk ahead,percent,1.32812160603635e-09,Bin,4.3,4.4
Alabama,4 wk ahead,percent,1.14479384323041e-09,Bin,4.4,4.5
Alabama,4 wk ahead,percent,9.67357893061766e-10,Bin,4.5,4.6
Alabama,4 wk ahead,percent,8.00343495161389e-10,Bin,4.6,4.7
Alabama,4 wk ahead,percent,0.00200000022807747,Bin,4.7,4.8
Alabama,4 wk ahead,percent,0.00200000009273365,Bin,4.8,4.9
Alabama,4 wk ahead,percent,3.95941187575091e-10,Bin,4.9,5.0
Alabama,4 wk ahead,percent,0.00199999987915662,Bin,5.0,5.1
Alabama,4 wk ahead,percent,2.20105322060792e-10,Bin,5.1,5.2
Alabama,4 wk ahead,percent,1.58253038771316e-10,Bin,5.2,5.3
Alabama,4 wk ahead,percent,1.11027502004649e-10,Bin,5.3,5.4
Alabama,4 wk ahead,percent,7.59997423992241e-11,Bin,5.4,5.5
Alabama,4 wk ahead,percent,5.07519123557004e-11,Bin,5.5,5.6
Alabama,4 wk ahead,percent,3.30621320337614e-11,Bin,5.6,5.7
Alabama,4 wk ahead,percent,2.11432537879074e-11,Bin,5.7,5.8
Alabama,4 wk ahead,percent,1.79170700743214e-11,Bin,5.8,5.9
Alabama,4 wk ahead,percent,1.79170700743214e-11,Bin,5.9,6.0
Alabama,4 wk ahead,percent,0.00199999959828855,Bin,6.0,6.1
Alabama,4 wk ahead,percent,1.79170700743214e-11,Bin,6.1,6.2
Alabama,4 wk ahead,percent,1.79170700743214e-11,Bin,6.2,6.3
Alabama,4 wk ahead,percent,1.79170700743214e-11,Bin,6.3,6.4
Alabama,4 wk ahead,percent,1.79170700743214e-11,Bin,6.4,6.5
Alabama,4 wk ahead,percent,1.79170700743214e-11,Bin,6.5,6.6
Alabama,4 wk ahead,percent,1.79170700743214e-11,Bin,6.6,6.7
Alabama,4 wk ahead,percent,1.79170700743214e-11,Bin,6.7,6.8
Alabama,4 wk ahead,percent,1.79170700743214e-11,Bin,6.8,6.9
Alabama,4 wk ahead,percent,1.79170700743214e-11,Bin,6.9,7.0
Alabama,4 wk ahead,percent,1.79170700743214e-11,Bin,7.0,7.1
Alabama,4 wk ahead,percent,1.79170700743214e-11,Bin,7.1,7.2
Alabama,4 wk ahead,percent,1.79170700743214e-11,Bin,7.2,7.3
Alabama,4 wk ahead,percent,1.79170700743214e-11,Bin,7.3,7.4
Alabama,4 wk ahead,percent,1.79170700743214e-11,Bin,7.4,7.5
Alabama,4 wk ahead,percent,1.79170700743214e-11,Bin,7.5,7.6
Alabama,4 wk ahead,percent,1.79170700743214e-11,Bin,7.6,7.7
Alabama,4 wk ahead,percent,1.79170700743214e-11,Bin,7.7,7.8
Alabama,4 wk ahead,percent,1.79170700743214e-11,Bin,7.8,7.9
Alabama,4 wk ahead,percent,1.79170700743214e-11,Bin,7.9,8.0
Alabama,4 wk ahead,percent,1.79170700743216e-11,Bin,8.0,8.1
Alabama,4 wk ahead,percent,1.79170700743217e-11,Bin,8.1,8.2
Alabama,4 wk ahead,percent,1.79170700743217e-11,Bin,8.2,8.3
Alabama,4 wk ahead,percent,1.79170700743217e-11,Bin,8.3,8.4
Alabama,4 wk ahead,percent,1.79170700743217e-11,Bin,8.4,8.5
Alabama,4 wk ahead,percent,1.79170700743217e-11,Bin,8.5,8.6
Alabama,4 wk ahead,percent,1.79170700743217e-11,Bin,8.6,8.7
Alabama,4 wk ahead,percent,1.79170700743217e-11,Bin,8.7,8.8
Alabama,4 wk ahead,percent,1.79170700743217e-11,Bin,8.8,8.9
Alabama,4 wk ahead,percent,1.79170700743217e-11,Bin,8.9,9.0
Alabama,4 wk ahead,percent,1.79170700743217e-11,Bin,9.0,9.1
Alabama,4 wk ahead,percent,1.79170700743217e-11,Bin,9.1,9.2
Alabama,4 wk ahead,percent,1.79170700743217e-11,Bin,9.2,9.3
Alabama,4 wk ahead,percent,1.79170700743217e-11,Bin,9.3,9.4
Alabama,4 wk ahead,percent,1.79170700743217e-11,Bin,9.4,9.5
Alabama,4 wk ahead,percent,1.79170700743217e-11,Bin,9.5,9.6
Alabama,4 wk ahead,percent,1.79170700743217e-11,Bin,9.6,9.7
Alabama,4 wk ahead,percent,1.79170700743217e-11,Bin,9.7,9.8
Alabama,4 wk ahead,percent,1.79170700743217e-11,Bin,9.8,9.9
Alabama,4 wk ahead,percent,1.79170700743217e-11,Bin,9.9,10.0
Alabama,4 wk ahead,percent,1.79170700743217e-11,Bin,10.0,10.1
Alabama,4 wk ahead,percent,1.79170700743217e-11,Bin,10.1,10.2
Alabama,4 wk ahead,percent,1.79170700743217e-11,Bin,10.2,10.3
Alabama,4 wk ahead,percent,1.79170700743217e-11,Bin,10.3,10.4
Alabama,4 wk ahead,percent,1.79170700743217e-11,Bin,10.4,10.5
Alabama,4 wk ahead,percent,1.79170700743217e-11,Bin,10.5,10.6
Alabama,4 wk ahead,percent,1.79170700743217e-11,Bin,10.6,10.7
Alabama,4 wk ahead,percent,1.79170700743217e-11,Bin,10.7,10.8
Alabama,4 wk ahead,percent,1.79170700743217e-11,Bin,10.8,10.9
Alabama,4 wk ahead,percent,1.79170700743217e-11,Bin,10.9,11.0
Alabama,4 wk ahead,percent,1.79170700743217e-11,Bin,11.0,11.1
Alabama,4 wk ahead,percent,1.79170700743217e-11,Bin,11.1,11.2
Alabama,4 wk ahead,percent,1.79170700743217e-11,Bin,11.2,11.3
Alabama,4 wk ahead,percent,1.79170700743217e-11,Bin,11.3,11.4
Alabama,4 wk ahead,percent,1.79170700743217e-11,Bin,11.4,11.5
Alabama,4 wk ahead,percent,1.79170700743217e-11,Bin,11.5,11.6
Alabama,4 wk ahead,percent,1.79170700743217e-11,Bin,11.6,11.7
Alabama,4 wk ahead,percent,1.79170700743217e-11,Bin,11.7,11.8
Alabama,4 wk ahead,percent,1.79170700743217e-11,Bin,11.8,11.9
Alabama,4 wk ahead,percent,1.79170700743217e-11,Bin,11.9,12.0
Alabama,4 wk ahead,percent,1.79170700743217e-11,Bin,12.0,12.1
Alabama,4 wk ahead,percent,1.79170700743217e-11,Bin,12.1,12.2
Alabama,4 wk ahead,percent,1.79170700743217e-11,Bin,12.2,12.3
Alabama,4 wk ahead,percent,1.79170700743217e-11,Bin,12.3,12.4
Alabama,4 wk ahead,percent,1.79170700743217e-11,Bin,12.4,12.5
Alabama,4 wk ahead,percent,1.79170700743217e-11,Bin,12.5,12.6
Alabama,4 wk ahead,percent,1.79170700743217e-11,Bin,12.6,12.7
Alabama,4 wk ahead,percent,1.79170700743217e-11,Bin,12.7,12.8
Alabama,4 wk ahead,percent,1.79170700743217e-11,Bin,12.8,12.9
Alabama,4 wk ahead,percent,1.79170700743217e-11,Bin,12.9,13.0
Alabama,4 wk ahead,percent,1.79170700743217e-11,Bin,13.0,100.0
Alabama,Season peak percentage,percent,5.74184191756889e-14,Bin,0.0,0.1
Alabama,Season peak percentage,percent,1.14836838351378e-13,Bin,0.1,0.2
Alabama,Season peak percentage,percent,1.14836838351378e-13,Bin,0.2,0.3
Alabama,Season peak percentage,percent,1.14836838351378e-13,Bin,0.3,0.4
Alabama,Season peak percentage,percent,1.14836838351378e-13,Bin,0.4,0.5
Alabama,Season peak percentage,percent,1.14836838351378e-13,Bin,0.5,0.6
Alabama,Season peak percentage,percent,1.14836838351378e-13,Bin,0.6,0.7
Alabama,Season peak percentage,percent,1.14836838351378e-13,Bin,0.7,0.8
Alabama,Season peak percentage,percent,1.14836838351378e-13,Bin,0.8,0.9
Alabama,Season peak percentage,percent,1.14836838351378e-13,Bin,0.9,1.0
Alabama,Season peak percentage,percent,1.14836838351378e-13,Bin,1.0,1.1
Alabama,Season peak percentage,percent,1.14836838351378e-13,Bin,1.1,1.2
Alabama,Season peak percentage,percent,1.14836838351378e-13,Bin,1.2,1.3
Alabama,Season peak percentage,percent,1.14836838351378e-13,Bin,1.3,1.4
Alabama,Season peak percentage,percent,1.14836838351378e-13,Bin,1.4,1.5
Alabama,Season peak percentage,percent,1.14836838351378e-13,Bin,1.5,1.6
Alabama,Season peak percentage,percent,1.14836838351378e-13,Bin,1.6,1.7
Alabama,Season peak percentage,percent,1.14836838351378e-13,Bin,1.7,1.8
Alabama,Season peak percentage,percent,1.14836838351378e-13,Bin,1.8,1.9
Alabama,Season peak percentage,percent,1.14836838351378e-13,Bin,1.9,2.0
Alabama,Season peak percentage,percent,1.14836838351378e-13,Bin,2.0,2.1
Alabama,Season peak percentage,percent,1.14836838351377e-13,Bin,2.1,2.2
Alabama,Season peak percentage,percent,1.14836838351377e-13,Bin,2.2,2.3
Alabama,Season peak percentage,percent,1.14836838351377e-13,Bin,2.3,2.4
Alabama,Season peak percentage,percent,1.14836838351377e-13,Bin,2.4,2.5
Alabama,Season peak percentage,percent,1.14836838351377e-13,Bin,2.5,2.6
Alabama,Season peak percentage,percent,1.14836838351377e-13,Bin,2.6,2.7
Alabama,Season peak percentage,percent,1.14836838351377e-13,Bin,2.7,2.8
Alabama,Season peak percentage,percent,1.14836838351377e-13,Bin,2.8,2.9
Alabama,Season peak percentage,percent,1.14836838351377e-13,Bin,2.9,3.0
Alabama,Season peak percentage,percent,1.14836838351377e-13,Bin,3.0,3.1
Alabama,Season peak percentage,percent,1.14836838351377e-13,Bin,3.1,3.2
Alabama,Season peak percentage,percent,1.14836838351377e-13,Bin,3.2,3.3
Alabama,Season peak percentage,percent,1.14836838351377e-13,Bin,3.3,3.4
Alabama,Season peak percentage,percent,1.14836838351377e-13,Bin,3.4,3.5
Alabama,Season peak percentage,percent,1.14836838351377e-13,Bin,3.5,3.6
Alabama,Season peak percentage,percent,1.14836838351377e-13,Bin,3.6,3.7
Alabama,Season peak percentage,percent,1.14836838351377e-13,Bin,3.7,3.8
Alabama,Season peak percentage,percent,1.14836838351377e-13,Bin,3.8,3.9
Alabama,Season peak percentage,percent,1.14836838351377e-13,Bin,3.9,4.0
Alabama,Season peak percentage,percent,1.14836838351377e-13,Bin,4.0,4.1
Alabama,Season peak percentage,percent,1.15225200761339e-13,Bin,4.1,4.2
Alabama,Season peak percentage,percent,1.45792598382556e-13,Bin,4.2,4.3
Alabama,Season peak percentage,percent,2.08536386492832e-13,Bin,4.3,4.4
Alabama,Season peak percentage,percent,2.9397209227601e-13,Bin,4.4,4.5
Alabama,Season peak percentage,percent,4.0871674000603e-13,Bin,4.5,4.6
Alabama,Season peak percentage,percent,5.60206281416321e-13,Bin,4.6,4.7
Alabama,Season peak percentage,percent,7.57061510613989e-13,Bin,4.7,4.8
Alabama,Season peak percentage,percent,1.00904177014157e-12,Bin,4.8,4.9
Alabama,Season peak percentage,percent,1.32632940260694e-12,Bin,4.9,5.0
Alabama,Season peak percentage,percent,1.71938831875326e-12,Bin,5.0,5.1
Alabama,Season peak percentage,percent,2.19874594798881e-12,Bin,5.1,5.2
Alabama,Season peak percentage,percent,2.77385983581665e-12,Bin,5.2,5.3
Alabama,Season peak percentage,percent,3.45247396222103e-12,Bin,5.3,5.4
Alabama,Season peak percentage,percent,4.24070373390329e-12,Bin,5.4,5.5
Alabama,Season peak percentage,percent,5.14060315048264e-12,Bin,5.5,5.6
Alabama,Season peak percentage,percent,6.15106307676183e-12,Bin,5.6,5.7
Alabama,Season peak percentage,percent,7.26676629000555e-12,Bin,5.7,5.8
Alabama,Season peak percentage,percent,8.47701660225658e-12,Bin,5.8,5.9
Alabama,Season peak percentage,percent,9.76719659175199e-12,Bin,5.9,6.0
Alabama,Season peak percentage,percent,1.11174837981838e-11,Bin,6.0,6.1
Alabama,Season peak percentage,percent,1.25040693666856e-11,Bin,6.1,6.2
Alabama,Season peak percentage,percent,1.3899833899838e-11,Bin,6.2,6.3
Alabama,Season peak percentage,percent,1.52749947698125e-11,Bin,6.3,6.4
Alabama,Season peak percentage,percent,1.65988543588464e-11,Bin,6.4,6.5
Alabama,Season peak percentage,percent,1.78398982975782e-11,Bin,6.5,6.6
Alabama,Season peak percentage,percent,1.8968324285274e-11,Bin,6.6,6.7
Alabama,Season peak percentage,percent,1.99563128440024e-11,Bin,6.7,6.8
Alabama,Season peak percentage,percent,2.0779161632755e-11,Bin,6.8,6.9
Alabama,Season peak percentage,percent,2.14157678236208e-11,Bin,6.9,7.0
Alabama,Season peak percentage,percent,2.18510849879291e-11,Bin,7.0,7.1
Alabama,Season peak percentage,percent,2.20738517807626e-11,Bin,7.1,7.2
Alabama,Season peak percentage,percent,2.20786541208359e-11,Bin,7.2,7.3
Alabama,Season peak percentage,percent,2.18667136249963e-11,Bin,7.3,7.4
Alabama,Season peak percentage,percent,2.14424586534186e-11,Bin,7.4,7.5
Alabama,Season peak percentage,percent,2.08181098115015e-11,Bin,7.5,7.6
Alabama,Season peak percentage,percent,2.00093619289119e-11,Bin,7.6,7.7
Alabama,Season peak percentage,percent,1.90368149629581e-11,Bin,7.7,7.8
Alabama,Season peak percentage,percent,1.79247259353545e-11,Bin,7.8,7.9
Alabama,Season peak percentage,percent,1.67007007073335e-11,Bin,7.9,8.0
Alabama,Season peak percentage,percent,1.53936109198446e-11,Bin,8.0,8.1
Alabama,Season peak percentage,percent,1.40341201213e-11,Bin,8.1,8.2
Alabama,Season peak percentage,percent,1.26522390303874e-11,Bin,8.2,8.3
Alabama,Season peak percentage,percent,1.12768615055907e-11,Bin,8.3,8.4
Alabama,Season peak percentage,percent,9.93457903629705e-12,Bin,8.4,8.5
Alabama,Season peak percentage,percent,8.64881222308919e-12,Bin,8.5,8.6
Alabama,Season peak percentage,percent,7.43908049320662e-12,Bin,8.6,8.7
Alabama,Season peak percentage,percent,6.32064605504839e-12,Bin,8.7,8.8
Alabama,Season peak percentage,percent,5.30388480633831e-12,Bin,8.8,8.9
Alabama,Season peak percentage,percent,4.39557212541437e-12,Bin,8.9,9.0
Alabama,Season peak percentage,percent,3.59715878115755e-12,Bin,9.0,9.1
Alabama,Season peak percentage,percent,2.90740131975494e-12,Bin,9.1,9.2
Alabama,Season peak percentage,percent,2.3218963198936e-12,Bin,9.2,9.3
Alabama,Season peak percentage,percent,1.83351790218321e-12,Bin,9.3,9.4
Alabama,Season peak percentage,percent,1.43459352658141e-12,Bin,9.4,9.5
Alabama,Season peak percentage,percent,1.1160371853497e-12,Bin,9.5,9.6
Alabama,Season peak percentage,percent,8.69030137671686e-13,Bin,9.6,9.7
Alabama,Season peak percentage,percent,6.85207168118934e-13,Bin,9.7,9.8
Alabama,Season peak percentage,percent,5.57676920167141e-13,Bin,9.8,9.9
Alabama,Season peak percentage,percent,4.80120145254769e-13,Bin,9.9,10.0
Alabama,Season peak percentage,percent,4.48707992838284e-13,Bin,10.0,10.1
Alabama,Season peak percentage,percent,4.60583390320748e-13,Bin,10.1,10.2
Alabama,Season peak percentage,percent,5.14922721705395e-13,Bin,10.2,10.3
Alabama,Season peak percentage,percent,6.12378975455746e-13,Bin,10.3,10.4
Alabama,Season peak percentage,percent,7.55107835127399e-13,Bin,10.4,10.5
Alabama,Season peak percentage,percent,9.46026646699725e-13,Bin,10.5,10.6
Alabama,Season peak percentage,percent,1.18928289319905e-12,Bin,10.6,10.7
Alabama,Season peak percentage,percent,1.48919496744734e-12,Bin,10.7,10.8
Alabama,Season peak percentage,percent,1.8499636914977e-12,Bin,10.8,10.9
Alabama,Season peak percentage,percent,2.27591513742495e-12,Bin,10.9,11.0
Alabama,Season peak percentage,percent,2.76982740041713e-12,Bin,11.0,11.1
Alabama,Season peak percentage,percent,3.33372416744346e-12,Bin,11.1,11.2
Alabama,Season peak percentage,percent,3.96772700744021e-12,Bin,11.2,11.3
Alabama,Season peak percentage,percent,4.67003403704603e-12,Bin,11.3,11.4
Alabama,Season peak percentage,percent,5.43634356747106e-12,Bin,11.4,11.5
Alabama,Season peak percentage,percent,6.26022868326618e-12,Bin,11.5,11.6
Alabama,Season peak percentage,percent,7.13203106881954e-12,Bin,11.6,11.7
Alabama,Season peak percentage,percent,8.03970231834624e-12,Bin,11.7,11.8
Alabama,Season peak percentage,percent,8.96853471548596e-12,Bin,11.8,11.9
Alabama,Season peak percentage,percent,9.90111160009153e-12,Bin,11.9,12.0
Alabama,Season peak percentage,percent,1.08179956118657e-11,Bin,12.0,12.1
Alabama,Season peak percentage,percent,1.16979283586668e-11,Bin,12.1,12.2
Alabama,Season peak percentage,percent,1.25185342826406e-11,Bin,12.2,12.3
Alabama,Season peak percentage,percent,1.32572761779396e-11,Bin,12.3,12.4
Alabama,Season peak percentage,percent,1.38913744127156e-11,Bin,12.4,12.5
Alabama,Season peak percentage,percent,1.44008757932163e-11,Bin,12.5,12.6
Alabama,Season peak percentage,percent,1.47671095566073e-11,Bin,12.6,12.7
Alabama,Season peak percentage,percent,1.49756247669417e-11,Bin,12.7,12.8
Alabama,Season peak percentage,percent,1.50169104065237e-11,Bin,12.8,12.9
Alabama,Season peak percentage,percent,1.48856255314703e-11,Bin,12.9,13.0
Alabama,Season peak percentage,percent,0.999999999248727,Bin,13.0,100.0
Alabama,Season peak week,week,6.98245824929757e-05,Bin,40.0,41.0
Alabama,Season peak week,week,6.98245824929757e-05,Bin,41.0,42.0
Alabama,Season peak week,week,6.98245824929757e-05,Bin,42.0,43.0
Alabama,Season peak week,week,6.98245824929757e-05,Bin,43.0,44.0
Alabama,Season peak week,week,6.98245824929757e-05,Bin,44.0,45.0
Alabama,Season peak week,week,6.98245824929757e-05,Bin,45.0,46.0
Alabama,Season peak week,week,6.98245824929757e-05,Bin,46.0,47.0
Alabama,Season peak week,week,8.22041521166128e-05,Bin,47.0,48.0
Alabama,Season peak week,week,0.000333883485211892,Bin,48.0,49.0
Alabama,Season peak week,week,0.0011921222167283,Bin,49.0,50.0
Alabama,Season peak week,week,0.00295966906187749,Bin,50.0,51.0
Alabama,Season peak week,week,0.00512101365037729,Bin,51.0,52.0
Alabama,Season peak week,week,0.00622913061877575,Bin,52.0,53.0
Alabama,Season peak week,week,0.00552088136644418,Bin,1.0,2.0
Alabama,Season peak week,week,0.00407511978001575,Bin,2.0,3.0
Alabama,Season peak week,week,0.94345522094711,Bin,3.0,4.0
Alabama,Season peak week,week,0.00375811741010761,Bin,4.0,5.0
Alabama,Season peak week,week,0.00447186120257585,Bin,5.0,6.0
Alabama,Season peak week,week,0.00484374422726004,Bin,6.0,7.0
Alabama,Season peak week,week,0.00453333862172653,Bin,7.0,8.0
Alabama,Season peak week,week,0.00378207045754101,Bin,8.0,9.0
Alabama,Season peak week,week,0.00310411471284815,Bin,9.0,10.0
Alabama,Season peak week,week,0.00254969867777878,Bin,10.0,11.0
Alabama,Season peak week,week,0.00183291048690882,Bin,11.0,12.0
Alabama,Season peak week,week,0.00101017291551925,Bin,12.0,13.0
Alabama,Season peak week,week,0.000400482733607391,Bin,13.0,14.0
Alabama,Season peak week,week,0.000111580636937997,Bin,14.0,15.0
Alabama,Season peak week,week,2.74257244837536e-05,Bin,15.0,16.0
Alabama,Season peak week,week,2.32929673193469e-05,Bin,16.0,17.0
Alabama,Season peak week,week,2.32929673193469e-05,Bin,17.0,18.0
Alabama,Season peak week,week,2.32929673193469e-05,Bin,18.0,19.0
Alabama,Season peak week,week,2.32929673193469e-05,Bin,19.0,20.0
Alabama,Season peak week,week,2.32929673193469e-05,Bin,20.0,21.0
Alaska,1 wk ahead,percent,8.83796351771884e-10,Bin,0.0,0.1
Alaska,1 wk ahead,percent,1.96051339386284e-09,Bin,0.1,0.2
Alaska,1 wk ahead,percent,2.20691314428088e-09,Bin,0.2,0.3
Alaska,1 wk ahead,percent,2.42886526268715e-09,Bin,0.3,0.4
Alaska,1 wk ahead,percent,2.6136405626215e-09,Bin,0.4,0.5
Alaska,1 wk ahead,percent,2.75040523205244e-09,Bin,0.5,0.6
Alaska,1 wk ahead,percent,0.00200000269409963,Bin,0.6,0.7
Alaska,1 wk ahead,percent,2.85546311572723e-09,Bin,0.7,0.8
Alaska,1 wk ahead,percent,2.82458454845610e-09,Bin,0.8,0.9
Alaska,1 wk ahead,percent,2.74825670305342e-09,Bin,0.9,1.0
Alaska,1 wk ahead,percent,2.64019999879351e-09,Bin,1.0,1.1
Alaska,1 wk ahead,percent,0.00800000196602091,Bin,1.1,1.2
Alaska,1 wk ahead,percent,0.00400000211994004,Bin,1.2,1.3
Alaska,1 wk ahead,percent,0.00200000215213276,Bin,1.3,1.4
Alaska,1 wk ahead,percent,0.0040000019345441,Bin,1.4,1.5
Alaska,1 wk ahead,percent,0.0100000014708156,Bin,1.5,1.6
Alaska,1 wk ahead,percent,0.00200000199814732,Bin,1.6,1.7
Alaska,1 wk ahead,percent,0.00600000171819392,Bin,1.7,1.8
Alaska,1 wk ahead,percent,0.00400000185973659,Bin,1.8,1.9
Alaska,1 wk ahead,percent,0.00400000185999983,Bin,1.9,2.0
Alaska,1 wk ahead,percent,0.0200000007442647,Bin,2.0,2.1
Alaska,1 wk ahead,percent,2.08626650777543e-09,Bin,2.1,2.2
Alaska,1 wk ahead,percent,0.0200000006478157,Bin,2.2,2.3
Alaska,1 wk ahead,percent,0.0140000009740919,Bin,2.3,2.4
Alaska,1 wk ahead,percent,0.0140000008637097,Bin,2.4,2.5
Alaska,1 wk ahead,percent,0.0100000010096358,Bin,2.5,2.6
Alaska,1 wk ahead,percent,0.00400000127916245,Bin,2.6,2.7
Alaska,1 wk ahead,percent,0.0259999996111552,Bin,2.7,2.8
Alaska,1 wk ahead,percent,0.0239999995915163,Bin,2.8,2.9
Alaska,1 wk ahead,percent,0.0100000003978747,Bin,2.9,3.0
Alaska,1 wk ahead,percent,0.0179999996922614,Bin,3.0,3.1
Alaska,1 wk ahead,percent,0.0199999994064375,Bin,3.1,3.2
Alaska,1 wk ahead,percent,0.0219999991302376,Bin,3.2,3.3
Alaska,1 wk ahead,percent,0.00799999996827433,Bin,3.3,3.4
Alaska,1 wk ahead,percent,0.021999998892298,Bin,3.4,3.5
Alaska,1 wk ahead,percent,0.0119999994849306,Bin,3.5,3.6
Alaska,1 wk ahead,percent,0.0239999985784883,Bin,3.6,3.7
Alaska,1 wk ahead,percent,0.0299999981008823,Bin,3.7,3.8
Alaska,1 wk ahead,percent,0.0299999980508314,Bin,3.8,3.9
Alaska,1 wk ahead,percent,0.00399999980393583,Bin,3.9,4.0
Alaska,1 wk ahead,percent,0.0299999979860991,Bin,4.0,4.1
Alaska,1 wk ahead,percent,0.0239999983803602,Bin,4.1,4.2
Alaska,1 wk ahead,percent,0.00999999933179864,Bin,4.2,4.3
Alaska,1 wk ahead,percent,0.0359999975328622,Bin,4.3,4.4
Alaska,1 wk ahead,percent,0.0219999984931895,Bin,4.4,4.5
Alaska,1 wk ahead,percent,0.0119999991818106,Bin,4.5,4.6
Alaska,1 wk ahead,percent,0.0119999991818106,Bin,4.6,4.7
Alaska,1 wk ahead,percent,0.0159999989063246,Bin,4.7,4.8
Alaska,1 wk ahead,percent,0.0239999983553526,Bin,4.8,4.9
Alaska,1 wk ahead,percent,0.0159999989063246,Bin,4.9,5.0
Alaska,1 wk ahead,percent,0.0319999978043806,Bin,5.0,5.1
Alaska,1 wk ahead,percent,0.0199999986308386,Bin,5.1,5.2
Alaska,1 wk ahead,percent,0.0119999991818106,Bin,5.2,5.3
Alaska,1 wk ahead,percent,0.00799999945729662,Bin,5.3,5.4
Alaska,1 wk ahead,percent,0.00999999931955362,Bin,5.4,5.5
Alaska,1 wk ahead,percent,0.0219999984930956,Bin,5.5,5.6
Alaska,1 wk ahead,percent,0.00999999931955362,Bin,5.6,5.7
Alaska,1 wk ahead,percent,0.0299999979421236,Bin,5.7,5.8
Alaska,1 wk ahead,percent,0.00599999959503962,Bin,5.8,5.9
Alaska,1 wk ahead,percent,0.0179999987685816,Bin,5.9,6.0
Alaska,1 wk ahead,percent,0.00599999959503962,Bin,6.0,6.1
Alaska,1 wk ahead,percent,0.00999999931955362,Bin,6.1,6.2
Alaska,1 wk ahead,percent,0.00599999959503962,Bin,6.2,6.3
Alaska,1 wk ahead,percent,0.00599999959503962,Bin,6.3,6.4
Alaska,1 wk ahead,percent,0.00999999931955362,Bin,6.4,6.5
Alaska,1 wk ahead,percent,0.00399999973278262,Bin,6.5,6.6
Alaska,1 wk ahead,percent,0.0299999979421236,Bin,6.6,6.7
Alaska,1 wk ahead,percent,8.26861903623783e-12,Bin,6.7,6.8
Alaska,1 wk ahead,percent,8.26861903623783e-12,Bin,6.8,6.9
Alaska,1 wk ahead,percent,0.00399999973278262,Bin,6.9,7.0
Alaska,1 wk ahead,percent,0.00999999931955362,Bin,7.0,7.1
Alaska,1 wk ahead,percent,0.0159999989063246,Bin,7.1,7.2
Alaska,1 wk ahead,percent,0.00199999987052562,Bin,7.2,7.3
Alaska,1 wk ahead,percent,8.26861903623783e-12,Bin,7.3,7.4
Alaska,1 wk ahead,percent,8.26861903623783e-12,Bin,7.4,7.5
Alaska,1 wk ahead,percent,0.0139999990440676,Bin,7.5,7.6
Alaska,1 wk ahead,percent,8.26861903623783e-12,Bin,7.6,7.7
Alaska,1 wk ahead,percent,0.0119999991818106,Bin,7.7,7.8
Alaska,1 wk ahead,percent,0.00399999973278262,Bin,7.8,7.9
Alaska,1 wk ahead,percent,0.00799999945729662,Bin,7.9,8.0
Alaska,1 wk ahead,percent,8.2686190362379e-12,Bin,8.0,8.1
Alaska,1 wk ahead,percent,0.00399999973278262,Bin,8.1,8.2
Alaska,1 wk ahead,percent,0.00799999945729662,Bin,8.2,8.3
Alaska,1 wk ahead,percent,8.26861903623798e-12,Bin,8.3,8.4
Alaska,1 wk ahead,percent,8.26861903623798e-12,Bin,8.4,8.5
Alaska,1 wk ahead,percent,0.00199999987052562,Bin,8.5,8.6
Alaska,1 wk ahead,percent,0.00399999973278262,Bin,8.6,8.7
Alaska,1 wk ahead,percent,0.00399999973278262,Bin,8.7,8.8
Alaska,1 wk ahead,percent,8.26861903623798e-12,Bin,8.8,8.9
Alaska,1 wk ahead,percent,0.00399999973278262,Bin,8.9,9.0
Alaska,1 wk ahead,percent,8.26861903623798e-12,Bin,9.0,9.1
Alaska,1 wk ahead,percent,8.26861903623798e-12,Bin,9.1,9.2
Alaska,1 wk ahead,percent,8.26861903623798e-12,Bin,9.2,9.3
Alaska,1 wk ahead,percent,8.26861903623798e-12,Bin,9.3,9.4
Alaska,1 wk ahead,percent,8.26861903623798e-12,Bin,9.4,9.5
Alaska,1 wk ahead,percent,8.26861903623798e-12,Bin,9.5,9.6
Alaska,1 wk ahead,percent,0.00399999973278262,Bin,9.6,9.7
Alaska,1 wk ahead,percent,8.26861903623798e-12,Bin,9.7,9.8
Alaska,1 wk ahead,percent,0.00399999973278262,Bin,9.8,9.9
Alaska,1 wk ahead,percent,0.00199999987052562,Bin,9.9,10.0
Alaska,1 wk ahead,percent,8.26861903623798e-12,Bin,10.0,10.1
Alaska,1 wk ahead,percent,8.26861903623798e-12,Bin,10.1,10.2
Alaska,1 wk ahead,percent,0.00799999945729662,Bin,10.2,10.3
Alaska,1 wk ahead,percent,8.26861903623798e-12,Bin,10.3,10.4
Alaska,1 wk ahead,percent,8.26861903623798e-12,Bin,10.4,10.5
Alaska,1 wk ahead,percent,8.26861903623798e-12,Bin,10.5,10.6
Alaska,1 wk ahead,percent,8.26861903623798e-12,Bin,10.6,10.7
Alaska,1 wk ahead,percent,0.00599999959503962,Bin,10.7,10.8
Alaska,1 wk ahead,percent,8.26861903623798e-12,Bin,10.8,10.9
Alaska,1 wk ahead,percent,8.26861903623798e-12,Bin,10.9,11.0
Alaska,1 wk ahead,percent,0.00199999987052562,Bin,11.0,11.1
Alaska,1 wk ahead,percent,8.26861903623798e-12,Bin,11.1,11.2
Alaska,1 wk ahead,percent,8.26861903623798e-12,Bin,11.2,11.3
Alaska,1 wk ahead,percent,8.26861903623798e-12,Bin,11.3,11.4
Alaska,1 wk ahead,percent,8.26861903623798e-12,Bin,11.4,11.5
Alaska,1 wk ahead,percent,0.00599999959503962,Bin,11.5,11.6
Alaska,1 wk ahead,percent,8.26861903623798e-12,Bin,11.6,11.7
Alaska,1 wk ahead,percent,8.26861903623798e-12,Bin,11.7,11.8
Alaska,1 wk ahead,percent,0.00399999973278262,Bin,11.8,11.9
Alaska,1 wk ahead,percent,8.26861903623798e-12,Bin,11.9,12.0
Alaska,1 wk ahead,percent,8.26861903623798e-12,Bin,12.0,12.1
Alaska,1 wk ahead,percent,8.26861903623798e-12,Bin,12.1,12.2
Alaska,1 wk ahead,percent,8.26861903623798e-12,Bin,12.2,12.3
Alaska,1 wk ahead,percent,8.26861903623798e-12,Bin,12.3,12.4
Alaska,1 wk ahead,percent,8.26861903623798e-12,Bin,12.4,12.5
Alaska,1 wk ahead,percent,0.00199999987052562,Bin,12.5,12.6
Alaska,1 wk ahead,percent,8.26861903623798e-12,Bin,12.6,12.7
Alaska,1 wk ahead,percent,8.26861903623798e-12,Bin,12.7,12.8
Alaska,1 wk ahead,percent,0.00399999973278262,Bin,12.8,12.9
Alaska,1 wk ahead,percent,8.26861903623798e-12,Bin,12.9,13.0
Alaska,1 wk ahead,percent,0.0419999971156656,Bin,13.0,100.0
Alaska,2 wk ahead,percent,1.81431101885447e-09,Bin,0.0,0.1
Alaska,2 wk ahead,percent,4.10830742886417e-09,Bin,0.1,0.2
Alaska,2 wk ahead,percent,4.45993314426149e-09,Bin,0.2,0.3
Alaska,2 wk ahead,percent,4.444778963976e-09,Bin,0.3,0.4
Alaska,2 wk ahead,percent,4.16863027426772e-09,Bin,0.4,0.5
Alaska,2 wk ahead,percent,3.83166671666158e-09,Bin,0.5,0.6
Alaska,2 wk ahead,percent,3.62769868029595e-09,Bin,0.6,0.7
Alaska,2 wk ahead,percent,0.00200000350392624,Bin,0.7,0.8
Alaska,2 wk ahead,percent,3.87063208253842e-09,Bin,0.8,0.9
Alaska,2 wk ahead,percent,0.0060000037263401,Bin,0.9,1.0
Alaska,2 wk ahead,percent,0.00200000428059577,Bin,1.0,1.1
Alaska,2 wk ahead,percent,0.0100000038364553,Bin,1.1,1.2
Alaska,2 wk ahead,percent,0.00800000398866688,Bin,1.2,1.3
Alaska,2 wk ahead,percent,0.00800000382962053,Bin,1.3,1.4
Alaska,2 wk ahead,percent,0.00800000347878634,Bin,1.4,1.5
Alaska,2 wk ahead,percent,0.0100000027783022,Bin,1.5,1.6
Alaska,2 wk ahead,percent,0.0160000016244364,Bin,1.6,1.7
Alaska,2 wk ahead,percent,0.0100000013003006,Bin,1.7,1.8
Alaska,2 wk ahead,percent,0.0199999998585869,Bin,1.8,1.9
Alaska,2 wk ahead,percent,0.0179999994540967,Bin,1.9,2.0
Alaska,2 wk ahead,percent,0.00599999996648923,Bin,2.0,2.1
Alaska,2 wk ahead,percent,0.0119999993042608,Bin,2.1,2.2
Alaska,2 wk ahead,percent,0.0139999990447409,Bin,2.2,2.3
Alaska,2 wk ahead,percent,0.0079999994391712,Bin,2.3,2.4
Alaska,2 wk ahead,percent,0.0139999989889719,Bin,2.4,2.5
Alaska,2 wk ahead,percent,0.0199999985459297,Bin,2.5,2.6
Alaska,2 wk ahead,percent,0.0099999992843333,Bin,2.6,2.7
Alaska,2 wk ahead,percent,0.0119999991366526,Bin,2.7,2.8
Alaska,2 wk ahead,percent,0.0339999975121647,Bin,2.8,2.9
Alaska,2 wk ahead,percent,0.021999998398249,Bin,2.9,3.0
Alaska,2 wk ahead,percent,0.0279999979552068,Bin,3.0,3.1
Alaska,2 wk ahead,percent,0.0159999988412911,Bin,3.1,3.2
Alaska,2 wk ahead,percent,0.0159999988412911,Bin,3.2,3.3
Alaska,2 wk ahead,percent,0.0279999979552068,Bin,3.3,3.4
Alaska,2 wk ahead,percent,0.0319999976598454,Bin,3.4,3.5
Alaska,2 wk ahead,percent,0.0159999988412911,Bin,3.5,3.6
Alaska,2 wk ahead,percent,0.021999998398249,Bin,3.6,3.7
Alaska,2 wk ahead,percent,0.0259999981028875,Bin,3.7,3.8
Alaska,2 wk ahead,percent,0.0159999988412911,Bin,3.8,3.9
Alaska,2 wk ahead,percent,0.0179999986936104,Bin,3.9,4.0
Alaska,2 wk ahead,percent,0.0179999986936104,Bin,4.0,4.1
Alaska,2 wk ahead,percent,0.021999998398249,Bin,4.1,4.2
Alaska,2 wk ahead,percent,0.021999998398249,Bin,4.2,4.3
Alaska,2 wk ahead,percent,0.0099999992843333,Bin,4.3,4.4
Alaska,2 wk ahead,percent,0.0139999989889719,Bin,4.4,4.5
Alaska,2 wk ahead,percent,0.0239999982505683,Bin,4.5,4.6
Alaska,2 wk ahead,percent,0.0179999986936104,Bin,4.6,4.7
Alaska,2 wk ahead,percent,0.0159999988412911,Bin,4.7,4.8
Alaska,2 wk ahead,percent,0.0179999986936104,Bin,4.8,4.9
Alaska,2 wk ahead,percent,0.0199999985459297,Bin,4.9,5.0
Alaska,2 wk ahead,percent,0.0119999991366526,Bin,5.0,5.1
Alaska,2 wk ahead,percent,0.0179999986936104,Bin,5.1,5.2
Alaska,2 wk ahead,percent,0.00799999943201402,Bin,5.2,5.3
Alaska,2 wk ahead,percent,0.0159999988412911,Bin,5.3,5.4
Alaska,2 wk ahead,percent,0.00799999943201402,Bin,5.4,5.5
Alaska,2 wk ahead,percent,0.0119999991366526,Bin,5.5,5.6
Alaska,2 wk ahead,percent,0.00799999943201402,Bin,5.6,5.7
Alaska,2 wk ahead,percent,0.0159999988412911,Bin,5.7,5.8
Alaska,2 wk ahead,percent,0.00599999957969474,Bin,5.8,5.9
Alaska,2 wk ahead,percent,0.00799999943201402,Bin,5.9,6.0
Alaska,2 wk ahead,percent,0.00599999957969474,Bin,6.0,6.1
Alaska,2 wk ahead,percent,0.0099999992843333,Bin,6.1,6.2
Alaska,2 wk ahead,percent,0.00399999972737546,Bin,6.2,6.3
Alaska,2 wk ahead,percent,0.00799999943201402,Bin,6.3,6.4
Alaska,2 wk ahead,percent,0.0139999989889719,Bin,6.4,6.5
Alaska,2 wk ahead,percent,0.00199999987505618,Bin,6.5,6.6
Alaska,2 wk ahead,percent,0.0139999989889719,Bin,6.6,6.7
Alaska,2 wk ahead,percent,0.0099999992843333,Bin,6.7,6.8
Alaska,2 wk ahead,percent,0.00599999957969474,Bin,6.8,6.9
Alaska,2 wk ahead,percent,0.00599999957969474,Bin,6.9,7.0
Alaska,2 wk ahead,percent,0.00199999987505618,Bin,7.0,7.1
Alaska,2 wk ahead,percent,0.00399999972737546,Bin,7.1,7.2
Alaska,2 wk ahead,percent,0.00599999957969474,Bin,7.2,7.3
Alaska,2 wk ahead,percent,0.00199999987505618,Bin,7.3,7.4
Alaska,2 wk ahead,percent,0.00399999972737546,Bin,7.4,7.5
Alaska,2 wk ahead,percent,0.00199999987505618,Bin,7.5,7.6
Alaska,2 wk ahead,percent,0.00599999957969474,Bin,7.6,7.7
Alaska,2 wk ahead,percent,0.00199999987505618,Bin,7.7,7.8
Alaska,2 wk ahead,percent,0.00599999957969474,Bin,7.8,7.9
Alaska,2 wk ahead,percent,2.27369012921264e-11,Bin,7.9,8.0
Alaska,2 wk ahead,percent,0.00399999972737546,Bin,8.0,8.1
Alaska,2 wk ahead,percent,0.00399999972737546,Bin,8.1,8.2
Alaska,2 wk ahead,percent,2.27369012921268e-11,Bin,8.2,8.3
Alaska,2 wk ahead,percent,0.00199999987505618,Bin,8.3,8.4
Alaska,2 wk ahead,percent,0.00199999987505618,Bin,8.4,8.5
Alaska,2 wk ahead,percent,0.00199999987505618,Bin,8.5,8.6
Alaska,2 wk ahead,percent,0.00399999972737546,Bin,8.6,8.7
Alaska,2 wk ahead,percent,0.00199999987505618,Bin,8.7,8.8
Alaska,2 wk ahead,percent,2.27369012921268e-11,Bin,8.8,8.9
Alaska,2 wk ahead,percent,2.27369012921268e-11,Bin,8.9,9.0
Alaska,2 wk ahead,percent,0.00399999972737546,Bin,9.0,9.1
Alaska,2 wk ahead,percent,0.00399999972737546,Bin,9.1,9.2
Alaska,2 wk ahead,percent,2.27369012921268e-11,Bin,9.2,9.3
Alaska,2 wk ahead,percent,0.00199999987505618,Bin,9.3,9.4
Alaska,2 wk ahead,percent,2.27369012921268e-11,Bin,9.4,9.5
Alaska,2 wk ahead,percent,0.00199999987505618,Bin,9.5,9.6
Alaska,2 wk ahead,percent,0.00399999972737546,Bin,9.6,9.7
Alaska,2 wk ahead,percent,0.00399999972737546,Bin,9.7,9.8
Alaska,2 wk ahead,percent,2.27369012921268e-11,Bin,9.8,9.9
Alaska,2 wk ahead,percent,2.27369012921268e-11,Bin,9.9,10.0
Alaska,2 wk ahead,percent,2.27369012921268e-11,Bin,10.0,10.1
Alaska,2 wk ahead,percent,2.27369012921268e-11,Bin,10.1,10.2
Alaska,2 wk ahead,percent,0.00199999987505618,Bin,10.2,10.3
Alaska,2 wk ahead,percent,2.27369012921268e-11,Bin,10.3,10.4
Alaska,2 wk ahead,percent,0.00199999987505618,Bin,10.4,10.5
Alaska,2 wk ahead,percent,0.00199999987505618,Bin,10.5,10.6
Alaska,2 wk ahead,percent,2.27369012921268e-11,Bin,10.6,10.7
Alaska,2 wk ahead,percent,2.27369012921268e-11,Bin,10.7,10.8
Alaska,2 wk ahead,percent,2.27369012921268e-11,Bin,10.8,10.9
Alaska,2 wk ahead,percent,2.27369012921268e-11,Bin,10.9,11.0
Alaska,2 wk ahead,percent,2.27369012921268e-11,Bin,11.0,11.1
Alaska,2 wk ahead,percent,2.27369012921268e-11,Bin,11.1,11.2
Alaska,2 wk ahead,percent,0.00199999987505618,Bin,11.2,11.3
Alaska,2 wk ahead,percent,2.27369012921268e-11,Bin,11.3,11.4
Alaska,2 wk ahead,percent,2.27369012921268e-11,Bin,11.4,11.5
Alaska,2 wk ahead,percent,2.27369012921268e-11,Bin,11.5,11.6
Alaska,2 wk ahead,percent,2.27369012921268e-11,Bin,11.6,11.7
Alaska,2 wk ahead,percent,2.27369012921268e-11,Bin,11.7,11.8
Alaska,2 wk ahead,percent,2.27369012921268e-11,Bin,11.8,11.9
Alaska,2 wk ahead,percent,2.27369012921268e-11,Bin,11.9,12.0
Alaska,2 wk ahead,percent,2.27369012921268e-11,Bin,12.0,12.1
Alaska,2 wk ahead,percent,2.27369012921268e-11,Bin,12.1,12.2
Alaska,2 wk ahead,percent,0.00199999987505618,Bin,12.2,12.3
Alaska,2 wk ahead,percent,2.27369012921268e-11,Bin,12.3,12.4
Alaska,2 wk ahead,percent,2.27369012921268e-11,Bin,12.4,12.5
Alaska,2 wk ahead,percent,2.27369012921268e-11,Bin,12.5,12.6
Alaska,2 wk ahead,percent,0.00399999972737546,Bin,12.6,12.7
Alaska,2 wk ahead,percent,2.27369012921268e-11,Bin,12.7,12.8
Alaska,2 wk ahead,percent,0.00399999972737546,Bin,12.8,12.9
Alaska,2 wk ahead,percent,2.27369012921268e-11,Bin,12.9,13.0
Alaska,2 wk ahead,percent,0.0459999966260803,Bin,13.0,100.0
Alaska,3 wk ahead,percent,2.77161013299298e-09,Bin,0.0,0.1
Alaska,3 wk ahead,percent,8.74952082133721e-09,Bin,0.1,0.2
Alaska,3 wk ahead,percent,1.27939639553309e-08,Bin,0.2,0.3
Alaska,3 wk ahead,percent,1.48532985317689e-08,Bin,0.3,0.4
Alaska,3 wk ahead,percent,0.00200001379684252,Bin,0.4,0.5
Alaska,3 wk ahead,percent,1.18822476814955e-08,Bin,0.5,0.6
Alaska,3 wk ahead,percent,0.0080000076475286,Bin,0.6,0.7
Alaska,3 wk ahead,percent,0.00600000647573701,Bin,0.7,0.8
Alaska,3 wk ahead,percent,0.00200000771071212,Bin,0.8,0.9
Alaska,3 wk ahead,percent,0.0120000083707839,Bin,0.9,1.0
Alaska,3 wk ahead,percent,0.0120000121281565,Bin,1.0,1.1
Alaska,3 wk ahead,percent,0.0180000128348706,Bin,1.1,1.2
Alaska,3 wk ahead,percent,0.0140000120104177,Bin,1.2,1.3
Alaska,3 wk ahead,percent,0.0200000062757594,Bin,1.3,1.4
Alaska,3 wk ahead,percent,0.0200000014825583,Bin,1.4,1.5
Alaska,3 wk ahead,percent,0.0159999990175868,Bin,1.5,1.6
Alaska,3 wk ahead,percent,0.0239999957192434,Bin,1.6,1.7
Alaska,3 wk ahead,percent,0.0119999976656537,Bin,1.7,1.8
Alaska,3 wk ahead,percent,0.0299999937240179,Bin,1.8,1.9
Alaska,3 wk ahead,percent,0.0179999962179577,Bin,1.9,2.0
Alaska,3 wk ahead,percent,0.017999996213283,Bin,2.0,2.1
Alaska,3 wk ahead,percent,0.0279999941086925,Bin,2.1,2.2
Alaska,3 wk ahead,percent,0.0219999953710798,Bin,2.2,2.3
Alaska,3 wk ahead,percent,0.0219999953710773,Bin,2.3,2.4
Alaska,3 wk ahead,percent,0.0219999953710854,Bin,2.4,2.5
Alaska,3 wk ahead,percent,0.0379999920047055,Bin,2.5,2.6
Alaska,3 wk ahead,percent,0.0259999945306656,Bin,2.6,2.7
Alaska,3 wk ahead,percent,0.0159999966429094,Bin,2.7,2.8
Alaska,3 wk ahead,percent,0.0199999958473251,Bin,2.8,2.9
Alaska,3 wk ahead,percent,0.0219999956196162,Bin,2.9,3.0
Alaska,3 wk ahead,percent,0.0199999966392738,Bin,3.0,3.1
Alaska,3 wk ahead,percent,0.025999996726755,Bin,3.1,3.2
Alaska,3 wk ahead,percent,0.0180000005467461,Bin,3.2,3.3
Alaska,3 wk ahead,percent,0.0180000027160911,Bin,3.3,3.4
Alaska,3 wk ahead,percent,0.0200000032165438,Bin,3.4,3.5
Alaska,3 wk ahead,percent,0.0220000018202895,Bin,3.5,3.6
Alaska,3 wk ahead,percent,0.0259999987915356,Bin,3.6,3.7
Alaska,3 wk ahead,percent,0.0179999983555208,Bin,3.7,3.8
Alaska,3 wk ahead,percent,0.017999997032199,Bin,3.8,3.9
Alaska,3 wk ahead,percent,0.0179999964510864,Bin,3.9,4.0
Alaska,3 wk ahead,percent,0.013999997140646,Bin,4.0,4.1
Alaska,3 wk ahead,percent,0.00599999882234278,Bin,4.1,4.2
Alaska,3 wk ahead,percent,0.0139999971390979,Bin,4.2,4.3
Alaska,3 wk ahead,percent,0.00799999840153157,Bin,4.3,4.4
Alaska,3 wk ahead,percent,0.0139999971390979,Bin,4.4,4.5
Alaska,3 wk ahead,percent,0.00999999798072035,Bin,4.5,4.6
Alaska,3 wk ahead,percent,0.00799999840153157,Bin,4.6,4.7
Alaska,3 wk ahead,percent,0.0159999967182867,Bin,4.7,4.8
Alaska,3 wk ahead,percent,0.003999999243154,Bin,4.8,4.9
Alaska,3 wk ahead,percent,0.00799999840153157,Bin,4.9,5.0
Alaska,3 wk ahead,percent,0.0119999975599091,Bin,5.0,5.1
Alaska,3 wk ahead,percent,0.0139999971390979,Bin,5.1,5.2
Alaska,3 wk ahead,percent,0.00799999840153157,Bin,5.2,5.3
Alaska,3 wk ahead,percent,0.00799999840153157,Bin,5.3,5.4
Alaska,3 wk ahead,percent,0.00199999966396522,Bin,5.4,5.5
Alaska,3 wk ahead,percent,0.00599999882234278,Bin,5.5,5.6
Alaska,3 wk ahead,percent,0.0119999975599091,Bin,5.6,5.7
Alaska,3 wk ahead,percent,0.0119999975599091,Bin,5.7,5.8
Alaska,3 wk ahead,percent,0.00599999882234278,Bin,5.8,5.9
Alaska,3 wk ahead,percent,0.003999999243154,Bin,5.9,6.0
Alaska,3 wk ahead,percent,0.00199999966396522,Bin,6.0,6.1
Alaska,3 wk ahead,percent,0.003999999243154,Bin,6.1,6.2
Alaska,3 wk ahead,percent,0.003999999243154,Bin,6.2,6.3
Alaska,3 wk ahead,percent,0.003999999243154,Bin,6.3,6.4
Alaska,3 wk ahead,percent,0.00199999966396522,Bin,6.4,6.5
Alaska,3 wk ahead,percent,0.00199999966396522,Bin,6.5,6.6
Alaska,3 wk ahead,percent,0.00599999882234278,Bin,6.6,6.7
Alaska,3 wk ahead,percent,0.00599999882234278,Bin,6.7,6.8
Alaska,3 wk ahead,percent,0.003999999243154,Bin,6.8,6.9
Alaska,3 wk ahead,percent,0.003999999243154,Bin,6.9,7.0
Alaska,3 wk ahead,percent,0.00199999966396522,Bin,7.0,7.1
Alaska,3 wk ahead,percent,0.00799999840153157,Bin,7.1,7.2
Alaska,3 wk ahead,percent,0.00199999966396522,Bin,7.2,7.3
Alaska,3 wk ahead,percent,0.00199999966396522,Bin,7.3,7.4
Alaska,3 wk ahead,percent,8.47764327139199e-11,Bin,7.4,7.5
Alaska,3 wk ahead,percent,0.00199999966396522,Bin,7.5,7.6
Alaska,3 wk ahead,percent,0.003999999243154,Bin,7.6,7.7
Alaska,3 wk ahead,percent,0.00199999966396522,Bin,7.7,7.8
Alaska,3 wk ahead,percent,8.47764327139199e-11,Bin,7.8,7.9
Alaska,3 wk ahead,percent,0.00599999882234278,Bin,7.9,8.0
Alaska,3 wk ahead,percent,8.47764327139207e-11,Bin,8.0,8.1
Alaska,3 wk ahead,percent,0.00199999966396522,Bin,8.1,8.2
Alaska,3 wk ahead,percent,0.00799999840153157,Bin,8.2,8.3
Alaska,3 wk ahead,percent,0.00199999966396522,Bin,8.3,8.4
Alaska,3 wk ahead,percent,8.47764327139214e-11,Bin,8.4,8.5
Alaska,3 wk ahead,percent,8.47764327139214e-11,Bin,8.5,8.6
Alaska,3 wk ahead,percent,8.47764327139214e-11,Bin,8.6,8.7
Alaska,3 wk ahead,percent,8.47764327139214e-11,Bin,8.7,8.8
Alaska,3 wk ahead,percent,8.47764327139214e-11,Bin,8.8,8.9
Alaska,3 wk ahead,percent,0.00199999966396522,Bin,8.9,9.0
Alaska,3 wk ahead,percent,0.00199999966396522,Bin,9.0,9.1
Alaska,3 wk ahead,percent,0.003999999243154,Bin,9.1,9.2
Alaska,3 wk ahead,percent,8.47764327139214e-11,Bin,9.2,9.3
Alaska,3 wk ahead,percent,8.47764327139214e-11,Bin,9.3,9.4
Alaska,3 wk ahead,percent,8.47764327139214e-11,Bin,9.4,9.5
Alaska,3 wk ahead,percent,8.47764327139214e-11,Bin,9.5,9.6
Alaska,3 wk ahead,percent,0.00199999966396522,Bin,9.6,9.7
Alaska,3 wk ahead,percent,0.003999999243154,Bin,9.7,9.8
Alaska,3 wk ahead,percent,0.003999999243154,Bin,9.8,9.9
Alaska,3 wk ahead,percent,0.00199999966396522,Bin,9.9,10.0
Alaska,3 wk ahead,percent,0.00199999966396522,Bin,10.0,10.1
Alaska,3 wk ahead,percent,0.00199999966396522,Bin,10.1,10.2
Alaska,3 wk ahead,percent,0.00199999966396522,Bin,10.2,10.3
Alaska,3 wk ahead,percent,0.00199999966396522,Bin,10.3,10.4
Alaska,3 wk ahead,percent,8.47764327139214e-11,Bin,10.4,10.5
Alaska,3 wk ahead,percent,8.47764327139214e-11,Bin,10.5,10.6
Alaska,3 wk ahead,percent,0.00199999966396522,Bin,10.6,10.7
Alaska,3 wk ahead,percent,0.00199999966396522,Bin,10.7,10.8
Alaska,3 wk ahead,percent,0.003999999243154,Bin,10.8,10.9
Alaska,3 wk ahead,percent,8.47764327139214e-11,Bin,10.9,11.0
Alaska,3 wk ahead,percent,8.47764327139214e-11,Bin,11.0,11.1
Alaska,3 wk ahead,percent,8.47764327139214e-11,Bin,11.1,11.2
Alaska,3 wk ahead,percent,0.00199999966396522,Bin,11.2,11.3
Alaska,3 wk ahead,percent,8.47764327139214e-11,Bin,11.3,11.4
Alaska,3 wk ahead,percent,8.47764327139214e-11,Bin,11.4,11.5
Alaska,3 wk ahead,percent,8.47764327139214e-11,Bin,11.5,11.6
Alaska,3 wk ahead,percent,0.00199999966396522,Bin,11.6,11.7
Alaska,3 wk ahead,percent,0.003999999243154,Bin,11.7,11.8
Alaska,3 wk ahead,percent,0.00599999882234278,Bin,11.8,11.9
Alaska,3 wk ahead,percent,8.47764327139214e-11,Bin,11.9,12.0
Alaska,3 wk ahead,percent,8.47764327139214e-11,Bin,12.0,12.1
Alaska,3 wk ahead,percent,8.47764327139214e-11,Bin,12.1,12.2
Alaska,3 wk ahead,percent,8.47764327139214e-11,Bin,12.2,12.3
Alaska,3 wk ahead,percent,8.47764327139214e-11,Bin,12.3,12.4
Alaska,3 wk ahead,percent,8.47764327139214e-11,Bin,12.4,12.5
Alaska,3 wk ahead,percent,8.47764327139214e-11,Bin,12.5,12.6
Alaska,3 wk ahead,percent,0.00199999966396522,Bin,12.6,12.7
Alaska,3 wk ahead,percent,0.00199999966396522,Bin,12.7,12.8
Alaska,3 wk ahead,percent,8.47764327139214e-11,Bin,12.8,12.9
Alaska,3 wk ahead,percent,8.47764327139214e-11,Bin,12.9,13.0
Alaska,3 wk ahead,percent,0.0299999937726082,Bin,13.0,100.0
Alaska,4 wk ahead,percent,7.07466195440785e-11,Bin,0.0,0.1
Alaska,4 wk ahead,percent,1.61501479456101e-10,Bin,0.1,0.2
Alaska,4 wk ahead,percent,0.00200000037275678,Bin,0.2,0.3
Alaska,4 wk ahead,percent,3.49047270253681e-09,Bin,0.3,0.4
Alaska,4 wk ahead,percent,0.00200000966297836,Bin,0.4,0.5
Alaska,4 wk ahead,percent,0.0100000178150297,Bin,0.5,0.6
Alaska,4 wk ahead,percent,0.0100000264985797,Bin,0.6,0.7
Alaska,4 wk ahead,percent,0.0140000290472517,Bin,0.7,0.8
Alaska,4 wk ahead,percent,0.0160000265222301,Bin,0.8,0.9
Alaska,4 wk ahead,percent,0.0200000214159316,Bin,0.9,1.0
Alaska,4 wk ahead,percent,0.0240000161633242,Bin,1.0,1.1
Alaska,4 wk ahead,percent,0.0160000117836987,Bin,1.1,1.2
Alaska,4 wk ahead,percent,0.0180000041608258,Bin,1.2,1.3
Alaska,4 wk ahead,percent,0.0359999952337787,Bin,1.3,1.4
Alaska,4 wk ahead,percent,0.0299999943375664,Bin,1.4,1.5
Alaska,4 wk ahead,percent,0.0199999959234582,Bin,1.5,1.6
Alaska,4 wk ahead,percent,0.0439999908674301,Bin,1.6,1.7
Alaska,4 wk ahead,percent,0.0259999946440868,Bin,1.7,1.8
Alaska,4 wk ahead,percent,0.0279999942244582,Bin,1.8,1.9
Alaska,4 wk ahead,percent,0.0319999933852012,Bin,1.9,2.0
Alaska,4 wk ahead,percent,0.0339999929655727,Bin,2.0,2.1
Alaska,4 wk ahead,percent,0.0219999954833438,Bin,2.1,2.2
Alaska,4 wk ahead,percent,0.0319999933852012,Bin,2.2,2.3
Alaska,4 wk ahead,percent,0.0199999959029723,Bin,2.3,2.4
Alaska,4 wk ahead,percent,0.0259999946440868,Bin,2.4,2.5
Alaska,4 wk ahead,percent,0.0199999959029723,Bin,2.5,2.6
Alaska,4 wk ahead,percent,0.0399999917066871,Bin,2.6,2.7
Alaska,4 wk ahead,percent,0.0259999946440868,Bin,2.7,2.8
Alaska,4 wk ahead,percent,0.0179999963226009,Bin,2.8,2.9
Alaska,4 wk ahead,percent,0.00999999800111496,Bin,2.9,3.0
Alaska,4 wk ahead,percent,0.0179999963226009,Bin,3.0,3.1
Alaska,4 wk ahead,percent,0.0139999971618579,Bin,3.1,3.2
Alaska,4 wk ahead,percent,0.0159999967422294,Bin,3.2,3.3
Alaska,4 wk ahead,percent,0.0179999963226009,Bin,3.3,3.4
Alaska,4 wk ahead,percent,0.0119999975814864,Bin,3.4,3.5
Alaska,4 wk ahead,percent,0.0159999967422294,Bin,3.5,3.6
Alaska,4 wk ahead,percent,0.0119999975814864,Bin,3.6,3.7
Alaska,4 wk ahead,percent,0.0139999971618579,Bin,3.7,3.8
Alaska,4 wk ahead,percent,0.0159999967422294,Bin,3.8,3.9
Alaska,4 wk ahead,percent,0.0179999963226009,Bin,3.9,4.0
Alaska,4 wk ahead,percent,0.00799999842074349,Bin,4.0,4.1
Alaska,4 wk ahead,percent,0.0119999975814864,Bin,4.1,4.2
Alaska,4 wk ahead,percent,0.00599999884037201,Bin,4.2,4.3
Alaska,4 wk ahead,percent,0.00799999842074349,Bin,4.3,4.4
Alaska,4 wk ahead,percent,0.0139999971618579,Bin,4.4,4.5
Alaska,4 wk ahead,percent,0.00199999967962906,Bin,4.5,4.6
Alaska,4 wk ahead,percent,0.00599999884037201,Bin,4.6,4.7
Alaska,4 wk ahead,percent,0.0119999975814864,Bin,4.7,4.8
Alaska,4 wk ahead,percent,0.00199999967962906,Bin,4.8,4.9
Alaska,4 wk ahead,percent,0.00399999926000053,Bin,4.9,5.0
Alaska,4 wk ahead,percent,0.00399999926000053,Bin,5.0,5.1
Alaska,4 wk ahead,percent,0.00799999842074349,Bin,5.1,5.2
Alaska,4 wk ahead,percent,0.00199999967962906,Bin,5.2,5.3
Alaska,4 wk ahead,percent,0.00199999967962906,Bin,5.3,5.4
Alaska,4 wk ahead,percent,0.00399999926000053,Bin,5.4,5.5
Alaska,4 wk ahead,percent,0.00799999842074349,Bin,5.5,5.6
Alaska,4 wk ahead,percent,0.00399999926000053,Bin,5.6,5.7
Alaska,4 wk ahead,percent,0.00399999926000053,Bin,5.7,5.8
Alaska,4 wk ahead,percent,0.00799999842074349,Bin,5.8,5.9
Alaska,4 wk ahead,percent,0.00399999926000053,Bin,5.9,6.0
Alaska,4 wk ahead,percent,9.9257581525313e-11,Bin,6.0,6.1
Alaska,4 wk ahead,percent,0.00399999926000053,Bin,6.1,6.2
Alaska,4 wk ahead,percent,0.00199999967962906,Bin,6.2,6.3
Alaska,4 wk ahead,percent,9.9257581525313e-11,Bin,6.3,6.4
Alaska,4 wk ahead,percent,0.00399999926000053,Bin,6.4,6.5
Alaska,4 wk ahead,percent,9.9257581525313e-11,Bin,6.5,6.6
Alaska,4 wk ahead,percent,0.00399999926000053,Bin,6.6,6.7
Alaska,4 wk ahead,percent,9.9257581525313e-11,Bin,6.7,6.8
Alaska,4 wk ahead,percent,0.00599999884037201,Bin,6.8,6.9
Alaska,4 wk ahead,percent,0.00199999967962906,Bin,6.9,7.0
Alaska,4 wk ahead,percent,0.00399999926000053,Bin,7.0,7.1
Alaska,4 wk ahead,percent,0.00199999967962906,Bin,7.1,7.2
Alaska,4 wk ahead,percent,9.9257581525313e-11,Bin,7.2,7.3
Alaska,4 wk ahead,percent,0.00199999967962906,Bin,7.3,7.4
Alaska,4 wk ahead,percent,9.9257581525313e-11,Bin,7.4,7.5
Alaska,4 wk ahead,percent,0.00199999967962906,Bin,7.5,7.6
Alaska,4 wk ahead,percent,0.00399999926000053,Bin,7.6,7.7
Alaska,4 wk ahead,percent,0.00199999967962906,Bin,7.7,7.8
Alaska,4 wk ahead,percent,0.00199999967962906,Bin,7.8,7.9
Alaska,4 wk ahead,percent,0.00199999967962906,Bin,7.9,8.0
Alaska,4 wk ahead,percent,0.00399999926000053,Bin,8.0,8.1
Alaska,4 wk ahead,percent,9.92575815253148e-11,Bin,8.1,8.2
Alaska,4 wk ahead,percent,0.00399999926000053,Bin,8.2,8.3
Alaska,4 wk ahead,percent,0.00399999926000053,Bin,8.3,8.4
Alaska,4 wk ahead,percent,9.92575815253148e-11,Bin,8.4,8.5
Alaska,4 wk ahead,percent,9.92575815253148e-11,Bin,8.5,8.6
Alaska,4 wk ahead,percent,0.00399999926000053,Bin,8.6,8.7
Alaska,4 wk ahead,percent,9.92575815253148e-11,Bin,8.7,8.8
Alaska,4 wk ahead,percent,0.00199999967962906,Bin,8.8,8.9
Alaska,4 wk ahead,percent,0.00399999926000053,Bin,8.9,9.0
Alaska,4 wk ahead,percent,9.92575815253148e-11,Bin,9.0,9.1
Alaska,4 wk ahead,percent,9.92575815253148e-11,Bin,9.1,9.2
Alaska,4 wk ahead,percent,0.00199999967962906,Bin,9.2,9.3
Alaska,4 wk ahead,percent,0.00599999884037201,Bin,9.3,9.4
Alaska,4 wk ahead,percent,9.92575815253148e-11,Bin,9.4,9.5
Alaska,4 wk ahead,percent,9.92575815253148e-11,Bin,9.5,9.6
Alaska,4 wk ahead,percent,0.00199999967962906,Bin,9.6,9.7
Alaska,4 wk ahead,percent,9.92575815253148e-11,Bin,9.7,9.8
Alaska,4 wk ahead,percent,0.00199999967962906,Bin,9.8,9.9
Alaska,4 wk ahead,percent,0.00399999926000053,Bin,9.9,10.0
Alaska,4 wk ahead,percent,0.00199999967962906,Bin,10.0,10.1
Alaska,4 wk ahead,percent,0.00199999967962906,Bin,10.1,10.2
Alaska,4 wk ahead,percent,9.92575815253148e-11,Bin,10.2,10.3
Alaska,4 wk ahead,percent,9.92575815253148e-11,Bin,10.3,10.4
Alaska,4 wk ahead,percent,9.92575815253148e-11,Bin,10.4,10.5
Alaska,4 wk ahead,percent,0.00199999967962906,Bin,10.5,10.6
Alaska,4 wk ahead,percent,9.92575815253148e-11,Bin,10.6,10.7
Alaska,4 wk ahead,percent,9.92575815253148e-11,Bin,10.7,10.8
Alaska,4 wk ahead,percent,0.00199999967962906,Bin,10.8,10.9
Alaska,4 wk ahead,percent,9.92575815253148e-11,Bin,10.9,11.0
Alaska,4 wk ahead,percent,9.92575815253148e-11,Bin,11.0,11.1
Alaska,4 wk ahead,percent,0.00199999967962906,Bin,11.1,11.2
Alaska,4 wk ahead,percent,9.92575815253148e-11,Bin,11.2,11.3
Alaska,4 wk ahead,percent,9.92575815253148e-11,Bin,11.3,11.4
Alaska,4 wk ahead,percent,9.92575815253148e-11,Bin,11.4,11.5
Alaska,4 wk ahead,percent,0.00399999926000053,Bin,11.5,11.6
Alaska,4 wk ahead,percent,9.92575815253148e-11,Bin,11.6,11.7
Alaska,4 wk ahead,percent,9.92575815253148e-11,Bin,11.7,11.8
Alaska,4 wk ahead,percent,9.92575815253148e-11,Bin,11.8,11.9
Alaska,4 wk ahead,percent,9.92575815253148e-11,Bin,11.9,12.0
Alaska,4 wk ahead,percent,0.00199999967962906,Bin,12.0,12.1
Alaska,4 wk ahead,percent,9.92575815253148e-11,Bin,12.1,12.2
Alaska,4 wk ahead,percent,9.92575815253148e-11,Bin,12.2,12.3
Alaska,4 wk ahead,percent,0.00199999967962906,Bin,12.3,12.4
Alaska,4 wk ahead,percent,0.00199999967962906,Bin,12.4,12.5
Alaska,4 wk ahead,percent,0.00199999967962906,Bin,12.5,12.6
Alaska,4 wk ahead,percent,0.00399999926000053,Bin,12.6,12.7
Alaska,4 wk ahead,percent,9.92575815253148e-11,Bin,12.7,12.8
Alaska,4 wk ahead,percent,9.92575815253148e-11,Bin,12.8,12.9
Alaska,4 wk ahead,percent,9.92575815253148e-11,Bin,12.9,13.0
Alaska,4 wk ahead,percent,0.0219999954833438,Bin,13.0,100.0
Alaska,Season peak percentage,percent,1.13713111806131e-13,Bin,0.0,0.1
Alaska,Season peak percentage,percent,2.82906978144868e-13,Bin,0.1,0.2
Alaska,Season peak percentage,percent,3.73402163104191e-13,Bin,0.2,0.3
Alaska,Season peak percentage,percent,4.86997012920157e-13,Bin,0.3,0.4
Alaska,Season peak percentage,percent,6.27641809433746e-13,Bin,0.4,0.5
Alaska,Season peak percentage,percent,7.9948682993005e-13,Bin,0.5,0.6
Alaska,Season peak percentage,percent,1.00649508697095e-12,Bin,0.6,0.7
Alaska,Season peak percentage,percent,1.25257998140471e-12,Bin,0.7,0.8
Alaska,Season peak percentage,percent,1.54101024839816e-12,Bin,0.8,0.9
Alaska,Season peak percentage,percent,1.87445886367222e-12,Bin,0.9,1.0
Alaska,Season peak percentage,percent,2.25473977355616e-12,Bin,1.0,1.1
Alaska,Season peak percentage,percent,2.68226414871633e-12,Bin,1.1,1.2
Alaska,Season peak percentage,percent,3.15644399913398e-12,Bin,1.2,1.3
Alaska,Season peak percentage,percent,3.6749666682694e-12,Bin,1.3,1.4
Alaska,Season peak percentage,percent,4.23422376023936e-12,Bin,1.4,1.5
Alaska,Season peak percentage,percent,4.82919542130174e-12,Bin,1.5,1.6
Alaska,Season peak percentage,percent,5.45340916904813e-12,Bin,1.6,1.7
Alaska,Season peak percentage,percent,6.09968576522922e-12,Bin,1.7,1.8
Alaska,Season peak percentage,percent,6.75999037172639e-12,Bin,1.8,1.9
Alaska,Season peak percentage,percent,7.42620824245696e-12,Bin,1.9,2.0
Alaska,Season peak percentage,percent,8.09042117087514e-12,Bin,2.0,2.1
Alaska,Season peak percentage,percent,8.74554011583441e-12,Bin,2.1,2.2
Alaska,Season peak percentage,percent,9.38559859502138e-12,Bin,2.2,2.3
Alaska,Season peak percentage,percent,1.00063053520588e-11,Bin,2.3,2.4
Alaska,Season peak percentage,percent,1.06053025955821e-11,Bin,2.4,2.5
Alaska,Season peak percentage,percent,1.1182187401548e-11,Bin,2.5,2.6
Alaska,Season peak percentage,percent,1.17388459329006e-11,Bin,2.6,2.7
Alaska,Season peak percentage,percent,1.22789322863768e-11,Bin,2.7,2.8
Alaska,Season peak percentage,percent,1.28079095627808e-11,Bin,2.8,2.9
Alaska,Season peak percentage,percent,1.33324495497576e-11,Bin,2.9,3.0
Alaska,Season peak percentage,percent,1.38599703794162e-11,Bin,3.0,3.1
Alaska,Season peak percentage,percent,1.43979818443298e-11,Bin,3.1,3.2
Alaska,Season peak percentage,percent,1.49535609488941e-11,Bin,3.2,3.3
Alaska,Season peak percentage,percent,1.55326598192793e-11,Bin,3.3,3.4
Alaska,Season peak percentage,percent,1.61394890182172e-11,Bin,3.4,3.5
Alaska,Season peak percentage,percent,1.67763141737051e-11,Bin,3.5,3.6
Alaska,Season peak percentage,percent,1.7442729511086e-11,Bin,3.6,3.7
Alaska,Season peak percentage,percent,1.81358388580972e-11,Bin,3.7,3.8
Alaska,Season peak percentage,percent,1.88498781196959e-11,Bin,3.8,3.9
Alaska,Season peak percentage,percent,1.95764584560073e-11,Bin,3.9,4.0
Alaska,Season peak percentage,percent,2.03047062969094e-11,Bin,4.0,4.1
Alaska,Season peak percentage,percent,2.10215744983704e-11,Bin,4.1,4.2
Alaska,Season peak percentage,percent,2.17121649748202e-11,Bin,4.2,4.3
Alaska,Season peak percentage,percent,2.23603441025739e-11,Bin,4.3,4.4
Alaska,Season peak percentage,percent,2.29490789427419e-11,Bin,4.4,4.5
Alaska,Season peak percentage,percent,2.346093108259e-11,Bin,4.5,4.6
Alaska,Season peak percentage,percent,2.3879118558375e-11,Bin,4.6,4.7
Alaska,Season peak percentage,percent,2.41871222781307e-11,Bin,4.7,4.8
Alaska,Season peak percentage,percent,2.43706146709202e-11,Bin,4.8,4.9
Alaska,Season peak percentage,percent,2.44166735337474e-11,Bin,4.9,5.0
Alaska,Season peak percentage,percent,2.43150470246307e-11,Bin,5.0,5.1
Alaska,Season peak percentage,percent,2.40592645205858e-11,Bin,5.1,5.2
Alaska,Season peak percentage,percent,2.36452604681561e-11,Bin,5.2,5.3
Alaska,Season peak percentage,percent,2.3074017163435e-11,Bin,5.3,5.4
Alaska,Season peak percentage,percent,2.2349653825564e-11,Bin,5.4,5.5
Alaska,Season peak percentage,percent,2.14806730377338e-11,Bin,5.5,5.6
Alaska,Season peak percentage,percent,2.04801909006074e-11,Bin,5.6,5.7
Alaska,Season peak percentage,percent,1.93637643619865e-11,Bin,5.7,5.8
Alaska,Season peak percentage,percent,1.81511606860509e-11,Bin,5.8,5.9
Alaska,Season peak percentage,percent,1.68639138621209e-11,Bin,5.9,6.0
Alaska,Season peak percentage,percent,1.55253850388219e-11,Bin,6.0,6.1
Alaska,Season peak percentage,percent,1.41598142334017e-11,Bin,6.1,6.2
Alaska,Season peak percentage,percent,1.2790981386594e-11,Bin,6.2,6.3
Alaska,Season peak percentage,percent,1.14417740549142e-11,Bin,6.3,6.4
Alaska,Season peak percentage,percent,1.01329838962996e-11,Bin,6.4,6.5
Alaska,Season peak percentage,percent,8.88314094542019e-12,Bin,6.5,6.6
Alaska,Season peak percentage,percent,7.70710023675148e-12,Bin,6.6,6.7
Alaska,Season peak percentage,percent,6.61700334371352e-12,Bin,6.7,6.8
Alaska,Season peak percentage,percent,5.6209239667714e-12,Bin,6.8,6.9
Alaska,Season peak percentage,percent,4.72348237744185e-12,Bin,6.9,7.0
Alaska,Season peak percentage,percent,3.92640302630361e-12,Bin,7.0,7.1
Alaska,Season peak percentage,percent,3.22790124996789e-12,Bin,7.1,7.2
Alaska,Season peak percentage,percent,2.62441962291926e-12,Bin,7.2,7.3
Alaska,Season peak percentage,percent,2.10993382648445e-12,Bin,7.3,7.4
Alaska,Season peak percentage,percent,1.67717255687891e-12,Bin,7.4,7.5
Alaska,Season peak percentage,percent,1.31814726375754e-12,Bin,7.5,7.6
Alaska,Season peak percentage,percent,0.64799999942293,Bin,7.6,7.7
Alaska,Season peak percentage,percent,0.0079999999936496,Bin,7.7,7.8
Alaska,Season peak percentage,percent,0.0139999999881074,Bin,7.8,7.9
Alaska,Season peak percentage,percent,0.0159999999861741,Bin,7.9,8.0
Alaska,Season peak percentage,percent,0.00799999999319533,Bin,8.0,8.1
Alaska,Season peak percentage,percent,0.00199999999845929,Bin,8.1,8.2
Alaska,Season peak percentage,percent,0.00799999999303945,Bin,8.2,8.3
Alaska,Season peak percentage,percent,0.00399999999655777,Bin,8.3,8.4
Alaska,Season peak percentage,percent,0.00799999999296326,Bin,8.4,8.5
Alaska,Season peak percentage,percent,0.00199999999831545,Bin,8.5,8.6
Alaska,Season peak percentage,percent,0.00999999999117849,Bin,8.6,8.7
Alaska,Season peak percentage,percent,0.00599999999474697,Bin,8.7,8.8
Alaska,Season peak percentage,percent,0.00399999999653121,Bin,8.8,8.9
Alaska,Season peak percentage,percent,0.00799999999296273,Bin,8.9,9.0
Alaska,Season peak percentage,percent,0.00399999999653121,Bin,9.0,9.1
Alaska,Season peak percentage,percent,0.00399999999653121,Bin,9.1,9.2
Alaska,Season peak percentage,percent,0.00599999999474697,Bin,9.2,9.3
Alaska,Season peak percentage,percent,0.00399999999653121,Bin,9.3,9.4
Alaska,Season peak percentage,percent,9.96928419085856e-14,Bin,9.4,9.5
Alaska,Season peak percentage,percent,9.96928419085856e-14,Bin,9.5,9.6
Alaska,Season peak percentage,percent,0.0119999999893943,Bin,9.6,9.7
Alaska,Season peak percentage,percent,0.00999999999117849,Bin,9.7,9.8
Alaska,Season peak percentage,percent,0.00399999999653121,Bin,9.8,9.9
Alaska,Season peak percentage,percent,0.00199999999831545,Bin,9.9,10.0
Alaska,Season peak percentage,percent,0.00199999999831545,Bin,10.0,10.1
Alaska,Season peak percentage,percent,0.00399999999653121,Bin,10.1,10.2
Alaska,Season peak percentage,percent,0.0119999999893943,Bin,10.2,10.3
Alaska,Season peak percentage,percent,9.96928419085856e-14,Bin,10.3,10.4
Alaska,Season peak percentage,percent,0.00199999999831545,Bin,10.4,10.5
Alaska,Season peak percentage,percent,0.00199999999831545,Bin,10.5,10.6
Alaska,Season peak percentage,percent,9.96928419085856e-14,Bin,10.6,10.7
Alaska,Season peak percentage,percent,0.00199999999831545,Bin,10.7,10.8
Alaska,Season peak percentage,percent,0.00599999999474697,Bin,10.8,10.9
Alaska,Season peak percentage,percent,0.00199999999831545,Bin,10.9,11.0
Alaska,Season peak percentage,percent,0.00199999999831545,Bin,11.0,11.1
Alaska,Season peak percentage,percent,0.00199999999831545,Bin,11.1,11.2
Alaska,Season peak percentage,percent,9.96928419085856e-14,Bin,11.2,11.3
Alaska,Season peak percentage,percent,0.00399999999653121,Bin,11.3,11.4
Alaska,Season peak percentage,percent,9.96928419085856e-14,Bin,11.4,11.5
Alaska,Season peak percentage,percent,0.00399999999653121,Bin,11.5,11.6
Alaska,Season peak percentage,percent,0.00399999999653121,Bin,11.6,11.7
Alaska,Season peak percentage,percent,0.00599999999474697,Bin,11.7,11.8
Alaska,Season peak percentage,percent,0.00799999999296273,Bin,11.8,11.9
Alaska,Season peak percentage,percent,9.96928419085856e-14,Bin,11.9,12.0
Alaska,Season peak percentage,percent,0.00199999999831545,Bin,12.0,12.1
Alaska,Season peak percentage,percent,9.96928419085856e-14,Bin,12.1,12.2
Alaska,Season peak percentage,percent,0.00399999999653121,Bin,12.2,12.3
Alaska,Season peak percentage,percent,0.00199999999831545,Bin,12.3,12.4
Alaska,Season peak percentage,percent,9.96928419085856e-14,Bin,12.4,12.5
Alaska,Season peak percentage,percent,0.00399999999653121,Bin,12.5,12.6
Alaska,Season peak percentage,percent,0.00399999999653121,Bin,12.6,12.7
Alaska,Season peak percentage,percent,9.96928419085856e-14,Bin,12.7,12.8
Alaska,Season peak percentage,percent,0.00399999999653121,Bin,12.8,12.9
Alaska,Season peak percentage,percent,9.96928419085856e-14,Bin,12.9,13.0
Alaska,Season peak percentage,percent,0.125999999887693,Bin,13.0,100.0
Alaska,Season peak week,week,0.000621700525914633,Bin,40.0,41.0
Alaska,Season peak week,week,0.000810141540422761,Bin,41.0,42.0
Alaska,Season peak week,week,0.0010132350232124,Bin,42.0,43.0
Alaska,Season peak week,week,0.00121907947800724,Bin,43.0,44.0
Alaska,Season peak week,week,0.00141497819046994,Bin,44.0,45.0
Alaska,Season peak week,week,0.00158958966559023,Bin,45.0,46.0
Alaska,Season peak week,week,0.00173474793608345,Bin,46.0,47.0
Alaska,Season peak week,week,0.00184621725477831,Bin,47.0,48.0
Alaska,Season peak week,week,0.00192364662907329,Bin,48.0,49.0
Alaska,Season peak week,week,0.00196974003048593,Bin,49.0,50.0
Alaska,Season peak week,week,0.00198947260523344,Bin,50.0,51.0
Alaska,Season peak week,week,0.00198967842578554,Bin,51.0,52.0
Alaska,Season peak week,week,0.00197896153423658,Bin,52.0,53.0
Alaska,Season peak week,week,0.0019676465394802,Bin,1.0,2.0
Alaska,Season peak week,week,0.00196706525068666,Bin,2.0,3.0
Alaska,Season peak week,week,0.00198793735647547,Bin,3.0,4.0
Alaska,Season peak week,week,0.00203797971052186,Bin,4.0,5.0
Alaska,Season peak week,week,0.0021195039624787,Bin,5.0,6.0
Alaska,Season peak week,week,0.00222775939326074,Bin,6.0,7.0
Alaska,Season peak week,week,0.00235086904211179,Bin,7.0,8.0
Alaska,Season peak week,week,0.00247135966611507,Bin,8.0,9.0
Alaska,Season peak week,week,0.00256906827177151,Bin,9.0,10.0
Alaska,Season peak week,week,0.717595805628945,Bin,10.0,11.0
Alaska,Season peak week,week,0.00262247505353559,Bin,11.0,12.0
Alaska,Season peak week,week,0.00255379140432239,Bin,12.0,13.0
Alaska,Season peak week,week,0.00241725167936638,Bin,13.0,14.0
Alaska,Season peak week,week,0.00221927968671028,Bin,14.0,15.0
Alaska,Season peak week,week,0.00197283017160427,Bin,15.0,16.0
Alaska,Season peak week,week,0.00169544781597931,Bin,16.0,17.0
Alaska,Season peak week,week,0.00140657635466329,Bin,17.0,18.0
Alaska,Season peak week,week,0.0915997121269181,Bin,18.0,19.0
Alaska,Season peak week,week,0.0670672800557771,Bin,19.0,20.0
Alaska,Season peak week,week,0.0690491719899823,Bin,20.0,21.0
Arizona,1 wk ahead,percent,1.28949956909066e-10,Bin,0.0,0.1
Arizona,1 wk ahead,percent,3.56892606590968e-10,Bin,0.1,0.2
Arizona,1 wk ahead,percent,5.27306882527283e-10,Bin,0.2,0.3
Arizona,1 wk ahead,percent,7.48471485682657e-10,Bin,0.3,0.4
Arizona,1 wk ahead,percent,1.02246704641671e-09,Bin,0.4,0.5
Arizona,1 wk ahead,percent,1.34672200139826e-09,Bin,0.5,0.6
Arizona,1 wk ahead,percent,1.71337243105834e-09,Bin,0.6,0.7
Arizona,1 wk ahead,percent,2.10930764263515e-09,Bin,0.7,0.8
Arizona,1 wk ahead,percent,2.51692336919241e-09,Bin,0.8,0.9
Arizona,1 wk ahead,percent,2.91557841789229e-09,Bin,0.9,1.0
Arizona,1 wk ahead,percent,3.28356386149744e-09,Bin,1.0,1.1
Arizona,1 wk ahead,percent,3.60032059258665e-09,Bin,1.1,1.2
Arizona,1 wk ahead,percent,0.00600000343549687,Bin,1.2,1.3
Arizona,1 wk ahead,percent,4.01675553172664e-09,Bin,1.3,1.4
Arizona,1 wk ahead,percent,4.09859343893162e-09,Bin,1.4,1.5
Arizona,1 wk ahead,percent,4.09454738259404e-09,Bin,1.5,1.6
Arizona,1 wk ahead,percent,4.01016660260605e-09,Bin,1.6,1.7
Arizona,1 wk ahead,percent,0.00400000357903685,Bin,1.7,1.8
Arizona,1 wk ahead,percent,0.00600000322525818,Bin,1.8,1.9
Arizona,1 wk ahead,percent,0.00800000282227603,Bin,1.9,2.0
Arizona,1 wk ahead,percent,3.06957514100448e-09,Bin,2.0,2.1
Arizona,1 wk ahead,percent,0.00600000232463723,Bin,2.1,2.2
Arizona,1 wk ahead,percent,0.0220000008734838,Bin,2.2,2.3
Arizona,1 wk ahead,percent,0.033999999691567,Bin,2.3,2.4
Arizona,1 wk ahead,percent,0.0459999985154648,Bin,2.4,2.5
Arizona,1 wk ahead,percent,0.0779999959800536,Bin,2.5,2.6
Arizona,1 wk ahead,percent,0.0719999960912388,Bin,2.6,2.7
Arizona,1 wk ahead,percent,0.095999994174693,Bin,2.7,2.8
Arizona,1 wk ahead,percent,0.11399999271519,Bin,2.8,2.9
Arizona,1 wk ahead,percent,0.0859999944688597,Bin,2.9,3.0
Arizona,1 wk ahead,percent,0.0659999957141035,Bin,3.0,3.1
Arizona,1 wk ahead,percent,0.0819999945171065,Bin,3.1,3.2
Arizona,1 wk ahead,percent,0.0619999958296266,Bin,3.2,3.3
Arizona,1 wk ahead,percent,0.0639999956498184,Bin,3.3,3.4
Arizona,1 wk ahead,percent,0.0679999953484699,Bin,3.4,3.5
Arizona,1 wk ahead,percent,0.0319999978127684,Bin,3.5,3.6
Arizona,1 wk ahead,percent,0.0139999990461999,Bin,3.6,3.7
Arizona,1 wk ahead,percent,0.00999999932156976,Bin,3.7,3.8
Arizona,1 wk ahead,percent,0.00399999973479876,Bin,3.8,3.9
Arizona,1 wk ahead,percent,0.00999999932156976,Bin,3.9,4.0
Arizona,1 wk ahead,percent,0.00599999959705576,Bin,4.0,4.1
Arizona,1 wk ahead,percent,1.02847576859101e-11,Bin,4.1,4.2
Arizona,1 wk ahead,percent,1.02847576859101e-11,Bin,4.2,4.3
Arizona,1 wk ahead,percent,1.02847576859101e-11,Bin,4.3,4.4
Arizona,1 wk ahead,percent,1.02847576859101e-11,Bin,4.4,4.5
Arizona,1 wk ahead,percent,0.00199999987254176,Bin,4.5,4.6
Arizona,1 wk ahead,percent,1.02847576859101e-11,Bin,4.6,4.7
Arizona,1 wk ahead,percent,1.02847576859101e-11,Bin,4.7,4.8
Arizona,1 wk ahead,percent,1.02847576859101e-11,Bin,4.8,4.9
Arizona,1 wk ahead,percent,1.02847576859101e-11,Bin,4.9,5.0
Arizona,1 wk ahead,percent,1.02847576859101e-11,Bin,5.0,5.1
Arizona,1 wk ahead,percent,0.00199999987254176,Bin,5.1,5.2
Arizona,1 wk ahead,percent,1.02847576859101e-11,Bin,5.2,5.3
Arizona,1 wk ahead,percent,1.02847576859101e-11,Bin,5.3,5.4
Arizona,1 wk ahead,percent,1.02847576859101e-11,Bin,5.4,5.5
Arizona,1 wk ahead,percent,1.02847576859101e-11,Bin,5.5,5.6
Arizona,1 wk ahead,percent,1.02847576859101e-11,Bin,5.6,5.7
Arizona,1 wk ahead,percent,1.02847576859101e-11,Bin,5.7,5.8
Arizona,1 wk ahead,percent,1.02847576859101e-11,Bin,5.8,5.9
Arizona,1 wk ahead,percent,1.02847576859101e-11,Bin,5.9,6.0
Arizona,1 wk ahead,percent,1.02847576859101e-11,Bin,6.0,6.1
Arizona,1 wk ahead,percent,1.02847576859101e-11,Bin,6.1,6.2
Arizona,1 wk ahead,percent,1.02847576859101e-11,Bin,6.2,6.3
Arizona,1 wk ahead,percent,1.02847576859101e-11,Bin,6.3,6.4
Arizona,1 wk ahead,percent,1.02847576859101e-11,Bin,6.4,6.5
Arizona,1 wk ahead,percent,1.02847576859101e-11,Bin,6.5,6.6
Arizona,1 wk ahead,percent,1.02847576859101e-11,Bin,6.6,6.7
Arizona,1 wk ahead,percent,1.02847576859101e-11,Bin,6.7,6.8
Arizona,1 wk ahead,percent,1.02847576859101e-11,Bin,6.8,6.9
Arizona,1 wk ahead,percent,1.02847576859101e-11,Bin,6.9,7.0
Arizona,1 wk ahead,percent,1.02847576859101e-11,Bin,7.0,7.1
Arizona,1 wk ahead,percent,1.02847576859101e-11,Bin,7.1,7.2
Arizona,1 wk ahead,percent,1.02847576859101e-11,Bin,7.2,7.3
Arizona,1 wk ahead,percent,1.02847576859101e-11,Bin,7.3,7.4
Arizona,1 wk ahead,percent,1.02847576859101e-11,Bin,7.4,7.5
Arizona,1 wk ahead,percent,1.02847576859101e-11,Bin,7.5,7.6
Arizona,1 wk ahead,percent,1.02847576859101e-11,Bin,7.6,7.7
Arizona,1 wk ahead,percent,1.02847576859101e-11,Bin,7.7,7.8
Arizona,1 wk ahead,percent,1.02847576859101e-11,Bin,7.8,7.9
Arizona,1 wk ahead,percent,1.02847576859101e-11,Bin,7.9,8.0
Arizona,1 wk ahead,percent,1.02847576859102e-11,Bin,8.0,8.1
Arizona,1 wk ahead,percent,1.02847576859103e-11,Bin,8.1,8.2
Arizona,1 wk ahead,percent,1.02847576859103e-11,Bin,8.2,8.3
Arizona,1 wk ahead,percent,1.02847576859103e-11,Bin,8.3,8.4
Arizona,1 wk ahead,percent,1.02847576859103e-11,Bin,8.4,8.5
Arizona,1 wk ahead,percent,1.02847576859103e-11,Bin,8.5,8.6
Arizona,1 wk ahead,percent,1.02847576859103e-11,Bin,8.6,8.7
Arizona,1 wk ahead,percent,1.02847576859103e-11,Bin,8.7,8.8
Arizona,1 wk ahead,percent,1.02847576859103e-11,Bin,8.8,8.9
Arizona,1 wk ahead,percent,1.02847576859103e-11,Bin,8.9,9.0
Arizona,1 wk ahead,percent,1.02847576859103e-11,Bin,9.0,9.1
Arizona,1 wk ahead,percent,1.02847576859103e-11,Bin,9.1,9.2
Arizona,1 wk ahead,percent,1.02847576859103e-11,Bin,9.2,9.3
Arizona,1 wk ahead,percent,1.02847576859103e-11,Bin,9.3,9.4
Arizona,1 wk ahead,percent,1.02847576859103e-11,Bin,9.4,9.5
Arizona,1 wk ahead,percent,1.02847576859103e-11,Bin,9.5,9.6
Arizona,1 wk ahead,percent,1.02847576859103e-11,Bin,9.6,9.7
Arizona,1 wk ahead,percent,1.02847576859103e-11,Bin,9.7,9.8
Arizona,1 wk ahead,percent,1.02847576859103e-11,Bin,9.8,9.9
Arizona,1 wk ahead,percent,1.02847576859103e-11,Bin,9.9,10.0
Arizona,1 wk ahead,percent,1.02847576859103e-11,Bin,10.0,10.1
Arizona,1 wk ahead,percent,1.02847576859103e-11,Bin,10.1,10.2
Arizona,1 wk ahead,percent,1.02847576859103e-11,Bin,10.2,10.3
Arizona,1 wk ahead,percent,1.02847576859103e-11,Bin,10.3,10.4
Arizona,1 wk ahead,percent,1.02847576859103e-11,Bin,10.4,10.5
Arizona,1 wk ahead,percent,1.02847576859103e-11,Bin,10.5,10.6
Arizona,1 wk ahead,percent,1.02847576859103e-11,Bin,10.6,10.7
Arizona,1 wk ahead,percent,1.02847576859103e-11,Bin,10.7,10.8
Arizona,1 wk ahead,percent,1.02847576859103e-11,Bin,10.8,10.9
Arizona,1 wk ahead,percent,1.02847576859103e-11,Bin,10.9,11.0
Arizona,1 wk ahead,percent,1.02847576859103e-11,Bin,11.0,11.1
Arizona,1 wk ahead,percent,1.02847576859103e-11,Bin,11.1,11.2
Arizona,1 wk ahead,percent,1.02847576859103e-11,Bin,11.2,11.3
Arizona,1 wk ahead,percent,1.02847576859103e-11,Bin,11.3,11.4
Arizona,1 wk ahead,percent,1.02847576859103e-11,Bin,11.4,11.5
Arizona,1 wk ahead,percent,1.02847576859103e-11,Bin,11.5,11.6
Arizona,1 wk ahead,percent,1.02847576859103e-11,Bin,11.6,11.7
Arizona,1 wk ahead,percent,1.02847576859103e-11,Bin,11.7,11.8
Arizona,1 wk ahead,percent,1.02847576859103e-11,Bin,11.8,11.9
Arizona,1 wk ahead,percent,1.02847576859103e-11,Bin,11.9,12.0
Arizona,1 wk ahead,percent,1.02847576859103e-11,Bin,12.0,12.1
Arizona,1 wk ahead,percent,1.02847576859103e-11,Bin,12.1,12.2
Arizona,1 wk ahead,percent,1.02847576859103e-11,Bin,12.2,12.3
Arizona,1 wk ahead,percent,1.02847576859103e-11,Bin,12.3,12.4
Arizona,1 wk ahead,percent,1.02847576859103e-11,Bin,12.4,12.5
Arizona,1 wk ahead,percent,1.02847576859103e-11,Bin,12.5,12.6
Arizona,1 wk ahead,percent,1.02847576859103e-11,Bin,12.6,12.7
Arizona,1 wk ahead,percent,1.02847576859103e-11,Bin,12.7,12.8
Arizona,1 wk ahead,percent,1.02847576859103e-11,Bin,12.8,12.9
Arizona,1 wk ahead,percent,1.02847576859103e-11,Bin,12.9,13.0
Arizona,1 wk ahead,percent,1.02847576859103e-11,Bin,13.0,100.0
Arizona,2 wk ahead,percent,3.22784230513126e-11,Bin,0.0,0.1
Arizona,2 wk ahead,percent,1.4000204816953e-10,Bin,0.1,0.2
Arizona,2 wk ahead,percent,3.33716803428051e-10,Bin,0.2,0.3
Arizona,2 wk ahead,percent,6.92835902260805e-10,Bin,0.3,0.4
Arizona,2 wk ahead,percent,1.25916195794658e-09,Bin,0.4,0.5
Arizona,2 wk ahead,percent,2.01728311100356e-09,Bin,0.5,0.6
Arizona,2 wk ahead,percent,2.87662825361866e-09,Bin,0.6,0.7
Arizona,2 wk ahead,percent,3.69632483107516e-09,Bin,0.7,0.8
Arizona,2 wk ahead,percent,4.33892523564721e-09,Bin,0.8,0.9
Arizona,2 wk ahead,percent,4.71036313050899e-09,Bin,0.9,1.0
Arizona,2 wk ahead,percent,4.76574286141986e-09,Bin,1.0,1.1
Arizona,2 wk ahead,percent,0.00200000436197751,Bin,1.1,1.2
Arizona,2 wk ahead,percent,4.0212129187504e-09,Bin,1.2,1.3
Arizona,2 wk ahead,percent,3.47766664395157e-09,Bin,1.3,1.4
Arizona,2 wk ahead,percent,0.00400000281916153,Bin,1.4,1.5
Arizona,2 wk ahead,percent,3.10845771795979e-09,Bin,1.5,1.6
Arizona,2 wk ahead,percent,0.002000003310588,Bin,1.6,1.7
Arizona,2 wk ahead,percent,0.00800000337401189,Bin,1.7,1.8
Arizona,2 wk ahead,percent,4.33661373896464e-09,Bin,1.8,1.9
Arizona,2 wk ahead,percent,0.00600000390525863,Bin,1.9,2.0
Arizona,2 wk ahead,percent,0.0140000029070141,Bin,2.0,2.1
Arizona,2 wk ahead,percent,0.0140000021824287,Bin,2.1,2.2
Arizona,2 wk ahead,percent,0.0339999998491092,Bin,2.2,2.3
Arizona,2 wk ahead,percent,0.0519999977116259,Bin,2.3,2.4
Arizona,2 wk ahead,percent,0.0339999983984029,Bin,2.4,2.5
Arizona,2 wk ahead,percent,0.0619999958934374,Bin,2.5,2.6
Arizona,2 wk ahead,percent,0.0839999940125224,Bin,2.6,2.7
Arizona,2 wk ahead,percent,0.0739999946215825,Bin,2.7,2.8
Arizona,2 wk ahead,percent,0.0839999938273119,Bin,2.8,2.9
Arizona,2 wk ahead,percent,0.0779999942586714,Bin,2.9,3.0
Arizona,2 wk ahead,percent,0.067999994997075,Bin,3.0,3.1
Arizona,2 wk ahead,percent,0.067999994997075,Bin,3.1,3.2
Arizona,2 wk ahead,percent,0.0519999961785207,Bin,3.2,3.3
Arizona,2 wk ahead,percent,0.0639999952924364,Bin,3.3,3.4
Arizona,2 wk ahead,percent,0.0479999964738822,Bin,3.4,3.5
Arizona,2 wk ahead,percent,0.0339999975076472,Bin,3.5,3.6
Arizona,2 wk ahead,percent,0.0359999973599665,Bin,3.6,3.7
Arizona,2 wk ahead,percent,0.017999998689093,Bin,3.7,3.8
Arizona,2 wk ahead,percent,0.0139999989844544,Bin,3.8,3.9
Arizona,2 wk ahead,percent,0.00999999927981584,Bin,3.9,4.0
Arizona,2 wk ahead,percent,0.0159999988367737,Bin,4.0,4.1
Arizona,2 wk ahead,percent,0.003999999722858,Bin,4.1,4.2
Arizona,2 wk ahead,percent,1.82194404122474e-11,Bin,4.2,4.3
Arizona,2 wk ahead,percent,0.00599999957517728,Bin,4.3,4.4
Arizona,2 wk ahead,percent,1.82194404122474e-11,Bin,4.4,4.5
Arizona,2 wk ahead,percent,1.82194404122474e-11,Bin,4.5,4.6
Arizona,2 wk ahead,percent,0.00199999987053872,Bin,4.6,4.7
Arizona,2 wk ahead,percent,1.82194404122474e-11,Bin,4.7,4.8
Arizona,2 wk ahead,percent,1.82194404122474e-11,Bin,4.8,4.9
Arizona,2 wk ahead,percent,0.00199999987053872,Bin,4.9,5.0
Arizona,2 wk ahead,percent,0.00199999987053872,Bin,5.0,5.1
Arizona,2 wk ahead,percent,1.82194404122474e-11,Bin,5.1,5.2
Arizona,2 wk ahead,percent,1.82194404122474e-11,Bin,5.2,5.3
Arizona,2 wk ahead,percent,1.82194404122474e-11,Bin,5.3,5.4
Arizona,2 wk ahead,percent,1.82194404122474e-11,Bin,5.4,5.5
Arizona,2 wk ahead,percent,0.00199999987053872,Bin,5.5,5.6
Arizona,2 wk ahead,percent,1.82194404122474e-11,Bin,5.6,5.7
Arizona,2 wk ahead,percent,0.00199999987053872,Bin,5.7,5.8
Arizona,2 wk ahead,percent,1.82194404122474e-11,Bin,5.8,5.9
Arizona,2 wk ahead,percent,1.82194404122474e-11,Bin,5.9,6.0
Arizona,2 wk ahead,percent,1.82194404122474e-11,Bin,6.0,6.1
Arizona,2 wk ahead,percent,1.82194404122474e-11,Bin,6.1,6.2
Arizona,2 wk ahead,percent,1.82194404122474e-11,Bin,6.2,6.3
Arizona,2 wk ahead,percent,1.82194404122474e-11,Bin,6.3,6.4
Arizona,2 wk ahead,percent,1.82194404122474e-11,Bin,6.4,6.5
Arizona,2 wk ahead,percent,1.82194404122474e-11,Bin,6.5,6.6
Arizona,2 wk ahead,percent,1.82194404122474e-11,Bin,6.6,6.7
Arizona,2 wk ahead,percent,1.82194404122474e-11,Bin,6.7,6.8
Arizona,2 wk ahead,percent,1.82194404122474e-11,Bin,6.8,6.9
Arizona,2 wk ahead,percent,1.82194404122474e-11,Bin,6.9,7.0
Arizona,2 wk ahead,percent,1.82194404122474e-11,Bin,7.0,7.1
Arizona,2 wk ahead,percent,1.82194404122474e-11,Bin,7.1,7.2
Arizona,2 wk ahead,percent,1.82194404122474e-11,Bin,7.2,7.3
Arizona,2 wk ahead,percent,1.82194404122474e-11,Bin,7.3,7.4
Arizona,2 wk ahead,percent,1.82194404122474e-11,Bin,7.4,7.5
Arizona,2 wk ahead,percent,1.82194404122474e-11,Bin,7.5,7.6
Arizona,2 wk ahead,percent,1.82194404122474e-11,Bin,7.6,7.7
Arizona,2 wk ahead,percent,1.82194404122474e-11,Bin,7.7,7.8
Arizona,2 wk ahead,percent,1.82194404122474e-11,Bin,7.8,7.9
Arizona,2 wk ahead,percent,1.82194404122474e-11,Bin,7.9,8.0
Arizona,2 wk ahead,percent,1.82194404122476e-11,Bin,8.0,8.1
Arizona,2 wk ahead,percent,1.82194404122477e-11,Bin,8.1,8.2
Arizona,2 wk ahead,percent,1.82194404122477e-11,Bin,8.2,8.3
Arizona,2 wk ahead,percent,1.82194404122477e-11,Bin,8.3,8.4
Arizona,2 wk ahead,percent,1.82194404122477e-11,Bin,8.4,8.5
Arizona,2 wk ahead,percent,1.82194404122477e-11,Bin,8.5,8.6
Arizona,2 wk ahead,percent,1.82194404122477e-11,Bin,8.6,8.7
Arizona,2 wk ahead,percent,1.82194404122477e-11,Bin,8.7,8.8
Arizona,2 wk ahead,percent,1.82194404122477e-11,Bin,8.8,8.9
Arizona,2 wk ahead,percent,1.82194404122477e-11,Bin,8.9,9.0
Arizona,2 wk ahead,percent,1.82194404122477e-11,Bin,9.0,9.1
Arizona,2 wk ahead,percent,1.82194404122477e-11,Bin,9.1,9.2
Arizona,2 wk ahead,percent,1.82194404122477e-11,Bin,9.2,9.3
Arizona,2 wk ahead,percent,1.82194404122477e-11,Bin,9.3,9.4
Arizona,2 wk ahead,percent,1.82194404122477e-11,Bin,9.4,9.5
Arizona,2 wk ahead,percent,1.82194404122477e-11,Bin,9.5,9.6
Arizona,2 wk ahead,percent,1.82194404122477e-11,Bin,9.6,9.7
Arizona,2 wk ahead,percent,1.82194404122477e-11,Bin,9.7,9.8
Arizona,2 wk ahead,percent,1.82194404122477e-11,Bin,9.8,9.9
Arizona,2 wk ahead,percent,1.82194404122477e-11,Bin,9.9,10.0
Arizona,2 wk ahead,percent,1.82194404122477e-11,Bin,10.0,10.1
Arizona,2 wk ahead,percent,1.82194404122477e-11,Bin,10.1,10.2
Arizona,2 wk ahead,percent,1.82194404122477e-11,Bin,10.2,10.3
Arizona,2 wk ahead,percent,1.82194404122477e-11,Bin,10.3,10.4
Arizona,2 wk ahead,percent,1.82194404122477e-11,Bin,10.4,10.5
Arizona,2 wk ahead,percent,1.82194404122477e-11,Bin,10.5,10.6
Arizona,2 wk ahead,percent,1.82194404122477e-11,Bin,10.6,10.7
Arizona,2 wk ahead,percent,1.82194404122477e-11,Bin,10.7,10.8
Arizona,2 wk ahead,percent,1.82194404122477e-11,Bin,10.8,10.9
Arizona,2 wk ahead,percent,1.82194404122477e-11,Bin,10.9,11.0
Arizona,2 wk ahead,percent,1.82194404122477e-11,Bin,11.0,11.1
Arizona,2 wk ahead,percent,1.82194404122477e-11,Bin,11.1,11.2
Arizona,2 wk ahead,percent,1.82194404122477e-11,Bin,11.2,11.3
Arizona,2 wk ahead,percent,1.82194404122477e-11,Bin,11.3,11.4
Arizona,2 wk ahead,percent,1.82194404122477e-11,Bin,11.4,11.5
Arizona,2 wk ahead,percent,1.82194404122477e-11,Bin,11.5,11.6
Arizona,2 wk ahead,percent,1.82194404122477e-11,Bin,11.6,11.7
Arizona,2 wk ahead,percent,1.82194404122477e-11,Bin,11.7,11.8
Arizona,2 wk ahead,percent,1.82194404122477e-11,Bin,11.8,11.9
Arizona,2 wk ahead,percent,1.82194404122477e-11,Bin,11.9,12.0
Arizona,2 wk ahead,percent,1.82194404122477e-11,Bin,12.0,12.1
Arizona,2 wk ahead,percent,1.82194404122477e-11,Bin,12.1,12.2
Arizona,2 wk ahead,percent,1.82194404122477e-11,Bin,12.2,12.3
Arizona,2 wk ahead,percent,1.82194404122477e-11,Bin,12.3,12.4
Arizona,2 wk ahead,percent,1.82194404122477e-11,Bin,12.4,12.5
Arizona,2 wk ahead,percent,1.82194404122477e-11,Bin,12.5,12.6
Arizona,2 wk ahead,percent,1.82194404122477e-11,Bin,12.6,12.7
Arizona,2 wk ahead,percent,1.82194404122477e-11,Bin,12.7,12.8
Arizona,2 wk ahead,percent,1.82194404122477e-11,Bin,12.8,12.9
Arizona,2 wk ahead,percent,1.82194404122477e-11,Bin,12.9,13.0
Arizona,2 wk ahead,percent,1.82194404122477e-11,Bin,13.0,100.0
Arizona,3 wk ahead,percent,9.1863055044078e-10,Bin,0.0,0.1
Arizona,3 wk ahead,percent,2.42100066170862e-09,Bin,0.1,0.2
Arizona,3 wk ahead,percent,3.34608320941563e-09,Bin,0.2,0.3
Arizona,3 wk ahead,percent,4.42449932625268e-09,Bin,0.3,0.4
Arizona,3 wk ahead,percent,5.60799912933081e-09,Bin,0.4,0.5
Arizona,3 wk ahead,percent,6.82741904307616e-09,Bin,0.5,0.6
Arizona,3 wk ahead,percent,8.00129468446235e-09,Bin,0.6,0.7
Arizona,3 wk ahead,percent,9.0482245354152e-09,Bin,0.7,0.8
Arizona,3 wk ahead,percent,9.90050552359813e-09,Bin,0.8,0.9
Arizona,3 wk ahead,percent,1.05164684303812e-08,Bin,0.9,1.0
Arizona,3 wk ahead,percent,0.00200001046718785,Bin,1.0,1.1
Arizona,3 wk ahead,percent,0.00200001062016692,Bin,1.1,1.2
Arizona,3 wk ahead,percent,0.00200001060620693,Bin,1.2,1.3
Arizona,3 wk ahead,percent,0.00200001048685361,Bin,1.3,1.4
Arizona,3 wk ahead,percent,0.00400000989419105,Bin,1.4,1.5
Arizona,3 wk ahead,percent,0.00800000885622991,Bin,1.5,1.6
Arizona,3 wk ahead,percent,0.0100000082102451,Bin,1.6,1.7
Arizona,3 wk ahead,percent,0.014000007081682,Bin,1.7,1.8
Arizona,3 wk ahead,percent,0.0360000020564977,Bin,1.8,1.9
Arizona,3 wk ahead,percent,0.0439999998239878,Bin,1.9,2.0
Arizona,3 wk ahead,percent,0.0699999936286189,Bin,2.0,2.1
Arizona,3 wk ahead,percent,0.0679999931573138,Bin,2.1,2.2
Arizona,3 wk ahead,percent,0.0819999891918474,Bin,2.2,2.3
Arizona,3 wk ahead,percent,0.0919999860029235,Bin,2.3,2.4
Arizona,3 wk ahead,percent,0.0799999874500565,Bin,2.4,2.5
Arizona,3 wk ahead,percent,0.0699999885510197,Bin,2.5,2.6
Arizona,3 wk ahead,percent,0.0579999901989249,Bin,2.6,2.7
Arizona,3 wk ahead,percent,0.0679999873733754,Bin,2.7,2.8
Arizona,3 wk ahead,percent,0.0559999893389635,Bin,2.8,2.9
Arizona,3 wk ahead,percent,0.0579999885093045,Bin,2.9,3.0
Arizona,3 wk ahead,percent,0.035999992856362,Bin,3.0,3.1
Arizona,3 wk ahead,percent,0.0299999939354095,Bin,3.1,3.2
Arizona,3 wk ahead,percent,0.0239999950852972,Bin,3.2,3.3
Arizona,3 wk ahead,percent,0.0259999945993082,Bin,3.3,3.4
Arizona,3 wk ahead,percent,0.0039999991951788,Bin,3.4,3.5
Arizona,3 wk ahead,percent,0.0099999979289921,Bin,3.5,3.6
Arizona,3 wk ahead,percent,0.0179999962457472,Bin,3.6,3.7
Arizona,3 wk ahead,percent,0.00399999919142575,Bin,3.7,3.8
Arizona,3 wk ahead,percent,0.00199999961223696,Bin,3.8,3.9
Arizona,3 wk ahead,percent,0.00399999919142575,Bin,3.9,4.0
Arizona,3 wk ahead,percent,0.00199999961223696,Bin,4.0,4.1
Arizona,3 wk ahead,percent,0.00199999961223696,Bin,4.1,4.2
Arizona,3 wk ahead,percent,0.00399999919142575,Bin,4.2,4.3
Arizona,3 wk ahead,percent,0.00199999961223696,Bin,4.3,4.4
Arizona,3 wk ahead,percent,0.00199999961223696,Bin,4.4,4.5
Arizona,3 wk ahead,percent,0.00399999919142575,Bin,4.5,4.6
Arizona,3 wk ahead,percent,3.30481793477156e-11,Bin,4.6,4.7
Arizona,3 wk ahead,percent,3.30481793477156e-11,Bin,4.7,4.8
Arizona,3 wk ahead,percent,3.30481793477156e-11,Bin,4.8,4.9
Arizona,3 wk ahead,percent,3.30481793477156e-11,Bin,4.9,5.0
Arizona,3 wk ahead,percent,3.30481793477156e-11,Bin,5.0,5.1
Arizona,3 wk ahead,percent,3.30481793477156e-11,Bin,5.1,5.2
Arizona,3 wk ahead,percent,3.30481793477156e-11,Bin,5.2,5.3
Arizona,3 wk ahead,percent,3.30481793477156e-11,Bin,5.3,5.4
Arizona,3 wk ahead,percent,3.30481793477156e-11,Bin,5.4,5.5
Arizona,3 wk ahead,percent,3.30481793477156e-11,Bin,5.5,5.6
Arizona,3 wk ahead,percent,3.30481793477156e-11,Bin,5.6,5.7
Arizona,3 wk ahead,percent,3.30481793477156e-11,Bin,5.7,5.8
Arizona,3 wk ahead,percent,3.30481793477156e-11,Bin,5.8,5.9
Arizona,3 wk ahead,percent,3.30481793477156e-11,Bin,5.9,6.0
Arizona,3 wk ahead,percent,3.30481793477156e-11,Bin,6.0,6.1
Arizona,3 wk ahead,percent,3.30481793477156e-11,Bin,6.1,6.2
Arizona,3 wk ahead,percent,3.30481793477156e-11,Bin,6.2,6.3
Arizona,3 wk ahead,percent,3.30481793477156e-11,Bin,6.3,6.4
Arizona,3 wk ahead,percent,3.30481793477156e-11,Bin,6.4,6.5
Arizona,3 wk ahead,percent,3.30481793477156e-11,Bin,6.5,6.6
Arizona,3 wk ahead,percent,3.30481793477156e-11,Bin,6.6,6.7
Arizona,3 wk ahead,percent,3.30481793477156e-11,Bin,6.7,6.8
Arizona,3 wk ahead,percent,3.30481793477156e-11,Bin,6.8,6.9
Arizona,3 wk ahead,percent,3.30481793477156e-11,Bin,6.9,7.0
Arizona,3 wk ahead,percent,3.30481793477156e-11,Bin,7.0,7.1
Arizona,3 wk ahead,percent,3.30481793477156e-11,Bin,7.1,7.2
Arizona,3 wk ahead,percent,3.30481793477156e-11,Bin,7.2,7.3
Arizona,3 wk ahead,percent,3.30481793477156e-11,Bin,7.3,7.4
Arizona,3 wk ahead,percent,3.30481793477156e-11,Bin,7.4,7.5
Arizona,3 wk ahead,percent,3.30481793477156e-11,Bin,7.5,7.6
Arizona,3 wk ahead,percent,3.30481793477156e-11,Bin,7.6,7.7
Arizona,3 wk ahead,percent,3.30481793477156e-11,Bin,7.7,7.8
Arizona,3 wk ahead,percent,3.30481793477156e-11,Bin,7.8,7.9
Arizona,3 wk ahead,percent,3.30481793477156e-11,Bin,7.9,8.0
Arizona,3 wk ahead,percent,3.30481793477159e-11,Bin,8.0,8.1
Arizona,3 wk ahead,percent,3.30481793477162e-11,Bin,8.1,8.2
Arizona,3 wk ahead,percent,3.30481793477162e-11,Bin,8.2,8.3
Arizona,3 wk ahead,percent,3.30481793477162e-11,Bin,8.3,8.4
Arizona,3 wk ahead,percent,3.30481793477162e-11,Bin,8.4,8.5
Arizona,3 wk ahead,percent,3.30481793477162e-11,Bin,8.5,8.6
Arizona,3 wk ahead,percent,3.30481793477162e-11,Bin,8.6,8.7
Arizona,3 wk ahead,percent,3.30481793477162e-11,Bin,8.7,8.8
Arizona,3 wk ahead,percent,3.30481793477162e-11,Bin,8.8,8.9
Arizona,3 wk ahead,percent,3.30481793477162e-11,Bin,8.9,9.0
Arizona,3 wk ahead,percent,3.30481793477162e-11,Bin,9.0,9.1
Arizona,3 wk ahead,percent,3.30481793477162e-11,Bin,9.1,9.2
Arizona,3 wk ahead,percent,3.30481793477162e-11,Bin,9.2,9.3
Arizona,3 wk ahead,percent,3.30481793477162e-11,Bin,9.3,9.4
Arizona,3 wk ahead,percent,3.30481793477162e-11,Bin,9.4,9.5
Arizona,3 wk ahead,percent,3.30481793477162e-11,Bin,9.5,9.6
Arizona,3 wk ahead,percent,3.30481793477162e-11,Bin,9.6,9.7
Arizona,3 wk ahead,percent,3.30481793477162e-11,Bin,9.7,9.8
Arizona,3 wk ahead,percent,3.30481793477162e-11,Bin,9.8,9.9
Arizona,3 wk ahead,percent,3.30481793477162e-11,Bin,9.9,10.0
Arizona,3 wk ahead,percent,3.30481793477162e-11,Bin,10.0,10.1
Arizona,3 wk ahead,percent,3.30481793477162e-11,Bin,10.1,10.2
Arizona,3 wk ahead,percent,3.30481793477162e-11,Bin,10.2,10.3
Arizona,3 wk ahead,percent,3.30481793477162e-11,Bin,10.3,10.4
Arizona,3 wk ahead,percent,3.30481793477162e-11,Bin,10.4,10.5
Arizona,3 wk ahead,percent,3.30481793477162e-11,Bin,10.5,10.6
Arizona,3 wk ahead,percent,3.30481793477162e-11,Bin,10.6,10.7
Arizona,3 wk ahead,percent,3.30481793477162e-11,Bin,10.7,10.8
Arizona,3 wk ahead,percent,3.30481793477162e-11,Bin,10.8,10.9
Arizona,3 wk ahead,percent,3.30481793477162e-11,Bin,10.9,11.0
Arizona,3 wk ahead,percent,3.30481793477162e-11,Bin,11.0,11.1
Arizona,3 wk ahead,percent,3.30481793477162e-11,Bin,11.1,11.2
Arizona,3 wk ahead,percent,3.30481793477162e-11,Bin,11.2,11.3
Arizona,3 wk ahead,percent,3.30481793477162e-11,Bin,11.3,11.4
Arizona,3 wk ahead,percent,3.30481793477162e-11,Bin,11.4,11.5
Arizona,3 wk ahead,percent,3.30481793477162e-11,Bin,11.5,11.6
Arizona,3 wk ahead,percent,3.30481793477162e-11,Bin,11.6,11.7
Arizona,3 wk ahead,percent,3.30481793477162e-11,Bin,11.7,11.8
Arizona,3 wk ahead,percent,3.30481793477162e-11,Bin,11.8,11.9
Arizona,3 wk ahead,percent,3.30481793477162e-11,Bin,11.9,12.0
Arizona,3 wk ahead,percent,3.30481793477162e-11,Bin,12.0,12.1
Arizona,3 wk ahead,percent,3.30481793477162e-11,Bin,12.1,12.2
Arizona,3 wk ahead,percent,3.30481793477162e-11,Bin,12.2,12.3
Arizona,3 wk ahead,percent,3.30481793477162e-11,Bin,12.3,12.4
Arizona,3 wk ahead,percent,3.30481793477162e-11,Bin,12.4,12.5
Arizona,3 wk ahead,percent,3.30481793477162e-11,Bin,12.5,12.6
Arizona,3 wk ahead,percent,3.30481793477162e-11,Bin,12.6,12.7
Arizona,3 wk ahead,percent,3.30481793477162e-11,Bin,12.7,12.8
Arizona,3 wk ahead,percent,3.30481793477162e-11,Bin,12.8,12.9
Arizona,3 wk ahead,percent,3.30481793477162e-11,Bin,12.9,13.0
Arizona,3 wk ahead,percent,3.30481793477162e-11,Bin,13.0,100.0
Arizona,4 wk ahead,percent,4.38434703820895e-11,Bin,0.0,0.1
Arizona,4 wk ahead,percent,1.1343562769157e-10,Bin,0.1,0.2
Arizona,4 wk ahead,percent,5.51893418091308e-10,Bin,0.2,0.3
Arizona,4 wk ahead,percent,2.14925332683722e-09,Bin,0.3,0.4
Arizona,4 wk ahead,percent,5.66757120319954e-09,Bin,0.4,0.5
Arizona,4 wk ahead,percent,1.03150448996634e-08,Bin,0.5,0.6
Arizona,4 wk ahead,percent,1.3468713987957e-08,Bin,0.6,0.7
Arizona,4 wk ahead,percent,1.37696760239437e-08,Bin,0.7,0.8
Arizona,4 wk ahead,percent,1.27790447297066e-08,Bin,0.8,0.9
Arizona,4 wk ahead,percent,1.20415693276127e-08,Bin,0.9,1.0
Arizona,4 wk ahead,percent,0.00200001185318717,Bin,1.0,1.1
Arizona,4 wk ahead,percent,0.00600001409055977,Bin,1.1,1.2
Arizona,4 wk ahead,percent,0.00200002057741243,Bin,1.2,1.3
Arizona,4 wk ahead,percent,0.00400002283184763,Bin,1.3,1.4
Arizona,4 wk ahead,percent,0.0180000154077815,Bin,1.4,1.5
Arizona,4 wk ahead,percent,0.0180000069980267,Bin,1.5,1.6
Arizona,4 wk ahead,percent,0.0339999970406503,Bin,1.6,1.7
Arizona,4 wk ahead,percent,0.0519999903738554,Bin,1.7,1.8
Arizona,4 wk ahead,percent,0.0599999884892293,Bin,1.8,1.9
Arizona,4 wk ahead,percent,0.0679999883414244,Bin,1.9,2.0
Arizona,4 wk ahead,percent,0.0779999885768208,Bin,2.0,2.1
Arizona,4 wk ahead,percent,0.0659999923333054,Bin,2.1,2.2
Arizona,4 wk ahead,percent,0.095999984922481,Bin,2.2,2.3
Arizona,4 wk ahead,percent,0.0879999842539149,Bin,2.3,2.4
Arizona,4 wk ahead,percent,0.0499999904637814,Bin,2.4,2.5
Arizona,4 wk ahead,percent,0.0739999846930455,Bin,2.5,2.6
Arizona,4 wk ahead,percent,0.0459999904195814,Bin,2.6,2.7
Arizona,4 wk ahead,percent,0.0499999895801412,Bin,2.7,2.8
Arizona,4 wk ahead,percent,0.0499999895801412,Bin,2.8,2.9
Arizona,4 wk ahead,percent,0.023999995035312,Bin,2.9,3.0
Arizona,4 wk ahead,percent,0.0159999967138261,Bin,3.0,3.1
Arizona,4 wk ahead,percent,0.023999995035312,Bin,3.1,3.2
Arizona,4 wk ahead,percent,0.0259999946156834,Bin,3.2,3.3
Arizona,4 wk ahead,percent,0.00599999881196869,Bin,3.3,3.4
Arizona,4 wk ahead,percent,0.00999999797271164,Bin,3.4,3.5
Arizona,4 wk ahead,percent,0.00799999839234017,Bin,3.5,3.6
Arizona,4 wk ahead,percent,0.00199999965122574,Bin,3.6,3.7
Arizona,4 wk ahead,percent,0.00599999881196869,Bin,3.7,3.8
Arizona,4 wk ahead,percent,0.00399999923159721,Bin,3.8,3.9
Arizona,4 wk ahead,percent,0.00399999923159721,Bin,3.9,4.0
Arizona,4 wk ahead,percent,0.00199999965122574,Bin,4.0,4.1
Arizona,4 wk ahead,percent,0.00199999965122574,Bin,4.1,4.2
Arizona,4 wk ahead,percent,0.00199999965122574,Bin,4.2,4.3
Arizona,4 wk ahead,percent,7.08542592345399e-11,Bin,4.3,4.4
Arizona,4 wk ahead,percent,7.08542592345399e-11,Bin,4.4,4.5
Arizona,4 wk ahead,percent,7.08542592345399e-11,Bin,4.5,4.6
Arizona,4 wk ahead,percent,7.08542592345399e-11,Bin,4.6,4.7
Arizona,4 wk ahead,percent,7.08542592345399e-11,Bin,4.7,4.8
Arizona,4 wk ahead,percent,0.00199999965122574,Bin,4.8,4.9
Arizona,4 wk ahead,percent,7.08542592345399e-11,Bin,4.9,5.0
Arizona,4 wk ahead,percent,7.08542592345399e-11,Bin,5.0,5.1
Arizona,4 wk ahead,percent,7.08542592345399e-11,Bin,5.1,5.2
Arizona,4 wk ahead,percent,7.08542592345399e-11,Bin,5.2,5.3
Arizona,4 wk ahead,percent,7.08542592345399e-11,Bin,5.3,5.4
Arizona,4 wk ahead,percent,7.08542592345399e-11,Bin,5.4,5.5
Arizona,4 wk ahead,percent,7.08542592345399e-11,Bin,5.5,5.6
Arizona,4 wk ahead,percent,7.08542592345399e-11,Bin,5.6,5.7
Arizona,4 wk ahead,percent,7.08542592345399e-11,Bin,5.7,5.8
Arizona,4 wk ahead,percent,7.08542592345399e-11,Bin,5.8,5.9
Arizona,4 wk ahead,percent,7.08542592345399e-11,Bin,5.9,6.0
Arizona,4 wk ahead,percent,7.08542592345399e-11,Bin,6.0,6.1
Arizona,4 wk ahead,percent,7.08542592345399e-11,Bin,6.1,6.2
Arizona,4 wk ahead,percent,7.08542592345399e-11,Bin,6.2,6.3
Arizona,4 wk ahead,percent,7.08542592345399e-11,Bin,6.3,6.4
Arizona,4 wk ahead,percent,7.08542592345399e-11,Bin,6.4,6.5
Arizona,4 wk ahead,percent,7.08542592345399e-11,Bin,6.5,6.6
Arizona,4 wk ahead,percent,7.08542592345399e-11,Bin,6.6,6.7
Arizona,4 wk ahead,percent,7.08542592345399e-11,Bin,6.7,6.8
Arizona,4 wk ahead,percent,7.08542592345399e-11,Bin,6.8,6.9
Arizona,4 wk ahead,percent,7.08542592345399e-11,Bin,6.9,7.0
Arizona,4 wk ahead,percent,7.08542592345399e-11,Bin,7.0,7.1
Arizona,4 wk ahead,percent,7.08542592345399e-11,Bin,7.1,7.2
Arizona,4 wk ahead,percent,7.08542592345399e-11,Bin,7.2,7.3
Arizona,4 wk ahead,percent,7.08542592345399e-11,Bin,7.3,7.4
Arizona,4 wk ahead,percent,7.08542592345399e-11,Bin,7.4,7.5
Arizona,4 wk ahead,percent,7.08542592345399e-11,Bin,7.5,7.6
Arizona,4 wk ahead,percent,7.08542592345399e-11,Bin,7.6,7.7
Arizona,4 wk ahead,percent,7.08542592345399e-11,Bin,7.7,7.8
Arizona,4 wk ahead,percent,7.08542592345399e-11,Bin,7.8,7.9
Arizona,4 wk ahead,percent,7.08542592345399e-11,Bin,7.9,8.0
Arizona,4 wk ahead,percent,7.08542592345406e-11,Bin,8.0,8.1
Arizona,4 wk ahead,percent,7.08542592345412e-11,Bin,8.1,8.2
Arizona,4 wk ahead,percent,7.08542592345412e-11,Bin,8.2,8.3
Arizona,4 wk ahead,percent,7.08542592345412e-11,Bin,8.3,8.4
Arizona,4 wk ahead,percent,7.08542592345412e-11,Bin,8.4,8.5
Arizona,4 wk ahead,percent,7.08542592345412e-11,Bin,8.5,8.6
Arizona,4 wk ahead,percent,7.08542592345412e-11,Bin,8.6,8.7
Arizona,4 wk ahead,percent,7.08542592345412e-11,Bin,8.7,8.8
Arizona,4 wk ahead,percent,7.08542592345412e-11,Bin,8.8,8.9
Arizona,4 wk ahead,percent,7.08542592345412e-11,Bin,8.9,9.0
Arizona,4 wk ahead,percent,7.08542592345412e-11,Bin,9.0,9.1
Arizona,4 wk ahead,percent,7.08542592345412e-11,Bin,9.1,9.2
Arizona,4 wk ahead,percent,7.08542592345412e-11,Bin,9.2,9.3
Arizona,4 wk ahead,percent,7.08542592345412e-11,Bin,9.3,9.4
Arizona,4 wk ahead,percent,7.08542592345412e-11,Bin,9.4,9.5
Arizona,4 wk ahead,percent,7.08542592345412e-11,Bin,9.5,9.6
Arizona,4 wk ahead,percent,7.08542592345412e-11,Bin,9.6,9.7
Arizona,4 wk ahead,percent,7.08542592345412e-11,Bin,9.7,9.8
Arizona,4 wk ahead,percent,7.08542592345412e-11,Bin,9.8,9.9
Arizona,4 wk ahead,percent,7.08542592345412e-11,Bin,9.9,10.0
Arizona,4 wk ahead,percent,7.08542592345412e-11,Bin,10.0,10.1
Arizona,4 wk ahead,percent,7.08542592345412e-11,Bin,10.1,10.2
Arizona,4 wk ahead,percent,7.08542592345412e-11,Bin,10.2,10.3
Arizona,4 wk ahead,percent,7.08542592345412e-11,Bin,10.3,10.4
Arizona,4 wk ahead,percent,7.08542592345412e-11,Bin,10.4,10.5
Arizona,4 wk ahead,percent,7.08542592345412e-11,Bin,10.5,10.6
Arizona,4 wk ahead,percent,7.08542592345412e-11,Bin,10.6,10.7
Arizona,4 wk ahead,percent,7.08542592345412e-11,Bin,10.7,10.8
Arizona,4 wk ahead,percent,7.08542592345412e-11,Bin,10.8,10.9
Arizona,4 wk ahead,percent,7.08542592345412e-11,Bin,10.9,11.0
Arizona,4 wk ahead,percent,7.08542592345412e-11,Bin,11.0,11.1
Arizona,4 wk ahead,percent,7.08542592345412e-11,Bin,11.1,11.2
Arizona,4 wk ahead,percent,7.08542592345412e-11,Bin,11.2,11.3
Arizona,4 wk ahead,percent,7.08542592345412e-11,Bin,11.3,11.4
Arizona,4 wk ahead,percent,7.08542592345412e-11,Bin,11.4,11.5
Arizona,4 wk ahead,percent,7.08542592345412e-11,Bin,11.5,11.6
Arizona,4 wk ahead,percent,7.08542592345412e-11,Bin,11.6,11.7
Arizona,4 wk ahead,percent,7.08542592345412e-11,Bin,11.7,11.8
Arizona,4 wk ahead,percent,7.08542592345412e-11,Bin,11.8,11.9
Arizona,4 wk ahead,percent,7.08542592345412e-11,Bin,11.9,12.0
Arizona,4 wk ahead,percent,7.08542592345412e-11,Bin,12.0,12.1
Arizona,4 wk ahead,percent,7.08542592345412e-11,Bin,12.1,12.2
Arizona,4 wk ahead,percent,7.08542592345412e-11,Bin,12.2,12.3
Arizona,4 wk ahead,percent,7.08542592345412e-11,Bin,12.3,12.4
Arizona,4 wk ahead,percent,7.08542592345412e-11,Bin,12.4,12.5
Arizona,4 wk ahead,percent,7.08542592345412e-11,Bin,12.5,12.6
Arizona,4 wk ahead,percent,7.08542592345412e-11,Bin,12.6,12.7
Arizona,4 wk ahead,percent,7.08542592345412e-11,Bin,12.7,12.8
Arizona,4 wk ahead,percent,7.08542592345412e-11,Bin,12.8,12.9
Arizona,4 wk ahead,percent,7.08542592345412e-11,Bin,12.9,13.0
Arizona,4 wk ahead,percent,7.08542592345412e-11,Bin,13.0,100.0
Arizona,Season peak percentage,percent,1.15237619393106e-13,Bin,0.0,0.1
Arizona,Season peak percentage,percent,3.06728048151951e-13,Bin,0.1,0.2
Arizona,Season peak percentage,percent,4.39229773008993e-13,Bin,0.2,0.3
Arizona,Season peak percentage,percent,6.17167220338857e-13,Bin,0.3,0.4
Arizona,Season peak percentage,percent,8.51047640491581e-13,Bin,0.4,0.5
Arizona,Season peak percentage,percent,1.15210144377805e-12,Bin,0.5,0.6
Arizona,Season peak percentage,percent,1.53165629154979e-12,Bin,0.6,0.7
Arizona,Season peak percentage,percent,2.00043457776891e-12,Bin,0.7,0.8
Arizona,Season peak percentage,percent,2.56785974782245e-12,Bin,0.8,0.9
Arizona,Season peak percentage,percent,3.24128816464228e-12,Bin,0.9,1.0
Arizona,Season peak percentage,percent,4.02542307392094e-12,Bin,1.0,1.1
Arizona,Season peak percentage,percent,4.92203178335328e-12,Bin,1.1,1.2
Arizona,Season peak percentage,percent,5.92947969931607e-12,Bin,1.2,1.3
Arizona,Season peak percentage,percent,7.04299384492032e-12,Bin,1.3,1.4
Arizona,Season peak percentage,percent,8.25505031230476e-12,Bin,1.4,1.5
Arizona,Season peak percentage,percent,9.55575987992805e-12,Bin,1.5,1.6
Arizona,Season peak percentage,percent,1.09331956107508e-11,Bin,1.6,1.7
Arizona,Season peak percentage,percent,1.23737697415078e-11,Bin,1.7,1.8
Arizona,Season peak percentage,percent,1.38622901607872e-11,Bin,1.8,1.9
Arizona,Season peak percentage,percent,1.53815881824478e-11,Bin,1.9,2.0
Arizona,Season peak percentage,percent,1.69119692307265e-11,Bin,2.0,2.1
Arizona,Season peak percentage,percent,1.84305427996648e-11,Bin,2.1,2.2
Arizona,Season peak percentage,percent,1.99106365679698e-11,Bin,2.2,2.3
Arizona,Season peak percentage,percent,2.13216455152026e-11,Bin,2.3,2.4
Arizona,Season peak percentage,percent,2.2629323570024e-11,Bin,2.4,2.5
Arizona,Season peak percentage,percent,2.37970294345116e-11,Bin,2.5,2.6
Arizona,Season peak percentage,percent,2.47876038334531e-11,Bin,2.6,2.7
Arizona,Season peak percentage,percent,2.55659625298015e-11,Bin,2.7,2.8
Arizona,Season peak percentage,percent,2.61023033542914e-11,Bin,2.8,2.9
Arizona,Season peak percentage,percent,2.63746234823576e-11,Bin,2.9,3.0
Arizona,Season peak percentage,percent,2.63715072154501e-11,Bin,3.0,3.1
Arizona,Season peak percentage,percent,2.60941461706737e-11,Bin,3.1,3.2
Arizona,Season peak percentage,percent,2.55568172591912e-11,Bin,3.2,3.3
Arizona,Season peak percentage,percent,2.47867938584718e-11,Bin,3.3,3.4
Arizona,Season peak percentage,percent,2.3822801317601e-11,Bin,3.4,3.5
Arizona,Season peak percentage,percent,2.27126409298784e-11,Bin,3.5,3.6
Arizona,Season peak percentage,percent,2.15105426838207e-11,Bin,3.6,3.7
Arizona,Season peak percentage,percent,2.02737044781456e-11,Bin,3.7,3.8
Arizona,Season peak percentage,percent,1.90587989295142e-11,Bin,3.8,3.9
Arizona,Season peak percentage,percent,1.79188737494464e-11,Bin,3.9,4.0
Arizona,Season peak percentage,percent,1.69002311952189e-11,Bin,4.0,4.1
Arizona,Season peak percentage,percent,1.60396185351272e-11,Bin,4.1,4.2
Arizona,Season peak percentage,percent,1.53622699320007e-11,Bin,4.2,4.3
Arizona,Season peak percentage,percent,1.48801815386398e-11,Bin,4.3,4.4
Arizona,Season peak percentage,percent,1.45910830928242e-11,Bin,4.4,4.5
Arizona,Season peak percentage,percent,1.44784497290614e-11,Bin,4.5,4.6
Arizona,Season peak percentage,percent,1.45122377188646e-11,Bin,4.6,4.7
Arizona,Season peak percentage,percent,1.46509394715552e-11,Bin,4.7,4.8
Arizona,Season peak percentage,percent,1.48446399890863e-11,Bin,4.8,4.9
Arizona,Season peak percentage,percent,1.50386405421932e-11,Bin,4.9,5.0
Arizona,Season peak percentage,percent,1.51780307383444e-11,Bin,5.0,5.1
Arizona,Season peak percentage,percent,1.52122797518895e-11,Bin,5.1,5.2
Arizona,Season peak percentage,percent,1.50996813158323e-11,Bin,5.2,5.3
Arizona,Season peak percentage,percent,1.48106086718808e-11,Bin,5.3,5.4
Arizona,Season peak percentage,percent,1.43299244700303e-11,Bin,5.4,5.5
Arizona,Season peak percentage,percent,1.36580448800567e-11,Bin,5.5,5.6
Arizona,Season peak percentage,percent,1.28099469783642e-11,Bin,5.6,5.7
Arizona,Season peak percentage,percent,1.18133141077365e-11,Bin,5.7,5.8
Arizona,Season peak percentage,percent,1.07052304675384e-11,Bin,5.8,5.9
Arizona,Season peak percentage,percent,9.52831558915542e-12,Bin,5.9,6.0
Arizona,Season peak percentage,percent,8.32681794486447e-12,Bin,6.0,6.1
Arizona,Season peak percentage,percent,7.14279575434889e-12,Bin,6.1,6.2
Arizona,Season peak percentage,percent,6.01299673912831e-12,Bin,6.2,6.3
Arizona,Season peak percentage,percent,4.9668156435861e-12,Bin,6.3,6.4
Arizona,Season peak percentage,percent,4.0251449378928e-12,Bin,6.4,6.5
Arizona,Season peak percentage,percent,3.19999092972981e-12,Bin,6.5,6.6
Arizona,Season peak percentage,percent,2.49542805004938e-12,Bin,6.6,6.7
Arizona,Season peak percentage,percent,1.90873710391159e-12,Bin,6.7,6.8
Arizona,Season peak percentage,percent,1.43195254177377e-12,Bin,6.8,6.9
Arizona,Season peak percentage,percent,1.05360885008118e-12,Bin,6.9,7.0
Arizona,Season peak percentage,percent,7.60282100510738e-13,Bin,7.0,7.1
Arizona,Season peak percentage,percent,5.37988463588183e-13,Bin,7.1,7.2
Arizona,Season peak percentage,percent,3.73332890533982e-13,Bin,7.2,7.3
Arizona,Season peak percentage,percent,2.54057964945983e-13,Bin,7.3,7.4
Arizona,Season peak percentage,percent,1.69533745289789e-13,Bin,7.4,7.5
Arizona,Season peak percentage,percent,1.14878628290084e-13,Bin,7.5,7.6
Arizona,Season peak percentage,percent,1.06541789688911e-13,Bin,7.6,7.7
Arizona,Season peak percentage,percent,1.06541789688911e-13,Bin,7.7,7.8
Arizona,Season peak percentage,percent,1.06541789688911e-13,Bin,7.8,7.9
Arizona,Season peak percentage,percent,1.06541789688911e-13,Bin,7.9,8.0
Arizona,Season peak percentage,percent,1.06541789688912e-13,Bin,8.0,8.1
Arizona,Season peak percentage,percent,1.06541789688913e-13,Bin,8.1,8.2
Arizona,Season peak percentage,percent,1.06541789688913e-13,Bin,8.2,8.3
Arizona,Season peak percentage,percent,1.06541789688913e-13,Bin,8.3,8.4
Arizona,Season peak percentage,percent,1.06541789688913e-13,Bin,8.4,8.5
Arizona,Season peak percentage,percent,0.999999999107987,Bin,8.5,8.6
Arizona,Season peak percentage,percent,1.06541789688913e-13,Bin,8.6,8.7
Arizona,Season peak percentage,percent,1.06541789688913e-13,Bin,8.7,8.8
Arizona,Season peak percentage,percent,1.06541789688913e-13,Bin,8.8,8.9
Arizona,Season peak percentage,percent,1.06541789688913e-13,Bin,8.9,9.0
Arizona,Season peak percentage,percent,1.06541789688913e-13,Bin,9.0,9.1
Arizona,Season peak percentage,percent,1.06541789688913e-13,Bin,9.1,9.2
Arizona,Season peak percentage,percent,1.06541789688913e-13,Bin,9.2,9.3
Arizona,Season peak percentage,percent,1.06541789688913e-13,Bin,9.3,9.4
Arizona,Season peak percentage,percent,1.06541789688913e-13,Bin,9.4,9.5
Arizona,Season peak percentage,percent,1.06541789688913e-13,Bin,9.5,9.6
Arizona,Season peak percentage,percent,1.06541789688913e-13,Bin,9.6,9.7
Arizona,Season peak percentage,percent,1.06541789688913e-13,Bin,9.7,9.8
Arizona,Season peak percentage,percent,1.06541789688913e-13,Bin,9.8,9.9
Arizona,Season peak percentage,percent,1.06541789688913e-13,Bin,9.9,10.0
Arizona,Season peak percentage,percent,1.06541789688913e-13,Bin,10.0,10.1
Arizona,Season peak percentage,percent,1.06541789688913e-13,Bin,10.1,10.2
Arizona,Season peak percentage,percent,1.06541789688913e-13,Bin,10.2,10.3
Arizona,Season peak percentage,percent,1.06541789688913e-13,Bin,10.3,10.4
Arizona,Season peak percentage,percent,1.06541789688913e-13,Bin,10.4,10.5
Arizona,Season peak percentage,percent,1.06541789688913e-13,Bin,10.5,10.6
Arizona,Season peak percentage,percent,1.06541789688913e-13,Bin,10.6,10.7
Arizona,Season peak percentage,percent,1.06541789688913e-13,Bin,10.7,10.8
Arizona,Season peak percentage,percent,1.06541789688913e-13,Bin,10.8,10.9
Arizona,Season peak percentage,percent,1.06541789688913e-13,Bin,10.9,11.0
Arizona,Season peak percentage,percent,1.06541789688913e-13,Bin,11.0,11.1
Arizona,Season peak percentage,percent,1.06541789688913e-13,Bin,11.1,11.2
Arizona,Season peak percentage,percent,1.06541789688913e-13,Bin,11.2,11.3
Arizona,Season peak percentage,percent,1.06541789688913e-13,Bin,11.3,11.4
Arizona,Season peak percentage,percent,1.06541789688913e-13,Bin,11.4,11.5
Arizona,Season peak percentage,percent,1.06541789688913e-13,Bin,11.5,11.6
Arizona,Season peak percentage,percent,1.06541789688913e-13,Bin,11.6,11.7
Arizona,Season peak percentage,percent,1.06541789688913e-13,Bin,11.7,11.8
Arizona,Season peak percentage,percent,1.06541789688913e-13,Bin,11.8,11.9
Arizona,Season peak percentage,percent,1.06541789688913e-13,Bin,11.9,12.0
Arizona,Season peak percentage,percent,1.06541789688913e-13,Bin,12.0,12.1
Arizona,Season peak percentage,percent,1.06541789688913e-13,Bin,12.1,12.2
Arizona,Season peak percentage,percent,1.06541789688913e-13,Bin,12.2,12.3
Arizona,Season peak percentage,percent,1.06541789688913e-13,Bin,12.3,12.4
Arizona,Season peak percentage,percent,1.06541789688913e-13,Bin,12.4,12.5
Arizona,Season peak percentage,percent,1.06541789688913e-13,Bin,12.5,12.6
Arizona,Season peak percentage,percent,1.06541789688913e-13,Bin,12.6,12.7
Arizona,Season peak percentage,percent,1.06541789688913e-13,Bin,12.7,12.8
Arizona,Season peak percentage,percent,1.06541789688913e-13,Bin,12.8,12.9
Arizona,Season peak percentage,percent,1.06541789688913e-13,Bin,12.9,13.0
Arizona,Season peak percentage,percent,1.06541789688913e-13,Bin,13.0,100.0
Arizona,Season peak week,week,5.3947359499568e-05,Bin,40.0,41.0
Arizona,Season peak week,week,5.3947359499568e-05,Bin,41.0,42.0
Arizona,Season peak week,week,5.3947359499568e-05,Bin,42.0,43.0
Arizona,Season peak week,week,5.3947359499568e-05,Bin,43.0,44.0
Arizona,Season peak week,week,5.3947359499568e-05,Bin,44.0,45.0
Arizona,Season peak week,week,5.3947359499568e-05,Bin,45.0,46.0
Arizona,Season peak week,week,5.3947359499568e-05,Bin,46.0,47.0
Arizona,Season peak week,week,5.3947359499568e-05,Bin,47.0,48.0
Arizona,Season peak week,week,5.3947359499568e-05,Bin,48.0,49.0
Arizona,Season peak week,week,5.3947359499568e-05,Bin,49.0,50.0
Arizona,Season peak week,week,5.3947359499568e-05,Bin,50.0,51.0
Arizona,Season peak week,week,6.75248384529359e-05,Bin,51.0,52.0
Arizona,Season peak week,week,0.940335630936139,Bin,52.0,53.0
Arizona,Season peak week,week,0.000980174414030261,Bin,1.0,2.0
Arizona,Season peak week,week,0.00243575848309985,Bin,2.0,3.0
Arizona,Season peak week,week,0.00439209587722214,Bin,3.0,4.0
Arizona,Season peak week,week,0.00599749556096471,Bin,4.0,5.0
Arizona,Season peak week,week,0.00675742878655758,Bin,5.0,6.0
Arizona,Season peak week,week,0.00706460578276572,Bin,6.0,7.0
Arizona,Season peak week,week,0.00723853675066497,Bin,7.0,8.0
Arizona,Season peak week,week,0.0068119883632334,Bin,8.0,9.0
Arizona,Season peak week,week,0.00534253927300765,Bin,9.0,10.0
Arizona,Season peak week,week,0.00327922710872356,Bin,10.0,11.0
Arizona,Season peak week,week,0.0015264142054467,Bin,11.0,12.0
Arizona,Season peak week,week,0.000544970422913632,Bin,12.0,13.0
Arizona,Season peak week,week,0.000225860772866823,Bin,13.0,14.0
Arizona,Season peak week,week,0.000343862599115371,Bin,14.0,15.0
Arizona,Season peak week,week,0.000776143548727031,Bin,15.0,16.0
Arizona,Season peak week,week,0.00131360867063541,Bin,16.0,17.0
Arizona,Season peak week,week,0.00156713738747346,Bin,17.0,18.0
Arizona,Season peak week,week,0.00131330164221487,Bin,18.0,19.0
Arizona,Season peak week,week,0.000772905005597454,Bin,19.0,20.0
Arizona,Season peak week,week,0.000319368615652169,Bin,20.0,21.0
Arkansas,1 wk ahead,percent,5.80581643645371e-10,Bin,0.0,0.1
Arkansas,1 wk ahead,percent,1.557214409512e-09,Bin,0.1,0.2
Arkansas,1 wk ahead,percent,0.00400000189031533,Bin,0.2,0.3
Arkansas,1 wk ahead,percent,0.0100000021634637,Bin,0.3,0.4
Arkansas,1 wk ahead,percent,0.00200000343954013,Bin,0.4,0.5
Arkansas,1 wk ahead,percent,0.0120000034380983,Bin,0.5,0.6
Arkansas,1 wk ahead,percent,0.0180000035581851,Bin,0.6,0.7
Arkansas,1 wk ahead,percent,0.0200000036788779,Bin,0.7,0.8
Arkansas,1 wk ahead,percent,0.0560000011134468,Bin,0.8,0.9
Arkansas,1 wk ahead,percent,0.058000000562068,Bin,0.9,1.0
Arkansas,1 wk ahead,percent,0.0579999999133012,Bin,1.0,1.1
Arkansas,1 wk ahead,percent,0.0899999969519998,Bin,1.1,1.2
Arkansas,1 wk ahead,percent,0.0959999957958954,Bin,1.2,1.3
Arkansas,1 wk ahead,percent,0.0799999962719715,Bin,1.3,1.4
Arkansas,1 wk ahead,percent,0.117999993219151,Bin,1.4,1.5
Arkansas,1 wk ahead,percent,0.0619999968610487,Bin,1.5,1.6
Arkansas,1 wk ahead,percent,0.0479999978050946,Bin,1.6,1.7
Arkansas,1 wk ahead,percent,0.0219999996887656,Bin,1.7,1.8
Arkansas,1 wk ahead,percent,0.0319999990961629,Bin,1.8,1.9
Arkansas,1 wk ahead,percent,0.0279999993771868,Bin,1.9,2.0
Arkansas,1 wk ahead,percent,0.0140000002180377,Bin,2.0,2.1
Arkansas,1 wk ahead,percent,0.0359999984779355,Bin,2.1,2.2
Arkansas,1 wk ahead,percent,0.0239999990490215,Bin,2.2,2.3
Arkansas,1 wk ahead,percent,0.0239999988422002,Bin,2.3,2.4
Arkansas,1 wk ahead,percent,0.0139999994322585,Bin,2.4,2.5
Arkansas,1 wk ahead,percent,0.0139999994715592,Bin,2.5,2.6
Arkansas,1 wk ahead,percent,0.00600000019778122,Bin,2.6,2.7
Arkansas,1 wk ahead,percent,0.00400000060985638,Bin,2.7,2.8
Arkansas,1 wk ahead,percent,0.0040000009106971,Bin,2.8,2.9
Arkansas,1 wk ahead,percent,0.0140000004552173,Bin,2.9,3.0
Arkansas,1 wk ahead,percent,0.00400000122778692,Bin,3.0,3.1
Arkansas,1 wk ahead,percent,0.00400000113038554,Bin,3.1,3.2
Arkansas,1 wk ahead,percent,1.16035020320396e-09,Bin,3.2,3.3
Arkansas,1 wk ahead,percent,8.45092594975332e-10,Bin,3.3,3.4
Arkansas,1 wk ahead,percent,5.43089356995186e-10,Bin,3.4,3.5
Arkansas,1 wk ahead,percent,0.0020000001702046,Bin,3.5,3.6
Arkansas,1 wk ahead,percent,0.00399999987859136,Bin,3.6,3.7
Arkansas,1 wk ahead,percent,6.80216626012922e-11,Bin,3.7,3.8
Arkansas,1 wk ahead,percent,0.00199999988885265,Bin,3.8,3.9
Arkansas,1 wk ahead,percent,1.69851742278816e-11,Bin,3.9,4.0
Arkansas,1 wk ahead,percent,1.69851742278816e-11,Bin,4.0,4.1
Arkansas,1 wk ahead,percent,1.69851742278816e-11,Bin,4.1,4.2
Arkansas,1 wk ahead,percent,1.69851742278816e-11,Bin,4.2,4.3
Arkansas,1 wk ahead,percent,1.69851742278816e-11,Bin,4.3,4.4
Arkansas,1 wk ahead,percent,1.69851742278816e-11,Bin,4.4,4.5
Arkansas,1 wk ahead,percent,1.69851742278816e-11,Bin,4.5,4.6
Arkansas,1 wk ahead,percent,0.00399999974149918,Bin,4.6,4.7
Arkansas,1 wk ahead,percent,0.00199999987924217,Bin,4.7,4.8
Arkansas,1 wk ahead,percent,1.69851742278816e-11,Bin,4.8,4.9
Arkansas,1 wk ahead,percent,1.69851742278816e-11,Bin,4.9,5.0
Arkansas,1 wk ahead,percent,1.69851742278816e-11,Bin,5.0,5.1
Arkansas,1 wk ahead,percent,1.69851742278816e-11,Bin,5.1,5.2
Arkansas,1 wk ahead,percent,1.69851742278816e-11,Bin,5.2,5.3
Arkansas,1 wk ahead,percent,1.69851742278816e-11,Bin,5.3,5.4
Arkansas,1 wk ahead,percent,1.69851742278816e-11,Bin,5.4,5.5
Arkansas,1 wk ahead,percent,1.69851742278816e-11,Bin,5.5,5.6
Arkansas,1 wk ahead,percent,1.69851742278816e-11,Bin,5.6,5.7
Arkansas,1 wk ahead,percent,1.69851742278816e-11,Bin,5.7,5.8
Arkansas,1 wk ahead,percent,1.69851742278816e-11,Bin,5.8,5.9
Arkansas,1 wk ahead,percent,1.69851742278816e-11,Bin,5.9,6.0
Arkansas,1 wk ahead,percent,1.69851742278816e-11,Bin,6.0,6.1
Arkansas,1 wk ahead,percent,1.69851742278816e-11,Bin,6.1,6.2
Arkansas,1 wk ahead,percent,1.69851742278816e-11,Bin,6.2,6.3
Arkansas,1 wk ahead,percent,1.69851742278816e-11,Bin,6.3,6.4
Arkansas,1 wk ahead,percent,1.69851742278816e-11,Bin,6.4,6.5
Arkansas,1 wk ahead,percent,1.69851742278816e-11,Bin,6.5,6.6
Arkansas,1 wk ahead,percent,1.69851742278816e-11,Bin,6.6,6.7
Arkansas,1 wk ahead,percent,1.69851742278816e-11,Bin,6.7,6.8
Arkansas,1 wk ahead,percent,1.69851742278816e-11,Bin,6.8,6.9
Arkansas,1 wk ahead,percent,1.69851742278816e-11,Bin,6.9,7.0
Arkansas,1 wk ahead,percent,1.69851742278816e-11,Bin,7.0,7.1
Arkansas,1 wk ahead,percent,1.69851742278816e-11,Bin,7.1,7.2
Arkansas,1 wk ahead,percent,1.69851742278816e-11,Bin,7.2,7.3
Arkansas,1 wk ahead,percent,1.69851742278816e-11,Bin,7.3,7.4
Arkansas,1 wk ahead,percent,1.69851742278816e-11,Bin,7.4,7.5
Arkansas,1 wk ahead,percent,0.00399999974149918,Bin,7.5,7.6
Arkansas,1 wk ahead,percent,0.00399999974149918,Bin,7.6,7.7
Arkansas,1 wk ahead,percent,1.69851742278816e-11,Bin,7.7,7.8
Arkansas,1 wk ahead,percent,1.69851742278816e-11,Bin,7.8,7.9
Arkansas,1 wk ahead,percent,1.69851742278816e-11,Bin,7.9,8.0
Arkansas,1 wk ahead,percent,1.69851742278818e-11,Bin,8.0,8.1
Arkansas,1 wk ahead,percent,0.00199999987924217,Bin,8.1,8.2
Arkansas,1 wk ahead,percent,1.69851742278819e-11,Bin,8.2,8.3
Arkansas,1 wk ahead,percent,1.69851742278819e-11,Bin,8.3,8.4
Arkansas,1 wk ahead,percent,1.69851742278819e-11,Bin,8.4,8.5
Arkansas,1 wk ahead,percent,1.69851742278819e-11,Bin,8.5,8.6
Arkansas,1 wk ahead,percent,1.69851742278819e-11,Bin,8.6,8.7
Arkansas,1 wk ahead,percent,1.69851742278819e-11,Bin,8.7,8.8
Arkansas,1 wk ahead,percent,1.69851742278819e-11,Bin,8.8,8.9
Arkansas,1 wk ahead,percent,1.69851742278819e-11,Bin,8.9,9.0
Arkansas,1 wk ahead,percent,1.69851742278819e-11,Bin,9.0,9.1
Arkansas,1 wk ahead,percent,1.69851742278819e-11,Bin,9.1,9.2
Arkansas,1 wk ahead,percent,1.69851742278819e-11,Bin,9.2,9.3
Arkansas,1 wk ahead,percent,1.69851742278819e-11,Bin,9.3,9.4
Arkansas,1 wk ahead,percent,1.69851742278819e-11,Bin,9.4,9.5
Arkansas,1 wk ahead,percent,1.69851742278819e-11,Bin,9.5,9.6
Arkansas,1 wk ahead,percent,1.69851742278819e-11,Bin,9.6,9.7
Arkansas,1 wk ahead,percent,1.69851742278819e-11,Bin,9.7,9.8
Arkansas,1 wk ahead,percent,1.69851742278819e-11,Bin,9.8,9.9
Arkansas,1 wk ahead,percent,1.69851742278819e-11,Bin,9.9,10.0
Arkansas,1 wk ahead,percent,1.69851742278819e-11,Bin,10.0,10.1
Arkansas,1 wk ahead,percent,1.69851742278819e-11,Bin,10.1,10.2
Arkansas,1 wk ahead,percent,1.69851742278819e-11,Bin,10.2,10.3
Arkansas,1 wk ahead,percent,1.69851742278819e-11,Bin,10.3,10.4
Arkansas,1 wk ahead,percent,1.69851742278819e-11,Bin,10.4,10.5
Arkansas,1 wk ahead,percent,1.69851742278819e-11,Bin,10.5,10.6
Arkansas,1 wk ahead,percent,1.69851742278819e-11,Bin,10.6,10.7
Arkansas,1 wk ahead,percent,1.69851742278819e-11,Bin,10.7,10.8
Arkansas,1 wk ahead,percent,1.69851742278819e-11,Bin,10.8,10.9
Arkansas,1 wk ahead,percent,1.69851742278819e-11,Bin,10.9,11.0
Arkansas,1 wk ahead,percent,1.69851742278819e-11,Bin,11.0,11.1
Arkansas,1 wk ahead,percent,1.69851742278819e-11,Bin,11.1,11.2
Arkansas,1 wk ahead,percent,1.69851742278819e-11,Bin,11.2,11.3
Arkansas,1 wk ahead,percent,1.69851742278819e-11,Bin,11.3,11.4
Arkansas,1 wk ahead,percent,1.69851742278819e-11,Bin,11.4,11.5
Arkansas,1 wk ahead,percent,1.69851742278819e-11,Bin,11.5,11.6
Arkansas,1 wk ahead,percent,1.69851742278819e-11,Bin,11.6,11.7
Arkansas,1 wk ahead,percent,1.69851742278819e-11,Bin,11.7,11.8
Arkansas,1 wk ahead,percent,1.69851742278819e-11,Bin,11.8,11.9
Arkansas,1 wk ahead,percent,1.69851742278819e-11,Bin,11.9,12.0
Arkansas,1 wk ahead,percent,1.69851742278819e-11,Bin,12.0,12.1
Arkansas,1 wk ahead,percent,1.69851742278819e-11,Bin,12.1,12.2
Arkansas,1 wk ahead,percent,1.69851742278819e-11,Bin,12.2,12.3
Arkansas,1 wk ahead,percent,1.69851742278819e-11,Bin,12.3,12.4
Arkansas,1 wk ahead,percent,1.69851742278819e-11,Bin,12.4,12.5
Arkansas,1 wk ahead,percent,1.69851742278819e-11,Bin,12.5,12.6
Arkansas,1 wk ahead,percent,1.69851742278819e-11,Bin,12.6,12.7
Arkansas,1 wk ahead,percent,1.69851742278819e-11,Bin,12.7,12.8
Arkansas,1 wk ahead,percent,1.69851742278819e-11,Bin,12.8,12.9
Arkansas,1 wk ahead,percent,1.69851742278819e-11,Bin,12.9,13.0
Arkansas,1 wk ahead,percent,1.69851742278819e-11,Bin,13.0,100.0
Arkansas,2 wk ahead,percent,9.36175263359344e-10,Bin,0.0,0.1
Arkansas,2 wk ahead,percent,0.0040000019498712,Bin,0.1,0.2
Arkansas,2 wk ahead,percent,0.0140000017147873,Bin,0.2,0.3
Arkansas,2 wk ahead,percent,0.014000002270688,Bin,0.3,0.4
Arkansas,2 wk ahead,percent,0.0100000032227723,Bin,0.4,0.5
Arkansas,2 wk ahead,percent,0.0300000024878472,Bin,0.5,0.6
Arkansas,2 wk ahead,percent,0.0460000020261209,Bin,0.6,0.7
Arkansas,2 wk ahead,percent,0.0580000016733342,Bin,0.7,0.8
Arkansas,2 wk ahead,percent,0.0620000015767473,Bin,0.8,0.9
Arkansas,2 wk ahead,percent,0.0680000009274558,Bin,0.9,1.0
Arkansas,2 wk ahead,percent,0.0640000006365119,Bin,1.0,1.1
Arkansas,2 wk ahead,percent,0.0779999987355805,Bin,1.1,1.2
Arkansas,2 wk ahead,percent,0.0679999984649261,Bin,1.2,1.3
Arkansas,2 wk ahead,percent,0.0679999974618428,Bin,1.3,1.4
Arkansas,2 wk ahead,percent,0.0679999965936254,Bin,1.4,1.5
Arkansas,2 wk ahead,percent,0.0359999983095705,Bin,1.5,1.6
Arkansas,2 wk ahead,percent,0.0279999985094116,Bin,1.6,1.7
Arkansas,2 wk ahead,percent,0.0459999970403362,Bin,1.7,1.8
Arkansas,2 wk ahead,percent,0.0299999983056293,Bin,1.8,1.9
Arkansas,2 wk ahead,percent,0.0259999988629456,Bin,1.9,2.0
Arkansas,2 wk ahead,percent,0.0299999989296415,Bin,2.0,2.1
Arkansas,2 wk ahead,percent,0.010000000751676,Bin,2.1,2.2
Arkansas,2 wk ahead,percent,0.0160000005091673,Bin,2.2,2.3
Arkansas,2 wk ahead,percent,0.0180000003357154,Bin,2.3,2.4
Arkansas,2 wk ahead,percent,0.0180000000925578,Bin,2.4,2.5
Arkansas,2 wk ahead,percent,0.00400000075718922,Bin,2.5,2.6
Arkansas,2 wk ahead,percent,0.00999999993716225,Bin,2.6,2.7
Arkansas,2 wk ahead,percent,0.0159999991944744,Bin,2.7,2.8
Arkansas,2 wk ahead,percent,0.00599999973830313,Bin,2.8,2.9
Arkansas,2 wk ahead,percent,0.00399999978047244,Bin,2.9,3.0
Arkansas,2 wk ahead,percent,0.00199999988031413,Bin,3.0,3.1
Arkansas,2 wk ahead,percent,0.00199999987163412,Bin,3.1,3.2
Arkansas,2 wk ahead,percent,0.00999999928091124,Bin,3.2,3.3
Arkansas,2 wk ahead,percent,1.93148377215748e-11,Bin,3.3,3.4
Arkansas,2 wk ahead,percent,0.00199999987163412,Bin,3.4,3.5
Arkansas,2 wk ahead,percent,0.00199999987163412,Bin,3.5,3.6
Arkansas,2 wk ahead,percent,1.93148377215748e-11,Bin,3.6,3.7
Arkansas,2 wk ahead,percent,0.0039999997239534,Bin,3.7,3.8
Arkansas,2 wk ahead,percent,0.00599999957627268,Bin,3.8,3.9
Arkansas,2 wk ahead,percent,0.0039999997239534,Bin,3.9,4.0
Arkansas,2 wk ahead,percent,1.93148377215748e-11,Bin,4.0,4.1
Arkansas,2 wk ahead,percent,1.93148377215748e-11,Bin,4.1,4.2
Arkansas,2 wk ahead,percent,0.00199999987163412,Bin,4.2,4.3
Arkansas,2 wk ahead,percent,0.0039999997239534,Bin,4.3,4.4
Arkansas,2 wk ahead,percent,1.93148377215748e-11,Bin,4.4,4.5
Arkansas,2 wk ahead,percent,0.00199999987163412,Bin,4.5,4.6
Arkansas,2 wk ahead,percent,0.00199999987163412,Bin,4.6,4.7
Arkansas,2 wk ahead,percent,1.93148377215748e-11,Bin,4.7,4.8
Arkansas,2 wk ahead,percent,1.93148377215748e-11,Bin,4.8,4.9
Arkansas,2 wk ahead,percent,1.93148377215748e-11,Bin,4.9,5.0
Arkansas,2 wk ahead,percent,0.00199999987163412,Bin,5.0,5.1
Arkansas,2 wk ahead,percent,1.93148377215748e-11,Bin,5.1,5.2
Arkansas,2 wk ahead,percent,1.93148377215748e-11,Bin,5.2,5.3
Arkansas,2 wk ahead,percent,1.93148377215748e-11,Bin,5.3,5.4
Arkansas,2 wk ahead,percent,1.93148377215748e-11,Bin,5.4,5.5
Arkansas,2 wk ahead,percent,1.93148377215748e-11,Bin,5.5,5.6
Arkansas,2 wk ahead,percent,1.93148377215748e-11,Bin,5.6,5.7
Arkansas,2 wk ahead,percent,1.93148377215748e-11,Bin,5.7,5.8
Arkansas,2 wk ahead,percent,1.93148377215748e-11,Bin,5.8,5.9
Arkansas,2 wk ahead,percent,1.93148377215748e-11,Bin,5.9,6.0
Arkansas,2 wk ahead,percent,1.93148377215748e-11,Bin,6.0,6.1
Arkansas,2 wk ahead,percent,1.93148377215748e-11,Bin,6.1,6.2
Arkansas,2 wk ahead,percent,1.93148377215748e-11,Bin,6.2,6.3
Arkansas,2 wk ahead,percent,1.93148377215748e-11,Bin,6.3,6.4
Arkansas,2 wk ahead,percent,1.93148377215748e-11,Bin,6.4,6.5
Arkansas,2 wk ahead,percent,1.93148377215748e-11,Bin,6.5,6.6
Arkansas,2 wk ahead,percent,1.93148377215748e-11,Bin,6.6,6.7
Arkansas,2 wk ahead,percent,1.93148377215748e-11,Bin,6.7,6.8
Arkansas,2 wk ahead,percent,1.93148377215748e-11,Bin,6.8,6.9
Arkansas,2 wk ahead,percent,1.93148377215748e-11,Bin,6.9,7.0
Arkansas,2 wk ahead,percent,1.93148377215748e-11,Bin,7.0,7.1
Arkansas,2 wk ahead,percent,1.93148377215748e-11,Bin,7.1,7.2
Arkansas,2 wk ahead,percent,1.93148377215748e-11,Bin,7.2,7.3
Arkansas,2 wk ahead,percent,1.93148377215748e-11,Bin,7.3,7.4
Arkansas,2 wk ahead,percent,1.93148377215748e-11,Bin,7.4,7.5
Arkansas,2 wk ahead,percent,1.93148377215748e-11,Bin,7.5,7.6
Arkansas,2 wk ahead,percent,1.93148377215748e-11,Bin,7.6,7.7
Arkansas,2 wk ahead,percent,1.93148377215748e-11,Bin,7.7,7.8
Arkansas,2 wk ahead,percent,1.93148377215748e-11,Bin,7.8,7.9
Arkansas,2 wk ahead,percent,1.93148377215748e-11,Bin,7.9,8.0
Arkansas,2 wk ahead,percent,1.93148377215749e-11,Bin,8.0,8.1
Arkansas,2 wk ahead,percent,1.93148377215751e-11,Bin,8.1,8.2
Arkansas,2 wk ahead,percent,0.00199999987163412,Bin,8.2,8.3
Arkansas,2 wk ahead,percent,0.00199999987163412,Bin,8.3,8.4
Arkansas,2 wk ahead,percent,1.93148377215751e-11,Bin,8.4,8.5
Arkansas,2 wk ahead,percent,1.93148377215751e-11,Bin,8.5,8.6
Arkansas,2 wk ahead,percent,1.93148377215751e-11,Bin,8.6,8.7
Arkansas,2 wk ahead,percent,1.93148377215751e-11,Bin,8.7,8.8
Arkansas,2 wk ahead,percent,1.93148377215751e-11,Bin,8.8,8.9
Arkansas,2 wk ahead,percent,1.93148377215751e-11,Bin,8.9,9.0
Arkansas,2 wk ahead,percent,1.93148377215751e-11,Bin,9.0,9.1
Arkansas,2 wk ahead,percent,1.93148377215751e-11,Bin,9.1,9.2
Arkansas,2 wk ahead,percent,1.93148377215751e-11,Bin,9.2,9.3
Arkansas,2 wk ahead,percent,1.93148377215751e-11,Bin,9.3,9.4
Arkansas,2 wk ahead,percent,1.93148377215751e-11,Bin,9.4,9.5
Arkansas,2 wk ahead,percent,1.93148377215751e-11,Bin,9.5,9.6
Arkansas,2 wk ahead,percent,1.93148377215751e-11,Bin,9.6,9.7
Arkansas,2 wk ahead,percent,1.93148377215751e-11,Bin,9.7,9.8
Arkansas,2 wk ahead,percent,1.93148377215751e-11,Bin,9.8,9.9
Arkansas,2 wk ahead,percent,1.93148377215751e-11,Bin,9.9,10.0
Arkansas,2 wk ahead,percent,1.93148377215751e-11,Bin,10.0,10.1
Arkansas,2 wk ahead,percent,1.93148377215751e-11,Bin,10.1,10.2
Arkansas,2 wk ahead,percent,1.93148377215751e-11,Bin,10.2,10.3
Arkansas,2 wk ahead,percent,1.93148377215751e-11,Bin,10.3,10.4
Arkansas,2 wk ahead,percent,1.93148377215751e-11,Bin,10.4,10.5
Arkansas,2 wk ahead,percent,1.93148377215751e-11,Bin,10.5,10.6
Arkansas,2 wk ahead,percent,1.93148377215751e-11,Bin,10.6,10.7
Arkansas,2 wk ahead,percent,1.93148377215751e-11,Bin,10.7,10.8
Arkansas,2 wk ahead,percent,1.93148377215751e-11,Bin,10.8,10.9
Arkansas,2 wk ahead,percent,1.93148377215751e-11,Bin,10.9,11.0
Arkansas,2 wk ahead,percent,1.93148377215751e-11,Bin,11.0,11.1
Arkansas,2 wk ahead,percent,1.93148377215751e-11,Bin,11.1,11.2
Arkansas,2 wk ahead,percent,1.93148377215751e-11,Bin,11.2,11.3
Arkansas,2 wk ahead,percent,1.93148377215751e-11,Bin,11.3,11.4
Arkansas,2 wk ahead,percent,1.93148377215751e-11,Bin,11.4,11.5
Arkansas,2 wk ahead,percent,1.93148377215751e-11,Bin,11.5,11.6
Arkansas,2 wk ahead,percent,1.93148377215751e-11,Bin,11.6,11.7
Arkansas,2 wk ahead,percent,1.93148377215751e-11,Bin,11.7,11.8
Arkansas,2 wk ahead,percent,1.93148377215751e-11,Bin,11.8,11.9
Arkansas,2 wk ahead,percent,1.93148377215751e-11,Bin,11.9,12.0
Arkansas,2 wk ahead,percent,1.93148377215751e-11,Bin,12.0,12.1
Arkansas,2 wk ahead,percent,1.93148377215751e-11,Bin,12.1,12.2
Arkansas,2 wk ahead,percent,0.00199999987163412,Bin,12.2,12.3
Arkansas,2 wk ahead,percent,1.93148377215751e-11,Bin,12.3,12.4
Arkansas,2 wk ahead,percent,1.93148377215751e-11,Bin,12.4,12.5
Arkansas,2 wk ahead,percent,1.93148377215751e-11,Bin,12.5,12.6
Arkansas,2 wk ahead,percent,1.93148377215751e-11,Bin,12.6,12.7
Arkansas,2 wk ahead,percent,1.93148377215751e-11,Bin,12.7,12.8
Arkansas,2 wk ahead,percent,1.93148377215751e-11,Bin,12.8,12.9
Arkansas,2 wk ahead,percent,1.93148377215751e-11,Bin,12.9,13.0
Arkansas,2 wk ahead,percent,1.93148377215751e-11,Bin,13.0,100.0
Arkansas,3 wk ahead,percent,2.25033819418185e-09,Bin,0.0,0.1
Arkansas,3 wk ahead,percent,0.00800000464829067,Bin,0.1,0.2
Arkansas,3 wk ahead,percent,0.0240000038631626,Bin,0.2,0.3
Arkansas,3 wk ahead,percent,0.0200000069535179,Bin,0.3,0.4
Arkansas,3 wk ahead,percent,0.0360000048618083,Bin,0.4,0.5
Arkansas,3 wk ahead,percent,0.0540000009278885,Bin,0.5,0.6
Arkansas,3 wk ahead,percent,0.0779999944307078,Bin,0.6,0.7
Arkansas,3 wk ahead,percent,0.0799999920580902,Bin,0.7,0.8
Arkansas,3 wk ahead,percent,0.0599999948575802,Bin,0.8,0.9
Arkansas,3 wk ahead,percent,0.063999993809196,Bin,0.9,1.0
Arkansas,3 wk ahead,percent,0.0699999935652949,Bin,1.0,1.1
Arkansas,3 wk ahead,percent,0.0719999950439598,Bin,1.1,1.2
Arkansas,3 wk ahead,percent,0.0520000016140418,Bin,1.2,1.3
Arkansas,3 wk ahead,percent,0.040000006414109,Bin,1.3,1.4
Arkansas,3 wk ahead,percent,0.0420000073682669,Bin,1.4,1.5
Arkansas,3 wk ahead,percent,0.0360000082976057,Bin,1.5,1.6
Arkansas,3 wk ahead,percent,0.0300000072988191,Bin,1.6,1.7
Arkansas,3 wk ahead,percent,0.0200000058557138,Bin,1.7,1.8
Arkansas,3 wk ahead,percent,0.0339999992004133,Bin,1.8,1.9
Arkansas,3 wk ahead,percent,0.0120000008791942,Bin,1.9,2.0
Arkansas,3 wk ahead,percent,0.0199999973319025,Bin,2.0,2.1
Arkansas,3 wk ahead,percent,0.0179999967988056,Bin,2.1,2.2
Arkansas,3 wk ahead,percent,0.0099999980830146,Bin,2.2,2.3
Arkansas,3 wk ahead,percent,0.00999999797824814,Bin,2.3,2.4
Arkansas,3 wk ahead,percent,0.00599999881938548,Bin,2.4,2.5
Arkansas,3 wk ahead,percent,0.00799999839857427,Bin,2.5,2.6
Arkansas,3 wk ahead,percent,0.0139999971361406,Bin,2.6,2.7
Arkansas,3 wk ahead,percent,0.00799999839857427,Bin,2.7,2.8
Arkansas,3 wk ahead,percent,8.18191307194641e-11,Bin,2.8,2.9
Arkansas,3 wk ahead,percent,0.00599999881938548,Bin,2.9,3.0
Arkansas,3 wk ahead,percent,0.00199999966100791,Bin,3.0,3.1
Arkansas,3 wk ahead,percent,8.18191307194641e-11,Bin,3.1,3.2
Arkansas,3 wk ahead,percent,0.0039999992401967,Bin,3.2,3.3
Arkansas,3 wk ahead,percent,0.00799999839857427,Bin,3.3,3.4
Arkansas,3 wk ahead,percent,8.18191307194641e-11,Bin,3.4,3.5
Arkansas,3 wk ahead,percent,0.0039999992401967,Bin,3.5,3.6
Arkansas,3 wk ahead,percent,0.00799999839857427,Bin,3.6,3.7
Arkansas,3 wk ahead,percent,0.00599999881938548,Bin,3.7,3.8
Arkansas,3 wk ahead,percent,8.18191307194641e-11,Bin,3.8,3.9
Arkansas,3 wk ahead,percent,0.00199999966100791,Bin,3.9,4.0
Arkansas,3 wk ahead,percent,8.18191307194641e-11,Bin,4.0,4.1
Arkansas,3 wk ahead,percent,0.00199999966100791,Bin,4.1,4.2
Arkansas,3 wk ahead,percent,0.00199999966100791,Bin,4.2,4.3
Arkansas,3 wk ahead,percent,8.18191307194641e-11,Bin,4.3,4.4
Arkansas,3 wk ahead,percent,0.00199999966100791,Bin,4.4,4.5
Arkansas,3 wk ahead,percent,0.00199999966100791,Bin,4.5,4.6
Arkansas,3 wk ahead,percent,8.18191307194641e-11,Bin,4.6,4.7
Arkansas,3 wk ahead,percent,0.00199999966100791,Bin,4.7,4.8
Arkansas,3 wk ahead,percent,8.18191307194641e-11,Bin,4.8,4.9
Arkansas,3 wk ahead,percent,8.18191307194641e-11,Bin,4.9,5.0
Arkansas,3 wk ahead,percent,8.18191307194641e-11,Bin,5.0,5.1
Arkansas,3 wk ahead,percent,0.0039999992401967,Bin,5.1,5.2
Arkansas,3 wk ahead,percent,0.00199999966100791,Bin,5.2,5.3
Arkansas,3 wk ahead,percent,8.18191307194641e-11,Bin,5.3,5.4
Arkansas,3 wk ahead,percent,8.18191307194641e-11,Bin,5.4,5.5
Arkansas,3 wk ahead,percent,8.18191307194641e-11,Bin,5.5,5.6
Arkansas,3 wk ahead,percent,0.00199999966100791,Bin,5.6,5.7
Arkansas,3 wk ahead,percent,0.00199999966100791,Bin,5.7,5.8
Arkansas,3 wk ahead,percent,0.00199999966100791,Bin,5.8,5.9
Arkansas,3 wk ahead,percent,8.18191307194641e-11,Bin,5.9,6.0
Arkansas,3 wk ahead,percent,8.18191307194641e-11,Bin,6.0,6.1
Arkansas,3 wk ahead,percent,8.18191307194641e-11,Bin,6.1,6.2
Arkansas,3 wk ahead,percent,8.18191307194641e-11,Bin,6.2,6.3
Arkansas,3 wk ahead,percent,8.18191307194641e-11,Bin,6.3,6.4
Arkansas,3 wk ahead,percent,8.18191307194641e-11,Bin,6.4,6.5
Arkansas,3 wk ahead,percent,8.18191307194641e-11,Bin,6.5,6.6
Arkansas,3 wk ahead,percent,8.18191307194641e-11,Bin,6.6,6.7
Arkansas,3 wk ahead,percent,8.18191307194641e-11,Bin,6.7,6.8
Arkansas,3 wk ahead,percent,8.18191307194641e-11,Bin,6.8,6.9
Arkansas,3 wk ahead,percent,8.18191307194641e-11,Bin,6.9,7.0
Arkansas,3 wk ahead,percent,8.18191307194641e-11,Bin,7.0,7.1
Arkansas,3 wk ahead,percent,8.18191307194641e-11,Bin,7.1,7.2
Arkansas,3 wk ahead,percent,8.18191307194641e-11,Bin,7.2,7.3
Arkansas,3 wk ahead,percent,8.18191307194641e-11,Bin,7.3,7.4
Arkansas,3 wk ahead,percent,0.00199999966100791,Bin,7.4,7.5
Arkansas,3 wk ahead,percent,8.18191307194641e-11,Bin,7.5,7.6
Arkansas,3 wk ahead,percent,8.18191307194641e-11,Bin,7.6,7.7
Arkansas,3 wk ahead,percent,8.18191307194641e-11,Bin,7.7,7.8
Arkansas,3 wk ahead,percent,0.00199999966100791,Bin,7.8,7.9
Arkansas,3 wk ahead,percent,8.18191307194641e-11,Bin,7.9,8.0
Arkansas,3 wk ahead,percent,8.18191307194648e-11,Bin,8.0,8.1
Arkansas,3 wk ahead,percent,0.00199999966100791,Bin,8.1,8.2
Arkansas,3 wk ahead,percent,8.18191307194656e-11,Bin,8.2,8.3
Arkansas,3 wk ahead,percent,8.18191307194656e-11,Bin,8.3,8.4
Arkansas,3 wk ahead,percent,8.18191307194656e-11,Bin,8.4,8.5
Arkansas,3 wk ahead,percent,8.18191307194656e-11,Bin,8.5,8.6
Arkansas,3 wk ahead,percent,8.18191307194656e-11,Bin,8.6,8.7
Arkansas,3 wk ahead,percent,8.18191307194656e-11,Bin,8.7,8.8
Arkansas,3 wk ahead,percent,8.18191307194656e-11,Bin,8.8,8.9
Arkansas,3 wk ahead,percent,8.18191307194656e-11,Bin,8.9,9.0
Arkansas,3 wk ahead,percent,8.18191307194656e-11,Bin,9.0,9.1
Arkansas,3 wk ahead,percent,8.18191307194656e-11,Bin,9.1,9.2
Arkansas,3 wk ahead,percent,8.18191307194656e-11,Bin,9.2,9.3
Arkansas,3 wk ahead,percent,8.18191307194656e-11,Bin,9.3,9.4
Arkansas,3 wk ahead,percent,8.18191307194656e-11,Bin,9.4,9.5
Arkansas,3 wk ahead,percent,8.18191307194656e-11,Bin,9.5,9.6
Arkansas,3 wk ahead,percent,8.18191307194656e-11,Bin,9.6,9.7
Arkansas,3 wk ahead,percent,8.18191307194656e-11,Bin,9.7,9.8
Arkansas,3 wk ahead,percent,8.18191307194656e-11,Bin,9.8,9.9
Arkansas,3 wk ahead,percent,8.18191307194656e-11,Bin,9.9,10.0
Arkansas,3 wk ahead,percent,8.18191307194656e-11,Bin,10.0,10.1
Arkansas,3 wk ahead,percent,8.18191307194656e-11,Bin,10.1,10.2
Arkansas,3 wk ahead,percent,8.18191307194656e-11,Bin,10.2,10.3
Arkansas,3 wk ahead,percent,8.18191307194656e-11,Bin,10.3,10.4
Arkansas,3 wk ahead,percent,8.18191307194656e-11,Bin,10.4,10.5
Arkansas,3 wk ahead,percent,8.18191307194656e-11,Bin,10.5,10.6
Arkansas,3 wk ahead,percent,8.18191307194656e-11,Bin,10.6,10.7
Arkansas,3 wk ahead,percent,0.0039999992401967,Bin,10.7,10.8
Arkansas,3 wk ahead,percent,8.18191307194656e-11,Bin,10.8,10.9
Arkansas,3 wk ahead,percent,8.18191307194656e-11,Bin,10.9,11.0
Arkansas,3 wk ahead,percent,8.18191307194656e-11,Bin,11.0,11.1
Arkansas,3 wk ahead,percent,8.18191307194656e-11,Bin,11.1,11.2
Arkansas,3 wk ahead,percent,8.18191307194656e-11,Bin,11.2,11.3
Arkansas,3 wk ahead,percent,8.18191307194656e-11,Bin,11.3,11.4
Arkansas,3 wk ahead,percent,8.18191307194656e-11,Bin,11.4,11.5
Arkansas,3 wk ahead,percent,8.18191307194656e-11,Bin,11.5,11.6
Arkansas,3 wk ahead,percent,8.18191307194656e-11,Bin,11.6,11.7
Arkansas,3 wk ahead,percent,8.18191307194656e-11,Bin,11.7,11.8
Arkansas,3 wk ahead,percent,8.18191307194656e-11,Bin,11.8,11.9
Arkansas,3 wk ahead,percent,8.18191307194656e-11,Bin,11.9,12.0
Arkansas,3 wk ahead,percent,8.18191307194656e-11,Bin,12.0,12.1
Arkansas,3 wk ahead,percent,8.18191307194656e-11,Bin,12.1,12.2
Arkansas,3 wk ahead,percent,8.18191307194656e-11,Bin,12.2,12.3
Arkansas,3 wk ahead,percent,8.18191307194656e-11,Bin,12.3,12.4
Arkansas,3 wk ahead,percent,8.18191307194656e-11,Bin,12.4,12.5
Arkansas,3 wk ahead,percent,8.18191307194656e-11,Bin,12.5,12.6
Arkansas,3 wk ahead,percent,8.18191307194656e-11,Bin,12.6,12.7
Arkansas,3 wk ahead,percent,8.18191307194656e-11,Bin,12.7,12.8
Arkansas,3 wk ahead,percent,8.18191307194656e-11,Bin,12.8,12.9
Arkansas,3 wk ahead,percent,8.18191307194656e-11,Bin,12.9,13.0
Arkansas,3 wk ahead,percent,0.00199999966100791,Bin,13.0,100.0
Arkansas,4 wk ahead,percent,0.0020000031319967,Bin,0.0,0.1
Arkansas,4 wk ahead,percent,0.0280000036242403,Bin,0.1,0.2
Arkansas,4 wk ahead,percent,0.0380000056329906,Bin,0.2,0.3
Arkansas,4 wk ahead,percent,0.0540000082549005,Bin,0.3,0.4
Arkansas,4 wk ahead,percent,0.0440000159829441,Bin,0.4,0.5
Arkansas,4 wk ahead,percent,0.0600000139133332,Bin,0.5,0.6
Arkansas,4 wk ahead,percent,0.0780000059772234,Bin,0.6,0.7
Arkansas,4 wk ahead,percent,0.105999993237412,Bin,0.7,0.8
Arkansas,4 wk ahead,percent,0.0599999976194098,Bin,0.8,0.9
Arkansas,4 wk ahead,percent,0.045999999536214,Bin,0.9,1.0
Arkansas,4 wk ahead,percent,0.0500000006425608,Bin,1.0,1.1
Arkansas,4 wk ahead,percent,0.0500000019154554,Bin,1.1,1.2
Arkansas,4 wk ahead,percent,0.0380000028423179,Bin,1.2,1.3
Arkansas,4 wk ahead,percent,0.0280000012333655,Bin,1.3,1.4
Arkansas,4 wk ahead,percent,0.0479999933684815,Bin,1.4,1.5
Arkansas,4 wk ahead,percent,0.023999996157619,Bin,1.5,1.6
Arkansas,4 wk ahead,percent,0.0199999960935421,Bin,1.6,1.7
Arkansas,4 wk ahead,percent,0.0259999946211607,Bin,1.7,1.8
Arkansas,4 wk ahead,percent,0.0139999971349692,Bin,1.8,1.9
Arkansas,4 wk ahead,percent,0.00999999797422627,Bin,1.9,2.0
Arkansas,4 wk ahead,percent,0.0159999967153407,Bin,2.0,2.1
Arkansas,4 wk ahead,percent,0.0139999971349692,Bin,2.1,2.2
Arkansas,4 wk ahead,percent,0.00399999923311184,Bin,2.2,2.3
Arkansas,4 wk ahead,percent,0.00599999881348332,Bin,2.3,2.4
Arkansas,4 wk ahead,percent,0.0219999954564551,Bin,2.4,2.5
Arkansas,4 wk ahead,percent,0.0119999975545977,Bin,2.5,2.6
Arkansas,4 wk ahead,percent,0.00599999881348332,Bin,2.6,2.7
Arkansas,4 wk ahead,percent,7.23688913711653e-11,Bin,2.7,2.8
Arkansas,4 wk ahead,percent,0.00399999923311184,Bin,2.8,2.9
Arkansas,4 wk ahead,percent,0.0079999983938548,Bin,2.9,3.0
Arkansas,4 wk ahead,percent,0.0079999983938548,Bin,3.0,3.1
Arkansas,4 wk ahead,percent,0.00399999923311184,Bin,3.1,3.2
Arkansas,4 wk ahead,percent,0.00599999881348332,Bin,3.2,3.3
Arkansas,4 wk ahead,percent,0.00399999923311184,Bin,3.3,3.4
Arkansas,4 wk ahead,percent,7.23688913711653e-11,Bin,3.4,3.5
Arkansas,4 wk ahead,percent,7.23688913711653e-11,Bin,3.5,3.6
Arkansas,4 wk ahead,percent,0.00999999797422627,Bin,3.6,3.7
Arkansas,4 wk ahead,percent,0.00599999881348332,Bin,3.7,3.8
Arkansas,4 wk ahead,percent,0.00199999965274037,Bin,3.8,3.9
Arkansas,4 wk ahead,percent,0.00199999965274037,Bin,3.9,4.0
Arkansas,4 wk ahead,percent,0.00399999923311184,Bin,4.0,4.1
Arkansas,4 wk ahead,percent,0.00199999965274037,Bin,4.1,4.2
Arkansas,4 wk ahead,percent,0.00199999965274037,Bin,4.2,4.3
Arkansas,4 wk ahead,percent,0.00199999965274037,Bin,4.3,4.4
Arkansas,4 wk ahead,percent,0.00199999965274037,Bin,4.4,4.5
Arkansas,4 wk ahead,percent,0.00399999923311184,Bin,4.5,4.6
Arkansas,4 wk ahead,percent,7.23688913711653e-11,Bin,4.6,4.7
Arkansas,4 wk ahead,percent,7.23688913711653e-11,Bin,4.7,4.8
Arkansas,4 wk ahead,percent,7.23688913711653e-11,Bin,4.8,4.9
Arkansas,4 wk ahead,percent,0.00199999965274037,Bin,4.9,5.0
Arkansas,4 wk ahead,percent,7.23688913711653e-11,Bin,5.0,5.1
Arkansas,4 wk ahead,percent,7.23688913711653e-11,Bin,5.1,5.2
Arkansas,4 wk ahead,percent,7.23688913711653e-11,Bin,5.2,5.3
Arkansas,4 wk ahead,percent,7.23688913711653e-11,Bin,5.3,5.4
Arkansas,4 wk ahead,percent,0.00199999965274037,Bin,5.4,5.5
Arkansas,4 wk ahead,percent,7.23688913711653e-11,Bin,5.5,5.6
Arkansas,4 wk ahead,percent,7.23688913711653e-11,Bin,5.6,5.7
Arkansas,4 wk ahead,percent,0.00199999965274037,Bin,5.7,5.8
Arkansas,4 wk ahead,percent,0.00199999965274037,Bin,5.8,5.9
Arkansas,4 wk ahead,percent,7.23688913711653e-11,Bin,5.9,6.0
Arkansas,4 wk ahead,percent,7.23688913711653e-11,Bin,6.0,6.1
Arkansas,4 wk ahead,percent,7.23688913711653e-11,Bin,6.1,6.2
Arkansas,4 wk ahead,percent,0.00199999965274037,Bin,6.2,6.3
Arkansas,4 wk ahead,percent,7.23688913711653e-11,Bin,6.3,6.4
Arkansas,4 wk ahead,percent,7.23688913711653e-11,Bin,6.4,6.5
Arkansas,4 wk ahead,percent,7.23688913711653e-11,Bin,6.5,6.6
Arkansas,4 wk ahead,percent,0.00399999923311184,Bin,6.6,6.7
Arkansas,4 wk ahead,percent,7.23688913711653e-11,Bin,6.7,6.8
Arkansas,4 wk ahead,percent,7.23688913711653e-11,Bin,6.8,6.9
Arkansas,4 wk ahead,percent,0.00199999965274037,Bin,6.9,7.0
Arkansas,4 wk ahead,percent,7.23688913711653e-11,Bin,7.0,7.1
Arkansas,4 wk ahead,percent,7.23688913711653e-11,Bin,7.1,7.2
Arkansas,4 wk ahead,percent,7.23688913711653e-11,Bin,7.2,7.3
Arkansas,4 wk ahead,percent,7.23688913711653e-11,Bin,7.3,7.4
Arkansas,4 wk ahead,percent,7.23688913711653e-11,Bin,7.4,7.5
Arkansas,4 wk ahead,percent,7.23688913711653e-11,Bin,7.5,7.6
Arkansas,4 wk ahead,percent,7.23688913711653e-11,Bin,7.6,7.7
Arkansas,4 wk ahead,percent,7.23688913711653e-11,Bin,7.7,7.8
Arkansas,4 wk ahead,percent,7.23688913711653e-11,Bin,7.8,7.9
Arkansas,4 wk ahead,percent,7.23688913711653e-11,Bin,7.9,8.0
Arkansas,4 wk ahead,percent,7.2368891371166e-11,Bin,8.0,8.1
Arkansas,4 wk ahead,percent,7.23688913711666e-11,Bin,8.1,8.2
Arkansas,4 wk ahead,percent,7.23688913711666e-11,Bin,8.2,8.3
Arkansas,4 wk ahead,percent,7.23688913711666e-11,Bin,8.3,8.4
Arkansas,4 wk ahead,percent,7.23688913711666e-11,Bin,8.4,8.5
Arkansas,4 wk ahead,percent,0.00199999965274037,Bin,8.5,8.6
Arkansas,4 wk ahead,percent,7.23688913711666e-11,Bin,8.6,8.7
Arkansas,4 wk ahead,percent,0.00199999965274037,Bin,8.7,8.8
Arkansas,4 wk ahead,percent,7.23688913711666e-11,Bin,8.8,8.9
Arkansas,4 wk ahead,percent,0.00199999965274037,Bin,8.9,9.0
Arkansas,4 wk ahead,percent,0.00199999965274037,Bin,9.0,9.1
Arkansas,4 wk ahead,percent,7.23688913711666e-11,Bin,9.1,9.2
Arkansas,4 wk ahead,percent,7.23688913711666e-11,Bin,9.2,9.3
Arkansas,4 wk ahead,percent,7.23688913711666e-11,Bin,9.3,9.4
Arkansas,4 wk ahead,percent,7.23688913711666e-11,Bin,9.4,9.5
Arkansas,4 wk ahead,percent,7.23688913711666e-11,Bin,9.5,9.6
Arkansas,4 wk ahead,percent,7.23688913711666e-11,Bin,9.6,9.7
Arkansas,4 wk ahead,percent,7.23688913711666e-11,Bin,9.7,9.8
Arkansas,4 wk ahead,percent,7.23688913711666e-11,Bin,9.8,9.9
Arkansas,4 wk ahead,percent,7.23688913711666e-11,Bin,9.9,10.0
Arkansas,4 wk ahead,percent,7.23688913711666e-11,Bin,10.0,10.1
Arkansas,4 wk ahead,percent,7.23688913711666e-11,Bin,10.1,10.2
Arkansas,4 wk ahead,percent,7.23688913711666e-11,Bin,10.2,10.3
Arkansas,4 wk ahead,percent,7.23688913711666e-11,Bin,10.3,10.4
Arkansas,4 wk ahead,percent,7.23688913711666e-11,Bin,10.4,10.5
Arkansas,4 wk ahead,percent,7.23688913711666e-11,Bin,10.5,10.6
Arkansas,4 wk ahead,percent,7.23688913711666e-11,Bin,10.6,10.7
Arkansas,4 wk ahead,percent,7.23688913711666e-11,Bin,10.7,10.8
Arkansas,4 wk ahead,percent,7.23688913711666e-11,Bin,10.8,10.9
Arkansas,4 wk ahead,percent,7.23688913711666e-11,Bin,10.9,11.0
Arkansas,4 wk ahead,percent,7.23688913711666e-11,Bin,11.0,11.1
Arkansas,4 wk ahead,percent,7.23688913711666e-11,Bin,11.1,11.2
Arkansas,4 wk ahead,percent,7.23688913711666e-11,Bin,11.2,11.3
Arkansas,4 wk ahead,percent,7.23688913711666e-11,Bin,11.3,11.4
Arkansas,4 wk ahead,percent,7.23688913711666e-11,Bin,11.4,11.5
Arkansas,4 wk ahead,percent,7.23688913711666e-11,Bin,11.5,11.6
Arkansas,4 wk ahead,percent,7.23688913711666e-11,Bin,11.6,11.7
Arkansas,4 wk ahead,percent,7.23688913711666e-11,Bin,11.7,11.8
Arkansas,4 wk ahead,percent,7.23688913711666e-11,Bin,11.8,11.9
Arkansas,4 wk ahead,percent,7.23688913711666e-11,Bin,11.9,12.0
Arkansas,4 wk ahead,percent,7.23688913711666e-11,Bin,12.0,12.1
Arkansas,4 wk ahead,percent,7.23688913711666e-11,Bin,12.1,12.2
Arkansas,4 wk ahead,percent,7.23688913711666e-11,Bin,12.2,12.3
Arkansas,4 wk ahead,percent,7.23688913711666e-11,Bin,12.3,12.4
Arkansas,4 wk ahead,percent,7.23688913711666e-11,Bin,12.4,12.5
Arkansas,4 wk ahead,percent,7.23688913711666e-11,Bin,12.5,12.6
Arkansas,4 wk ahead,percent,7.23688913711666e-11,Bin,12.6,12.7
Arkansas,4 wk ahead,percent,7.23688913711666e-11,Bin,12.7,12.8
Arkansas,4 wk ahead,percent,7.23688913711666e-11,Bin,12.8,12.9
Arkansas,4 wk ahead,percent,7.23688913711666e-11,Bin,12.9,13.0
Arkansas,4 wk ahead,percent,0.00199999965274037,Bin,13.0,100.0
Arkansas,Season peak percentage,percent,4.6828245169484e-14,Bin,0.0,0.1
Arkansas,Season peak percentage,percent,9.3656490338968e-14,Bin,0.1,0.2
Arkansas,Season peak percentage,percent,9.3656490338968e-14,Bin,0.2,0.3
Arkansas,Season peak percentage,percent,9.3656490338968e-14,Bin,0.3,0.4
Arkansas,Season peak percentage,percent,9.3656490338968e-14,Bin,0.4,0.5
Arkansas,Season peak percentage,percent,9.3656490338968e-14,Bin,0.5,0.6
Arkansas,Season peak percentage,percent,9.36564903389681e-14,Bin,0.6,0.7
Arkansas,Season peak percentage,percent,9.36564903389681e-14,Bin,0.7,0.8
Arkansas,Season peak percentage,percent,9.36564903389681e-14,Bin,0.8,0.9
Arkansas,Season peak percentage,percent,9.36564903389681e-14,Bin,0.9,1.0
Arkansas,Season peak percentage,percent,9.36564903389681e-14,Bin,1.0,1.1
Arkansas,Season peak percentage,percent,9.36564903389681e-14,Bin,1.1,1.2
Arkansas,Season peak percentage,percent,9.36564903389681e-14,Bin,1.2,1.3
Arkansas,Season peak percentage,percent,9.36564903389681e-14,Bin,1.3,1.4
Arkansas,Season peak percentage,percent,9.36564903389681e-14,Bin,1.4,1.5
Arkansas,Season peak percentage,percent,9.36564903389681e-14,Bin,1.5,1.6
Arkansas,Season peak percentage,percent,9.36564903389681e-14,Bin,1.6,1.7
Arkansas,Season peak percentage,percent,9.36564903389681e-14,Bin,1.7,1.8
Arkansas,Season peak percentage,percent,9.36564903389681e-14,Bin,1.8,1.9
Arkansas,Season peak percentage,percent,9.36564903389681e-14,Bin,1.9,2.0
Arkansas,Season peak percentage,percent,9.36564903389679e-14,Bin,2.0,2.1
Arkansas,Season peak percentage,percent,9.36564903389677e-14,Bin,2.1,2.2
Arkansas,Season peak percentage,percent,9.36564903389677e-14,Bin,2.2,2.3
Arkansas,Season peak percentage,percent,1.00760388185343e-13,Bin,2.3,2.4
Arkansas,Season peak percentage,percent,1.31310201389289e-13,Bin,2.4,2.5
Arkansas,Season peak percentage,percent,1.71534613816152e-13,Bin,2.5,2.6
Arkansas,Season peak percentage,percent,2.22323784673039e-13,Bin,2.6,2.7
Arkansas,Season peak percentage,percent,2.85899262003578e-13,Bin,2.7,2.8
Arkansas,Season peak percentage,percent,3.64685719327332e-13,Bin,2.8,2.9
Arkansas,Season peak percentage,percent,4.61611978777791e-13,Bin,2.9,3.0
Arkansas,Season peak percentage,percent,5.79549000018371e-13,Bin,3.0,3.1
Arkansas,Season peak percentage,percent,7.22022631597196e-13,Bin,3.1,3.2
Arkansas,Season peak percentage,percent,8.92299683913582e-13,Bin,3.2,3.3
Arkansas,Season peak percentage,percent,1.09414113215153e-12,Bin,3.3,3.4
Arkansas,Season peak percentage,percent,1.33106481698413e-12,Bin,3.4,3.5
Arkansas,Season peak percentage,percent,1.60645806740629e-12,Bin,3.5,3.6
Arkansas,Season peak percentage,percent,1.92374738265019e-12,Bin,3.6,3.7
Arkansas,Season peak percentage,percent,2.28543912855033e-12,Bin,3.7,3.8
Arkansas,Season peak percentage,percent,2.69396503540714e-12,Bin,3.8,3.9
Arkansas,Season peak percentage,percent,3.15068182502979e-12,Bin,3.9,4.0
Arkansas,Season peak percentage,percent,3.65587453206952e-12,Bin,4.0,4.1
Arkansas,Season peak percentage,percent,4.20918376101216e-12,Bin,4.1,4.2
Arkansas,Season peak percentage,percent,4.80828753621165e-12,Bin,4.2,4.3
Arkansas,Season peak percentage,percent,5.45033387465526e-12,Bin,4.3,4.4
Arkansas,Season peak percentage,percent,6.13017719112586e-12,Bin,4.4,4.5
Arkansas,Season peak percentage,percent,6.84193051938154e-12,Bin,4.5,4.6
Arkansas,Season peak percentage,percent,7.57788158901391e-12,Bin,4.6,4.7
Arkansas,Season peak percentage,percent,8.32923155629462e-12,Bin,4.7,4.8
Arkansas,Season peak percentage,percent,9.08608704670353e-12,Bin,4.8,4.9
Arkansas,Season peak percentage,percent,9.83775741410336e-12,Bin,4.9,5.0
Arkansas,Season peak percentage,percent,1.05730027529331e-11,Bin,5.0,5.1
Arkansas,Season peak percentage,percent,1.12805207678544e-11,Bin,5.1,5.2
Arkansas,Season peak percentage,percent,1.19494411124168e-11,Bin,5.2,5.3
Arkansas,Season peak percentage,percent,1.25691815691048e-11,Bin,5.3,5.4
Arkansas,Season peak percentage,percent,1.31310395422846e-11,Bin,5.4,5.5
Arkansas,Season peak percentage,percent,1.36268373993856e-11,Bin,5.5,5.6
Arkansas,Season peak percentage,percent,1.40513542999393e-11,Bin,5.6,5.7
Arkansas,Season peak percentage,percent,1.44004538003449e-11,Bin,5.7,5.8
Arkansas,Season peak percentage,percent,1.46730419421456e-11,Bin,5.8,5.9
Arkansas,Season peak percentage,percent,1.48701050328317e-11,Bin,5.9,6.0
Arkansas,Season peak percentage,percent,1.49946181454492e-11,Bin,6.0,6.1
Arkansas,Season peak percentage,percent,1.50524255605166e-11,Bin,6.1,6.2
Arkansas,Season peak percentage,percent,1.50504300468733e-11,Bin,6.2,6.3
Arkansas,Season peak percentage,percent,1.499768465329e-11,Bin,6.3,6.4
Arkansas,Season peak percentage,percent,1.49040507073257e-11,Bin,6.4,6.5
Arkansas,Season peak percentage,percent,1.4779940164494e-11,Bin,6.5,6.6
Arkansas,Season peak percentage,percent,1.46360802467905e-11,Bin,6.6,6.7
Arkansas,Season peak percentage,percent,1.4482518081121e-11,Bin,6.7,6.8
Arkansas,Season peak percentage,percent,1.43286369346268e-11,Bin,6.8,6.9
Arkansas,Season peak percentage,percent,1.41824209106828e-11,Bin,6.9,7.0
Arkansas,Season peak percentage,percent,1.40503004340603e-11,Bin,7.0,7.1
Arkansas,Season peak percentage,percent,1.39368394823076e-11,Bin,7.1,7.2
Arkansas,Season peak percentage,percent,1.38447947349561e-11,Bin,7.2,7.3
Arkansas,Season peak percentage,percent,1.37747757401283e-11,Bin,7.3,7.4
Arkansas,Season peak percentage,percent,1.37258731816517e-11,Bin,7.4,7.5
Arkansas,Season peak percentage,percent,1.36953653751944e-11,Bin,7.5,7.6
Arkansas,Season peak percentage,percent,1.36793359489281e-11,Bin,7.6,7.7
Arkansas,Season peak percentage,percent,1.3672952326865e-11,Bin,7.7,7.8
Arkansas,Season peak percentage,percent,1.36707752728341e-11,Bin,7.8,7.9
Arkansas,Season peak percentage,percent,1.36672487946868e-11,Bin,7.9,8.0
Arkansas,Season peak percentage,percent,1.36570090779037e-11,Bin,8.0,8.1
Arkansas,Season peak percentage,percent,1.36352260906526e-11,Bin,8.1,8.2
Arkansas,Season peak percentage,percent,1.35978276445818e-11,Bin,8.2,8.3
Arkansas,Season peak percentage,percent,1.35417978630614e-11,Bin,8.3,8.4
Arkansas,Season peak percentage,percent,1.34649945909977e-11,Bin,8.4,8.5
Arkansas,Season peak percentage,percent,1.33665946525505e-11,Bin,8.5,8.6
Arkansas,Season peak percentage,percent,1.32465119157337e-11,Bin,8.6,8.7
Arkansas,Season peak percentage,percent,1.31057177503271e-11,Bin,8.7,8.8
Arkansas,Season peak percentage,percent,1.29457351814532e-11,Bin,8.8,8.9
Arkansas,Season peak percentage,percent,1.27684867916032e-11,Bin,8.9,9.0
Arkansas,Season peak percentage,percent,1.25762356088935e-11,Bin,9.0,9.1
Arkansas,Season peak percentage,percent,1.23710081416472e-11,Bin,9.1,9.2
Arkansas,Season peak percentage,percent,1.21547191871904e-11,Bin,9.2,9.3
Arkansas,Season peak percentage,percent,1.19287966137828e-11,Bin,9.3,9.4
Arkansas,Season peak percentage,percent,1.16941246575458e-11,Bin,9.4,9.5
Arkansas,Season peak percentage,percent,1.14510392544674e-11,Bin,9.5,9.6
Arkansas,Season peak percentage,percent,1.11991782797551e-11,Bin,9.6,9.7
Arkansas,Season peak percentage,percent,1.09377847863707e-11,Bin,9.7,9.8
Arkansas,Season peak percentage,percent,1.06655274785766e-11,Bin,9.8,9.9
Arkansas,Season peak percentage,percent,1.03808919468702e-11,Bin,9.9,10.0
Arkansas,Season peak percentage,percent,1.00822192305202e-11,Bin,10.0,10.1
Arkansas,Season peak percentage,percent,9.76785599177059e-12,Bin,10.1,10.2
Arkansas,Season peak percentage,percent,9.43655573853694e-12,Bin,10.2,10.3
Arkansas,Season peak percentage,percent,9.08727749807961e-12,Bin,10.3,10.4
Arkansas,Season peak percentage,percent,8.71970642607993e-12,Bin,10.4,10.5
Arkansas,Season peak percentage,percent,8.33408764074695e-12,Bin,10.5,10.6
Arkansas,Season peak percentage,percent,7.93130946088323e-12,Bin,10.6,10.7
Arkansas,Season peak percentage,percent,7.51313064810993e-12,Bin,10.7,10.8
Arkansas,Season peak percentage,percent,7.08177368061675e-12,Bin,10.8,10.9
Arkansas,Season peak percentage,percent,6.64027949263122e-12,Bin,10.9,11.0
Arkansas,Season peak percentage,percent,6.19201208666848e-12,Bin,11.0,11.1
Arkansas,Season peak percentage,percent,0.987999999124326,Bin,11.1,11.2
Arkansas,Season peak percentage,percent,0.00200000000350649,Bin,11.2,11.3
Arkansas,Season peak percentage,percent,4.84586384012187e-12,Bin,11.3,11.4
Arkansas,Season peak percentage,percent,0.00200000000262597,Bin,11.4,11.5
Arkansas,Season peak percentage,percent,3.98764250250203e-12,Bin,11.5,11.6
Arkansas,Season peak percentage,percent,3.58158973620364e-12,Bin,11.6,11.7
Arkansas,Season peak percentage,percent,3.19508798883965e-12,Bin,11.7,11.8
Arkansas,Season peak percentage,percent,2.83074550393508e-12,Bin,11.8,11.9
Arkansas,Season peak percentage,percent,2.49034544785075e-12,Bin,11.9,12.0
Arkansas,Season peak percentage,percent,2.17551531638438e-12,Bin,12.0,12.1
Arkansas,Season peak percentage,percent,1.88679936415013e-12,Bin,12.1,12.2
Arkansas,Season peak percentage,percent,0.00199999999984044,Bin,12.2,12.3
Arkansas,Season peak percentage,percent,1.38873047755302e-12,Bin,12.3,12.4
Arkansas,Season peak percentage,percent,1.17836105537621e-12,Bin,12.4,12.5
Arkansas,Season peak percentage,percent,9.92525161748259e-13,Bin,12.5,12.6
Arkansas,Season peak percentage,percent,8.29725198310198e-13,Bin,12.6,12.7
Arkansas,Season peak percentage,percent,6.88506470033352e-13,Bin,12.7,12.8
Arkansas,Season peak percentage,percent,5.6700348426558e-13,Bin,12.8,12.9
Arkansas,Season peak percentage,percent,4.63419387398361e-13,Bin,12.9,13.0
Arkansas,Season peak percentage,percent,0.00599999999682044,Bin,13.0,100.0
Arkansas,Season peak week,week,3.13910956383039e-05,Bin,40.0,41.0
Arkansas,Season peak week,week,3.13910956383039e-05,Bin,41.0,42.0
Arkansas,Season peak week,week,3.13910956383039e-05,Bin,42.0,43.0
Arkansas,Season peak week,week,3.13910956383039e-05,Bin,43.0,44.0
Arkansas,Season peak week,week,3.13910956383039e-05,Bin,44.0,45.0
Arkansas,Season peak week,week,4.75695454431781e-05,Bin,45.0,46.0
Arkansas,Season peak week,week,0.000142068537513141,Bin,46.0,47.0
Arkansas,Season peak week,week,0.000367812200285713,Bin,47.0,48.0
Arkansas,Season peak week,week,0.000811734973317923,Bin,48.0,49.0
Arkansas,Season peak week,week,0.0015309928230526,Bin,49.0,50.0
Arkansas,Season peak week,week,0.00247747136936475,Bin,50.0,51.0
Arkansas,Season peak week,week,0.00346055939757738,Bin,51.0,52.0
Arkansas,Season peak week,week,0.00421345555210294,Bin,52.0,53.0
Arkansas,Season peak week,week,0.00454559649751256,Bin,1.0,2.0
Arkansas,Season peak week,week,0.00446483325415374,Bin,2.0,3.0
Arkansas,Season peak week,week,0.00416070813965581,Bin,3.0,4.0
Arkansas,Season peak week,week,0.00386301265068326,Bin,4.0,5.0
Arkansas,Season peak week,week,0.943753429542797,Bin,5.0,6.0
Arkansas,Season peak week,week,0.00365613909691154,Bin,6.0,7.0
Arkansas,Season peak week,week,0.00365482498898064,Bin,7.0,8.0
Arkansas,Season peak week,week,0.00362286484638335,Bin,8.0,9.0
Arkansas,Season peak week,week,0.00350890523134322,Bin,9.0,10.0
Arkansas,Season peak week,week,0.00325635163267934,Bin,10.0,11.0
Arkansas,Season peak week,week,0.00281671794601552,Bin,11.0,12.0
Arkansas,Season peak week,week,0.00220594508039577,Bin,12.0,13.0
Arkansas,Season peak week,week,0.00152777364802555,Bin,13.0,14.0
Arkansas,Season peak week,week,0.00092080976645631,Bin,14.0,15.0
Arkansas,Season peak week,week,0.000478230592387406,Bin,15.0,16.0
Arkansas,Season peak week,week,0.000212774809217366,Bin,16.0,17.0
Arkansas,Season peak week,week,8.08274186477291e-05,Bin,17.0,18.0
Arkansas,Season peak week,week,2.66546273134513e-05,Bin,18.0,19.0
Arkansas,Season peak week,week,1.74901767952553e-05,Bin,19.0,20.0
Arkansas,Season peak week,week,1.74901767952553e-05,Bin,20.0,21.0
California,1 wk ahead,percent,9.15420673947578e-12,Bin,0.0,0.1
California,1 wk ahead,percent,1.83084134789516e-11,Bin,0.1,0.2
California,1 wk ahead,percent,1.83084134789515e-11,Bin,0.2,0.3
California,1 wk ahead,percent,1.83084134789515e-11,Bin,0.3,0.4
California,1 wk ahead,percent,1.83084134789515e-11,Bin,0.4,0.5
California,1 wk ahead,percent,1.83084134789516e-11,Bin,0.5,0.6
California,1 wk ahead,percent,1.83084134789516e-11,Bin,0.6,0.7
California,1 wk ahead,percent,1.83084134789516e-11,Bin,0.7,0.8
California,1 wk ahead,percent,3.25677906419004e-11,Bin,0.8,0.9
California,1 wk ahead,percent,0.00599999968826148,Bin,0.9,1.0
California,1 wk ahead,percent,0.00200000013309858,Bin,1.0,1.1
California,1 wk ahead,percent,0.00600000020840045,Bin,1.1,1.2
California,1 wk ahead,percent,0.00400000096201795,Bin,1.2,1.3
California,1 wk ahead,percent,0.0240000005030865,Bin,1.3,1.4
California,1 wk ahead,percent,0.163999992020021,Bin,1.4,1.5
California,1 wk ahead,percent,0.267999986074057,Bin,1.5,1.6
California,1 wk ahead,percent,0.297999985027484,Bin,1.6,1.7
California,1 wk ahead,percent,0.145999996111707,Bin,1.7,1.8
California,1 wk ahead,percent,0.0380000037262753,Bin,1.8,1.9
California,1 wk ahead,percent,0.0360000037462336,Bin,1.9,2.0
California,1 wk ahead,percent,0.00600000558243376,Bin,2.0,2.1
California,1 wk ahead,percent,5.70285870420197e-09,Bin,2.1,2.2
California,1 wk ahead,percent,0.00200000510595627,Bin,2.2,2.3
California,1 wk ahead,percent,4.50549956486559e-09,Bin,2.3,2.4
California,1 wk ahead,percent,3.51262753054418e-09,Bin,2.4,2.5
California,1 wk ahead,percent,2.43583915669979e-09,Bin,2.5,2.6
California,1 wk ahead,percent,1.48307594868316e-09,Bin,2.6,2.7
California,1 wk ahead,percent,7.85401482891724e-10,Bin,2.7,2.8
California,1 wk ahead,percent,3.58964604079887e-10,Bin,2.8,2.9
California,1 wk ahead,percent,1.40634151954803e-10,Bin,2.9,3.0
California,1 wk ahead,percent,4.69584827399848e-11,Bin,3.0,3.1
California,1 wk ahead,percent,2.00156950715876e-11,Bin,3.1,3.2
California,1 wk ahead,percent,1.96889984802524e-11,Bin,3.2,3.3
California,1 wk ahead,percent,1.96889984802524e-11,Bin,3.3,3.4
California,1 wk ahead,percent,1.96889984802524e-11,Bin,3.4,3.5
California,1 wk ahead,percent,1.96889984802524e-11,Bin,3.5,3.6
California,1 wk ahead,percent,1.96889984802524e-11,Bin,3.6,3.7
California,1 wk ahead,percent,1.96889984802524e-11,Bin,3.7,3.8
California,1 wk ahead,percent,1.96889984802524e-11,Bin,3.8,3.9
California,1 wk ahead,percent,1.96889984802524e-11,Bin,3.9,4.0
California,1 wk ahead,percent,1.96889984802524e-11,Bin,4.0,4.1
California,1 wk ahead,percent,1.96889984802524e-11,Bin,4.1,4.2
California,1 wk ahead,percent,1.96889984802524e-11,Bin,4.2,4.3
California,1 wk ahead,percent,1.96889984802524e-11,Bin,4.3,4.4
California,1 wk ahead,percent,1.96889984802524e-11,Bin,4.4,4.5
California,1 wk ahead,percent,1.96889984802524e-11,Bin,4.5,4.6
California,1 wk ahead,percent,1.96889984802524e-11,Bin,4.6,4.7
California,1 wk ahead,percent,1.96889984802524e-11,Bin,4.7,4.8
California,1 wk ahead,percent,1.96889984802524e-11,Bin,4.8,4.9
California,1 wk ahead,percent,1.96889984802524e-11,Bin,4.9,5.0
California,1 wk ahead,percent,1.96889984802524e-11,Bin,5.0,5.1
California,1 wk ahead,percent,1.96889984802524e-11,Bin,5.1,5.2
California,1 wk ahead,percent,1.96889984802524e-11,Bin,5.2,5.3
California,1 wk ahead,percent,1.96889984802524e-11,Bin,5.3,5.4
California,1 wk ahead,percent,1.96889984802524e-11,Bin,5.4,5.5
California,1 wk ahead,percent,1.96889984802524e-11,Bin,5.5,5.6
California,1 wk ahead,percent,1.96889984802524e-11,Bin,5.6,5.7
California,1 wk ahead,percent,1.96889984802524e-11,Bin,5.7,5.8
California,1 wk ahead,percent,1.96889984802524e-11,Bin,5.8,5.9
California,1 wk ahead,percent,1.96889984802524e-11,Bin,5.9,6.0
California,1 wk ahead,percent,1.96889984802524e-11,Bin,6.0,6.1
California,1 wk ahead,percent,1.96889984802524e-11,Bin,6.1,6.2
California,1 wk ahead,percent,1.96889984802524e-11,Bin,6.2,6.3
California,1 wk ahead,percent,1.96889984802524e-11,Bin,6.3,6.4
California,1 wk ahead,percent,1.96889984802524e-11,Bin,6.4,6.5
California,1 wk ahead,percent,1.96889984802524e-11,Bin,6.5,6.6
California,1 wk ahead,percent,1.96889984802524e-11,Bin,6.6,6.7
California,1 wk ahead,percent,1.96889984802524e-11,Bin,6.7,6.8
California,1 wk ahead,percent,1.96889984802524e-11,Bin,6.8,6.9
California,1 wk ahead,percent,1.96889984802524e-11,Bin,6.9,7.0
California,1 wk ahead,percent,1.96889984802524e-11,Bin,7.0,7.1
California,1 wk ahead,percent,1.96889984802524e-11,Bin,7.1,7.2
California,1 wk ahead,percent,1.96889984802524e-11,Bin,7.2,7.3
California,1 wk ahead,percent,1.96889984802524e-11,Bin,7.3,7.4
California,1 wk ahead,percent,1.96889984802524e-11,Bin,7.4,7.5
California,1 wk ahead,percent,1.96889984802524e-11,Bin,7.5,7.6
California,1 wk ahead,percent,1.96889984802524e-11,Bin,7.6,7.7
California,1 wk ahead,percent,1.96889984802524e-11,Bin,7.7,7.8
California,1 wk ahead,percent,1.96889984802524e-11,Bin,7.8,7.9
California,1 wk ahead,percent,1.96889984802524e-11,Bin,7.9,8.0
California,1 wk ahead,percent,1.96889984802525e-11,Bin,8.0,8.1
California,1 wk ahead,percent,1.96889984802527e-11,Bin,8.1,8.2
California,1 wk ahead,percent,1.96889984802527e-11,Bin,8.2,8.3
California,1 wk ahead,percent,1.96889984802527e-11,Bin,8.3,8.4
California,1 wk ahead,percent,1.96889984802527e-11,Bin,8.4,8.5
California,1 wk ahead,percent,1.96889984802527e-11,Bin,8.5,8.6
California,1 wk ahead,percent,1.96889984802527e-11,Bin,8.6,8.7
California,1 wk ahead,percent,1.96889984802527e-11,Bin,8.7,8.8
California,1 wk ahead,percent,1.96889984802527e-11,Bin,8.8,8.9
California,1 wk ahead,percent,1.96889984802527e-11,Bin,8.9,9.0
California,1 wk ahead,percent,1.96889984802527e-11,Bin,9.0,9.1
California,1 wk ahead,percent,1.96889984802527e-11,Bin,9.1,9.2
California,1 wk ahead,percent,1.96889984802527e-11,Bin,9.2,9.3
California,1 wk ahead,percent,1.96889984802527e-11,Bin,9.3,9.4
California,1 wk ahead,percent,1.96889984802527e-11,Bin,9.4,9.5
California,1 wk ahead,percent,1.96889984802527e-11,Bin,9.5,9.6
California,1 wk ahead,percent,1.96889984802527e-11,Bin,9.6,9.7
California,1 wk ahead,percent,1.96889984802527e-11,Bin,9.7,9.8
California,1 wk ahead,percent,1.96889984802527e-11,Bin,9.8,9.9
California,1 wk ahead,percent,1.96889984802527e-11,Bin,9.9,10.0
California,1 wk ahead,percent,1.96889984802527e-11,Bin,10.0,10.1
California,1 wk ahead,percent,1.96889984802527e-11,Bin,10.1,10.2
California,1 wk ahead,percent,1.96889984802527e-11,Bin,10.2,10.3
California,1 wk ahead,percent,1.96889984802527e-11,Bin,10.3,10.4
California,1 wk ahead,percent,1.96889984802527e-11,Bin,10.4,10.5
California,1 wk ahead,percent,1.96889984802527e-11,Bin,10.5,10.6
California,1 wk ahead,percent,1.96889984802527e-11,Bin,10.6,10.7
California,1 wk ahead,percent,1.96889984802527e-11,Bin,10.7,10.8
California,1 wk ahead,percent,1.96889984802527e-11,Bin,10.8,10.9
California,1 wk ahead,percent,1.96889984802527e-11,Bin,10.9,11.0
California,1 wk ahead,percent,1.96889984802527e-11,Bin,11.0,11.1
California,1 wk ahead,percent,1.96889984802527e-11,Bin,11.1,11.2
California,1 wk ahead,percent,1.96889984802527e-11,Bin,11.2,11.3
California,1 wk ahead,percent,1.96889984802527e-11,Bin,11.3,11.4
California,1 wk ahead,percent,1.96889984802527e-11,Bin,11.4,11.5
California,1 wk ahead,percent,1.96889984802527e-11,Bin,11.5,11.6
California,1 wk ahead,percent,1.96889984802527e-11,Bin,11.6,11.7
California,1 wk ahead,percent,1.96889984802527e-11,Bin,11.7,11.8
California,1 wk ahead,percent,1.96889984802527e-11,Bin,11.8,11.9
California,1 wk ahead,percent,1.96889984802527e-11,Bin,11.9,12.0
California,1 wk ahead,percent,1.96889984802527e-11,Bin,12.0,12.1
California,1 wk ahead,percent,1.96889984802527e-11,Bin,12.1,12.2
California,1 wk ahead,percent,1.96889984802527e-11,Bin,12.2,12.3
California,1 wk ahead,percent,1.96889984802527e-11,Bin,12.3,12.4
California,1 wk ahead,percent,1.96889984802527e-11,Bin,12.4,12.5
California,1 wk ahead,percent,1.96889984802527e-11,Bin,12.5,12.6
California,1 wk ahead,percent,1.96889984802527e-11,Bin,12.6,12.7
California,1 wk ahead,percent,1.96889984802527e-11,Bin,12.7,12.8
California,1 wk ahead,percent,1.96889984802527e-11,Bin,12.8,12.9
California,1 wk ahead,percent,1.96889984802527e-11,Bin,12.9,13.0
California,1 wk ahead,percent,1.96889984802527e-11,Bin,13.0,100.0
California,2 wk ahead,percent,1.75810908404177e-11,Bin,0.0,0.1
California,2 wk ahead,percent,3.51621816808355e-11,Bin,0.1,0.2
California,2 wk ahead,percent,3.51621816808355e-11,Bin,0.2,0.3
California,2 wk ahead,percent,3.51621816808355e-11,Bin,0.3,0.4
California,2 wk ahead,percent,3.51621816808355e-11,Bin,0.4,0.5
California,2 wk ahead,percent,3.51621816808355e-11,Bin,0.5,0.6
California,2 wk ahead,percent,3.51621816808355e-11,Bin,0.6,0.7
California,2 wk ahead,percent,3.51621816808355e-11,Bin,0.7,0.8
California,2 wk ahead,percent,3.51621816808355e-11,Bin,0.8,0.9
California,2 wk ahead,percent,3.51621816808355e-11,Bin,0.9,1.0
California,2 wk ahead,percent,3.57415468469966e-11,Bin,1.0,1.1
California,2 wk ahead,percent,1.5166190407009e-10,Bin,1.1,1.2
California,2 wk ahead,percent,0.00400000050171115,Bin,1.2,1.3
California,2 wk ahead,percent,0.0539999986032908,Bin,1.3,1.4
California,2 wk ahead,percent,0.159999993649221,Bin,1.4,1.5
California,2 wk ahead,percent,0.251999989391964,Bin,1.5,1.6
California,2 wk ahead,percent,0.259999989526238,Bin,1.6,1.7
California,2 wk ahead,percent,0.141999996868232,Bin,1.7,1.8
California,2 wk ahead,percent,0.0600000005730313,Bin,1.8,1.9
California,2 wk ahead,percent,0.0360000012254479,Bin,1.9,2.0
California,2 wk ahead,percent,0.0220000034996708,Bin,2.0,2.1
California,2 wk ahead,percent,0.00400000682068168,Bin,2.1,2.2
California,2 wk ahead,percent,7.24715481301064e-09,Bin,2.2,2.3
California,2 wk ahead,percent,4.90863927741115e-09,Bin,2.3,2.4
California,2 wk ahead,percent,0.00200000195212657,Bin,2.4,2.5
California,2 wk ahead,percent,5.47230810779497e-10,Bin,2.5,2.6
California,2 wk ahead,percent,8.78774377582097e-11,Bin,2.6,2.7
California,2 wk ahead,percent,4.20326852649315e-11,Bin,2.7,2.8
California,2 wk ahead,percent,4.20326852649315e-11,Bin,2.8,2.9
California,2 wk ahead,percent,0.00199999989435197,Bin,2.9,3.0
California,2 wk ahead,percent,0.00199999989435197,Bin,3.0,3.1
California,2 wk ahead,percent,4.20326852649315e-11,Bin,3.1,3.2
California,2 wk ahead,percent,4.20326852649315e-11,Bin,3.2,3.3
California,2 wk ahead,percent,4.20326852649315e-11,Bin,3.3,3.4
California,2 wk ahead,percent,4.20326852649315e-11,Bin,3.4,3.5
California,2 wk ahead,percent,4.20326852649315e-11,Bin,3.5,3.6
California,2 wk ahead,percent,4.20326852649315e-11,Bin,3.6,3.7
California,2 wk ahead,percent,4.20326852649315e-11,Bin,3.7,3.8
California,2 wk ahead,percent,4.20326852649315e-11,Bin,3.8,3.9
California,2 wk ahead,percent,4.20326852649315e-11,Bin,3.9,4.0
California,2 wk ahead,percent,4.20326852649315e-11,Bin,4.0,4.1
California,2 wk ahead,percent,4.20326852649315e-11,Bin,4.1,4.2
California,2 wk ahead,percent,4.20326852649315e-11,Bin,4.2,4.3
California,2 wk ahead,percent,4.20326852649315e-11,Bin,4.3,4.4
California,2 wk ahead,percent,4.20326852649315e-11,Bin,4.4,4.5
California,2 wk ahead,percent,4.20326852649315e-11,Bin,4.5,4.6
California,2 wk ahead,percent,4.20326852649315e-11,Bin,4.6,4.7
California,2 wk ahead,percent,4.20326852649315e-11,Bin,4.7,4.8
California,2 wk ahead,percent,4.20326852649315e-11,Bin,4.8,4.9
California,2 wk ahead,percent,4.20326852649315e-11,Bin,4.9,5.0
California,2 wk ahead,percent,4.20326852649315e-11,Bin,5.0,5.1
California,2 wk ahead,percent,4.20326852649315e-11,Bin,5.1,5.2
California,2 wk ahead,percent,4.20326852649315e-11,Bin,5.2,5.3
California,2 wk ahead,percent,4.20326852649315e-11,Bin,5.3,5.4
California,2 wk ahead,percent,4.20326852649315e-11,Bin,5.4,5.5
California,2 wk ahead,percent,4.20326852649315e-11,Bin,5.5,5.6
California,2 wk ahead,percent,4.20326852649315e-11,Bin,5.6,5.7
California,2 wk ahead,percent,4.20326852649315e-11,Bin,5.7,5.8
California,2 wk ahead,percent,4.20326852649315e-11,Bin,5.8,5.9
California,2 wk ahead,percent,4.20326852649315e-11,Bin,5.9,6.0
California,2 wk ahead,percent,4.20326852649315e-11,Bin,6.0,6.1
California,2 wk ahead,percent,4.20326852649315e-11,Bin,6.1,6.2
California,2 wk ahead,percent,4.20326852649315e-11,Bin,6.2,6.3
California,2 wk ahead,percent,4.20326852649315e-11,Bin,6.3,6.4
California,2 wk ahead,percent,4.20326852649315e-11,Bin,6.4,6.5
California,2 wk ahead,percent,4.20326852649315e-11,Bin,6.5,6.6
California,2 wk ahead,percent,4.20326852649315e-11,Bin,6.6,6.7
California,2 wk ahead,percent,4.20326852649315e-11,Bin,6.7,6.8
California,2 wk ahead,percent,4.20326852649315e-11,Bin,6.8,6.9
California,2 wk ahead,percent,4.20326852649315e-11,Bin,6.9,7.0
California,2 wk ahead,percent,4.20326852649315e-11,Bin,7.0,7.1
California,2 wk ahead,percent,4.20326852649315e-11,Bin,7.1,7.2
California,2 wk ahead,percent,4.20326852649315e-11,Bin,7.2,7.3
California,2 wk ahead,percent,4.20326852649315e-11,Bin,7.3,7.4
California,2 wk ahead,percent,4.20326852649315e-11,Bin,7.4,7.5
California,2 wk ahead,percent,4.20326852649315e-11,Bin,7.5,7.6
California,2 wk ahead,percent,4.20326852649315e-11,Bin,7.6,7.7
California,2 wk ahead,percent,4.20326852649315e-11,Bin,7.7,7.8
California,2 wk ahead,percent,4.20326852649315e-11,Bin,7.8,7.9
California,2 wk ahead,percent,4.20326852649315e-11,Bin,7.9,8.0
California,2 wk ahead,percent,4.20326852649319e-11,Bin,8.0,8.1
California,2 wk ahead,percent,4.20326852649323e-11,Bin,8.1,8.2
California,2 wk ahead,percent,4.20326852649323e-11,Bin,8.2,8.3
California,2 wk ahead,percent,4.20326852649323e-11,Bin,8.3,8.4
California,2 wk ahead,percent,4.20326852649323e-11,Bin,8.4,8.5
California,2 wk ahead,percent,4.20326852649323e-11,Bin,8.5,8.6
California,2 wk ahead,percent,4.20326852649323e-11,Bin,8.6,8.7
California,2 wk ahead,percent,4.20326852649323e-11,Bin,8.7,8.8
California,2 wk ahead,percent,4.20326852649323e-11,Bin,8.8,8.9
California,2 wk ahead,percent,4.20326852649323e-11,Bin,8.9,9.0
California,2 wk ahead,percent,4.20326852649323e-11,Bin,9.0,9.1
California,2 wk ahead,percent,4.20326852649323e-11,Bin,9.1,9.2
California,2 wk ahead,percent,4.20326852649323e-11,Bin,9.2,9.3
California,2 wk ahead,percent,4.20326852649323e-11,Bin,9.3,9.4
California,2 wk ahead,percent,4.20326852649323e-11,Bin,9.4,9.5
California,2 wk ahead,percent,4.20326852649323e-11,Bin,9.5,9.6
California,2 wk ahead,percent,4.20326852649323e-11,Bin,9.6,9.7
California,2 wk ahead,percent,4.20326852649323e-11,Bin,9.7,9.8
California,2 wk ahead,percent,4.20326852649323e-11,Bin,9.8,9.9
California,2 wk ahead,percent,4.20326852649323e-11,Bin,9.9,10.0
California,2 wk ahead,percent,4.20326852649323e-11,Bin,10.0,10.1
California,2 wk ahead,percent,4.20326852649323e-11,Bin,10.1,10.2
California,2 wk ahead,percent,4.20326852649323e-11,Bin,10.2,10.3
California,2 wk ahead,percent,4.20326852649323e-11,Bin,10.3,10.4
California,2 wk ahead,percent,4.20326852649323e-11,Bin,10.4,10.5
California,2 wk ahead,percent,4.20326852649323e-11,Bin,10.5,10.6
California,2 wk ahead,percent,4.20326852649323e-11,Bin,10.6,10.7
California,2 wk ahead,percent,4.20326852649323e-11,Bin,10.7,10.8
California,2 wk ahead,percent,4.20326852649323e-11,Bin,10.8,10.9
California,2 wk ahead,percent,4.20326852649323e-11,Bin,10.9,11.0
California,2 wk ahead,percent,4.20326852649323e-11,Bin,11.0,11.1
California,2 wk ahead,percent,4.20326852649323e-11,Bin,11.1,11.2
California,2 wk ahead,percent,4.20326852649323e-11,Bin,11.2,11.3
California,2 wk ahead,percent,4.20326852649323e-11,Bin,11.3,11.4
California,2 wk ahead,percent,4.20326852649323e-11,Bin,11.4,11.5
California,2 wk ahead,percent,4.20326852649323e-11,Bin,11.5,11.6
California,2 wk ahead,percent,4.20326852649323e-11,Bin,11.6,11.7
California,2 wk ahead,percent,4.20326852649323e-11,Bin,11.7,11.8
California,2 wk ahead,percent,4.20326852649323e-11,Bin,11.8,11.9
California,2 wk ahead,percent,4.20326852649323e-11,Bin,11.9,12.0
California,2 wk ahead,percent,4.20326852649323e-11,Bin,12.0,12.1
California,2 wk ahead,percent,4.20326852649323e-11,Bin,12.1,12.2
California,2 wk ahead,percent,4.20326852649323e-11,Bin,12.2,12.3
California,2 wk ahead,percent,4.20326852649323e-11,Bin,12.3,12.4
California,2 wk ahead,percent,4.20326852649323e-11,Bin,12.4,12.5
California,2 wk ahead,percent,4.20326852649323e-11,Bin,12.5,12.6
California,2 wk ahead,percent,4.20326852649323e-11,Bin,12.6,12.7
California,2 wk ahead,percent,4.20326852649323e-11,Bin,12.7,12.8
California,2 wk ahead,percent,4.20326852649323e-11,Bin,12.8,12.9
California,2 wk ahead,percent,4.20326852649323e-11,Bin,12.9,13.0
California,2 wk ahead,percent,4.20326852649323e-11,Bin,13.0,100.0
California,3 wk ahead,percent,3.85891622178598e-11,Bin,0.0,0.1
California,3 wk ahead,percent,7.71783244357195e-11,Bin,0.1,0.2
California,3 wk ahead,percent,7.71783244357195e-11,Bin,0.2,0.3
California,3 wk ahead,percent,7.71783244357195e-11,Bin,0.3,0.4
California,3 wk ahead,percent,7.71783244357195e-11,Bin,0.4,0.5
California,3 wk ahead,percent,7.71783244357195e-11,Bin,0.5,0.6
California,3 wk ahead,percent,7.71783244357196e-11,Bin,0.6,0.7
California,3 wk ahead,percent,0.001999999662339,Bin,0.7,0.8
California,3 wk ahead,percent,2.25141349373425e-10,Bin,0.8,0.9
California,3 wk ahead,percent,6.57646224724689e-10,Bin,0.9,1.0
California,3 wk ahead,percent,0.0060000003630229,Bin,1.0,1.1
California,3 wk ahead,percent,0.00200000299318585,Bin,1.1,1.2
California,3 wk ahead,percent,0.00200000571309601,Bin,1.2,1.3
California,3 wk ahead,percent,0.0539999981594903,Bin,1.3,1.4
California,3 wk ahead,percent,0.115999988545074,Bin,1.4,1.5
California,3 wk ahead,percent,0.203999972820641,Bin,1.5,1.6
California,3 wk ahead,percent,0.187999977968391,Bin,1.6,1.7
California,3 wk ahead,percent,0.171999982183562,Bin,1.7,1.8
California,3 wk ahead,percent,0.111999995070975,Bin,1.8,1.9
California,3 wk ahead,percent,0.0860000005031334,Bin,1.9,2.0
California,3 wk ahead,percent,0.0260000127471277,Bin,2.0,2.1
California,3 wk ahead,percent,0.0140000141916082,Bin,2.1,2.2
California,3 wk ahead,percent,0.00400001416580189,Bin,2.2,2.3
California,3 wk ahead,percent,0.00200001146652015,Bin,2.3,2.4
California,3 wk ahead,percent,0.00400000749528359,Bin,2.4,2.5
California,3 wk ahead,percent,0.00200000468297044,Bin,2.5,2.6
California,3 wk ahead,percent,2.7020611017354e-09,Bin,2.6,2.7
California,3 wk ahead,percent,1.22924305264206e-09,Bin,2.7,2.8
California,3 wk ahead,percent,0.00399999963663905,Bin,2.8,2.9
California,3 wk ahead,percent,1.58517648473798e-10,Bin,2.9,3.0
California,3 wk ahead,percent,6.2994776741589e-11,Bin,3.0,3.1
California,3 wk ahead,percent,6.09387575428856e-11,Bin,3.1,3.2
California,3 wk ahead,percent,6.09387575428856e-11,Bin,3.2,3.3
California,3 wk ahead,percent,6.09387575428856e-11,Bin,3.3,3.4
California,3 wk ahead,percent,6.09387575428856e-11,Bin,3.4,3.5
California,3 wk ahead,percent,6.09387575428856e-11,Bin,3.5,3.6
California,3 wk ahead,percent,6.09387575428856e-11,Bin,3.6,3.7
California,3 wk ahead,percent,6.09387575428856e-11,Bin,3.7,3.8
California,3 wk ahead,percent,6.09387575428856e-11,Bin,3.8,3.9
California,3 wk ahead,percent,6.09387575428856e-11,Bin,3.9,4.0
California,3 wk ahead,percent,6.09387575428856e-11,Bin,4.0,4.1
California,3 wk ahead,percent,6.09387575428856e-11,Bin,4.1,4.2
California,3 wk ahead,percent,6.09387575428856e-11,Bin,4.2,4.3
California,3 wk ahead,percent,6.09387575428856e-11,Bin,4.3,4.4
California,3 wk ahead,percent,6.09387575428856e-11,Bin,4.4,4.5
California,3 wk ahead,percent,6.09387575428856e-11,Bin,4.5,4.6
California,3 wk ahead,percent,6.09387575428856e-11,Bin,4.6,4.7
California,3 wk ahead,percent,6.09387575428856e-11,Bin,4.7,4.8
California,3 wk ahead,percent,6.09387575428856e-11,Bin,4.8,4.9
California,3 wk ahead,percent,6.09387575428856e-11,Bin,4.9,5.0
California,3 wk ahead,percent,6.09387575428856e-11,Bin,5.0,5.1
California,3 wk ahead,percent,6.09387575428856e-11,Bin,5.1,5.2
California,3 wk ahead,percent,6.09387575428856e-11,Bin,5.2,5.3
California,3 wk ahead,percent,6.09387575428856e-11,Bin,5.3,5.4
California,3 wk ahead,percent,6.09387575428856e-11,Bin,5.4,5.5
California,3 wk ahead,percent,6.09387575428856e-11,Bin,5.5,5.6
California,3 wk ahead,percent,6.09387575428856e-11,Bin,5.6,5.7
California,3 wk ahead,percent,6.09387575428856e-11,Bin,5.7,5.8
California,3 wk ahead,percent,6.09387575428856e-11,Bin,5.8,5.9
California,3 wk ahead,percent,6.09387575428856e-11,Bin,5.9,6.0
California,3 wk ahead,percent,6.09387575428856e-11,Bin,6.0,6.1
California,3 wk ahead,percent,6.09387575428856e-11,Bin,6.1,6.2
California,3 wk ahead,percent,6.09387575428856e-11,Bin,6.2,6.3
California,3 wk ahead,percent,6.09387575428856e-11,Bin,6.3,6.4
California,3 wk ahead,percent,6.09387575428856e-11,Bin,6.4,6.5
California,3 wk ahead,percent,6.09387575428856e-11,Bin,6.5,6.6
California,3 wk ahead,percent,6.09387575428856e-11,Bin,6.6,6.7
California,3 wk ahead,percent,6.09387575428856e-11,Bin,6.7,6.8
California,3 wk ahead,percent,6.09387575428856e-11,Bin,6.8,6.9
California,3 wk ahead,percent,6.09387575428856e-11,Bin,6.9,7.0
California,3 wk ahead,percent,6.09387575428856e-11,Bin,7.0,7.1
California,3 wk ahead,percent,6.09387575428856e-11,Bin,7.1,7.2
California,3 wk ahead,percent,6.09387575428856e-11,Bin,7.2,7.3
California,3 wk ahead,percent,6.09387575428856e-11,Bin,7.3,7.4
California,3 wk ahead,percent,6.09387575428856e-11,Bin,7.4,7.5
California,3 wk ahead,percent,6.09387575428856e-11,Bin,7.5,7.6
California,3 wk ahead,percent,6.09387575428856e-11,Bin,7.6,7.7
California,3 wk ahead,percent,6.09387575428856e-11,Bin,7.7,7.8
California,3 wk ahead,percent,6.09387575428856e-11,Bin,7.8,7.9
California,3 wk ahead,percent,6.09387575428856e-11,Bin,7.9,8.0
California,3 wk ahead,percent,6.09387575428862e-11,Bin,8.0,8.1
California,3 wk ahead,percent,6.09387575428867e-11,Bin,8.1,8.2
California,3 wk ahead,percent,6.09387575428867e-11,Bin,8.2,8.3
California,3 wk ahead,percent,6.09387575428867e-11,Bin,8.3,8.4
California,3 wk ahead,percent,6.09387575428867e-11,Bin,8.4,8.5
California,3 wk ahead,percent,6.09387575428867e-11,Bin,8.5,8.6
California,3 wk ahead,percent,6.09387575428867e-11,Bin,8.6,8.7
California,3 wk ahead,percent,6.09387575428867e-11,Bin,8.7,8.8
California,3 wk ahead,percent,6.09387575428867e-11,Bin,8.8,8.9
California,3 wk ahead,percent,6.09387575428867e-11,Bin,8.9,9.0
California,3 wk ahead,percent,6.09387575428867e-11,Bin,9.0,9.1
California,3 wk ahead,percent,6.09387575428867e-11,Bin,9.1,9.2
California,3 wk ahead,percent,6.09387575428867e-11,Bin,9.2,9.3
California,3 wk ahead,percent,6.09387575428867e-11,Bin,9.3,9.4
California,3 wk ahead,percent,6.09387575428867e-11,Bin,9.4,9.5
California,3 wk ahead,percent,6.09387575428867e-11,Bin,9.5,9.6
California,3 wk ahead,percent,6.09387575428867e-11,Bin,9.6,9.7
California,3 wk ahead,percent,6.09387575428867e-11,Bin,9.7,9.8
California,3 wk ahead,percent,6.09387575428867e-11,Bin,9.8,9.9
California,3 wk ahead,percent,6.09387575428867e-11,Bin,9.9,10.0
California,3 wk ahead,percent,6.09387575428867e-11,Bin,10.0,10.1
California,3 wk ahead,percent,6.09387575428867e-11,Bin,10.1,10.2
California,3 wk ahead,percent,6.09387575428867e-11,Bin,10.2,10.3
California,3 wk ahead,percent,6.09387575428867e-11,Bin,10.3,10.4
California,3 wk ahead,percent,6.09387575428867e-11,Bin,10.4,10.5
California,3 wk ahead,percent,6.09387575428867e-11,Bin,10.5,10.6
California,3 wk ahead,percent,6.09387575428867e-11,Bin,10.6,10.7
California,3 wk ahead,percent,6.09387575428867e-11,Bin,10.7,10.8
California,3 wk ahead,percent,6.09387575428867e-11,Bin,10.8,10.9
California,3 wk ahead,percent,6.09387575428867e-11,Bin,10.9,11.0
California,3 wk ahead,percent,6.09387575428867e-11,Bin,11.0,11.1
California,3 wk ahead,percent,6.09387575428867e-11,Bin,11.1,11.2
California,3 wk ahead,percent,6.09387575428867e-11,Bin,11.2,11.3
California,3 wk ahead,percent,6.09387575428867e-11,Bin,11.3,11.4
California,3 wk ahead,percent,6.09387575428867e-11,Bin,11.4,11.5
California,3 wk ahead,percent,6.09387575428867e-11,Bin,11.5,11.6
California,3 wk ahead,percent,6.09387575428867e-11,Bin,11.6,11.7
California,3 wk ahead,percent,6.09387575428867e-11,Bin,11.7,11.8
California,3 wk ahead,percent,6.09387575428867e-11,Bin,11.8,11.9
California,3 wk ahead,percent,6.09387575428867e-11,Bin,11.9,12.0
California,3 wk ahead,percent,6.09387575428867e-11,Bin,12.0,12.1
California,3 wk ahead,percent,6.09387575428867e-11,Bin,12.1,12.2
California,3 wk ahead,percent,6.09387575428867e-11,Bin,12.2,12.3
California,3 wk ahead,percent,6.09387575428867e-11,Bin,12.3,12.4
California,3 wk ahead,percent,6.09387575428867e-11,Bin,12.4,12.5
California,3 wk ahead,percent,6.09387575428867e-11,Bin,12.5,12.6
California,3 wk ahead,percent,6.09387575428867e-11,Bin,12.6,12.7
California,3 wk ahead,percent,6.09387575428867e-11,Bin,12.7,12.8
California,3 wk ahead,percent,6.09387575428867e-11,Bin,12.8,12.9
California,3 wk ahead,percent,6.09387575428867e-11,Bin,12.9,13.0
California,3 wk ahead,percent,6.09387575428867e-11,Bin,13.0,100.0
California,4 wk ahead,percent,6.39416102896775e-11,Bin,0.0,0.1
California,4 wk ahead,percent,1.27883220579355e-10,Bin,0.1,0.2
California,4 wk ahead,percent,1.27883220579355e-10,Bin,0.2,0.3
California,4 wk ahead,percent,1.27883220579355e-10,Bin,0.3,0.4
California,4 wk ahead,percent,1.27883220579355e-10,Bin,0.4,0.5
California,4 wk ahead,percent,1.27883220579355e-10,Bin,0.5,0.6
California,4 wk ahead,percent,1.27883220579355e-10,Bin,0.6,0.7
California,4 wk ahead,percent,0.0119999976101121,Bin,0.7,0.8
California,4 wk ahead,percent,1.27883220579355e-10,Bin,0.8,0.9
California,4 wk ahead,percent,0.0019999997082547,Bin,0.9,1.0
California,4 wk ahead,percent,0.00799999844936913,Bin,1.0,1.1
California,4 wk ahead,percent,0.00599999904829391,Bin,1.1,1.2
California,4 wk ahead,percent,0.00400000186993421,Bin,1.2,1.3
California,4 wk ahead,percent,0.0380000031332774,Bin,1.3,1.4
California,4 wk ahead,percent,0.0960000011461964,Bin,1.4,1.5
California,4 wk ahead,percent,0.181999983534876,Bin,1.5,1.6
California,4 wk ahead,percent,0.201999972036164,Bin,1.6,1.7
California,4 wk ahead,percent,0.187999966869898,Bin,1.7,1.8
California,4 wk ahead,percent,0.125999975738436,Bin,1.8,1.9
California,4 wk ahead,percent,0.0499999958418158,Bin,1.9,2.0
California,4 wk ahead,percent,0.0420000138533332,Bin,2.0,2.1
California,4 wk ahead,percent,0.0200000334674064,Bin,2.1,2.2
California,4 wk ahead,percent,0.0140000279691561,Bin,2.2,2.3
California,4 wk ahead,percent,0.0040000130140108,Bin,2.3,2.4
California,4 wk ahead,percent,0.00200000302822605,Bin,2.4,2.5
California,4 wk ahead,percent,4.3547493444306e-10,Bin,2.5,2.6
California,4 wk ahead,percent,0.00199999970538003,Bin,2.6,2.7
California,4 wk ahead,percent,1.25008551449044e-10,Bin,2.7,2.8
California,4 wk ahead,percent,0.00199999970538003,Bin,2.8,2.9
California,4 wk ahead,percent,1.25008551449044e-10,Bin,2.9,3.0
California,4 wk ahead,percent,1.25008551449044e-10,Bin,3.0,3.1
California,4 wk ahead,percent,1.25008551449044e-10,Bin,3.1,3.2
California,4 wk ahead,percent,1.25008551449044e-10,Bin,3.2,3.3
California,4 wk ahead,percent,1.25008551449044e-10,Bin,3.3,3.4
California,4 wk ahead,percent,1.25008551449044e-10,Bin,3.4,3.5
California,4 wk ahead,percent,1.25008551449044e-10,Bin,3.5,3.6
California,4 wk ahead,percent,1.25008551449044e-10,Bin,3.6,3.7
California,4 wk ahead,percent,1.25008551449044e-10,Bin,3.7,3.8
California,4 wk ahead,percent,1.25008551449044e-10,Bin,3.8,3.9
California,4 wk ahead,percent,1.25008551449044e-10,Bin,3.9,4.0
California,4 wk ahead,percent,1.25008551449044e-10,Bin,4.0,4.1
California,4 wk ahead,percent,1.25008551449044e-10,Bin,4.1,4.2
California,4 wk ahead,percent,1.25008551449044e-10,Bin,4.2,4.3
California,4 wk ahead,percent,1.25008551449044e-10,Bin,4.3,4.4
California,4 wk ahead,percent,1.25008551449044e-10,Bin,4.4,4.5
California,4 wk ahead,percent,1.25008551449044e-10,Bin,4.5,4.6
California,4 wk ahead,percent,1.25008551449044e-10,Bin,4.6,4.7
California,4 wk ahead,percent,1.25008551449044e-10,Bin,4.7,4.8
California,4 wk ahead,percent,1.25008551449044e-10,Bin,4.8,4.9
California,4 wk ahead,percent,1.25008551449044e-10,Bin,4.9,5.0
California,4 wk ahead,percent,1.25008551449044e-10,Bin,5.0,5.1
California,4 wk ahead,percent,1.25008551449044e-10,Bin,5.1,5.2
California,4 wk ahead,percent,1.25008551449044e-10,Bin,5.2,5.3
California,4 wk ahead,percent,1.25008551449044e-10,Bin,5.3,5.4
California,4 wk ahead,percent,1.25008551449044e-10,Bin,5.4,5.5
California,4 wk ahead,percent,1.25008551449044e-10,Bin,5.5,5.6
California,4 wk ahead,percent,1.25008551449044e-10,Bin,5.6,5.7
California,4 wk ahead,percent,1.25008551449044e-10,Bin,5.7,5.8
California,4 wk ahead,percent,1.25008551449044e-10,Bin,5.8,5.9
California,4 wk ahead,percent,1.25008551449044e-10,Bin,5.9,6.0
California,4 wk ahead,percent,1.25008551449044e-10,Bin,6.0,6.1
California,4 wk ahead,percent,1.25008551449044e-10,Bin,6.1,6.2
California,4 wk ahead,percent,1.25008551449044e-10,Bin,6.2,6.3
California,4 wk ahead,percent,1.25008551449044e-10,Bin,6.3,6.4
California,4 wk ahead,percent,1.25008551449044e-10,Bin,6.4,6.5
California,4 wk ahead,percent,1.25008551449044e-10,Bin,6.5,6.6
California,4 wk ahead,percent,1.25008551449044e-10,Bin,6.6,6.7
California,4 wk ahead,percent,1.25008551449044e-10,Bin,6.7,6.8
California,4 wk ahead,percent,1.25008551449044e-10,Bin,6.8,6.9
California,4 wk ahead,percent,1.25008551449044e-10,Bin,6.9,7.0
California,4 wk ahead,percent,1.25008551449044e-10,Bin,7.0,7.1
California,4 wk ahead,percent,1.25008551449044e-10,Bin,7.1,7.2
California,4 wk ahead,percent,1.25008551449044e-10,Bin,7.2,7.3
California,4 wk ahead,percent,1.25008551449044e-10,Bin,7.3,7.4
California,4 wk ahead,percent,1.25008551449044e-10,Bin,7.4,7.5
California,4 wk ahead,percent,1.25008551449044e-10,Bin,7.5,7.6
California,4 wk ahead,percent,1.25008551449044e-10,Bin,7.6,7.7
California,4 wk ahead,percent,1.25008551449044e-10,Bin,7.7,7.8
California,4 wk ahead,percent,1.25008551449044e-10,Bin,7.8,7.9
California,4 wk ahead,percent,1.25008551449044e-10,Bin,7.9,8.0
California,4 wk ahead,percent,1.25008551449045e-10,Bin,8.0,8.1
California,4 wk ahead,percent,1.25008551449046e-10,Bin,8.1,8.2
California,4 wk ahead,percent,1.25008551449046e-10,Bin,8.2,8.3
California,4 wk ahead,percent,1.25008551449046e-10,Bin,8.3,8.4
California,4 wk ahead,percent,1.25008551449046e-10,Bin,8.4,8.5
California,4 wk ahead,percent,1.25008551449046e-10,Bin,8.5,8.6
California,4 wk ahead,percent,1.25008551449046e-10,Bin,8.6,8.7
California,4 wk ahead,percent,1.25008551449046e-10,Bin,8.7,8.8
California,4 wk ahead,percent,1.25008551449046e-10,Bin,8.8,8.9
California,4 wk ahead,percent,1.25008551449046e-10,Bin,8.9,9.0
California,4 wk ahead,percent,1.25008551449046e-10,Bin,9.0,9.1
California,4 wk ahead,percent,1.25008551449046e-10,Bin,9.1,9.2
California,4 wk ahead,percent,1.25008551449046e-10,Bin,9.2,9.3
California,4 wk ahead,percent,1.25008551449046e-10,Bin,9.3,9.4
California,4 wk ahead,percent,1.25008551449046e-10,Bin,9.4,9.5
California,4 wk ahead,percent,1.25008551449046e-10,Bin,9.5,9.6
California,4 wk ahead,percent,1.25008551449046e-10,Bin,9.6,9.7
California,4 wk ahead,percent,1.25008551449046e-10,Bin,9.7,9.8
California,4 wk ahead,percent,1.25008551449046e-10,Bin,9.8,9.9
California,4 wk ahead,percent,1.25008551449046e-10,Bin,9.9,10.0
California,4 wk ahead,percent,1.25008551449046e-10,Bin,10.0,10.1
California,4 wk ahead,percent,1.25008551449046e-10,Bin,10.1,10.2
California,4 wk ahead,percent,1.25008551449046e-10,Bin,10.2,10.3
California,4 wk ahead,percent,1.25008551449046e-10,Bin,10.3,10.4
California,4 wk ahead,percent,1.25008551449046e-10,Bin,10.4,10.5
California,4 wk ahead,percent,1.25008551449046e-10,Bin,10.5,10.6
California,4 wk ahead,percent,1.25008551449046e-10,Bin,10.6,10.7
California,4 wk ahead,percent,1.25008551449046e-10,Bin,10.7,10.8
California,4 wk ahead,percent,1.25008551449046e-10,Bin,10.8,10.9
California,4 wk ahead,percent,1.25008551449046e-10,Bin,10.9,11.0
California,4 wk ahead,percent,1.25008551449046e-10,Bin,11.0,11.1
California,4 wk ahead,percent,1.25008551449046e-10,Bin,11.1,11.2
California,4 wk ahead,percent,1.25008551449046e-10,Bin,11.2,11.3
California,4 wk ahead,percent,1.25008551449046e-10,Bin,11.3,11.4
California,4 wk ahead,percent,1.25008551449046e-10,Bin,11.4,11.5
California,4 wk ahead,percent,1.25008551449046e-10,Bin,11.5,11.6
California,4 wk ahead,percent,1.25008551449046e-10,Bin,11.6,11.7
California,4 wk ahead,percent,1.25008551449046e-10,Bin,11.7,11.8
California,4 wk ahead,percent,1.25008551449046e-10,Bin,11.8,11.9
California,4 wk ahead,percent,1.25008551449046e-10,Bin,11.9,12.0
California,4 wk ahead,percent,1.25008551449046e-10,Bin,12.0,12.1
California,4 wk ahead,percent,1.25008551449046e-10,Bin,12.1,12.2
California,4 wk ahead,percent,1.25008551449046e-10,Bin,12.2,12.3
California,4 wk ahead,percent,1.25008551449046e-10,Bin,12.3,12.4
California,4 wk ahead,percent,1.25008551449046e-10,Bin,12.4,12.5
California,4 wk ahead,percent,1.25008551449046e-10,Bin,12.5,12.6
California,4 wk ahead,percent,1.25008551449046e-10,Bin,12.6,12.7
California,4 wk ahead,percent,1.25008551449046e-10,Bin,12.7,12.8
California,4 wk ahead,percent,1.25008551449046e-10,Bin,12.8,12.9
California,4 wk ahead,percent,1.25008551449046e-10,Bin,12.9,13.0
California,4 wk ahead,percent,1.25008551449046e-10,Bin,13.0,100.0
California,Season peak percentage,percent,1.50889512312331e-13,Bin,0.0,0.1
California,Season peak percentage,percent,3.01779024624662e-13,Bin,0.1,0.2
California,Season peak percentage,percent,3.01779024624662e-13,Bin,0.2,0.3
California,Season peak percentage,percent,3.01779024624662e-13,Bin,0.3,0.4
California,Season peak percentage,percent,3.01779024624662e-13,Bin,0.4,0.5
California,Season peak percentage,percent,3.01779024624662e-13,Bin,0.5,0.6
California,Season peak percentage,percent,3.01779024624662e-13,Bin,0.6,0.7
California,Season peak percentage,percent,3.01779024624662e-13,Bin,0.7,0.8
California,Season peak percentage,percent,3.01779024624662e-13,Bin,0.8,0.9
California,Season peak percentage,percent,3.01779024624662e-13,Bin,0.9,1.0
California,Season peak percentage,percent,3.01779024624662e-13,Bin,1.0,1.1
California,Season peak percentage,percent,3.01779024624662e-13,Bin,1.1,1.2
California,Season peak percentage,percent,3.01779024624662e-13,Bin,1.2,1.3
California,Season peak percentage,percent,3.01779024624662e-13,Bin,1.3,1.4
California,Season peak percentage,percent,3.01779024624662e-13,Bin,1.4,1.5
California,Season peak percentage,percent,3.01779024624662e-13,Bin,1.5,1.6
California,Season peak percentage,percent,3.01779024624662e-13,Bin,1.6,1.7
California,Season peak percentage,percent,3.01779024624662e-13,Bin,1.7,1.8
California,Season peak percentage,percent,3.01779024624662e-13,Bin,1.8,1.9
California,Season peak percentage,percent,3.01779024624662e-13,Bin,1.9,2.0
California,Season peak percentage,percent,3.01779024624662e-13,Bin,2.0,2.1
California,Season peak percentage,percent,3.01779024624661e-13,Bin,2.1,2.2
California,Season peak percentage,percent,3.01779024624661e-13,Bin,2.2,2.3
California,Season peak percentage,percent,3.01779024624661e-13,Bin,2.3,2.4
California,Season peak percentage,percent,3.01779024624661e-13,Bin,2.4,2.5
California,Season peak percentage,percent,3.01779024624661e-13,Bin,2.5,2.6
California,Season peak percentage,percent,3.01779024624661e-13,Bin,2.6,2.7
California,Season peak percentage,percent,3.01779024624661e-13,Bin,2.7,2.8
California,Season peak percentage,percent,3.01779024624661e-13,Bin,2.8,2.9
California,Season peak percentage,percent,3.01779024624661e-13,Bin,2.9,3.0
California,Season peak percentage,percent,3.46028430923728e-13,Bin,3.0,3.1
California,Season peak percentage,percent,1.3893685413435e-12,Bin,3.1,3.2
California,Season peak percentage,percent,5.04776674302995e-12,Bin,3.2,3.3
California,Season peak percentage,percent,1.2678123674006e-11,Bin,3.3,3.4
California,Season peak percentage,percent,2.20293698489303e-11,Bin,3.4,3.5
California,Season peak percentage,percent,2.64826127822079e-11,Bin,3.5,3.6
California,Season peak percentage,percent,2.2029963815754e-11,Bin,3.6,3.7
California,Season peak percentage,percent,1.26856279007766e-11,Bin,3.7,3.8
California,Season peak percentage,percent,5.13004145272897e-12,Bin,3.8,3.9
California,Season peak percentage,percent,2.01424427659041e-12,Bin,3.9,4.0
California,Season peak percentage,percent,3.54363482202599e-12,Bin,4.0,4.1
California,Season peak percentage,percent,1.19411975032445e-11,Bin,4.1,4.2
California,Season peak percentage,percent,2.98894111281004e-11,Bin,4.2,4.3
California,Season peak percentage,percent,5.19110612162357e-11,Bin,4.3,4.4
California,Season peak percentage,percent,6.2428560938529e-11,Bin,4.4,4.5
California,Season peak percentage,percent,5.2216433112649e-11,Bin,4.5,4.6
California,Season peak percentage,percent,3.1652517315734e-11,Bin,4.6,4.7
California,Season peak percentage,percent,1.90637718695197e-11,Bin,4.7,4.8
California,Season peak percentage,percent,2.42008237420977e-11,Bin,4.8,4.9
California,Season peak percentage,percent,4.53162580909844e-11,Bin,4.9,5.0
California,Season peak percentage,percent,7.07375846453722e-11,Bin,5.0,5.1
California,Season peak percentage,percent,8.33354150528256e-11,Bin,5.1,5.2
California,Season peak percentage,percent,7.34455353023458e-11,Bin,5.2,5.3
California,Season peak percentage,percent,4.81273967197351e-11,Bin,5.3,5.4
California,Season peak percentage,percent,2.32071679545772e-11,Bin,5.4,5.5
California,Season peak percentage,percent,8.16371545409271e-12,Bin,5.5,5.6
California,Season peak percentage,percent,2.31313863199862e-12,Bin,5.6,5.7
California,Season peak percentage,percent,1.78723466311739e-12,Bin,5.7,5.8
California,Season peak percentage,percent,5.2133697433699e-12,Bin,5.8,5.9
California,Season peak percentage,percent,1.29827590216734e-11,Bin,5.9,6.0
California,Season peak percentage,percent,2.25519901004994e-11,Bin,6.0,6.1
California,Season peak percentage,percent,2.71098352906114e-11,Bin,6.1,6.2
California,Season peak percentage,percent,2.25516129364355e-11,Bin,6.2,6.3
California,Season peak percentage,percent,1.29786799874399e-11,Bin,6.3,6.4
California,Season peak percentage,percent,5.16743257316853e-12,Bin,6.4,6.5
California,Season peak percentage,percent,1.42230586758149e-12,Bin,6.5,6.6
California,Season peak percentage,percent,3.5423161890308e-13,Bin,6.6,6.7
California,Season peak percentage,percent,3.08933205743863e-13,Bin,6.7,6.8
California,Season peak percentage,percent,3.08933205743863e-13,Bin,6.8,6.9
California,Season peak percentage,percent,0.999999999108189,Bin,6.9,7.0
California,Season peak percentage,percent,3.08933205743863e-13,Bin,7.0,7.1
California,Season peak percentage,percent,3.08933205743863e-13,Bin,7.1,7.2
California,Season peak percentage,percent,3.08933205743863e-13,Bin,7.2,7.3
California,Season peak percentage,percent,3.08933205743863e-13,Bin,7.3,7.4
California,Season peak percentage,percent,3.08933205743863e-13,Bin,7.4,7.5
California,Season peak percentage,percent,3.08933205743863e-13,Bin,7.5,7.6
California,Season peak percentage,percent,3.08933205743863e-13,Bin,7.6,7.7
California,Season peak percentage,percent,3.08933205743863e-13,Bin,7.7,7.8
California,Season peak percentage,percent,3.08933205743863e-13,Bin,7.8,7.9
California,Season peak percentage,percent,3.08933205743863e-13,Bin,7.9,8.0
California,Season peak percentage,percent,3.08933205743865e-13,Bin,8.0,8.1
California,Season peak percentage,percent,3.08933205743868e-13,Bin,8.1,8.2
California,Season peak percentage,percent,3.08933205743868e-13,Bin,8.2,8.3
California,Season peak percentage,percent,3.08933205743868e-13,Bin,8.3,8.4
California,Season peak percentage,percent,3.08933205743868e-13,Bin,8.4,8.5
California,Season peak percentage,percent,3.08933205743868e-13,Bin,8.5,8.6
California,Season peak percentage,percent,3.08933205743868e-13,Bin,8.6,8.7
California,Season peak percentage,percent,3.08933205743868e-13,Bin,8.7,8.8
California,Season peak percentage,percent,3.08933205743868e-13,Bin,8.8,8.9
California,Season peak percentage,percent,3.08933205743868e-13,Bin,8.9,9.0
California,Season peak percentage,percent,3.08933205743868e-13,Bin,9.0,9.1
California,Season peak percentage,percent,3.08933205743868e-13,Bin,9.1,9.2
California,Season peak percentage,percent,3.08933205743868e-13,Bin,9.2,9.3
California,Season peak percentage,percent,3.08933205743868e-13,Bin,9.3,9.4
California,Season peak percentage,percent,3.08933205743868e-13,Bin,9.4,9.5
California,Season peak percentage,percent,3.08933205743868e-13,Bin,9.5,9.6
California,Season peak percentage,percent,3.08933205743868e-13,Bin,9.6,9.7
California,Season peak percentage,percent,3.08933205743868e-13,Bin,9.7,9.8
California,Season peak percentage,percent,3.08933205743868e-13,Bin,9.8,9.9
California,Season peak percentage,percent,3.08933205743868e-13,Bin,9.9,10.0
California,Season peak percentage,percent,3.08933205743868e-13,Bin,10.0,10.1
California,Season peak percentage,percent,3.08933205743868e-13,Bin,10.1,10.2
California,Season peak percentage,percent,3.08933205743868e-13,Bin,10.2,10.3
California,Season peak percentage,percent,3.08933205743868e-13,Bin,10.3,10.4
California,Season peak percentage,percent,3.08933205743868e-13,Bin,10.4,10.5
California,Season peak percentage,percent,3.08933205743868e-13,Bin,10.5,10.6
California,Season peak percentage,percent,3.08933205743868e-13,Bin,10.6,10.7
California,Season peak percentage,percent,3.08933205743868e-13,Bin,10.7,10.8
California,Season peak percentage,percent,3.08933205743868e-13,Bin,10.8,10.9
California,Season peak percentage,percent,3.08933205743868e-13,Bin,10.9,11.0
California,Season peak percentage,percent,3.08933205743868e-13,Bin,11.0,11.1
California,Season peak percentage,percent,3.08933205743868e-13,Bin,11.1,11.2
California,Season peak percentage,percent,3.08933205743868e-13,Bin,11.2,11.3
California,Season peak percentage,percent,3.08933205743868e-13,Bin,11.3,11.4
California,Season peak percentage,percent,3.08933205743868e-13,Bin,11.4,11.5
California,Season peak percentage,percent,3.08933205743868e-13,Bin,11.5,11.6
California,Season peak percentage,percent,3.08933205743868e-13,Bin,11.6,11.7
California,Season peak percentage,percent,3.08933205743868e-13,Bin,11.7,11.8
California,Season peak percentage,percent,3.08933205743868e-13,Bin,11.8,11.9
California,Season peak percentage,percent,3.08933205743868e-13,Bin,11.9,12.0
California,Season peak percentage,percent,3.08933205743868e-13,Bin,12.0,12.1
California,Season peak percentage,percent,3.08933205743868e-13,Bin,12.1,12.2
California,Season peak percentage,percent,3.08933205743868e-13,Bin,12.2,12.3
California,Season peak percentage,percent,3.08933205743868e-13,Bin,12.3,12.4
California,Season peak percentage,percent,3.08933205743868e-13,Bin,12.4,12.5
California,Season peak percentage,percent,3.08933205743868e-13,Bin,12.5,12.6
California,Season peak percentage,percent,3.08933205743868e-13,Bin,12.6,12.7
California,Season peak percentage,percent,3.08933205743868e-13,Bin,12.7,12.8
California,Season peak percentage,percent,3.08933205743868e-13,Bin,12.8,12.9
California,Season peak percentage,percent,3.08933205743868e-13,Bin,12.9,13.0
California,Season peak percentage,percent,3.08933205743868e-13,Bin,13.0,100.0
California,Season peak week,week,0.00010184686977844,Bin,40.0,41.0
California,Season peak week,week,0.00010184686977844,Bin,41.0,42.0
California,Season peak week,week,0.00010184686977844,Bin,42.0,43.0
California,Season peak week,week,0.00010184686977844,Bin,43.0,44.0
California,Season peak week,week,0.00010184686977844,Bin,44.0,45.0
California,Season peak week,week,0.00010184686977844,Bin,45.0,46.0
California,Season peak week,week,0.00010184686977844,Bin,46.0,47.0
California,Season peak week,week,0.00010184686977844,Bin,47.0,48.0
California,Season peak week,week,0.00010184686977844,Bin,48.0,49.0
California,Season peak week,week,0.000144112605308863,Bin,49.0,50.0
California,Season peak week,week,0.00128930067401087,Bin,50.0,51.0
California,Season peak week,week,0.00574418962964869,Bin,51.0,52.0
California,Season peak week,week,0.950448398169744,Bin,52.0,53.0
California,Season peak week,week,0.0082012074913298,Bin,1.0,2.0
California,Season peak week,week,0.00310181970976788,Bin,2.0,3.0
California,Season peak week,week,0.00136461580418245,Bin,3.0,4.0
California,Season peak week,week,0.00362979747822798,Bin,4.0,5.0
California,Season peak week,week,0.00620092399045674,Bin,5.0,6.0
California,Season peak week,week,0.00574402227681029,Bin,6.0,7.0
California,Season peak week,week,0.00548273828667204,Bin,7.0,8.0
California,Season peak week,week,0.00472206886178588,Bin,8.0,9.0
California,Season peak week,week,0.00219558563466989,Bin,9.0,10.0
California,Season peak week,week,0.000454441742195534,Bin,10.0,11.0
California,Season peak week,week,4.90705406298517e-05,Bin,11.0,12.0
California,Season peak week,week,3.45650307281142e-05,Bin,12.0,13.0
California,Season peak week,week,3.45650307281142e-05,Bin,13.0,14.0
California,Season peak week,week,3.45650307281142e-05,Bin,14.0,15.0
California,Season peak week,week,3.45650307281142e-05,Bin,15.0,16.0
California,Season peak week,week,3.45650307281142e-05,Bin,16.0,17.0
California,Season peak week,week,3.45650307281142e-05,Bin,17.0,18.0
California,Season peak week,week,3.45650307281142e-05,Bin,18.0,19.0
California,Season peak week,week,3.45650307281142e-05,Bin,19.0,20.0
California,Season peak week,week,3.45650307281142e-05,Bin,20.0,21.0
Colorado,1 wk ahead,percent,4.51297402876825e-11,Bin,0.0,0.1
Colorado,1 wk ahead,percent,0.00599999967703048,Bin,0.1,0.2
Colorado,1 wk ahead,percent,0.00599999967703048,Bin,0.2,0.3
Colorado,1 wk ahead,percent,0.0279999981618575,Bin,0.3,0.4
Colorado,1 wk ahead,percent,0.0859999945716665,Bin,0.4,0.5
Colorado,1 wk ahead,percent,0.219999990148488,Bin,0.5,0.6
Colorado,1 wk ahead,percent,0.23199999952803,Bin,0.6,0.7
Colorado,1 wk ahead,percent,0.220000002340575,Bin,0.7,0.8
Colorado,1 wk ahead,percent,0.112000003976555,Bin,0.8,0.9
Colorado,1 wk ahead,percent,0.0340000014756858,Bin,0.9,1.0
Colorado,1 wk ahead,percent,0.0259999985704836,Bin,1.0,1.1
Colorado,1 wk ahead,percent,0.0139999990979387,Bin,1.1,1.2
Colorado,1 wk ahead,percent,0.010000000301772,Bin,1.2,1.3
Colorado,1 wk ahead,percent,3.69774417147996e-09,Bin,1.3,1.4
Colorado,1 wk ahead,percent,2.96698249527643e-09,Bin,1.4,1.5
Colorado,1 wk ahead,percent,0.00200000036962913,Bin,1.5,1.6
Colorado,1 wk ahead,percent,5.04921034580012e-11,Bin,1.6,1.7
Colorado,1 wk ahead,percent,4.92841642965562e-11,Bin,1.7,1.8
Colorado,1 wk ahead,percent,4.92841642965562e-11,Bin,1.8,1.9
Colorado,1 wk ahead,percent,4.92841642965562e-11,Bin,1.9,2.0
Colorado,1 wk ahead,percent,0.00399999977379817,Bin,2.0,2.1
Colorado,1 wk ahead,percent,4.92841642965559e-11,Bin,2.1,2.2
Colorado,1 wk ahead,percent,4.92841642965559e-11,Bin,2.2,2.3
Colorado,1 wk ahead,percent,4.92841642965559e-11,Bin,2.3,2.4
Colorado,1 wk ahead,percent,4.92841642965559e-11,Bin,2.4,2.5
Colorado,1 wk ahead,percent,4.92841642965559e-11,Bin,2.5,2.6
Colorado,1 wk ahead,percent,4.92841642965559e-11,Bin,2.6,2.7
Colorado,1 wk ahead,percent,4.92841642965559e-11,Bin,2.7,2.8
Colorado,1 wk ahead,percent,4.92841642965559e-11,Bin,2.8,2.9
Colorado,1 wk ahead,percent,4.92841642965559e-11,Bin,2.9,3.0
Colorado,1 wk ahead,percent,4.92841642965559e-11,Bin,3.0,3.1
Colorado,1 wk ahead,percent,4.92841642965559e-11,Bin,3.1,3.2
Colorado,1 wk ahead,percent,4.92841642965559e-11,Bin,3.2,3.3
Colorado,1 wk ahead,percent,4.92841642965559e-11,Bin,3.3,3.4
Colorado,1 wk ahead,percent,4.92841642965559e-11,Bin,3.4,3.5
Colorado,1 wk ahead,percent,4.92841642965559e-11,Bin,3.5,3.6
Colorado,1 wk ahead,percent,4.92841642965559e-11,Bin,3.6,3.7
Colorado,1 wk ahead,percent,4.92841642965559e-11,Bin,3.7,3.8
Colorado,1 wk ahead,percent,4.92841642965559e-11,Bin,3.8,3.9
Colorado,1 wk ahead,percent,4.92841642965559e-11,Bin,3.9,4.0
Colorado,1 wk ahead,percent,4.92841642965559e-11,Bin,4.0,4.1
Colorado,1 wk ahead,percent,4.92841642965559e-11,Bin,4.1,4.2
Colorado,1 wk ahead,percent,4.92841642965559e-11,Bin,4.2,4.3
Colorado,1 wk ahead,percent,4.92841642965559e-11,Bin,4.3,4.4
Colorado,1 wk ahead,percent,4.92841642965559e-11,Bin,4.4,4.5
Colorado,1 wk ahead,percent,4.92841642965559e-11,Bin,4.5,4.6
Colorado,1 wk ahead,percent,4.92841642965559e-11,Bin,4.6,4.7
Colorado,1 wk ahead,percent,4.92841642965559e-11,Bin,4.7,4.8
Colorado,1 wk ahead,percent,4.92841642965559e-11,Bin,4.8,4.9
Colorado,1 wk ahead,percent,4.92841642965559e-11,Bin,4.9,5.0
Colorado,1 wk ahead,percent,4.92841642965559e-11,Bin,5.0,5.1
Colorado,1 wk ahead,percent,4.92841642965559e-11,Bin,5.1,5.2
Colorado,1 wk ahead,percent,4.92841642965559e-11,Bin,5.2,5.3
Colorado,1 wk ahead,percent,4.92841642965559e-11,Bin,5.3,5.4
Colorado,1 wk ahead,percent,4.92841642965559e-11,Bin,5.4,5.5
Colorado,1 wk ahead,percent,4.92841642965559e-11,Bin,5.5,5.6
Colorado,1 wk ahead,percent,4.92841642965559e-11,Bin,5.6,5.7
Colorado,1 wk ahead,percent,4.92841642965559e-11,Bin,5.7,5.8
Colorado,1 wk ahead,percent,4.92841642965559e-11,Bin,5.8,5.9
Colorado,1 wk ahead,percent,4.92841642965559e-11,Bin,5.9,6.0
Colorado,1 wk ahead,percent,4.92841642965559e-11,Bin,6.0,6.1
Colorado,1 wk ahead,percent,4.92841642965559e-11,Bin,6.1,6.2
Colorado,1 wk ahead,percent,4.92841642965559e-11,Bin,6.2,6.3
Colorado,1 wk ahead,percent,4.92841642965559e-11,Bin,6.3,6.4
Colorado,1 wk ahead,percent,4.92841642965559e-11,Bin,6.4,6.5
Colorado,1 wk ahead,percent,4.92841642965559e-11,Bin,6.5,6.6
Colorado,1 wk ahead,percent,4.92841642965559e-11,Bin,6.6,6.7
Colorado,1 wk ahead,percent,4.92841642965559e-11,Bin,6.7,6.8
Colorado,1 wk ahead,percent,4.92841642965559e-11,Bin,6.8,6.9
Colorado,1 wk ahead,percent,4.92841642965559e-11,Bin,6.9,7.0
Colorado,1 wk ahead,percent,4.92841642965559e-11,Bin,7.0,7.1
Colorado,1 wk ahead,percent,4.92841642965559e-11,Bin,7.1,7.2
Colorado,1 wk ahead,percent,4.92841642965559e-11,Bin,7.2,7.3
Colorado,1 wk ahead,percent,4.92841642965559e-11,Bin,7.3,7.4
Colorado,1 wk ahead,percent,4.92841642965559e-11,Bin,7.4,7.5
Colorado,1 wk ahead,percent,4.92841642965559e-11,Bin,7.5,7.6
Colorado,1 wk ahead,percent,4.92841642965559e-11,Bin,7.6,7.7
Colorado,1 wk ahead,percent,4.92841642965559e-11,Bin,7.7,7.8
Colorado,1 wk ahead,percent,4.92841642965559e-11,Bin,7.8,7.9
Colorado,1 wk ahead,percent,4.92841642965559e-11,Bin,7.9,8.0
Colorado,1 wk ahead,percent,4.92841642965564e-11,Bin,8.0,8.1
Colorado,1 wk ahead,percent,4.92841642965568e-11,Bin,8.1,8.2
Colorado,1 wk ahead,percent,4.92841642965568e-11,Bin,8.2,8.3
Colorado,1 wk ahead,percent,4.92841642965568e-11,Bin,8.3,8.4
Colorado,1 wk ahead,percent,4.92841642965568e-11,Bin,8.4,8.5
Colorado,1 wk ahead,percent,4.92841642965568e-11,Bin,8.5,8.6
Colorado,1 wk ahead,percent,4.92841642965568e-11,Bin,8.6,8.7
Colorado,1 wk ahead,percent,4.92841642965568e-11,Bin,8.7,8.8
Colorado,1 wk ahead,percent,4.92841642965568e-11,Bin,8.8,8.9
Colorado,1 wk ahead,percent,4.92841642965568e-11,Bin,8.9,9.0
Colorado,1 wk ahead,percent,4.92841642965568e-11,Bin,9.0,9.1
Colorado,1 wk ahead,percent,4.92841642965568e-11,Bin,9.1,9.2
Colorado,1 wk ahead,percent,4.92841642965568e-11,Bin,9.2,9.3
Colorado,1 wk ahead,percent,4.92841642965568e-11,Bin,9.3,9.4
Colorado,1 wk ahead,percent,4.92841642965568e-11,Bin,9.4,9.5
Colorado,1 wk ahead,percent,4.92841642965568e-11,Bin,9.5,9.6
Colorado,1 wk ahead,percent,4.92841642965568e-11,Bin,9.6,9.7
Colorado,1 wk ahead,percent,4.92841642965568e-11,Bin,9.7,9.8
Colorado,1 wk ahead,percent,4.92841642965568e-11,Bin,9.8,9.9
Colorado,1 wk ahead,percent,4.92841642965568e-11,Bin,9.9,10.0
Colorado,1 wk ahead,percent,4.92841642965568e-11,Bin,10.0,10.1
Colorado,1 wk ahead,percent,4.92841642965568e-11,Bin,10.1,10.2
Colorado,1 wk ahead,percent,4.92841642965568e-11,Bin,10.2,10.3
Colorado,1 wk ahead,percent,4.92841642965568e-11,Bin,10.3,10.4
Colorado,1 wk ahead,percent,4.92841642965568e-11,Bin,10.4,10.5
Colorado,1 wk ahead,percent,4.92841642965568e-11,Bin,10.5,10.6
Colorado,1 wk ahead,percent,4.92841642965568e-11,Bin,10.6,10.7
Colorado,1 wk ahead,percent,4.92841642965568e-11,Bin,10.7,10.8
Colorado,1 wk ahead,percent,4.92841642965568e-11,Bin,10.8,10.9
Colorado,1 wk ahead,percent,4.92841642965568e-11,Bin,10.9,11.0
Colorado,1 wk ahead,percent,4.92841642965568e-11,Bin,11.0,11.1
Colorado,1 wk ahead,percent,4.92841642965568e-11,Bin,11.1,11.2
Colorado,1 wk ahead,percent,4.92841642965568e-11,Bin,11.2,11.3
Colorado,1 wk ahead,percent,4.92841642965568e-11,Bin,11.3,11.4
Colorado,1 wk ahead,percent,4.92841642965568e-11,Bin,11.4,11.5
Colorado,1 wk ahead,percent,4.92841642965568e-11,Bin,11.5,11.6
Colorado,1 wk ahead,percent,4.92841642965568e-11,Bin,11.6,11.7
Colorado,1 wk ahead,percent,4.92841642965568e-11,Bin,11.7,11.8
Colorado,1 wk ahead,percent,4.92841642965568e-11,Bin,11.8,11.9
Colorado,1 wk ahead,percent,4.92841642965568e-11,Bin,11.9,12.0
Colorado,1 wk ahead,percent,4.92841642965568e-11,Bin,12.0,12.1
Colorado,1 wk ahead,percent,4.92841642965568e-11,Bin,12.1,12.2
Colorado,1 wk ahead,percent,4.92841642965568e-11,Bin,12.2,12.3
Colorado,1 wk ahead,percent,4.92841642965568e-11,Bin,12.3,12.4
Colorado,1 wk ahead,percent,4.92841642965568e-11,Bin,12.4,12.5
Colorado,1 wk ahead,percent,4.92841642965568e-11,Bin,12.5,12.6
Colorado,1 wk ahead,percent,4.92841642965568e-11,Bin,12.6,12.7
Colorado,1 wk ahead,percent,4.92841642965568e-11,Bin,12.7,12.8
Colorado,1 wk ahead,percent,4.92841642965568e-11,Bin,12.8,12.9
Colorado,1 wk ahead,percent,4.92841642965568e-11,Bin,12.9,13.0
Colorado,1 wk ahead,percent,4.92841642965568e-11,Bin,13.0,100.0
Colorado,2 wk ahead,percent,1.76568077999747e-09,Bin,0.0,0.1
Colorado,2 wk ahead,percent,0.00800000537225208,Bin,0.1,0.2
Colorado,2 wk ahead,percent,0.01000000107843,Bin,0.2,0.3
Colorado,2 wk ahead,percent,0.0399999972243887,Bin,0.3,0.4
Colorado,2 wk ahead,percent,0.11799999387061,Bin,0.4,0.5
Colorado,2 wk ahead,percent,0.237999992977146,Bin,0.5,0.6
Colorado,2 wk ahead,percent,0.285999999754986,Bin,0.6,0.7
Colorado,2 wk ahead,percent,0.15400000485585,Bin,0.7,0.8
Colorado,2 wk ahead,percent,0.0639999998134572,Bin,0.8,0.9
Colorado,2 wk ahead,percent,0.037999997469689,Bin,0.9,1.0
Colorado,2 wk ahead,percent,0.0339999975643574,Bin,1.0,1.1
Colorado,2 wk ahead,percent,0.0039999997795682,Bin,1.1,1.2
Colorado,2 wk ahead,percent,0.00199999992724892,Bin,1.2,1.3
Colorado,2 wk ahead,percent,7.49296361079089e-11,Bin,1.3,1.4
Colorado,2 wk ahead,percent,7.49296361079089e-11,Bin,1.4,1.5
Colorado,2 wk ahead,percent,0.00199999992724892,Bin,1.5,1.6
Colorado,2 wk ahead,percent,0.00199999992724892,Bin,1.6,1.7
Colorado,2 wk ahead,percent,7.49296361079089e-11,Bin,1.7,1.8
Colorado,2 wk ahead,percent,7.49296361079089e-11,Bin,1.8,1.9
Colorado,2 wk ahead,percent,7.49296361079089e-11,Bin,1.9,2.0
Colorado,2 wk ahead,percent,7.49296361079087e-11,Bin,2.0,2.1
Colorado,2 wk ahead,percent,7.49296361079085e-11,Bin,2.1,2.2
Colorado,2 wk ahead,percent,7.49296361079085e-11,Bin,2.2,2.3
Colorado,2 wk ahead,percent,7.49296361079085e-11,Bin,2.3,2.4
Colorado,2 wk ahead,percent,7.49296361079085e-11,Bin,2.4,2.5
Colorado,2 wk ahead,percent,7.49296361079085e-11,Bin,2.5,2.6
Colorado,2 wk ahead,percent,7.49296361079085e-11,Bin,2.6,2.7
Colorado,2 wk ahead,percent,7.49296361079085e-11,Bin,2.7,2.8
Colorado,2 wk ahead,percent,7.49296361079085e-11,Bin,2.8,2.9
Colorado,2 wk ahead,percent,7.49296361079085e-11,Bin,2.9,3.0
Colorado,2 wk ahead,percent,7.49296361079085e-11,Bin,3.0,3.1
Colorado,2 wk ahead,percent,7.49296361079085e-11,Bin,3.1,3.2
Colorado,2 wk ahead,percent,7.49296361079085e-11,Bin,3.2,3.3
Colorado,2 wk ahead,percent,7.49296361079085e-11,Bin,3.3,3.4
Colorado,2 wk ahead,percent,7.49296361079085e-11,Bin,3.4,3.5
Colorado,2 wk ahead,percent,7.49296361079085e-11,Bin,3.5,3.6
Colorado,2 wk ahead,percent,7.49296361079085e-11,Bin,3.6,3.7
Colorado,2 wk ahead,percent,7.49296361079085e-11,Bin,3.7,3.8
Colorado,2 wk ahead,percent,7.49296361079085e-11,Bin,3.8,3.9
Colorado,2 wk ahead,percent,7.49296361079085e-11,Bin,3.9,4.0
Colorado,2 wk ahead,percent,7.49296361079085e-11,Bin,4.0,4.1
Colorado,2 wk ahead,percent,7.49296361079085e-11,Bin,4.1,4.2
Colorado,2 wk ahead,percent,7.49296361079085e-11,Bin,4.2,4.3
Colorado,2 wk ahead,percent,7.49296361079085e-11,Bin,4.3,4.4
Colorado,2 wk ahead,percent,7.49296361079085e-11,Bin,4.4,4.5
Colorado,2 wk ahead,percent,7.49296361079085e-11,Bin,4.5,4.6
Colorado,2 wk ahead,percent,7.49296361079085e-11,Bin,4.6,4.7
Colorado,2 wk ahead,percent,7.49296361079085e-11,Bin,4.7,4.8
Colorado,2 wk ahead,percent,7.49296361079085e-11,Bin,4.8,4.9
Colorado,2 wk ahead,percent,7.49296361079085e-11,Bin,4.9,5.0
Colorado,2 wk ahead,percent,7.49296361079085e-11,Bin,5.0,5.1
Colorado,2 wk ahead,percent,7.49296361079085e-11,Bin,5.1,5.2
Colorado,2 wk ahead,percent,7.49296361079085e-11,Bin,5.2,5.3
Colorado,2 wk ahead,percent,7.49296361079085e-11,Bin,5.3,5.4
Colorado,2 wk ahead,percent,7.49296361079085e-11,Bin,5.4,5.5
Colorado,2 wk ahead,percent,7.49296361079085e-11,Bin,5.5,5.6
Colorado,2 wk ahead,percent,7.49296361079085e-11,Bin,5.6,5.7
Colorado,2 wk ahead,percent,7.49296361079085e-11,Bin,5.7,5.8
Colorado,2 wk ahead,percent,7.49296361079085e-11,Bin,5.8,5.9
Colorado,2 wk ahead,percent,7.49296361079085e-11,Bin,5.9,6.0
Colorado,2 wk ahead,percent,7.49296361079085e-11,Bin,6.0,6.1
Colorado,2 wk ahead,percent,7.49296361079085e-11,Bin,6.1,6.2
Colorado,2 wk ahead,percent,7.49296361079085e-11,Bin,6.2,6.3
Colorado,2 wk ahead,percent,7.49296361079085e-11,Bin,6.3,6.4
Colorado,2 wk ahead,percent,7.49296361079085e-11,Bin,6.4,6.5
Colorado,2 wk ahead,percent,7.49296361079085e-11,Bin,6.5,6.6
Colorado,2 wk ahead,percent,7.49296361079085e-11,Bin,6.6,6.7
Colorado,2 wk ahead,percent,7.49296361079085e-11,Bin,6.7,6.8
Colorado,2 wk ahead,percent,7.49296361079085e-11,Bin,6.8,6.9
Colorado,2 wk ahead,percent,7.49296361079085e-11,Bin,6.9,7.0
Colorado,2 wk ahead,percent,7.49296361079085e-11,Bin,7.0,7.1
Colorado,2 wk ahead,percent,7.49296361079085e-11,Bin,7.1,7.2
Colorado,2 wk ahead,percent,7.49296361079085e-11,Bin,7.2,7.3
Colorado,2 wk ahead,percent,7.49296361079085e-11,Bin,7.3,7.4
Colorado,2 wk ahead,percent,7.49296361079085e-11,Bin,7.4,7.5
Colorado,2 wk ahead,percent,7.49296361079085e-11,Bin,7.5,7.6
Colorado,2 wk ahead,percent,7.49296361079085e-11,Bin,7.6,7.7
Colorado,2 wk ahead,percent,7.49296361079085e-11,Bin,7.7,7.8
Colorado,2 wk ahead,percent,7.49296361079085e-11,Bin,7.8,7.9
Colorado,2 wk ahead,percent,7.49296361079085e-11,Bin,7.9,8.0
Colorado,2 wk ahead,percent,7.49296361079092e-11,Bin,8.0,8.1
Colorado,2 wk ahead,percent,7.49296361079098e-11,Bin,8.1,8.2
Colorado,2 wk ahead,percent,7.49296361079098e-11,Bin,8.2,8.3
Colorado,2 wk ahead,percent,7.49296361079098e-11,Bin,8.3,8.4
Colorado,2 wk ahead,percent,7.49296361079098e-11,Bin,8.4,8.5
Colorado,2 wk ahead,percent,7.49296361079098e-11,Bin,8.5,8.6
Colorado,2 wk ahead,percent,7.49296361079098e-11,Bin,8.6,8.7
Colorado,2 wk ahead,percent,7.49296361079098e-11,Bin,8.7,8.8
Colorado,2 wk ahead,percent,7.49296361079098e-11,Bin,8.8,8.9
Colorado,2 wk ahead,percent,7.49296361079098e-11,Bin,8.9,9.0
Colorado,2 wk ahead,percent,7.49296361079098e-11,Bin,9.0,9.1
Colorado,2 wk ahead,percent,7.49296361079098e-11,Bin,9.1,9.2
Colorado,2 wk ahead,percent,7.49296361079098e-11,Bin,9.2,9.3
Colorado,2 wk ahead,percent,7.49296361079098e-11,Bin,9.3,9.4
Colorado,2 wk ahead,percent,7.49296361079098e-11,Bin,9.4,9.5
Colorado,2 wk ahead,percent,7.49296361079098e-11,Bin,9.5,9.6
Colorado,2 wk ahead,percent,7.49296361079098e-11,Bin,9.6,9.7
Colorado,2 wk ahead,percent,7.49296361079098e-11,Bin,9.7,9.8
Colorado,2 wk ahead,percent,7.49296361079098e-11,Bin,9.8,9.9
Colorado,2 wk ahead,percent,7.49296361079098e-11,Bin,9.9,10.0
Colorado,2 wk ahead,percent,7.49296361079098e-11,Bin,10.0,10.1
Colorado,2 wk ahead,percent,7.49296361079098e-11,Bin,10.1,10.2
Colorado,2 wk ahead,percent,7.49296361079098e-11,Bin,10.2,10.3
Colorado,2 wk ahead,percent,7.49296361079098e-11,Bin,10.3,10.4
Colorado,2 wk ahead,percent,7.49296361079098e-11,Bin,10.4,10.5
Colorado,2 wk ahead,percent,7.49296361079098e-11,Bin,10.5,10.6
Colorado,2 wk ahead,percent,7.49296361079098e-11,Bin,10.6,10.7
Colorado,2 wk ahead,percent,7.49296361079098e-11,Bin,10.7,10.8
Colorado,2 wk ahead,percent,7.49296361079098e-11,Bin,10.8,10.9
Colorado,2 wk ahead,percent,7.49296361079098e-11,Bin,10.9,11.0
Colorado,2 wk ahead,percent,7.49296361079098e-11,Bin,11.0,11.1
Colorado,2 wk ahead,percent,7.49296361079098e-11,Bin,11.1,11.2
Colorado,2 wk ahead,percent,7.49296361079098e-11,Bin,11.2,11.3
Colorado,2 wk ahead,percent,7.49296361079098e-11,Bin,11.3,11.4
Colorado,2 wk ahead,percent,7.49296361079098e-11,Bin,11.4,11.5
Colorado,2 wk ahead,percent,7.49296361079098e-11,Bin,11.5,11.6
Colorado,2 wk ahead,percent,7.49296361079098e-11,Bin,11.6,11.7
Colorado,2 wk ahead,percent,7.49296361079098e-11,Bin,11.7,11.8
Colorado,2 wk ahead,percent,7.49296361079098e-11,Bin,11.8,11.9
Colorado,2 wk ahead,percent,7.49296361079098e-11,Bin,11.9,12.0
Colorado,2 wk ahead,percent,7.49296361079098e-11,Bin,12.0,12.1
Colorado,2 wk ahead,percent,7.49296361079098e-11,Bin,12.1,12.2
Colorado,2 wk ahead,percent,7.49296361079098e-11,Bin,12.2,12.3
Colorado,2 wk ahead,percent,7.49296361079098e-11,Bin,12.3,12.4
Colorado,2 wk ahead,percent,7.49296361079098e-11,Bin,12.4,12.5
Colorado,2 wk ahead,percent,7.49296361079098e-11,Bin,12.5,12.6
Colorado,2 wk ahead,percent,7.49296361079098e-11,Bin,12.6,12.7
Colorado,2 wk ahead,percent,7.49296361079098e-11,Bin,12.7,12.8
Colorado,2 wk ahead,percent,7.49296361079098e-11,Bin,12.8,12.9
Colorado,2 wk ahead,percent,7.49296361079098e-11,Bin,12.9,13.0
Colorado,2 wk ahead,percent,7.49296361079098e-11,Bin,13.0,100.0
Colorado,3 wk ahead,percent,1.96711200045007e-10,Bin,0.0,0.1
Colorado,3 wk ahead,percent,0.0119999980300597,Bin,0.1,0.2
Colorado,3 wk ahead,percent,0.0200000166965027,Bin,0.2,0.3
Colorado,3 wk ahead,percent,0.065999995713516,Bin,0.3,0.4
Colorado,3 wk ahead,percent,0.177999969039681,Bin,0.4,0.5
Colorado,3 wk ahead,percent,0.245999983486549,Bin,0.5,0.6
Colorado,3 wk ahead,percent,0.214000014699607,Bin,0.6,0.7
Colorado,3 wk ahead,percent,0.13799999284494,Bin,0.7,0.8
Colorado,3 wk ahead,percent,0.0539999886663937,Bin,0.8,0.9
Colorado,3 wk ahead,percent,0.0299999936878328,Bin,0.9,1.0
Colorado,3 wk ahead,percent,0.0239999950831939,Bin,1.0,1.1
Colorado,3 wk ahead,percent,0.00600001252909953,Bin,1.1,1.2
Colorado,3 wk ahead,percent,0.00400000747330103,Bin,1.2,1.3
Colorado,3 wk ahead,percent,0.00399999944257974,Bin,1.3,1.4
Colorado,3 wk ahead,percent,2.84202173386208e-10,Bin,1.4,1.5
Colorado,3 wk ahead,percent,2.84202173386208e-10,Bin,1.5,1.6
Colorado,3 wk ahead,percent,2.84202173386208e-10,Bin,1.6,1.7
Colorado,3 wk ahead,percent,0.00199999986339096,Bin,1.7,1.8
Colorado,3 wk ahead,percent,2.84202173386208e-10,Bin,1.8,1.9
Colorado,3 wk ahead,percent,0.00199999986339096,Bin,1.9,2.0
Colorado,3 wk ahead,percent,2.84202173386208e-10,Bin,2.0,2.1
Colorado,3 wk ahead,percent,2.84202173386207e-10,Bin,2.1,2.2
Colorado,3 wk ahead,percent,2.84202173386207e-10,Bin,2.2,2.3
Colorado,3 wk ahead,percent,2.84202173386207e-10,Bin,2.3,2.4
Colorado,3 wk ahead,percent,2.84202173386207e-10,Bin,2.4,2.5
Colorado,3 wk ahead,percent,2.84202173386207e-10,Bin,2.5,2.6
Colorado,3 wk ahead,percent,2.84202173386207e-10,Bin,2.6,2.7
Colorado,3 wk ahead,percent,2.84202173386207e-10,Bin,2.7,2.8
Colorado,3 wk ahead,percent,2.84202173386207e-10,Bin,2.8,2.9
Colorado,3 wk ahead,percent,2.84202173386207e-10,Bin,2.9,3.0
Colorado,3 wk ahead,percent,2.84202173386207e-10,Bin,3.0,3.1
Colorado,3 wk ahead,percent,2.84202173386207e-10,Bin,3.1,3.2
Colorado,3 wk ahead,percent,2.84202173386207e-10,Bin,3.2,3.3
Colorado,3 wk ahead,percent,2.84202173386207e-10,Bin,3.3,3.4
Colorado,3 wk ahead,percent,2.84202173386207e-10,Bin,3.4,3.5
Colorado,3 wk ahead,percent,2.84202173386207e-10,Bin,3.5,3.6
Colorado,3 wk ahead,percent,2.84202173386207e-10,Bin,3.6,3.7
Colorado,3 wk ahead,percent,2.84202173386207e-10,Bin,3.7,3.8
Colorado,3 wk ahead,percent,2.84202173386207e-10,Bin,3.8,3.9
Colorado,3 wk ahead,percent,2.84202173386207e-10,Bin,3.9,4.0
Colorado,3 wk ahead,percent,2.84202173386207e-10,Bin,4.0,4.1
Colorado,3 wk ahead,percent,2.84202173386207e-10,Bin,4.1,4.2
Colorado,3 wk ahead,percent,2.84202173386207e-10,Bin,4.2,4.3
Colorado,3 wk ahead,percent,2.84202173386207e-10,Bin,4.3,4.4
Colorado,3 wk ahead,percent,2.84202173386207e-10,Bin,4.4,4.5
Colorado,3 wk ahead,percent,2.84202173386207e-10,Bin,4.5,4.6
Colorado,3 wk ahead,percent,2.84202173386207e-10,Bin,4.6,4.7
Colorado,3 wk ahead,percent,2.84202173386207e-10,Bin,4.7,4.8
Colorado,3 wk ahead,percent,2.84202173386207e-10,Bin,4.8,4.9
Colorado,3 wk ahead,percent,2.84202173386207e-10,Bin,4.9,5.0
Colorado,3 wk ahead,percent,2.84202173386207e-10,Bin,5.0,5.1
Colorado,3 wk ahead,percent,2.84202173386207e-10,Bin,5.1,5.2
Colorado,3 wk ahead,percent,2.84202173386207e-10,Bin,5.2,5.3
Colorado,3 wk ahead,percent,2.84202173386207e-10,Bin,5.3,5.4
Colorado,3 wk ahead,percent,2.84202173386207e-10,Bin,5.4,5.5
Colorado,3 wk ahead,percent,2.84202173386207e-10,Bin,5.5,5.6
Colorado,3 wk ahead,percent,2.84202173386207e-10,Bin,5.6,5.7
Colorado,3 wk ahead,percent,2.84202173386207e-10,Bin,5.7,5.8
Colorado,3 wk ahead,percent,2.84202173386207e-10,Bin,5.8,5.9
Colorado,3 wk ahead,percent,2.84202173386207e-10,Bin,5.9,6.0
Colorado,3 wk ahead,percent,2.84202173386207e-10,Bin,6.0,6.1
Colorado,3 wk ahead,percent,2.84202173386207e-10,Bin,6.1,6.2
Colorado,3 wk ahead,percent,2.84202173386207e-10,Bin,6.2,6.3
Colorado,3 wk ahead,percent,2.84202173386207e-10,Bin,6.3,6.4
Colorado,3 wk ahead,percent,2.84202173386207e-10,Bin,6.4,6.5
Colorado,3 wk ahead,percent,2.84202173386207e-10,Bin,6.5,6.6
Colorado,3 wk ahead,percent,2.84202173386207e-10,Bin,6.6,6.7
Colorado,3 wk ahead,percent,2.84202173386207e-10,Bin,6.7,6.8
Colorado,3 wk ahead,percent,2.84202173386207e-10,Bin,6.8,6.9
Colorado,3 wk ahead,percent,2.84202173386207e-10,Bin,6.9,7.0
Colorado,3 wk ahead,percent,2.84202173386207e-10,Bin,7.0,7.1
Colorado,3 wk ahead,percent,2.84202173386207e-10,Bin,7.1,7.2
Colorado,3 wk ahead,percent,2.84202173386207e-10,Bin,7.2,7.3
Colorado,3 wk ahead,percent,2.84202173386207e-10,Bin,7.3,7.4
Colorado,3 wk ahead,percent,2.84202173386207e-10,Bin,7.4,7.5
Colorado,3 wk ahead,percent,2.84202173386207e-10,Bin,7.5,7.6
Colorado,3 wk ahead,percent,2.84202173386207e-10,Bin,7.6,7.7
Colorado,3 wk ahead,percent,2.84202173386207e-10,Bin,7.7,7.8
Colorado,3 wk ahead,percent,2.84202173386207e-10,Bin,7.8,7.9
Colorado,3 wk ahead,percent,2.84202173386207e-10,Bin,7.9,8.0
Colorado,3 wk ahead,percent,2.84202173386209e-10,Bin,8.0,8.1
Colorado,3 wk ahead,percent,2.84202173386212e-10,Bin,8.1,8.2
Colorado,3 wk ahead,percent,2.84202173386212e-10,Bin,8.2,8.3
Colorado,3 wk ahead,percent,2.84202173386212e-10,Bin,8.3,8.4
Colorado,3 wk ahead,percent,2.84202173386212e-10,Bin,8.4,8.5
Colorado,3 wk ahead,percent,2.84202173386212e-10,Bin,8.5,8.6
Colorado,3 wk ahead,percent,2.84202173386212e-10,Bin,8.6,8.7
Colorado,3 wk ahead,percent,2.84202173386212e-10,Bin,8.7,8.8
Colorado,3 wk ahead,percent,2.84202173386212e-10,Bin,8.8,8.9
Colorado,3 wk ahead,percent,2.84202173386212e-10,Bin,8.9,9.0
Colorado,3 wk ahead,percent,2.84202173386212e-10,Bin,9.0,9.1
Colorado,3 wk ahead,percent,2.84202173386212e-10,Bin,9.1,9.2
Colorado,3 wk ahead,percent,2.84202173386212e-10,Bin,9.2,9.3
Colorado,3 wk ahead,percent,2.84202173386212e-10,Bin,9.3,9.4
Colorado,3 wk ahead,percent,2.84202173386212e-10,Bin,9.4,9.5
Colorado,3 wk ahead,percent,2.84202173386212e-10,Bin,9.5,9.6
Colorado,3 wk ahead,percent,2.84202173386212e-10,Bin,9.6,9.7
Colorado,3 wk ahead,percent,2.84202173386212e-10,Bin,9.7,9.8
Colorado,3 wk ahead,percent,2.84202173386212e-10,Bin,9.8,9.9
Colorado,3 wk ahead,percent,2.84202173386212e-10,Bin,9.9,10.0
Colorado,3 wk ahead,percent,2.84202173386212e-10,Bin,10.0,10.1
Colorado,3 wk ahead,percent,2.84202173386212e-10,Bin,10.1,10.2
Colorado,3 wk ahead,percent,2.84202173386212e-10,Bin,10.2,10.3
Colorado,3 wk ahead,percent,2.84202173386212e-10,Bin,10.3,10.4
Colorado,3 wk ahead,percent,2.84202173386212e-10,Bin,10.4,10.5
Colorado,3 wk ahead,percent,2.84202173386212e-10,Bin,10.5,10.6
Colorado,3 wk ahead,percent,2.84202173386212e-10,Bin,10.6,10.7
Colorado,3 wk ahead,percent,2.84202173386212e-10,Bin,10.7,10.8
Colorado,3 wk ahead,percent,2.84202173386212e-10,Bin,10.8,10.9
Colorado,3 wk ahead,percent,2.84202173386212e-10,Bin,10.9,11.0
Colorado,3 wk ahead,percent,2.84202173386212e-10,Bin,11.0,11.1
Colorado,3 wk ahead,percent,2.84202173386212e-10,Bin,11.1,11.2
Colorado,3 wk ahead,percent,2.84202173386212e-10,Bin,11.2,11.3
Colorado,3 wk ahead,percent,2.84202173386212e-10,Bin,11.3,11.4
Colorado,3 wk ahead,percent,2.84202173386212e-10,Bin,11.4,11.5
Colorado,3 wk ahead,percent,2.84202173386212e-10,Bin,11.5,11.6
Colorado,3 wk ahead,percent,2.84202173386212e-10,Bin,11.6,11.7
Colorado,3 wk ahead,percent,2.84202173386212e-10,Bin,11.7,11.8
Colorado,3 wk ahead,percent,2.84202173386212e-10,Bin,11.8,11.9
Colorado,3 wk ahead,percent,2.84202173386212e-10,Bin,11.9,12.0
Colorado,3 wk ahead,percent,2.84202173386212e-10,Bin,12.0,12.1
Colorado,3 wk ahead,percent,2.84202173386212e-10,Bin,12.1,12.2
Colorado,3 wk ahead,percent,2.84202173386212e-10,Bin,12.2,12.3
Colorado,3 wk ahead,percent,2.84202173386212e-10,Bin,12.3,12.4
Colorado,3 wk ahead,percent,2.84202173386212e-10,Bin,12.4,12.5
Colorado,3 wk ahead,percent,2.84202173386212e-10,Bin,12.5,12.6
Colorado,3 wk ahead,percent,2.84202173386212e-10,Bin,12.6,12.7
Colorado,3 wk ahead,percent,2.84202173386212e-10,Bin,12.7,12.8
Colorado,3 wk ahead,percent,2.84202173386212e-10,Bin,12.8,12.9
Colorado,3 wk ahead,percent,2.84202173386212e-10,Bin,12.9,13.0
Colorado,3 wk ahead,percent,2.84202173386212e-10,Bin,13.0,100.0
Colorado,4 wk ahead,percent,3.98695362780695e-09,Bin,0.0,0.1
Colorado,4 wk ahead,percent,0.0120000128092515,Bin,0.1,0.2
Colorado,4 wk ahead,percent,0.0240000184029676,Bin,0.2,0.3
Colorado,4 wk ahead,percent,0.106000005342224,Bin,0.3,0.4
Colorado,4 wk ahead,percent,0.243999980963105,Bin,0.4,0.5
Colorado,4 wk ahead,percent,0.261999978771305,Bin,0.5,0.6
Colorado,4 wk ahead,percent,0.201999982526001,Bin,0.6,0.7
Colorado,4 wk ahead,percent,0.0819999942392766,Bin,0.7,0.8
Colorado,4 wk ahead,percent,0.0439999938708196,Bin,0.8,0.9
Colorado,4 wk ahead,percent,0.00999999837860059,Bin,0.9,1.0
Colorado,4 wk ahead,percent,0.00199999964085643,Bin,1.0,1.1
Colorado,4 wk ahead,percent,2.51771863876325e-10,Bin,1.1,1.2
Colorado,4 wk ahead,percent,0.00200000110823365,Bin,1.2,1.3
Colorado,4 wk ahead,percent,0.00200000434339654,Bin,1.3,1.4
Colorado,4 wk ahead,percent,7.59729611896082e-09,Bin,1.4,1.5
Colorado,4 wk ahead,percent,6.20847191474306e-09,Bin,1.5,1.6
Colorado,4 wk ahead,percent,0.00200000217814472,Bin,1.6,1.7
Colorado,4 wk ahead,percent,0.00399999971597466,Bin,1.7,1.8
Colorado,4 wk ahead,percent,0.00199999967842973,Bin,1.8,1.9
Colorado,4 wk ahead,percent,8.91689299437936e-11,Bin,1.9,2.0
Colorado,4 wk ahead,percent,8.91689299437935e-11,Bin,2.0,2.1
Colorado,4 wk ahead,percent,8.91689299437932e-11,Bin,2.1,2.2
Colorado,4 wk ahead,percent,8.91689299437932e-11,Bin,2.2,2.3
Colorado,4 wk ahead,percent,8.91689299437932e-11,Bin,2.3,2.4
Colorado,4 wk ahead,percent,8.91689299437932e-11,Bin,2.4,2.5
Colorado,4 wk ahead,percent,8.91689299437932e-11,Bin,2.5,2.6
Colorado,4 wk ahead,percent,8.91689299437932e-11,Bin,2.6,2.7
Colorado,4 wk ahead,percent,8.91689299437932e-11,Bin,2.7,2.8
Colorado,4 wk ahead,percent,8.91689299437932e-11,Bin,2.8,2.9
Colorado,4 wk ahead,percent,8.91689299437932e-11,Bin,2.9,3.0
Colorado,4 wk ahead,percent,8.91689299437932e-11,Bin,3.0,3.1
Colorado,4 wk ahead,percent,8.91689299437932e-11,Bin,3.1,3.2
Colorado,4 wk ahead,percent,8.91689299437932e-11,Bin,3.2,3.3
Colorado,4 wk ahead,percent,8.91689299437932e-11,Bin,3.3,3.4
Colorado,4 wk ahead,percent,8.91689299437932e-11,Bin,3.4,3.5
Colorado,4 wk ahead,percent,8.91689299437932e-11,Bin,3.5,3.6
Colorado,4 wk ahead,percent,8.91689299437932e-11,Bin,3.6,3.7
Colorado,4 wk ahead,percent,8.91689299437932e-11,Bin,3.7,3.8
Colorado,4 wk ahead,percent,8.91689299437932e-11,Bin,3.8,3.9
Colorado,4 wk ahead,percent,8.91689299437932e-11,Bin,3.9,4.0
Colorado,4 wk ahead,percent,8.91689299437932e-11,Bin,4.0,4.1
Colorado,4 wk ahead,percent,8.91689299437932e-11,Bin,4.1,4.2
Colorado,4 wk ahead,percent,8.91689299437932e-11,Bin,4.2,4.3
Colorado,4 wk ahead,percent,8.91689299437932e-11,Bin,4.3,4.4
Colorado,4 wk ahead,percent,8.91689299437932e-11,Bin,4.4,4.5
Colorado,4 wk ahead,percent,8.91689299437932e-11,Bin,4.5,4.6
Colorado,4 wk ahead,percent,8.91689299437932e-11,Bin,4.6,4.7
Colorado,4 wk ahead,percent,8.91689299437932e-11,Bin,4.7,4.8
Colorado,4 wk ahead,percent,8.91689299437932e-11,Bin,4.8,4.9
Colorado,4 wk ahead,percent,8.91689299437932e-11,Bin,4.9,5.0
Colorado,4 wk ahead,percent,8.91689299437932e-11,Bin,5.0,5.1
Colorado,4 wk ahead,percent,8.91689299437932e-11,Bin,5.1,5.2
Colorado,4 wk ahead,percent,8.91689299437932e-11,Bin,5.2,5.3
Colorado,4 wk ahead,percent,8.91689299437932e-11,Bin,5.3,5.4
Colorado,4 wk ahead,percent,8.91689299437932e-11,Bin,5.4,5.5
Colorado,4 wk ahead,percent,8.91689299437932e-11,Bin,5.5,5.6
Colorado,4 wk ahead,percent,8.91689299437932e-11,Bin,5.6,5.7
Colorado,4 wk ahead,percent,8.91689299437932e-11,Bin,5.7,5.8
Colorado,4 wk ahead,percent,8.91689299437932e-11,Bin,5.8,5.9
Colorado,4 wk ahead,percent,8.91689299437932e-11,Bin,5.9,6.0
Colorado,4 wk ahead,percent,8.91689299437932e-11,Bin,6.0,6.1
Colorado,4 wk ahead,percent,8.91689299437932e-11,Bin,6.1,6.2
Colorado,4 wk ahead,percent,8.91689299437932e-11,Bin,6.2,6.3
Colorado,4 wk ahead,percent,8.91689299437932e-11,Bin,6.3,6.4
Colorado,4 wk ahead,percent,8.91689299437932e-11,Bin,6.4,6.5
Colorado,4 wk ahead,percent,8.91689299437932e-11,Bin,6.5,6.6
Colorado,4 wk ahead,percent,8.91689299437932e-11,Bin,6.6,6.7
Colorado,4 wk ahead,percent,8.91689299437932e-11,Bin,6.7,6.8
Colorado,4 wk ahead,percent,8.91689299437932e-11,Bin,6.8,6.9
Colorado,4 wk ahead,percent,8.91689299437932e-11,Bin,6.9,7.0
Colorado,4 wk ahead,percent,8.91689299437932e-11,Bin,7.0,7.1
Colorado,4 wk ahead,percent,8.91689299437932e-11,Bin,7.1,7.2
Colorado,4 wk ahead,percent,8.91689299437932e-11,Bin,7.2,7.3
Colorado,4 wk ahead,percent,8.91689299437932e-11,Bin,7.3,7.4
Colorado,4 wk ahead,percent,8.91689299437932e-11,Bin,7.4,7.5
Colorado,4 wk ahead,percent,8.91689299437932e-11,Bin,7.5,7.6
Colorado,4 wk ahead,percent,8.91689299437932e-11,Bin,7.6,7.7
Colorado,4 wk ahead,percent,8.91689299437932e-11,Bin,7.7,7.8
Colorado,4 wk ahead,percent,8.91689299437932e-11,Bin,7.8,7.9
Colorado,4 wk ahead,percent,8.91689299437932e-11,Bin,7.9,8.0
Colorado,4 wk ahead,percent,8.91689299437941e-11,Bin,8.0,8.1
Colorado,4 wk ahead,percent,8.91689299437948e-11,Bin,8.1,8.2
Colorado,4 wk ahead,percent,8.91689299437948e-11,Bin,8.2,8.3
Colorado,4 wk ahead,percent,8.91689299437948e-11,Bin,8.3,8.4
Colorado,4 wk ahead,percent,8.91689299437948e-11,Bin,8.4,8.5
Colorado,4 wk ahead,percent,8.91689299437948e-11,Bin,8.5,8.6
Colorado,4 wk ahead,percent,8.91689299437948e-11,Bin,8.6,8.7
Colorado,4 wk ahead,percent,8.91689299437948e-11,Bin,8.7,8.8
Colorado,4 wk ahead,percent,8.91689299437948e-11,Bin,8.8,8.9
Colorado,4 wk ahead,percent,8.91689299437948e-11,Bin,8.9,9.0
Colorado,4 wk ahead,percent,8.91689299437948e-11,Bin,9.0,9.1
Colorado,4 wk ahead,percent,8.91689299437948e-11,Bin,9.1,9.2
Colorado,4 wk ahead,percent,8.91689299437948e-11,Bin,9.2,9.3
Colorado,4 wk ahead,percent,8.91689299437948e-11,Bin,9.3,9.4
Colorado,4 wk ahead,percent,8.91689299437948e-11,Bin,9.4,9.5
Colorado,4 wk ahead,percent,8.91689299437948e-11,Bin,9.5,9.6
Colorado,4 wk ahead,percent,8.91689299437948e-11,Bin,9.6,9.7
Colorado,4 wk ahead,percent,8.91689299437948e-11,Bin,9.7,9.8
Colorado,4 wk ahead,percent,8.91689299437948e-11,Bin,9.8,9.9
Colorado,4 wk ahead,percent,8.91689299437948e-11,Bin,9.9,10.0
Colorado,4 wk ahead,percent,8.91689299437948e-11,Bin,10.0,10.1
Colorado,4 wk ahead,percent,8.91689299437948e-11,Bin,10.1,10.2
Colorado,4 wk ahead,percent,8.91689299437948e-11,Bin,10.2,10.3
Colorado,4 wk ahead,percent,8.91689299437948e-11,Bin,10.3,10.4
Colorado,4 wk ahead,percent,8.91689299437948e-11,Bin,10.4,10.5
Colorado,4 wk ahead,percent,8.91689299437948e-11,Bin,10.5,10.6
Colorado,4 wk ahead,percent,8.91689299437948e-11,Bin,10.6,10.7
Colorado,4 wk ahead,percent,8.91689299437948e-11,Bin,10.7,10.8
Colorado,4 wk ahead,percent,8.91689299437948e-11,Bin,10.8,10.9
Colorado,4 wk ahead,percent,8.91689299437948e-11,Bin,10.9,11.0
Colorado,4 wk ahead,percent,8.91689299437948e-11,Bin,11.0,11.1
Colorado,4 wk ahead,percent,8.91689299437948e-11,Bin,11.1,11.2
Colorado,4 wk ahead,percent,8.91689299437948e-11,Bin,11.2,11.3
Colorado,4 wk ahead,percent,8.91689299437948e-11,Bin,11.3,11.4
Colorado,4 wk ahead,percent,8.91689299437948e-11,Bin,11.4,11.5
Colorado,4 wk ahead,percent,8.91689299437948e-11,Bin,11.5,11.6
Colorado,4 wk ahead,percent,8.91689299437948e-11,Bin,11.6,11.7
Colorado,4 wk ahead,percent,8.91689299437948e-11,Bin,11.7,11.8
Colorado,4 wk ahead,percent,8.91689299437948e-11,Bin,11.8,11.9
Colorado,4 wk ahead,percent,8.91689299437948e-11,Bin,11.9,12.0
Colorado,4 wk ahead,percent,8.91689299437948e-11,Bin,12.0,12.1
Colorado,4 wk ahead,percent,8.91689299437948e-11,Bin,12.1,12.2
Colorado,4 wk ahead,percent,8.91689299437948e-11,Bin,12.2,12.3
Colorado,4 wk ahead,percent,8.91689299437948e-11,Bin,12.3,12.4
Colorado,4 wk ahead,percent,8.91689299437948e-11,Bin,12.4,12.5
Colorado,4 wk ahead,percent,8.91689299437948e-11,Bin,12.5,12.6
Colorado,4 wk ahead,percent,8.91689299437948e-11,Bin,12.6,12.7
Colorado,4 wk ahead,percent,8.91689299437948e-11,Bin,12.7,12.8
Colorado,4 wk ahead,percent,8.91689299437948e-11,Bin,12.8,12.9
Colorado,4 wk ahead,percent,8.91689299437948e-11,Bin,12.9,13.0
Colorado,4 wk ahead,percent,8.91689299437948e-11,Bin,13.0,100.0
Colorado,Season peak percentage,percent,1.30327689126773e-12,Bin,0.0,0.1
Colorado,Season peak percentage,percent,2.99762938230532e-12,Bin,0.1,0.2
Colorado,Season peak percentage,percent,3.57626422777514e-12,Bin,0.2,0.3
Colorado,Season peak percentage,percent,4.22487676114155e-12,Bin,0.3,0.4
Colorado,Season peak percentage,percent,4.94279381750211e-12,Bin,0.4,0.5
Colorado,Season peak percentage,percent,5.72807694453322e-12,Bin,0.5,0.6
Colorado,Season peak percentage,percent,6.57671500713655e-12,Bin,0.6,0.7
Colorado,Season peak percentage,percent,7.48291111193775e-12,Bin,0.7,0.8
Colorado,Season peak percentage,percent,8.43955752684274e-12,Bin,0.8,0.9
Colorado,Season peak percentage,percent,9.43774994727531e-12,Bin,0.9,1.0
Colorado,Season peak percentage,percent,1.04678604123701e-11,Bin,1.0,1.1
Colorado,Season peak percentage,percent,1.151936076114e-11,Bin,1.1,1.2
Colorado,Season peak percentage,percent,1.25816191358575e-11,Bin,1.2,1.3
Colorado,Season peak percentage,percent,1.36440093921485e-11,Bin,1.3,1.4
Colorado,Season peak percentage,percent,1.46963863644496e-11,Bin,1.4,1.5
Colorado,Season peak percentage,percent,1.57294830593743e-11,Bin,1.5,1.6
Colorado,Season peak percentage,percent,1.67347536362935e-11,Bin,1.6,1.7
Colorado,Season peak percentage,percent,1.77049479689591e-11,Bin,1.7,1.8
Colorado,Season peak percentage,percent,1.86334398178592e-11,Bin,1.8,1.9
Colorado,Season peak percentage,percent,1.95149169476255e-11,Bin,1.9,2.0
Colorado,Season peak percentage,percent,2.03441073280246e-11,Bin,2.0,2.1
Colorado,Season peak percentage,percent,2.11167035941246e-11,Bin,2.1,2.2
Colorado,Season peak percentage,percent,2.18281386737654e-11,Bin,2.2,2.3
Colorado,Season peak percentage,percent,2.24738150669868e-11,Bin,2.3,2.4
Colorado,Season peak percentage,percent,2.30489584534697e-11,Bin,2.4,2.5
Colorado,Season peak percentage,percent,2.35483807202862e-11,Bin,2.5,2.6
Colorado,Season peak percentage,percent,2.3966707357539e-11,Bin,2.6,2.7
Colorado,Season peak percentage,percent,2.42980997240584e-11,Bin,2.7,2.8
Colorado,Season peak percentage,percent,2.45374958836544e-11,Bin,2.8,2.9
Colorado,Season peak percentage,percent,2.4679188656774e-11,Bin,2.9,3.0
Colorado,Season peak percentage,percent,2.47194801044569e-11,Bin,3.0,3.1
Colorado,Season peak percentage,percent,2.46544138356971e-11,Bin,3.1,3.2
Colorado,Season peak percentage,percent,2.4482671890435e-11,Bin,3.2,3.3
Colorado,Season peak percentage,percent,2.42033851199942e-11,Bin,3.3,3.4
Colorado,Season peak percentage,percent,2.38187449689561e-11,Bin,3.4,3.5
Colorado,Season peak percentage,percent,2.33313791876513e-11,Bin,3.5,3.6
Colorado,Season peak percentage,percent,2.27470236018439e-11,Bin,3.6,3.7
Colorado,Season peak percentage,percent,0.999999999129952,Bin,3.7,3.8
Colorado,Season peak percentage,percent,2.1314516227071e-11,Bin,3.8,3.9
Colorado,Season peak percentage,percent,2.04839372287252e-11,Bin,3.9,4.0
Colorado,Season peak percentage,percent,1.95902851612035e-11,Bin,4.0,4.1
Colorado,Season peak percentage,percent,1.86441121961858e-11,Bin,4.1,4.2
Colorado,Season peak percentage,percent,1.76562274258223e-11,Bin,4.2,4.3
Colorado,Season peak percentage,percent,1.66374396477204e-11,Bin,4.3,4.4
Colorado,Season peak percentage,percent,1.55981211087886e-11,Bin,4.4,4.5
Colorado,Season peak percentage,percent,1.45484735149713e-11,Bin,4.5,4.6
Colorado,Season peak percentage,percent,1.34979993774755e-11,Bin,4.6,4.7
Colorado,Season peak percentage,percent,1.24556596730487e-11,Bin,4.7,4.8
Colorado,Season peak percentage,percent,1.14298212221001e-11,Bin,4.8,4.9
Colorado,Season peak percentage,percent,1.0427992049298e-11,Bin,4.9,5.0
Colorado,Season peak percentage,percent,9.45730648781805e-12,Bin,5.0,5.1
Colorado,Season peak percentage,percent,8.52371317806441e-12,Bin,5.1,5.2
Colorado,Season peak percentage,percent,7.63295126223082e-12,Bin,5.2,5.3
Colorado,Season peak percentage,percent,6.78946091855392e-12,Bin,5.3,5.4
Colorado,Season peak percentage,percent,5.99726874649184e-12,Bin,5.4,5.5
Colorado,Season peak percentage,percent,5.25921273354094e-12,Bin,5.5,5.6
Colorado,Season peak percentage,percent,4.5776128509556e-12,Bin,5.6,5.7
Colorado,Season peak percentage,percent,3.95344825921791e-12,Bin,5.7,5.8
Colorado,Season peak percentage,percent,3.38709625570624e-12,Bin,5.8,5.9
Colorado,Season peak percentage,percent,2.87802549887873e-12,Bin,5.9,6.0
Colorado,Season peak percentage,percent,2.42464698207868e-12,Bin,6.0,6.1
Colorado,Season peak percentage,percent,2.02502143450944e-12,Bin,6.1,6.2
Colorado,Season peak percentage,percent,1.67611045835698e-12,Bin,6.2,6.3
Colorado,Season peak percentage,percent,1.37475712442161e-12,Bin,6.3,6.4
Colorado,Season peak percentage,percent,1.11700496423629e-12,Bin,6.4,6.5
Colorado,Season peak percentage,percent,8.99092139177819e-13,Bin,6.5,6.6
Colorado,Season peak percentage,percent,7.16610552616444e-13,Bin,6.6,6.7
Colorado,Season peak percentage,percent,5.65671544672415e-13,Bin,6.7,6.8
Colorado,Season peak percentage,percent,4.42031017826696e-13,Bin,6.8,6.9
Colorado,Season peak percentage,percent,3.41989778181327e-13,Bin,6.9,7.0
Colorado,Season peak percentage,percent,2.61870826774106e-13,Bin,7.0,7.1
Colorado,Season peak percentage,percent,1.98493589233929e-13,Bin,7.1,7.2
Colorado,Season peak percentage,percent,1.48870909077213e-13,Bin,7.2,7.3
Colorado,Season peak percentage,percent,1.10504876012844e-13,Bin,7.3,7.4
Colorado,Season peak percentage,percent,8.11571144521202e-14,Bin,7.4,7.5
Colorado,Season peak percentage,percent,6.04027494282616e-14,Bin,7.5,7.6
Colorado,Season peak percentage,percent,5.68772424483593e-14,Bin,7.6,7.7
Colorado,Season peak percentage,percent,5.68772424483593e-14,Bin,7.7,7.8
Colorado,Season peak percentage,percent,5.68772424483593e-14,Bin,7.8,7.9
Colorado,Season peak percentage,percent,5.68772424483593e-14,Bin,7.9,8.0
Colorado,Season peak percentage,percent,5.68772424483598e-14,Bin,8.0,8.1
Colorado,Season peak percentage,percent,5.68772424483603e-14,Bin,8.1,8.2
Colorado,Season peak percentage,percent,5.68772424483603e-14,Bin,8.2,8.3
Colorado,Season peak percentage,percent,5.68772424483603e-14,Bin,8.3,8.4
Colorado,Season peak percentage,percent,5.68772424483603e-14,Bin,8.4,8.5
Colorado,Season peak percentage,percent,5.68772424483603e-14,Bin,8.5,8.6
Colorado,Season peak percentage,percent,5.68772424483603e-14,Bin,8.6,8.7
Colorado,Season peak percentage,percent,5.68772424483603e-14,Bin,8.7,8.8
Colorado,Season peak percentage,percent,5.68772424483603e-14,Bin,8.8,8.9
Colorado,Season peak percentage,percent,5.68772424483603e-14,Bin,8.9,9.0
Colorado,Season peak percentage,percent,5.68772424483603e-14,Bin,9.0,9.1
Colorado,Season peak percentage,percent,5.68772424483603e-14,Bin,9.1,9.2
Colorado,Season peak percentage,percent,5.68772424483603e-14,Bin,9.2,9.3
Colorado,Season peak percentage,percent,5.68772424483603e-14,Bin,9.3,9.4
Colorado,Season peak percentage,percent,5.68772424483603e-14,Bin,9.4,9.5
Colorado,Season peak percentage,percent,5.68772424483603e-14,Bin,9.5,9.6
Colorado,Season peak percentage,percent,5.68772424483603e-14,Bin,9.6,9.7
Colorado,Season peak percentage,percent,5.68772424483603e-14,Bin,9.7,9.8
Colorado,Season peak percentage,percent,5.68772424483603e-14,Bin,9.8,9.9
Colorado,Season peak percentage,percent,5.68772424483603e-14,Bin,9.9,10.0
Colorado,Season peak percentage,percent,5.68772424483603e-14,Bin,10.0,10.1
Colorado,Season peak percentage,percent,5.68772424483603e-14,Bin,10.1,10.2
Colorado,Season peak percentage,percent,5.68772424483603e-14,Bin,10.2,10.3
Colorado,Season peak percentage,percent,5.68772424483603e-14,Bin,10.3,10.4
Colorado,Season peak percentage,percent,5.68772424483603e-14,Bin,10.4,10.5
Colorado,Season peak percentage,percent,5.68772424483603e-14,Bin,10.5,10.6
Colorado,Season peak percentage,percent,5.68772424483603e-14,Bin,10.6,10.7
Colorado,Season peak percentage,percent,5.68772424483603e-14,Bin,10.7,10.8
Colorado,Season peak percentage,percent,5.68772424483603e-14,Bin,10.8,10.9
Colorado,Season peak percentage,percent,5.68772424483603e-14,Bin,10.9,11.0
Colorado,Season peak percentage,percent,5.68772424483603e-14,Bin,11.0,11.1
Colorado,Season peak percentage,percent,5.68772424483603e-14,Bin,11.1,11.2
Colorado,Season peak percentage,percent,5.68772424483603e-14,Bin,11.2,11.3
Colorado,Season peak percentage,percent,5.68772424483603e-14,Bin,11.3,11.4
Colorado,Season peak percentage,percent,5.68772424483603e-14,Bin,11.4,11.5
Colorado,Season peak percentage,percent,5.68772424483603e-14,Bin,11.5,11.6
Colorado,Season peak percentage,percent,5.68772424483603e-14,Bin,11.6,11.7
Colorado,Season peak percentage,percent,5.68772424483603e-14,Bin,11.7,11.8
Colorado,Season peak percentage,percent,5.68772424483603e-14,Bin,11.8,11.9
Colorado,Season peak percentage,percent,5.68772424483603e-14,Bin,11.9,12.0
Colorado,Season peak percentage,percent,5.68772424483603e-14,Bin,12.0,12.1
Colorado,Season peak percentage,percent,5.68772424483603e-14,Bin,12.1,12.2
Colorado,Season peak percentage,percent,5.68772424483603e-14,Bin,12.2,12.3
Colorado,Season peak percentage,percent,5.68772424483603e-14,Bin,12.3,12.4
Colorado,Season peak percentage,percent,5.68772424483603e-14,Bin,12.4,12.5
Colorado,Season peak percentage,percent,5.68772424483603e-14,Bin,12.5,12.6
Colorado,Season peak percentage,percent,5.68772424483603e-14,Bin,12.6,12.7
Colorado,Season peak percentage,percent,5.68772424483603e-14,Bin,12.7,12.8
Colorado,Season peak percentage,percent,5.68772424483603e-14,Bin,12.8,12.9
Colorado,Season peak percentage,percent,5.68772424483603e-14,Bin,12.9,13.0
Colorado,Season peak percentage,percent,5.68772424483603e-14,Bin,13.0,100.0
Colorado,Season peak week,week,1.4513056206602e-05,Bin,40.0,41.0
Colorado,Season peak week,week,1.4513056206602e-05,Bin,41.0,42.0
Colorado,Season peak week,week,1.58087180275524e-05,Bin,42.0,43.0
Colorado,Season peak week,week,3.38267288710428e-05,Bin,43.0,44.0
Colorado,Season peak week,week,7.60529152768821e-05,Bin,44.0,45.0
Colorado,Season peak week,week,0.000156912527284427,Bin,45.0,46.0
Colorado,Season peak week,week,0.000297361049920766,Bin,46.0,47.0
Colorado,Season peak week,week,0.000518274986131354,Bin,47.0,48.0
Colorado,Season peak week,week,0.000832175900054595,Bin,48.0,49.0
Colorado,Season peak week,week,0.00123403343550345,Bin,49.0,50.0
Colorado,Season peak week,week,0.0016960187232355,Bin,50.0,51.0
Colorado,Season peak week,week,0.00217166109122983,Bin,51.0,52.0
Colorado,Season peak week,week,0.00261026640370621,Bin,52.0,53.0
Colorado,Season peak week,week,0.00297603197243275,Bin,1.0,2.0
Colorado,Season peak week,week,0.0032613331211983,Bin,2.0,3.0
Colorado,Season peak week,week,0.00348516217188455,Bin,3.0,4.0
Colorado,Season peak week,week,0.00367653653602276,Bin,4.0,5.0
Colorado,Season peak week,week,0.943907168670477,Bin,5.0,6.0
Colorado,Season peak week,week,0.00400374121121308,Bin,6.0,7.0
Colorado,Season peak week,week,0.00409798805850445,Bin,7.0,8.0
Colorado,Season peak week,week,0.00409442462911831,Bin,8.0,9.0
Colorado,Season peak week,week,0.00396221029785764,Bin,9.0,10.0
Colorado,Season peak week,week,0.00369157460016545,Bin,10.0,11.0
Colorado,Season peak week,week,0.00329540343563457,Bin,11.0,12.0
Colorado,Season peak week,week,0.00280529375032263,Bin,12.0,13.0
Colorado,Season peak week,week,0.00226544448018786,Bin,13.0,14.0
Colorado,Season peak week,week,0.00172566093117669,Bin,14.0,15.0
Colorado,Season peak week,week,0.00123273181504014,Bin,15.0,16.0
Colorado,Season peak week,week,0.000821370382320679,Bin,16.0,17.0
Colorado,Season peak week,week,0.00050809141649556,Bin,17.0,18.0
Colorado,Season peak week,week,0.00029066934247104,Bin,18.0,19.0
Colorado,Season peak week,week,0.000153332459713917,Bin,19.0,20.0
Colorado,Season peak week,week,7.44121261073472e-05,Bin,20.0,21.0
Connecticut,1 wk ahead,percent,1.12019546188492e-09,Bin,0.0,0.1
Connecticut,1 wk ahead,percent,2.50025504413763e-09,Bin,0.1,0.2
Connecticut,1 wk ahead,percent,0.00400000245968085,Bin,0.2,0.3
Connecticut,1 wk ahead,percent,2.81685429023678e-09,Bin,0.3,0.4
Connecticut,1 wk ahead,percent,2.75294003643375e-09,Bin,0.4,0.5
Connecticut,1 wk ahead,percent,0.00200000243825699,Bin,0.5,0.6
Connecticut,1 wk ahead,percent,0.00400000205528634,Bin,0.6,0.7
Connecticut,1 wk ahead,percent,0.0220000005501564,Bin,0.7,0.8
Connecticut,1 wk ahead,percent,0.0160000007282211,Bin,0.8,0.9
Connecticut,1 wk ahead,percent,1.68054651271333e-09,Bin,0.9,1.0
Connecticut,1 wk ahead,percent,0.0100000009841353,Bin,1.0,1.1
Connecticut,1 wk ahead,percent,0.0100000011604877,Bin,1.1,1.2
Connecticut,1 wk ahead,percent,0.0200000008370127,Bin,1.2,1.3
Connecticut,1 wk ahead,percent,0.0260000009268736,Bin,1.3,1.4
Connecticut,1 wk ahead,percent,0.0499999998093096,Bin,1.4,1.5
Connecticut,1 wk ahead,percent,0.0240000020355683,Bin,1.5,1.6
Connecticut,1 wk ahead,percent,0.032000001708507,Bin,1.6,1.7
Connecticut,1 wk ahead,percent,0.0440000008460537,Bin,1.7,1.8
Connecticut,1 wk ahead,percent,0.0460000004445476,Bin,1.8,1.9
Connecticut,1 wk ahead,percent,0.0939999967395095,Bin,1.9,2.0
Connecticut,1 wk ahead,percent,0.0659999982401552,Bin,2.0,2.1
Connecticut,1 wk ahead,percent,0.0599999982726959,Bin,2.1,2.2
Connecticut,1 wk ahead,percent,0.0799999965840557,Bin,2.2,2.3
Connecticut,1 wk ahead,percent,0.0699999970092617,Bin,2.3,2.4
Connecticut,1 wk ahead,percent,0.0699999967560507,Bin,2.4,2.5
Connecticut,1 wk ahead,percent,0.061999997039233,Bin,2.5,2.6
Connecticut,1 wk ahead,percent,0.0179999997875808,Bin,2.6,2.7
Connecticut,1 wk ahead,percent,0.0279999988232828,Bin,2.7,2.8
Connecticut,1 wk ahead,percent,0.0219999989936059,Bin,2.8,2.9
Connecticut,1 wk ahead,percent,0.00999999962832666,Bin,2.9,3.0
Connecticut,1 wk ahead,percent,0.0179999989417225,Bin,3.0,3.1
Connecticut,1 wk ahead,percent,0.00199999995743623,Bin,3.1,3.2
Connecticut,1 wk ahead,percent,0.00599999963252218,Bin,3.2,3.3
Connecticut,1 wk ahead,percent,0.0119999991940438,Bin,3.3,3.4
Connecticut,1 wk ahead,percent,0.00399999974002304,Bin,3.4,3.5
Connecticut,1 wk ahead,percent,0.015999998913565,Bin,3.5,3.6
Connecticut,1 wk ahead,percent,0.00399999974002304,Bin,3.6,3.7
Connecticut,1 wk ahead,percent,0.00199999987776604,Bin,3.7,3.8
Connecticut,1 wk ahead,percent,0.00199999987776604,Bin,3.8,3.9
Connecticut,1 wk ahead,percent,0.00599999960228004,Bin,3.9,4.0
Connecticut,1 wk ahead,percent,0.00199999987776604,Bin,4.0,4.1
Connecticut,1 wk ahead,percent,1.55090398632481e-11,Bin,4.1,4.2
Connecticut,1 wk ahead,percent,1.55090398632481e-11,Bin,4.2,4.3
Connecticut,1 wk ahead,percent,1.55090398632481e-11,Bin,4.3,4.4
Connecticut,1 wk ahead,percent,1.55090398632481e-11,Bin,4.4,4.5
Connecticut,1 wk ahead,percent,1.55090398632481e-11,Bin,4.5,4.6
Connecticut,1 wk ahead,percent,1.55090398632481e-11,Bin,4.6,4.7
Connecticut,1 wk ahead,percent,0.00199999987776604,Bin,4.7,4.8
Connecticut,1 wk ahead,percent,0.00199999987776604,Bin,4.8,4.9
Connecticut,1 wk ahead,percent,1.55090398632481e-11,Bin,4.9,5.0
Connecticut,1 wk ahead,percent,1.55090398632481e-11,Bin,5.0,5.1
Connecticut,1 wk ahead,percent,1.55090398632481e-11,Bin,5.1,5.2
Connecticut,1 wk ahead,percent,0.00199999987776604,Bin,5.2,5.3
Connecticut,1 wk ahead,percent,0.00599999960228004,Bin,5.3,5.4
Connecticut,1 wk ahead,percent,1.55090398632481e-11,Bin,5.4,5.5
Connecticut,1 wk ahead,percent,1.55090398632481e-11,Bin,5.5,5.6
Connecticut,1 wk ahead,percent,1.55090398632481e-11,Bin,5.6,5.7
Connecticut,1 wk ahead,percent,1.55090398632481e-11,Bin,5.7,5.8
Connecticut,1 wk ahead,percent,0.00599999960228004,Bin,5.8,5.9
Connecticut,1 wk ahead,percent,0.00399999974002304,Bin,5.9,6.0
Connecticut,1 wk ahead,percent,0.00199999987776604,Bin,6.0,6.1
Connecticut,1 wk ahead,percent,1.55090398632481e-11,Bin,6.1,6.2
Connecticut,1 wk ahead,percent,0.00399999974002304,Bin,6.2,6.3
Connecticut,1 wk ahead,percent,1.55090398632481e-11,Bin,6.3,6.4
Connecticut,1 wk ahead,percent,1.55090398632481e-11,Bin,6.4,6.5
Connecticut,1 wk ahead,percent,1.55090398632481e-11,Bin,6.5,6.6
Connecticut,1 wk ahead,percent,1.55090398632481e-11,Bin,6.6,6.7
Connecticut,1 wk ahead,percent,1.55090398632481e-11,Bin,6.7,6.8
Connecticut,1 wk ahead,percent,1.55090398632481e-11,Bin,6.8,6.9
Connecticut,1 wk ahead,percent,1.55090398632481e-11,Bin,6.9,7.0
Connecticut,1 wk ahead,percent,1.55090398632481e-11,Bin,7.0,7.1
Connecticut,1 wk ahead,percent,1.55090398632481e-11,Bin,7.1,7.2
Connecticut,1 wk ahead,percent,1.55090398632481e-11,Bin,7.2,7.3
Connecticut,1 wk ahead,percent,1.55090398632481e-11,Bin,7.3,7.4
Connecticut,1 wk ahead,percent,1.55090398632481e-11,Bin,7.4,7.5
Connecticut,1 wk ahead,percent,1.55090398632481e-11,Bin,7.5,7.6
Connecticut,1 wk ahead,percent,1.55090398632481e-11,Bin,7.6,7.7
Connecticut,1 wk ahead,percent,1.55090398632481e-11,Bin,7.7,7.8
Connecticut,1 wk ahead,percent,0.00199999987776604,Bin,7.8,7.9
Connecticut,1 wk ahead,percent,1.55090398632481e-11,Bin,7.9,8.0
Connecticut,1 wk ahead,percent,1.55090398632483e-11,Bin,8.0,8.1
Connecticut,1 wk ahead,percent,1.55090398632484e-11,Bin,8.1,8.2
Connecticut,1 wk ahead,percent,1.55090398632484e-11,Bin,8.2,8.3
Connecticut,1 wk ahead,percent,1.55090398632484e-11,Bin,8.3,8.4
Connecticut,1 wk ahead,percent,1.55090398632484e-11,Bin,8.4,8.5
Connecticut,1 wk ahead,percent,1.55090398632484e-11,Bin,8.5,8.6
Connecticut,1 wk ahead,percent,1.55090398632484e-11,Bin,8.6,8.7
Connecticut,1 wk ahead,percent,1.55090398632484e-11,Bin,8.7,8.8
Connecticut,1 wk ahead,percent,0.00199999987776604,Bin,8.8,8.9
Connecticut,1 wk ahead,percent,1.55090398632484e-11,Bin,8.9,9.0
Connecticut,1 wk ahead,percent,1.55090398632484e-11,Bin,9.0,9.1
Connecticut,1 wk ahead,percent,1.55090398632484e-11,Bin,9.1,9.2
Connecticut,1 wk ahead,percent,1.55090398632484e-11,Bin,9.2,9.3
Connecticut,1 wk ahead,percent,1.55090398632484e-11,Bin,9.3,9.4
Connecticut,1 wk ahead,percent,1.55090398632484e-11,Bin,9.4,9.5
Connecticut,1 wk ahead,percent,1.55090398632484e-11,Bin,9.5,9.6
Connecticut,1 wk ahead,percent,1.55090398632484e-11,Bin,9.6,9.7
Connecticut,1 wk ahead,percent,1.55090398632484e-11,Bin,9.7,9.8
Connecticut,1 wk ahead,percent,1.55090398632484e-11,Bin,9.8,9.9
Connecticut,1 wk ahead,percent,1.55090398632484e-11,Bin,9.9,10.0
Connecticut,1 wk ahead,percent,1.55090398632484e-11,Bin,10.0,10.1
Connecticut,1 wk ahead,percent,1.55090398632484e-11,Bin,10.1,10.2
Connecticut,1 wk ahead,percent,1.55090398632484e-11,Bin,10.2,10.3
Connecticut,1 wk ahead,percent,1.55090398632484e-11,Bin,10.3,10.4
Connecticut,1 wk ahead,percent,1.55090398632484e-11,Bin,10.4,10.5
Connecticut,1 wk ahead,percent,1.55090398632484e-11,Bin,10.5,10.6
Connecticut,1 wk ahead,percent,1.55090398632484e-11,Bin,10.6,10.7
Connecticut,1 wk ahead,percent,1.55090398632484e-11,Bin,10.7,10.8
Connecticut,1 wk ahead,percent,1.55090398632484e-11,Bin,10.8,10.9
Connecticut,1 wk ahead,percent,1.55090398632484e-11,Bin,10.9,11.0
Connecticut,1 wk ahead,percent,1.55090398632484e-11,Bin,11.0,11.1
Connecticut,1 wk ahead,percent,1.55090398632484e-11,Bin,11.1,11.2
Connecticut,1 wk ahead,percent,1.55090398632484e-11,Bin,11.2,11.3
Connecticut,1 wk ahead,percent,1.55090398632484e-11,Bin,11.3,11.4
Connecticut,1 wk ahead,percent,1.55090398632484e-11,Bin,11.4,11.5
Connecticut,1 wk ahead,percent,1.55090398632484e-11,Bin,11.5,11.6
Connecticut,1 wk ahead,percent,1.55090398632484e-11,Bin,11.6,11.7
Connecticut,1 wk ahead,percent,1.55090398632484e-11,Bin,11.7,11.8
Connecticut,1 wk ahead,percent,1.55090398632484e-11,Bin,11.8,11.9
Connecticut,1 wk ahead,percent,1.55090398632484e-11,Bin,11.9,12.0
Connecticut,1 wk ahead,percent,1.55090398632484e-11,Bin,12.0,12.1
Connecticut,1 wk ahead,percent,1.55090398632484e-11,Bin,12.1,12.2
Connecticut,1 wk ahead,percent,1.55090398632484e-11,Bin,12.2,12.3
Connecticut,1 wk ahead,percent,1.55090398632484e-11,Bin,12.3,12.4
Connecticut,1 wk ahead,percent,0.00199999987776604,Bin,12.4,12.5
Connecticut,1 wk ahead,percent,1.55090398632484e-11,Bin,12.5,12.6
Connecticut,1 wk ahead,percent,1.55090398632484e-11,Bin,12.6,12.7
Connecticut,1 wk ahead,percent,1.55090398632484e-11,Bin,12.7,12.8
Connecticut,1 wk ahead,percent,1.55090398632484e-11,Bin,12.8,12.9
Connecticut,1 wk ahead,percent,1.55090398632484e-11,Bin,12.9,13.0
Connecticut,1 wk ahead,percent,0.00199999987776604,Bin,13.0,100.0
Connecticut,2 wk ahead,percent,1.26714776401902e-09,Bin,0.0,0.1
Connecticut,2 wk ahead,percent,2.71882214835858e-09,Bin,0.1,0.2
Connecticut,2 wk ahead,percent,2.93609072768223e-09,Bin,0.2,0.3
Connecticut,2 wk ahead,percent,0.00600000266982497,Bin,0.3,0.4
Connecticut,2 wk ahead,percent,0.00600000280225658,Bin,0.4,0.5
Connecticut,2 wk ahead,percent,0.0180000020038115,Bin,0.5,0.6
Connecticut,2 wk ahead,percent,0.0180000020492084,Bin,0.6,0.7
Connecticut,2 wk ahead,percent,0.0200000019094775,Bin,0.7,0.8
Connecticut,2 wk ahead,percent,0.0260000014429517,Bin,0.8,0.9
Connecticut,2 wk ahead,percent,0.0220000016895952,Bin,0.9,1.0
Connecticut,2 wk ahead,percent,0.0439999999966889,Bin,1.0,1.1
Connecticut,2 wk ahead,percent,0.0380000003559448,Bin,1.1,1.2
Connecticut,2 wk ahead,percent,0.0479999995213847,Bin,1.2,1.3
Connecticut,2 wk ahead,percent,0.0679999979378919,Bin,1.3,1.4
Connecticut,2 wk ahead,percent,0.0559999987078448,Bin,1.4,1.5
Connecticut,2 wk ahead,percent,0.0819999966632141,Bin,1.5,1.6
Connecticut,2 wk ahead,percent,0.0659999977121051,Bin,1.6,1.7
Connecticut,2 wk ahead,percent,0.0899999958007526,Bin,1.7,1.8
Connecticut,2 wk ahead,percent,0.0499999986099513,Bin,1.8,1.9
Connecticut,2 wk ahead,percent,0.0579999978710601,Bin,1.9,2.0
Connecticut,2 wk ahead,percent,0.0399999990496018,Bin,2.0,2.1
Connecticut,2 wk ahead,percent,0.0379999990453005,Bin,2.1,2.2
Connecticut,2 wk ahead,percent,0.0140000006647499,Bin,2.2,2.3
Connecticut,2 wk ahead,percent,0.0299999993302608,Bin,2.3,2.4
Connecticut,2 wk ahead,percent,0.0180000000633745,Bin,2.4,2.5
Connecticut,2 wk ahead,percent,0.0140000002064894,Bin,2.5,2.6
Connecticut,2 wk ahead,percent,0.0120000002037716,Bin,2.6,2.7
Connecticut,2 wk ahead,percent,0.0159999997615448,Bin,2.7,2.8
Connecticut,2 wk ahead,percent,0.00600000035878764,Bin,2.8,2.9
Connecticut,2 wk ahead,percent,0.0119999997827341,Bin,2.9,3.0
Connecticut,2 wk ahead,percent,0.00999999980795681,Bin,3.0,3.1
Connecticut,2 wk ahead,percent,0.00599999999345154,Bin,3.1,3.2
Connecticut,2 wk ahead,percent,0.00799999974990235,Bin,3.2,3.3
Connecticut,2 wk ahead,percent,2.59380118477647e-10,Bin,3.3,3.4
Connecticut,2 wk ahead,percent,0.00399999989721444,Bin,3.4,3.5
Connecticut,2 wk ahead,percent,0.00199999999162627,Bin,3.5,3.6
Connecticut,2 wk ahead,percent,0.00199999995044989,Bin,3.6,3.7
Connecticut,2 wk ahead,percent,0.00599999962424135,Bin,3.7,3.8
Connecticut,2 wk ahead,percent,4.48896288673564e-11,Bin,3.8,3.9
Connecticut,2 wk ahead,percent,2.91330431946454e-11,Bin,3.9,4.0
Connecticut,2 wk ahead,percent,1.83875150736091e-11,Bin,4.0,4.1
Connecticut,2 wk ahead,percent,1.14633687289868e-11,Bin,4.1,4.2
Connecticut,2 wk ahead,percent,0.00799999941923128,Bin,4.2,4.3
Connecticut,2 wk ahead,percent,0.00399999971459272,Bin,4.3,4.4
Connecticut,2 wk ahead,percent,0.00199999986227344,Bin,4.4,4.5
Connecticut,2 wk ahead,percent,0.00199999986227344,Bin,4.5,4.6
Connecticut,2 wk ahead,percent,9.95415810658928e-12,Bin,4.6,4.7
Connecticut,2 wk ahead,percent,0.00199999986227344,Bin,4.7,4.8
Connecticut,2 wk ahead,percent,0.00199999986227344,Bin,4.8,4.9
Connecticut,2 wk ahead,percent,0.00199999986227344,Bin,4.9,5.0
Connecticut,2 wk ahead,percent,9.95415810658928e-12,Bin,5.0,5.1
Connecticut,2 wk ahead,percent,9.95415810658928e-12,Bin,5.1,5.2
Connecticut,2 wk ahead,percent,0.00199999986227344,Bin,5.2,5.3
Connecticut,2 wk ahead,percent,0.00199999986227344,Bin,5.3,5.4
Connecticut,2 wk ahead,percent,9.95415810658928e-12,Bin,5.4,5.5
Connecticut,2 wk ahead,percent,9.95415810658928e-12,Bin,5.5,5.6
Connecticut,2 wk ahead,percent,0.00199999986227344,Bin,5.6,5.7
Connecticut,2 wk ahead,percent,9.95415810658928e-12,Bin,5.7,5.8
Connecticut,2 wk ahead,percent,9.95415810658928e-12,Bin,5.8,5.9
Connecticut,2 wk ahead,percent,9.95415810658928e-12,Bin,5.9,6.0
Connecticut,2 wk ahead,percent,9.95415810658928e-12,Bin,6.0,6.1
Connecticut,2 wk ahead,percent,9.95415810658928e-12,Bin,6.1,6.2
Connecticut,2 wk ahead,percent,0.00199999986227344,Bin,6.2,6.3
Connecticut,2 wk ahead,percent,9.95415810658928e-12,Bin,6.3,6.4
Connecticut,2 wk ahead,percent,0.00199999986227344,Bin,6.4,6.5
Connecticut,2 wk ahead,percent,9.95415810658928e-12,Bin,6.5,6.6
Connecticut,2 wk ahead,percent,9.95415810658928e-12,Bin,6.6,6.7
Connecticut,2 wk ahead,percent,0.00199999986227344,Bin,6.7,6.8
Connecticut,2 wk ahead,percent,9.95415810658928e-12,Bin,6.8,6.9
Connecticut,2 wk ahead,percent,9.95415810658928e-12,Bin,6.9,7.0
Connecticut,2 wk ahead,percent,9.95415810658928e-12,Bin,7.0,7.1
Connecticut,2 wk ahead,percent,0.00199999986227344,Bin,7.1,7.2
Connecticut,2 wk ahead,percent,9.95415810658928e-12,Bin,7.2,7.3
Connecticut,2 wk ahead,percent,9.95415810658928e-12,Bin,7.3,7.4
Connecticut,2 wk ahead,percent,0.00199999986227344,Bin,7.4,7.5
Connecticut,2 wk ahead,percent,9.95415810658928e-12,Bin,7.5,7.6
Connecticut,2 wk ahead,percent,9.95415810658928e-12,Bin,7.6,7.7
Connecticut,2 wk ahead,percent,9.95415810658928e-12,Bin,7.7,7.8
Connecticut,2 wk ahead,percent,9.95415810658928e-12,Bin,7.8,7.9
Connecticut,2 wk ahead,percent,9.95415810658928e-12,Bin,7.9,8.0
Connecticut,2 wk ahead,percent,9.95415810658937e-12,Bin,8.0,8.1
Connecticut,2 wk ahead,percent,9.95415810658946e-12,Bin,8.1,8.2
Connecticut,2 wk ahead,percent,9.95415810658946e-12,Bin,8.2,8.3
Connecticut,2 wk ahead,percent,9.95415810658946e-12,Bin,8.3,8.4
Connecticut,2 wk ahead,percent,0.00199999986227344,Bin,8.4,8.5
Connecticut,2 wk ahead,percent,9.95415810658946e-12,Bin,8.5,8.6
Connecticut,2 wk ahead,percent,9.95415810658946e-12,Bin,8.6,8.7
Connecticut,2 wk ahead,percent,9.95415810658946e-12,Bin,8.7,8.8
Connecticut,2 wk ahead,percent,9.95415810658946e-12,Bin,8.8,8.9
Connecticut,2 wk ahead,percent,9.95415810658946e-12,Bin,8.9,9.0
Connecticut,2 wk ahead,percent,9.95415810658946e-12,Bin,9.0,9.1
Connecticut,2 wk ahead,percent,9.95415810658946e-12,Bin,9.1,9.2
Connecticut,2 wk ahead,percent,9.95415810658946e-12,Bin,9.2,9.3
Connecticut,2 wk ahead,percent,9.95415810658946e-12,Bin,9.3,9.4
Connecticut,2 wk ahead,percent,9.95415810658946e-12,Bin,9.4,9.5
Connecticut,2 wk ahead,percent,9.95415810658946e-12,Bin,9.5,9.6
Connecticut,2 wk ahead,percent,9.95415810658946e-12,Bin,9.6,9.7
Connecticut,2 wk ahead,percent,9.95415810658946e-12,Bin,9.7,9.8
Connecticut,2 wk ahead,percent,9.95415810658946e-12,Bin,9.8,9.9
Connecticut,2 wk ahead,percent,9.95415810658946e-12,Bin,9.9,10.0
Connecticut,2 wk ahead,percent,9.95415810658946e-12,Bin,10.0,10.1
Connecticut,2 wk ahead,percent,9.95415810658946e-12,Bin,10.1,10.2
Connecticut,2 wk ahead,percent,9.95415810658946e-12,Bin,10.2,10.3
Connecticut,2 wk ahead,percent,9.95415810658946e-12,Bin,10.3,10.4
Connecticut,2 wk ahead,percent,9.95415810658946e-12,Bin,10.4,10.5
Connecticut,2 wk ahead,percent,9.95415810658946e-12,Bin,10.5,10.6
Connecticut,2 wk ahead,percent,9.95415810658946e-12,Bin,10.6,10.7
Connecticut,2 wk ahead,percent,9.95415810658946e-12,Bin,10.7,10.8
Connecticut,2 wk ahead,percent,9.95415810658946e-12,Bin,10.8,10.9
Connecticut,2 wk ahead,percent,9.95415810658946e-12,Bin,10.9,11.0
Connecticut,2 wk ahead,percent,0.00199999986227344,Bin,11.0,11.1
Connecticut,2 wk ahead,percent,9.95415810658946e-12,Bin,11.1,11.2
Connecticut,2 wk ahead,percent,9.95415810658946e-12,Bin,11.2,11.3
Connecticut,2 wk ahead,percent,9.95415810658946e-12,Bin,11.3,11.4
Connecticut,2 wk ahead,percent,9.95415810658946e-12,Bin,11.4,11.5
Connecticut,2 wk ahead,percent,9.95415810658946e-12,Bin,11.5,11.6
Connecticut,2 wk ahead,percent,9.95415810658946e-12,Bin,11.6,11.7
Connecticut,2 wk ahead,percent,9.95415810658946e-12,Bin,11.7,11.8
Connecticut,2 wk ahead,percent,0.00199999986227344,Bin,11.8,11.9
Connecticut,2 wk ahead,percent,9.95415810658946e-12,Bin,11.9,12.0
Connecticut,2 wk ahead,percent,9.95415810658946e-12,Bin,12.0,12.1
Connecticut,2 wk ahead,percent,9.95415810658946e-12,Bin,12.1,12.2
Connecticut,2 wk ahead,percent,9.95415810658946e-12,Bin,12.2,12.3
Connecticut,2 wk ahead,percent,9.95415810658946e-12,Bin,12.3,12.4
Connecticut,2 wk ahead,percent,9.95415810658946e-12,Bin,12.4,12.5
Connecticut,2 wk ahead,percent,9.95415810658946e-12,Bin,12.5,12.6
Connecticut,2 wk ahead,percent,9.95415810658946e-12,Bin,12.6,12.7
Connecticut,2 wk ahead,percent,9.95415810658946e-12,Bin,12.7,12.8
Connecticut,2 wk ahead,percent,9.95415810658946e-12,Bin,12.8,12.9
Connecticut,2 wk ahead,percent,9.95415810658946e-12,Bin,12.9,13.0
Connecticut,2 wk ahead,percent,0.00199999986227344,Bin,13.0,100.0
Connecticut,3 wk ahead,percent,4.70821777437286e-09,Bin,0.0,0.1
Connecticut,3 wk ahead,percent,1.06162381612128e-08,Bin,0.1,0.2
Connecticut,3 wk ahead,percent,0.00400001053849579,Bin,0.2,0.3
Connecticut,3 wk ahead,percent,0.00600001012907333,Bin,0.3,0.4
Connecticut,3 wk ahead,percent,0.0160000077655619,Bin,0.4,0.5
Connecticut,3 wk ahead,percent,0.0280000049208453,Bin,0.5,0.6
Connecticut,3 wk ahead,percent,0.0340000030517202,Bin,0.6,0.7
Connecticut,3 wk ahead,percent,0.0400000006066526,Bin,0.7,0.8
Connecticut,3 wk ahead,percent,0.0479999972985713,Bin,0.8,0.9
Connecticut,3 wk ahead,percent,0.0599999933504412,Bin,0.9,1.0
Connecticut,3 wk ahead,percent,0.0479999954485988,Bin,1.0,1.1
Connecticut,3 wk ahead,percent,0.0979999859759008,Bin,1.1,1.2
Connecticut,3 wk ahead,percent,0.0619999959491215,Bin,1.2,1.3
Connecticut,3 wk ahead,percent,0.0739999964224047,Bin,1.3,1.4
Connecticut,3 wk ahead,percent,0.0739999988678772,Bin,1.4,1.5
Connecticut,3 wk ahead,percent,0.0779999988384722,Bin,1.5,1.6
Connecticut,3 wk ahead,percent,0.0520000030295377,Bin,1.6,1.7
Connecticut,3 wk ahead,percent,0.0480000009292494,Bin,1.7,1.8
Connecticut,3 wk ahead,percent,0.0280000015755887,Bin,1.8,1.9
Connecticut,3 wk ahead,percent,0.0379999963243996,Bin,1.9,2.0
Connecticut,3 wk ahead,percent,0.0239999970795553,Bin,2.0,2.1
Connecticut,3 wk ahead,percent,0.00999999878827382,Bin,2.1,2.2
Connecticut,3 wk ahead,percent,0.00999999821334384,Bin,2.2,2.3
Connecticut,3 wk ahead,percent,0.00999999803570814,Bin,2.3,2.4
Connecticut,3 wk ahead,percent,0.00799999845395857,Bin,2.4,2.5
Connecticut,3 wk ahead,percent,0.0119999976123361,Bin,2.5,2.6
Connecticut,3 wk ahead,percent,0.00599999887476979,Bin,2.6,2.7
Connecticut,3 wk ahead,percent,0.00999999803314736,Bin,2.7,2.8
Connecticut,3 wk ahead,percent,0.00599999887476979,Bin,2.8,2.9
Connecticut,3 wk ahead,percent,0.003999999295581,Bin,2.9,3.0
Connecticut,3 wk ahead,percent,1.3720343556163e-10,Bin,3.0,3.1
Connecticut,3 wk ahead,percent,0.00599999887476979,Bin,3.1,3.2
Connecticut,3 wk ahead,percent,0.00199999971639222,Bin,3.2,3.3
Connecticut,3 wk ahead,percent,0.003999999295581,Bin,3.3,3.4
Connecticut,3 wk ahead,percent,1.3720343556163e-10,Bin,3.4,3.5
Connecticut,3 wk ahead,percent,0.00599999887476979,Bin,3.5,3.6
Connecticut,3 wk ahead,percent,0.00199999971639222,Bin,3.6,3.7
Connecticut,3 wk ahead,percent,0.00599999887476979,Bin,3.7,3.8
Connecticut,3 wk ahead,percent,1.3720343556163e-10,Bin,3.8,3.9
Connecticut,3 wk ahead,percent,0.003999999295581,Bin,3.9,4.0
Connecticut,3 wk ahead,percent,0.00199999971639222,Bin,4.0,4.1
Connecticut,3 wk ahead,percent,1.3720343556163e-10,Bin,4.1,4.2
Connecticut,3 wk ahead,percent,0.00199999971639222,Bin,4.2,4.3
Connecticut,3 wk ahead,percent,1.3720343556163e-10,Bin,4.3,4.4
Connecticut,3 wk ahead,percent,0.00199999971639222,Bin,4.4,4.5
Connecticut,3 wk ahead,percent,1.3720343556163e-10,Bin,4.5,4.6
Connecticut,3 wk ahead,percent,0.003999999295581,Bin,4.6,4.7
Connecticut,3 wk ahead,percent,0.00199999971639222,Bin,4.7,4.8
Connecticut,3 wk ahead,percent,1.3720343556163e-10,Bin,4.8,4.9
Connecticut,3 wk ahead,percent,1.3720343556163e-10,Bin,4.9,5.0
Connecticut,3 wk ahead,percent,1.3720343556163e-10,Bin,5.0,5.1
Connecticut,3 wk ahead,percent,0.00199999971639222,Bin,5.1,5.2
Connecticut,3 wk ahead,percent,1.3720343556163e-10,Bin,5.2,5.3
Connecticut,3 wk ahead,percent,1.3720343556163e-10,Bin,5.3,5.4
Connecticut,3 wk ahead,percent,0.00199999971639222,Bin,5.4,5.5
Connecticut,3 wk ahead,percent,1.3720343556163e-10,Bin,5.5,5.6
Connecticut,3 wk ahead,percent,1.3720343556163e-10,Bin,5.6,5.7
Connecticut,3 wk ahead,percent,1.3720343556163e-10,Bin,5.7,5.8
Connecticut,3 wk ahead,percent,0.003999999295581,Bin,5.8,5.9
Connecticut,3 wk ahead,percent,1.3720343556163e-10,Bin,5.9,6.0
Connecticut,3 wk ahead,percent,1.3720343556163e-10,Bin,6.0,6.1
Connecticut,3 wk ahead,percent,1.3720343556163e-10,Bin,6.1,6.2
Connecticut,3 wk ahead,percent,0.00199999971639222,Bin,6.2,6.3
Connecticut,3 wk ahead,percent,1.3720343556163e-10,Bin,6.3,6.4
Connecticut,3 wk ahead,percent,1.3720343556163e-10,Bin,6.4,6.5
Connecticut,3 wk ahead,percent,1.3720343556163e-10,Bin,6.5,6.6
Connecticut,3 wk ahead,percent,1.3720343556163e-10,Bin,6.6,6.7
Connecticut,3 wk ahead,percent,1.3720343556163e-10,Bin,6.7,6.8
Connecticut,3 wk ahead,percent,1.3720343556163e-10,Bin,6.8,6.9
Connecticut,3 wk ahead,percent,0.00199999971639222,Bin,6.9,7.0
Connecticut,3 wk ahead,percent,1.3720343556163e-10,Bin,7.0,7.1
Connecticut,3 wk ahead,percent,1.3720343556163e-10,Bin,7.1,7.2
Connecticut,3 wk ahead,percent,1.3720343556163e-10,Bin,7.2,7.3
Connecticut,3 wk ahead,percent,1.3720343556163e-10,Bin,7.3,7.4
Connecticut,3 wk ahead,percent,1.3720343556163e-10,Bin,7.4,7.5
Connecticut,3 wk ahead,percent,1.3720343556163e-10,Bin,7.5,7.6
Connecticut,3 wk ahead,percent,1.3720343556163e-10,Bin,7.6,7.7
Connecticut,3 wk ahead,percent,0.00199999971639222,Bin,7.7,7.8
Connecticut,3 wk ahead,percent,1.3720343556163e-10,Bin,7.8,7.9
Connecticut,3 wk ahead,percent,1.3720343556163e-10,Bin,7.9,8.0
Connecticut,3 wk ahead,percent,0.00199999971639222,Bin,8.0,8.1
Connecticut,3 wk ahead,percent,1.37203435561633e-10,Bin,8.1,8.2
Connecticut,3 wk ahead,percent,0.00199999971639222,Bin,8.2,8.3
Connecticut,3 wk ahead,percent,0.00199999971639222,Bin,8.3,8.4
Connecticut,3 wk ahead,percent,1.37203435561633e-10,Bin,8.4,8.5
Connecticut,3 wk ahead,percent,1.37203435561633e-10,Bin,8.5,8.6
Connecticut,3 wk ahead,percent,1.37203435561633e-10,Bin,8.6,8.7
Connecticut,3 wk ahead,percent,1.37203435561633e-10,Bin,8.7,8.8
Connecticut,3 wk ahead,percent,1.37203435561633e-10,Bin,8.8,8.9
Connecticut,3 wk ahead,percent,1.37203435561633e-10,Bin,8.9,9.0
Connecticut,3 wk ahead,percent,1.37203435561633e-10,Bin,9.0,9.1
Connecticut,3 wk ahead,percent,1.37203435561633e-10,Bin,9.1,9.2
Connecticut,3 wk ahead,percent,1.37203435561633e-10,Bin,9.2,9.3
Connecticut,3 wk ahead,percent,1.37203435561633e-10,Bin,9.3,9.4
Connecticut,3 wk ahead,percent,1.37203435561633e-10,Bin,9.4,9.5
Connecticut,3 wk ahead,percent,1.37203435561633e-10,Bin,9.5,9.6
Connecticut,3 wk ahead,percent,1.37203435561633e-10,Bin,9.6,9.7
Connecticut,3 wk ahead,percent,1.37203435561633e-10,Bin,9.7,9.8
Connecticut,3 wk ahead,percent,1.37203435561633e-10,Bin,9.8,9.9
Connecticut,3 wk ahead,percent,1.37203435561633e-10,Bin,9.9,10.0
Connecticut,3 wk ahead,percent,1.37203435561633e-10,Bin,10.0,10.1
Connecticut,3 wk ahead,percent,1.37203435561633e-10,Bin,10.1,10.2
Connecticut,3 wk ahead,percent,1.37203435561633e-10,Bin,10.2,10.3
Connecticut,3 wk ahead,percent,1.37203435561633e-10,Bin,10.3,10.4
Connecticut,3 wk ahead,percent,1.37203435561633e-10,Bin,10.4,10.5
Connecticut,3 wk ahead,percent,1.37203435561633e-10,Bin,10.5,10.6
Connecticut,3 wk ahead,percent,1.37203435561633e-10,Bin,10.6,10.7
Connecticut,3 wk ahead,percent,1.37203435561633e-10,Bin,10.7,10.8
Connecticut,3 wk ahead,percent,1.37203435561633e-10,Bin,10.8,10.9
Connecticut,3 wk ahead,percent,1.37203435561633e-10,Bin,10.9,11.0
Connecticut,3 wk ahead,percent,1.37203435561633e-10,Bin,11.0,11.1
Connecticut,3 wk ahead,percent,1.37203435561633e-10,Bin,11.1,11.2
Connecticut,3 wk ahead,percent,1.37203435561633e-10,Bin,11.2,11.3
Connecticut,3 wk ahead,percent,1.37203435561633e-10,Bin,11.3,11.4
Connecticut,3 wk ahead,percent,1.37203435561633e-10,Bin,11.4,11.5
Connecticut,3 wk ahead,percent,1.37203435561633e-10,Bin,11.5,11.6
Connecticut,3 wk ahead,percent,1.37203435561633e-10,Bin,11.6,11.7
Connecticut,3 wk ahead,percent,1.37203435561633e-10,Bin,11.7,11.8
Connecticut,3 wk ahead,percent,1.37203435561633e-10,Bin,11.8,11.9
Connecticut,3 wk ahead,percent,1.37203435561633e-10,Bin,11.9,12.0
Connecticut,3 wk ahead,percent,1.37203435561633e-10,Bin,12.0,12.1
Connecticut,3 wk ahead,percent,1.37203435561633e-10,Bin,12.1,12.2
Connecticut,3 wk ahead,percent,1.37203435561633e-10,Bin,12.2,12.3
Connecticut,3 wk ahead,percent,1.37203435561633e-10,Bin,12.3,12.4
Connecticut,3 wk ahead,percent,1.37203435561633e-10,Bin,12.4,12.5
Connecticut,3 wk ahead,percent,1.37203435561633e-10,Bin,12.5,12.6
Connecticut,3 wk ahead,percent,1.37203435561633e-10,Bin,12.6,12.7
Connecticut,3 wk ahead,percent,1.37203435561633e-10,Bin,12.7,12.8
Connecticut,3 wk ahead,percent,1.37203435561633e-10,Bin,12.8,12.9
Connecticut,3 wk ahead,percent,1.37203435561633e-10,Bin,12.9,13.0
Connecticut,3 wk ahead,percent,0.00199999971639222,Bin,13.0,100.0
Connecticut,4 wk ahead,percent,6.62801899604597e-09,Bin,0.0,0.1
Connecticut,4 wk ahead,percent,1.48142744360004e-08,Bin,0.1,0.2
Connecticut,4 wk ahead,percent,0.0120000134946816,Bin,0.2,0.3
Connecticut,4 wk ahead,percent,0.0100000142482434,Bin,0.3,0.4
Connecticut,4 wk ahead,percent,0.0320000093429815,Bin,0.4,0.5
Connecticut,4 wk ahead,percent,0.0560000033923752,Bin,0.5,0.6
Connecticut,4 wk ahead,percent,0.0560000017178217,Bin,0.6,0.7
Connecticut,4 wk ahead,percent,0.081999993948604,Bin,0.7,0.8
Connecticut,4 wk ahead,percent,0.0859999907417371,Bin,0.8,0.9
Connecticut,4 wk ahead,percent,0.0979999866457568,Bin,0.9,1.0
Connecticut,4 wk ahead,percent,0.0819999898315924,Bin,1.0,1.1
Connecticut,4 wk ahead,percent,0.0819999910392598,Bin,1.1,1.2
Connecticut,4 wk ahead,percent,0.0839999924493001,Bin,1.2,1.3
Connecticut,4 wk ahead,percent,0.0599999988025015,Bin,1.3,1.4
Connecticut,4 wk ahead,percent,0.0659999974617905,Bin,1.4,1.5
Connecticut,4 wk ahead,percent,0.0340000025475296,Bin,1.5,1.6
Connecticut,4 wk ahead,percent,0.024000002067867,Bin,1.6,1.7
Connecticut,4 wk ahead,percent,0.0180000006817374,Bin,1.7,1.8
Connecticut,4 wk ahead,percent,0.0239999973560854,Bin,1.8,1.9
Connecticut,4 wk ahead,percent,0.00999999899774668,Bin,1.9,2.0
Connecticut,4 wk ahead,percent,0.00399999958953744,Bin,2.0,2.1
Connecticut,4 wk ahead,percent,0.00399999930725382,Bin,2.1,2.2
Connecticut,4 wk ahead,percent,0.00799999842092799,Bin,2.2,2.3
Connecticut,4 wk ahead,percent,0.00599999884055652,Bin,2.3,2.4
Connecticut,4 wk ahead,percent,0.00999999800129947,Bin,2.4,2.5
Connecticut,4 wk ahead,percent,0.00399999926018504,Bin,2.5,2.6
Connecticut,4 wk ahead,percent,9.94420870804256e-11,Bin,2.6,2.7
Connecticut,4 wk ahead,percent,0.00599999884055652,Bin,2.7,2.8
Connecticut,4 wk ahead,percent,0.00199999967981356,Bin,2.8,2.9
Connecticut,4 wk ahead,percent,9.94420870804256e-11,Bin,2.9,3.0
Connecticut,4 wk ahead,percent,9.94420870804256e-11,Bin,3.0,3.1
Connecticut,4 wk ahead,percent,0.00599999884055652,Bin,3.1,3.2
Connecticut,4 wk ahead,percent,0.00599999884055652,Bin,3.2,3.3
Connecticut,4 wk ahead,percent,0.00399999926018504,Bin,3.3,3.4
Connecticut,4 wk ahead,percent,0.00199999967981356,Bin,3.4,3.5
Connecticut,4 wk ahead,percent,9.94420870804256e-11,Bin,3.5,3.6
Connecticut,4 wk ahead,percent,9.94420870804256e-11,Bin,3.6,3.7
Connecticut,4 wk ahead,percent,0.00199999967981356,Bin,3.7,3.8
Connecticut,4 wk ahead,percent,9.94420870804256e-11,Bin,3.8,3.9
Connecticut,4 wk ahead,percent,0.00199999967981356,Bin,3.9,4.0
Connecticut,4 wk ahead,percent,9.94420870804256e-11,Bin,4.0,4.1
Connecticut,4 wk ahead,percent,9.94420870804256e-11,Bin,4.1,4.2
Connecticut,4 wk ahead,percent,9.94420870804256e-11,Bin,4.2,4.3
Connecticut,4 wk ahead,percent,0.00199999967981356,Bin,4.3,4.4
Connecticut,4 wk ahead,percent,0.00199999967981356,Bin,4.4,4.5
Connecticut,4 wk ahead,percent,9.94420870804256e-11,Bin,4.5,4.6
Connecticut,4 wk ahead,percent,9.94420870804256e-11,Bin,4.6,4.7
Connecticut,4 wk ahead,percent,0.00199999967981356,Bin,4.7,4.8
Connecticut,4 wk ahead,percent,0.00199999967981356,Bin,4.8,4.9
Connecticut,4 wk ahead,percent,9.94420870804256e-11,Bin,4.9,5.0
Connecticut,4 wk ahead,percent,9.94420870804256e-11,Bin,5.0,5.1
Connecticut,4 wk ahead,percent,9.94420870804256e-11,Bin,5.1,5.2
Connecticut,4 wk ahead,percent,9.94420870804256e-11,Bin,5.2,5.3
Connecticut,4 wk ahead,percent,9.94420870804256e-11,Bin,5.3,5.4
Connecticut,4 wk ahead,percent,9.94420870804256e-11,Bin,5.4,5.5
Connecticut,4 wk ahead,percent,9.94420870804256e-11,Bin,5.5,5.6
Connecticut,4 wk ahead,percent,0.00199999967981356,Bin,5.6,5.7
Connecticut,4 wk ahead,percent,9.94420870804256e-11,Bin,5.7,5.8
Connecticut,4 wk ahead,percent,9.94420870804256e-11,Bin,5.8,5.9
Connecticut,4 wk ahead,percent,9.94420870804256e-11,Bin,5.9,6.0
Connecticut,4 wk ahead,percent,0.00399999926018504,Bin,6.0,6.1
Connecticut,4 wk ahead,percent,0.00199999967981356,Bin,6.1,6.2
Connecticut,4 wk ahead,percent,9.94420870804256e-11,Bin,6.2,6.3
Connecticut,4 wk ahead,percent,9.94420870804256e-11,Bin,6.3,6.4
Connecticut,4 wk ahead,percent,9.94420870804256e-11,Bin,6.4,6.5
Connecticut,4 wk ahead,percent,9.94420870804256e-11,Bin,6.5,6.6
Connecticut,4 wk ahead,percent,9.94420870804256e-11,Bin,6.6,6.7
Connecticut,4 wk ahead,percent,0.00199999967981356,Bin,6.7,6.8
Connecticut,4 wk ahead,percent,9.94420870804256e-11,Bin,6.8,6.9
Connecticut,4 wk ahead,percent,9.94420870804256e-11,Bin,6.9,7.0
Connecticut,4 wk ahead,percent,9.94420870804256e-11,Bin,7.0,7.1
Connecticut,4 wk ahead,percent,9.94420870804256e-11,Bin,7.1,7.2
Connecticut,4 wk ahead,percent,9.94420870804256e-11,Bin,7.2,7.3
Connecticut,4 wk ahead,percent,9.94420870804256e-11,Bin,7.3,7.4
Connecticut,4 wk ahead,percent,9.94420870804256e-11,Bin,7.4,7.5
Connecticut,4 wk ahead,percent,9.94420870804256e-11,Bin,7.5,7.6
Connecticut,4 wk ahead,percent,9.94420870804256e-11,Bin,7.6,7.7
Connecticut,4 wk ahead,percent,9.94420870804256e-11,Bin,7.7,7.8
Connecticut,4 wk ahead,percent,9.94420870804256e-11,Bin,7.8,7.9
Connecticut,4 wk ahead,percent,9.94420870804256e-11,Bin,7.9,8.0
Connecticut,4 wk ahead,percent,9.94420870804265e-11,Bin,8.0,8.1
Connecticut,4 wk ahead,percent,9.94420870804274e-11,Bin,8.1,8.2
Connecticut,4 wk ahead,percent,9.94420870804274e-11,Bin,8.2,8.3
Connecticut,4 wk ahead,percent,9.94420870804274e-11,Bin,8.3,8.4
Connecticut,4 wk ahead,percent,9.94420870804274e-11,Bin,8.4,8.5
Connecticut,4 wk ahead,percent,9.94420870804274e-11,Bin,8.5,8.6
Connecticut,4 wk ahead,percent,9.94420870804274e-11,Bin,8.6,8.7
Connecticut,4 wk ahead,percent,9.94420870804274e-11,Bin,8.7,8.8
Connecticut,4 wk ahead,percent,9.94420870804274e-11,Bin,8.8,8.9
Connecticut,4 wk ahead,percent,9.94420870804274e-11,Bin,8.9,9.0
Connecticut,4 wk ahead,percent,9.94420870804274e-11,Bin,9.0,9.1
Connecticut,4 wk ahead,percent,9.94420870804274e-11,Bin,9.1,9.2
Connecticut,4 wk ahead,percent,9.94420870804274e-11,Bin,9.2,9.3
Connecticut,4 wk ahead,percent,9.94420870804274e-11,Bin,9.3,9.4
Connecticut,4 wk ahead,percent,9.94420870804274e-11,Bin,9.4,9.5
Connecticut,4 wk ahead,percent,9.94420870804274e-11,Bin,9.5,9.6
Connecticut,4 wk ahead,percent,9.94420870804274e-11,Bin,9.6,9.7
Connecticut,4 wk ahead,percent,9.94420870804274e-11,Bin,9.7,9.8
Connecticut,4 wk ahead,percent,9.94420870804274e-11,Bin,9.8,9.9
Connecticut,4 wk ahead,percent,9.94420870804274e-11,Bin,9.9,10.0
Connecticut,4 wk ahead,percent,9.94420870804274e-11,Bin,10.0,10.1
Connecticut,4 wk ahead,percent,9.94420870804274e-11,Bin,10.1,10.2
Connecticut,4 wk ahead,percent,9.94420870804274e-11,Bin,10.2,10.3
Connecticut,4 wk ahead,percent,9.94420870804274e-11,Bin,10.3,10.4
Connecticut,4 wk ahead,percent,9.94420870804274e-11,Bin,10.4,10.5
Connecticut,4 wk ahead,percent,9.94420870804274e-11,Bin,10.5,10.6
Connecticut,4 wk ahead,percent,9.94420870804274e-11,Bin,10.6,10.7
Connecticut,4 wk ahead,percent,9.94420870804274e-11,Bin,10.7,10.8
Connecticut,4 wk ahead,percent,9.94420870804274e-11,Bin,10.8,10.9
Connecticut,4 wk ahead,percent,9.94420870804274e-11,Bin,10.9,11.0
Connecticut,4 wk ahead,percent,9.94420870804274e-11,Bin,11.0,11.1
Connecticut,4 wk ahead,percent,9.94420870804274e-11,Bin,11.1,11.2
Connecticut,4 wk ahead,percent,9.94420870804274e-11,Bin,11.2,11.3
Connecticut,4 wk ahead,percent,9.94420870804274e-11,Bin,11.3,11.4
Connecticut,4 wk ahead,percent,9.94420870804274e-11,Bin,11.4,11.5
Connecticut,4 wk ahead,percent,9.94420870804274e-11,Bin,11.5,11.6
Connecticut,4 wk ahead,percent,9.94420870804274e-11,Bin,11.6,11.7
Connecticut,4 wk ahead,percent,9.94420870804274e-11,Bin,11.7,11.8
Connecticut,4 wk ahead,percent,9.94420870804274e-11,Bin,11.8,11.9
Connecticut,4 wk ahead,percent,9.94420870804274e-11,Bin,11.9,12.0
Connecticut,4 wk ahead,percent,9.94420870804274e-11,Bin,12.0,12.1
Connecticut,4 wk ahead,percent,9.94420870804274e-11,Bin,12.1,12.2
Connecticut,4 wk ahead,percent,9.94420870804274e-11,Bin,12.2,12.3
Connecticut,4 wk ahead,percent,9.94420870804274e-11,Bin,12.3,12.4
Connecticut,4 wk ahead,percent,9.94420870804274e-11,Bin,12.4,12.5
Connecticut,4 wk ahead,percent,9.94420870804274e-11,Bin,12.5,12.6
Connecticut,4 wk ahead,percent,9.94420870804274e-11,Bin,12.6,12.7
Connecticut,4 wk ahead,percent,9.94420870804274e-11,Bin,12.7,12.8
Connecticut,4 wk ahead,percent,9.94420870804274e-11,Bin,12.8,12.9
Connecticut,4 wk ahead,percent,9.94420870804274e-11,Bin,12.9,13.0
Connecticut,4 wk ahead,percent,9.94420870804274e-11,Bin,13.0,100.0
Connecticut,Season peak percentage,percent,2.4719549520074e-12,Bin,0.0,0.1
Connecticut,Season peak percentage,percent,5.19006967149926e-12,Bin,0.1,0.2
Connecticut,Season peak percentage,percent,5.5243851098748e-12,Bin,0.2,0.3
Connecticut,Season peak percentage,percent,5.86529087618345e-12,Bin,0.3,0.4
Connecticut,Season peak percentage,percent,6.21195632991548e-12,Bin,0.4,0.5
Connecticut,Season peak percentage,percent,6.56334344711169e-12,Bin,0.5,0.6
Connecticut,Season peak percentage,percent,6.91856847744926e-12,Bin,0.6,0.7
Connecticut,Season peak percentage,percent,7.27671234452027e-12,Bin,0.7,0.8
Connecticut,Season peak percentage,percent,7.63691787978938e-12,Bin,0.8,0.9
Connecticut,Season peak percentage,percent,7.9982900900678e-12,Bin,0.9,1.0
Connecticut,Season peak percentage,percent,8.36002443335239e-12,Bin,1.0,1.1
Connecticut,Season peak percentage,percent,8.72132872223326e-12,Bin,1.1,1.2
Connecticut,Season peak percentage,percent,9.08147220410955e-12,Bin,1.2,1.3
Connecticut,Season peak percentage,percent,9.43975137215002e-12,Bin,1.3,1.4
Connecticut,Season peak percentage,percent,9.79551200069695e-12,Bin,1.4,1.5
Connecticut,Season peak percentage,percent,1.01480716081213e-11,Bin,1.5,1.6
Connecticut,Season peak percentage,percent,1.04968644928551e-11,Bin,1.6,1.7
Connecticut,Season peak percentage,percent,1.08413161341348e-11,Bin,1.7,1.8
Connecticut,Season peak percentage,percent,1.1180724540143e-11,Bin,1.8,1.9
Connecticut,Season peak percentage,percent,1.15145669279039e-11,Bin,1.9,2.0
Connecticut,Season peak percentage,percent,1.18422061764542e-11,Bin,2.0,2.1
Connecticut,Season peak percentage,percent,1.21630133402205e-11,Bin,2.1,2.2
Connecticut,Season peak percentage,percent,1.24761779578397e-11,Bin,2.2,2.3
Connecticut,Season peak percentage,percent,1.27810346785214e-11,Bin,2.3,2.4
Connecticut,Season peak percentage,percent,1.3076842866513e-11,Bin,2.4,2.5
Connecticut,Season peak percentage,percent,1.33625500931812e-11,Bin,2.5,2.6
Connecticut,Season peak percentage,percent,1.36373172621503e-11,Bin,2.6,2.7
Connecticut,Season peak percentage,percent,1.39001598104077e-11,Bin,2.7,2.8
Connecticut,Season peak percentage,percent,1.41500615800278e-11,Bin,2.8,2.9
Connecticut,Season peak percentage,percent,1.43856953343549e-11,Bin,2.9,3.0
Connecticut,Season peak percentage,percent,1.46060141169348e-11,Bin,3.0,3.1
Connecticut,Season peak percentage,percent,1.48099569294275e-11,Bin,3.1,3.2
Connecticut,Season peak percentage,percent,1.49960544301424e-11,Bin,3.2,3.3
Connecticut,Season peak percentage,percent,1.51631296928367e-11,Bin,3.3,3.4
Connecticut,Season peak percentage,percent,1.53100884848715e-11,Bin,3.4,3.5
Connecticut,Season peak percentage,percent,1.54357993081241e-11,Bin,3.5,3.6
Connecticut,Season peak percentage,percent,1.55388979553954e-11,Bin,3.6,3.7
Connecticut,Season peak percentage,percent,1.56184234528644e-11,Bin,3.7,3.8
Connecticut,Season peak percentage,percent,1.56736832208734e-11,Bin,3.8,3.9
Connecticut,Season peak percentage,percent,1.57035985998272e-11,Bin,3.9,4.0
Connecticut,Season peak percentage,percent,1.57073630967636e-11,Bin,4.0,4.1
Connecticut,Season peak percentage,percent,1.56847226281686e-11,Bin,4.1,4.2
Connecticut,Season peak percentage,percent,1.56352504252441e-11,Bin,4.2,4.3
Connecticut,Season peak percentage,percent,1.55585717218237e-11,Bin,4.3,4.4
Connecticut,Season peak percentage,percent,1.54545539801389e-11,Bin,4.4,4.5
Connecticut,Season peak percentage,percent,1.53237274638892e-11,Bin,4.5,4.6
Connecticut,Season peak percentage,percent,1.51661919177995e-11,Bin,4.6,4.7
Connecticut,Season peak percentage,percent,1.49822069253904e-11,Bin,4.7,4.8
Connecticut,Season peak percentage,percent,1.47728329697462e-11,Bin,4.8,4.9
Connecticut,Season peak percentage,percent,1.45388198141954e-11,Bin,4.9,5.0
Connecticut,Season peak percentage,percent,1.42811263991291e-11,Bin,5.0,5.1
Connecticut,Season peak percentage,percent,1.40006647935852e-11,Bin,5.1,5.2
Connecticut,Season peak percentage,percent,1.3699116005237e-11,Bin,5.2,5.3
Connecticut,Season peak percentage,percent,1.33777164795827e-11,Bin,5.3,5.4
Connecticut,Season peak percentage,percent,1.30377481426879e-11,Bin,5.4,5.5
Connecticut,Season peak percentage,percent,1.26810581303411e-11,Bin,5.5,5.6
Connecticut,Season peak percentage,percent,1.23092231141522e-11,Bin,5.6,5.7
Connecticut,Season peak percentage,percent,1.19239692652439e-11,Bin,5.7,5.8
Connecticut,Season peak percentage,percent,1.15268406047534e-11,Bin,5.8,5.9
Connecticut,Season peak percentage,percent,1.11198480625533e-11,Bin,5.9,6.0
Connecticut,Season peak percentage,percent,1.07047014777885e-11,Bin,6.0,6.1
Connecticut,Season peak percentage,percent,1.02830789739574e-11,Bin,6.1,6.2
Connecticut,Season peak percentage,percent,9.85683066693685e-12,Bin,6.2,6.3
Connecticut,Season peak percentage,percent,9.42766460907626e-12,Bin,6.3,6.4
Connecticut,Season peak percentage,percent,8.99727137963571e-12,Bin,6.4,6.5
Connecticut,Season peak percentage,percent,8.56730169598279e-12,Bin,6.5,6.6
Connecticut,Season peak percentage,percent,8.13934452518106e-12,Bin,6.6,6.7
Connecticut,Season peak percentage,percent,7.71489594490884e-12,Bin,6.7,6.8
Connecticut,Season peak percentage,percent,7.29550403439836e-12,Bin,6.8,6.9
Connecticut,Season peak percentage,percent,6.88247423950062e-12,Bin,6.9,7.0
Connecticut,Season peak percentage,percent,6.47711950027808e-12,Bin,7.0,7.1
Connecticut,Season peak percentage,percent,6.08057229470045e-12,Bin,7.1,7.2
Connecticut,Season peak percentage,percent,0.973999999136769,Bin,7.2,7.3
Connecticut,Season peak percentage,percent,5.31867258646267e-12,Bin,7.3,7.4
Connecticut,Season peak percentage,percent,0.00200000000317078,Bin,7.4,7.5
Connecticut,Season peak percentage,percent,4.60419092716519e-12,Bin,7.5,7.6
Connecticut,Season peak percentage,percent,4.26673938358736e-12,Bin,7.6,7.7
Connecticut,Season peak percentage,percent,0.00200000000215904,Bin,7.7,7.8
Connecticut,Season peak percentage,percent,0.0020000000018499,Bin,7.8,7.9
Connecticut,Season peak percentage,percent,3.33999984973777e-12,Bin,7.9,8.0
Connecticut,Season peak percentage,percent,0.00200000000127666,Bin,8.0,8.1
Connecticut,Season peak percentage,percent,2.79687546151875e-12,Bin,8.1,8.2
Connecticut,Season peak percentage,percent,0.00200000000076398,Bin,8.2,8.3
Connecticut,Season peak percentage,percent,0.0020000000005305,Bin,8.3,8.4
Connecticut,Season peak percentage,percent,0.00200000000031209,Bin,8.4,8.5
Connecticut,Season peak percentage,percent,1.89257895102921e-12,Bin,8.5,8.6
Connecticut,Season peak percentage,percent,1.70346722239253e-12,Bin,8.6,8.7
Connecticut,Season peak percentage,percent,1.52845347589574e-12,Bin,8.7,8.8
Connecticut,Season peak percentage,percent,0.00199999999958272,Bin,8.8,8.9
Connecticut,Season peak percentage,percent,1.21865853195818e-12,Bin,8.9,9.0
Connecticut,Season peak percentage,percent,1.08293654549711e-12,Bin,9.0,9.1
Connecticut,Season peak percentage,percent,9.59182771813504e-13,Bin,9.1,9.2
Connecticut,Season peak percentage,percent,8.46675444771313e-13,Bin,9.2,9.3
Connecticut,Season peak percentage,percent,7.44921898262286e-13,Bin,9.3,9.4
Connecticut,Season peak percentage,percent,6.53228321214169e-13,Bin,9.4,9.5
Connecticut,Season peak percentage,percent,5.70801312651509e-13,Bin,9.5,9.6
Connecticut,Season peak percentage,percent,4.97076959115654e-13,Bin,9.6,9.7
Connecticut,Season peak percentage,percent,4.31409170621287e-13,Bin,9.7,9.8
Connecticut,Season peak percentage,percent,3.73117287606009e-13,Bin,9.8,9.9
Connecticut,Season peak percentage,percent,3.2152808566294e-13,Bin,9.9,10.0
Connecticut,Season peak percentage,percent,2.76107408028618e-13,Bin,10.0,10.1
Connecticut,Season peak percentage,percent,2.3630143612574e-13,Bin,10.1,10.2
Connecticut,Season peak percentage,percent,2.01474395661861e-13,Bin,10.2,10.3
Connecticut,Season peak percentage,percent,1.71164081816377e-13,Bin,10.3,10.4
Connecticut,Season peak percentage,percent,1.44902792335594e-13,Bin,10.4,10.5
Connecticut,Season peak percentage,percent,1.22231248076388e-13,Bin,10.5,10.6
Connecticut,Season peak percentage,percent,1.02713637952373e-13,Bin,10.6,10.7
Connecticut,Season peak percentage,percent,8.5993419877789e-14,Bin,10.7,10.8
Connecticut,Season peak percentage,percent,7.17557158330789e-14,Bin,10.8,10.9
Connecticut,Season peak percentage,percent,5.96384095158043e-14,Bin,10.9,11.0
Connecticut,Season peak percentage,percent,0.00199999999826514,Bin,11.0,11.1
Connecticut,Season peak percentage,percent,4.07920684112588e-14,Bin,11.1,11.2
Connecticut,Season peak percentage,percent,3.77682421490227e-14,Bin,11.2,11.3
Connecticut,Season peak percentage,percent,3.77682421490227e-14,Bin,11.3,11.4
Connecticut,Season peak percentage,percent,3.77682421490227e-14,Bin,11.4,11.5
Connecticut,Season peak percentage,percent,3.77682421490227e-14,Bin,11.5,11.6
Connecticut,Season peak percentage,percent,3.77682421490227e-14,Bin,11.6,11.7
Connecticut,Season peak percentage,percent,3.77682421490227e-14,Bin,11.7,11.8
Connecticut,Season peak percentage,percent,0.00199999999825353,Bin,11.8,11.9
Connecticut,Season peak percentage,percent,3.77682421490227e-14,Bin,11.9,12.0
Connecticut,Season peak percentage,percent,3.77682421490227e-14,Bin,12.0,12.1
Connecticut,Season peak percentage,percent,3.77682421490227e-14,Bin,12.1,12.2
Connecticut,Season peak percentage,percent,3.77682421490227e-14,Bin,12.2,12.3
Connecticut,Season peak percentage,percent,3.77682421490227e-14,Bin,12.3,12.4
Connecticut,Season peak percentage,percent,3.77682421490227e-14,Bin,12.4,12.5
Connecticut,Season peak percentage,percent,3.77682421490227e-14,Bin,12.5,12.6
Connecticut,Season peak percentage,percent,3.77682421490227e-14,Bin,12.6,12.7
Connecticut,Season peak percentage,percent,3.77682421490227e-14,Bin,12.7,12.8
Connecticut,Season peak percentage,percent,3.77682421490227e-14,Bin,12.8,12.9
Connecticut,Season peak percentage,percent,3.77682421490227e-14,Bin,12.9,13.0
Connecticut,Season peak percentage,percent,0.00599999999468505,Bin,13.0,100.0
Connecticut,Season peak week,week,0.000122176257080548,Bin,40.0,41.0
Connecticut,Season peak week,week,0.000122176257080548,Bin,41.0,42.0
Connecticut,Season peak week,week,0.000122176257080548,Bin,42.0,43.0
Connecticut,Season peak week,week,0.000122176257080548,Bin,43.0,44.0
Connecticut,Season peak week,week,0.000122176257080548,Bin,44.0,45.0
Connecticut,Season peak week,week,0.000122176257080548,Bin,45.0,46.0
Connecticut,Season peak week,week,0.000122176257080548,Bin,46.0,47.0
Connecticut,Season peak week,week,0.000122176257080548,Bin,47.0,48.0
Connecticut,Season peak week,week,0.000122176257080548,Bin,48.0,49.0
Connecticut,Season peak week,week,0.000122176257080548,Bin,49.0,50.0
Connecticut,Season peak week,week,0.000122176257080548,Bin,50.0,51.0
Connecticut,Season peak week,week,0.000122176257080548,Bin,51.0,52.0
Connecticut,Season peak week,week,0.000122176257080548,Bin,52.0,53.0
Connecticut,Season peak week,week,0.000257730774347624,Bin,1.0,2.0
Connecticut,Season peak week,week,0.00657306809449299,Bin,2.0,3.0
Connecticut,Season peak week,week,0.000177720857042783,Bin,3.0,4.0
Connecticut,Season peak week,week,6.92613503437937e-11,Bin,4.0,5.0
Connecticut,Season peak week,week,0.000532484236284161,Bin,5.0,6.0
Connecticut,Season peak week,week,0.935689297860449,Bin,6.0,7.0
Connecticut,Season peak week,week,0.0140353596453468,Bin,7.0,8.0
Connecticut,Season peak week,week,0.0135012822547394,Bin,8.0,9.0
Connecticut,Season peak week,week,0.000515461799636194,Bin,9.0,10.0
Connecticut,Season peak week,week,0.000244352617562063,Bin,10.0,11.0
Connecticut,Season peak week,week,0.000244352617562063,Bin,11.0,12.0
Connecticut,Season peak week,week,0.000244352617562063,Bin,12.0,13.0
Connecticut,Season peak week,week,0.000244352617562063,Bin,13.0,14.0
Connecticut,Season peak week,week,0.000244352617562063,Bin,14.0,15.0
Connecticut,Season peak week,week,0.000244352617562063,Bin,15.0,16.0
Connecticut,Season peak week,week,0.000244352617562063,Bin,16.0,17.0
Connecticut,Season peak week,week,0.000244352617562063,Bin,17.0,18.0
Connecticut,Season peak week,week,0.00588468129598571,Bin,18.0,19.0
Connecticut,Season peak week,week,0.00964490041493481,Bin,19.0,20.0
Connecticut,Season peak week,week,0.00964490041493481,Bin,20.0,21.0
Delaware,1 wk ahead,percent,0.0640000046630854,Bin,0.0,0.1
Delaware,1 wk ahead,percent,0.625999989167458,Bin,0.1,0.2
Delaware,1 wk ahead,percent,0.245999983809997,Bin,0.2,0.3
Delaware,1 wk ahead,percent,0.0380000031269956,Bin,0.3,0.4
Delaware,1 wk ahead,percent,0.0100000017273275,Bin,0.4,0.5
Delaware,1 wk ahead,percent,1.47675247005768e-10,Bin,0.5,0.6
Delaware,1 wk ahead,percent,0.00399999987218925,Bin,0.6,0.7
Delaware,1 wk ahead,percent,0.00799999959670325,Bin,0.7,0.8
Delaware,1 wk ahead,percent,1.47675247005768e-10,Bin,0.8,0.9
Delaware,1 wk ahead,percent,1.47675247005768e-10,Bin,0.9,1.0
Delaware,1 wk ahead,percent,1.47675247005768e-10,Bin,1.0,1.1
Delaware,1 wk ahead,percent,1.47675247005768e-10,Bin,1.1,1.2
Delaware,1 wk ahead,percent,1.47675247005768e-10,Bin,1.2,1.3
Delaware,1 wk ahead,percent,0.00399999987218925,Bin,1.3,1.4
Delaware,1 wk ahead,percent,1.47675247005768e-10,Bin,1.4,1.5
Delaware,1 wk ahead,percent,1.47675247005768e-10,Bin,1.5,1.6
Delaware,1 wk ahead,percent,1.47675247005768e-10,Bin,1.6,1.7
Delaware,1 wk ahead,percent,1.47675247005768e-10,Bin,1.7,1.8
Delaware,1 wk ahead,percent,1.47675247005768e-10,Bin,1.8,1.9
Delaware,1 wk ahead,percent,1.47675247005768e-10,Bin,1.9,2.0
Delaware,1 wk ahead,percent,1.47675247005768e-10,Bin,2.0,2.1
Delaware,1 wk ahead,percent,1.47675247005768e-10,Bin,2.1,2.2
Delaware,1 wk ahead,percent,1.47675247005768e-10,Bin,2.2,2.3
Delaware,1 wk ahead,percent,1.47675247005768e-10,Bin,2.3,2.4
Delaware,1 wk ahead,percent,1.47675247005768e-10,Bin,2.4,2.5
Delaware,1 wk ahead,percent,1.47675247005768e-10,Bin,2.5,2.6
Delaware,1 wk ahead,percent,1.47675247005768e-10,Bin,2.6,2.7
Delaware,1 wk ahead,percent,1.47675247005768e-10,Bin,2.7,2.8
Delaware,1 wk ahead,percent,1.47675247005768e-10,Bin,2.8,2.9
Delaware,1 wk ahead,percent,1.47675247005768e-10,Bin,2.9,3.0
Delaware,1 wk ahead,percent,1.47675247005768e-10,Bin,3.0,3.1
Delaware,1 wk ahead,percent,1.47675247005768e-10,Bin,3.1,3.2
Delaware,1 wk ahead,percent,1.47675247005768e-10,Bin,3.2,3.3
Delaware,1 wk ahead,percent,1.47675247005768e-10,Bin,3.3,3.4
Delaware,1 wk ahead,percent,1.47675247005768e-10,Bin,3.4,3.5
Delaware,1 wk ahead,percent,1.47675247005768e-10,Bin,3.5,3.6
Delaware,1 wk ahead,percent,1.47675247005768e-10,Bin,3.6,3.7
Delaware,1 wk ahead,percent,1.47675247005768e-10,Bin,3.7,3.8
Delaware,1 wk ahead,percent,1.47675247005768e-10,Bin,3.8,3.9
Delaware,1 wk ahead,percent,1.47675247005768e-10,Bin,3.9,4.0
Delaware,1 wk ahead,percent,1.47675247005768e-10,Bin,4.0,4.1
Delaware,1 wk ahead,percent,1.47675247005768e-10,Bin,4.1,4.2
Delaware,1 wk ahead,percent,1.47675247005768e-10,Bin,4.2,4.3
Delaware,1 wk ahead,percent,1.47675247005768e-10,Bin,4.3,4.4
Delaware,1 wk ahead,percent,1.47675247005768e-10,Bin,4.4,4.5
Delaware,1 wk ahead,percent,1.47675247005768e-10,Bin,4.5,4.6
Delaware,1 wk ahead,percent,1.47675247005768e-10,Bin,4.6,4.7
Delaware,1 wk ahead,percent,1.47675247005768e-10,Bin,4.7,4.8
Delaware,1 wk ahead,percent,1.47675247005768e-10,Bin,4.8,4.9
Delaware,1 wk ahead,percent,1.47675247005768e-10,Bin,4.9,5.0
Delaware,1 wk ahead,percent,1.47675247005768e-10,Bin,5.0,5.1
Delaware,1 wk ahead,percent,1.47675247005768e-10,Bin,5.1,5.2
Delaware,1 wk ahead,percent,1.47675247005768e-10,Bin,5.2,5.3
Delaware,1 wk ahead,percent,1.47675247005768e-10,Bin,5.3,5.4
Delaware,1 wk ahead,percent,1.47675247005768e-10,Bin,5.4,5.5
Delaware,1 wk ahead,percent,1.47675247005768e-10,Bin,5.5,5.6
Delaware,1 wk ahead,percent,1.47675247005768e-10,Bin,5.6,5.7
Delaware,1 wk ahead,percent,1.47675247005768e-10,Bin,5.7,5.8
Delaware,1 wk ahead,percent,1.47675247005768e-10,Bin,5.8,5.9
Delaware,1 wk ahead,percent,1.47675247005768e-10,Bin,5.9,6.0
Delaware,1 wk ahead,percent,1.47675247005768e-10,Bin,6.0,6.1
Delaware,1 wk ahead,percent,1.47675247005768e-10,Bin,6.1,6.2
Delaware,1 wk ahead,percent,1.47675247005768e-10,Bin,6.2,6.3
Delaware,1 wk ahead,percent,1.47675247005768e-10,Bin,6.3,6.4
Delaware,1 wk ahead,percent,1.47675247005768e-10,Bin,6.4,6.5
Delaware,1 wk ahead,percent,1.47675247005768e-10,Bin,6.5,6.6
Delaware,1 wk ahead,percent,1.47675247005768e-10,Bin,6.6,6.7
Delaware,1 wk ahead,percent,1.47675247005768e-10,Bin,6.7,6.8
Delaware,1 wk ahead,percent,1.47675247005768e-10,Bin,6.8,6.9
Delaware,1 wk ahead,percent,1.47675247005768e-10,Bin,6.9,7.0
Delaware,1 wk ahead,percent,1.47675247005768e-10,Bin,7.0,7.1
Delaware,1 wk ahead,percent,1.47675247005768e-10,Bin,7.1,7.2
Delaware,1 wk ahead,percent,1.47675247005768e-10,Bin,7.2,7.3
Delaware,1 wk ahead,percent,1.47675247005768e-10,Bin,7.3,7.4
Delaware,1 wk ahead,percent,1.47675247005768e-10,Bin,7.4,7.5
Delaware,1 wk ahead,percent,1.47675247005768e-10,Bin,7.5,7.6
Delaware,1 wk ahead,percent,1.47675247005768e-10,Bin,7.6,7.7
Delaware,1 wk ahead,percent,1.47675247005768e-10,Bin,7.7,7.8
Delaware,1 wk ahead,percent,1.47675247005768e-10,Bin,7.8,7.9
Delaware,1 wk ahead,percent,1.47675247005768e-10,Bin,7.9,8.0
Delaware,1 wk ahead,percent,1.47675247005769e-10,Bin,8.0,8.1
Delaware,1 wk ahead,percent,1.4767524700577e-10,Bin,8.1,8.2
Delaware,1 wk ahead,percent,1.4767524700577e-10,Bin,8.2,8.3
Delaware,1 wk ahead,percent,1.4767524700577e-10,Bin,8.3,8.4
Delaware,1 wk ahead,percent,1.4767524700577e-10,Bin,8.4,8.5
Delaware,1 wk ahead,percent,1.4767524700577e-10,Bin,8.5,8.6
Delaware,1 wk ahead,percent,1.4767524700577e-10,Bin,8.6,8.7
Delaware,1 wk ahead,percent,1.4767524700577e-10,Bin,8.7,8.8
Delaware,1 wk ahead,percent,1.4767524700577e-10,Bin,8.8,8.9
Delaware,1 wk ahead,percent,1.4767524700577e-10,Bin,8.9,9.0
Delaware,1 wk ahead,percent,1.4767524700577e-10,Bin,9.0,9.1
Delaware,1 wk ahead,percent,1.4767524700577e-10,Bin,9.1,9.2
Delaware,1 wk ahead,percent,1.4767524700577e-10,Bin,9.2,9.3
Delaware,1 wk ahead,percent,1.4767524700577e-10,Bin,9.3,9.4
Delaware,1 wk ahead,percent,1.4767524700577e-10,Bin,9.4,9.5
Delaware,1 wk ahead,percent,1.4767524700577e-10,Bin,9.5,9.6
Delaware,1 wk ahead,percent,1.4767524700577e-10,Bin,9.6,9.7
Delaware,1 wk ahead,percent,1.4767524700577e-10,Bin,9.7,9.8
Delaware,1 wk ahead,percent,1.4767524700577e-10,Bin,9.8,9.9
Delaware,1 wk ahead,percent,1.4767524700577e-10,Bin,9.9,10.0
Delaware,1 wk ahead,percent,1.4767524700577e-10,Bin,10.0,10.1
Delaware,1 wk ahead,percent,1.4767524700577e-10,Bin,10.1,10.2
Delaware,1 wk ahead,percent,1.4767524700577e-10,Bin,10.2,10.3
Delaware,1 wk ahead,percent,1.4767524700577e-10,Bin,10.3,10.4
Delaware,1 wk ahead,percent,1.4767524700577e-10,Bin,10.4,10.5
Delaware,1 wk ahead,percent,1.4767524700577e-10,Bin,10.5,10.6
Delaware,1 wk ahead,percent,1.4767524700577e-10,Bin,10.6,10.7
Delaware,1 wk ahead,percent,1.4767524700577e-10,Bin,10.7,10.8
Delaware,1 wk ahead,percent,1.4767524700577e-10,Bin,10.8,10.9
Delaware,1 wk ahead,percent,1.4767524700577e-10,Bin,10.9,11.0
Delaware,1 wk ahead,percent,1.4767524700577e-10,Bin,11.0,11.1
Delaware,1 wk ahead,percent,1.4767524700577e-10,Bin,11.1,11.2
Delaware,1 wk ahead,percent,1.4767524700577e-10,Bin,11.2,11.3
Delaware,1 wk ahead,percent,1.4767524700577e-10,Bin,11.3,11.4
Delaware,1 wk ahead,percent,1.4767524700577e-10,Bin,11.4,11.5
Delaware,1 wk ahead,percent,1.4767524700577e-10,Bin,11.5,11.6
Delaware,1 wk ahead,percent,1.4767524700577e-10,Bin,11.6,11.7
Delaware,1 wk ahead,percent,1.4767524700577e-10,Bin,11.7,11.8
Delaware,1 wk ahead,percent,1.4767524700577e-10,Bin,11.8,11.9
Delaware,1 wk ahead,percent,1.4767524700577e-10,Bin,11.9,12.0
Delaware,1 wk ahead,percent,1.4767524700577e-10,Bin,12.0,12.1
Delaware,1 wk ahead,percent,1.4767524700577e-10,Bin,12.1,12.2
Delaware,1 wk ahead,percent,1.4767524700577e-10,Bin,12.2,12.3
Delaware,1 wk ahead,percent,1.4767524700577e-10,Bin,12.3,12.4
Delaware,1 wk ahead,percent,1.4767524700577e-10,Bin,12.4,12.5
Delaware,1 wk ahead,percent,1.4767524700577e-10,Bin,12.5,12.6
Delaware,1 wk ahead,percent,1.4767524700577e-10,Bin,12.6,12.7
Delaware,1 wk ahead,percent,1.4767524700577e-10,Bin,12.7,12.8
Delaware,1 wk ahead,percent,1.4767524700577e-10,Bin,12.8,12.9
Delaware,1 wk ahead,percent,1.4767524700577e-10,Bin,12.9,13.0
Delaware,1 wk ahead,percent,1.4767524700577e-10,Bin,13.0,100.0
Delaware,2 wk ahead,percent,0.0800000020091545,Bin,0.0,0.1
Delaware,2 wk ahead,percent,0.647999975868453,Bin,0.1,0.2
Delaware,2 wk ahead,percent,0.21199999632954,Bin,0.2,0.3
Delaware,2 wk ahead,percent,0.0299999980209085,Bin,0.3,0.4
Delaware,2 wk ahead,percent,0.0159999990546736,Bin,0.4,0.5
Delaware,2 wk ahead,percent,0.00399999994075789,Bin,0.5,0.6
Delaware,2 wk ahead,percent,0.00399999994075789,Bin,0.6,0.7
Delaware,2 wk ahead,percent,0.00399999994075789,Bin,0.7,0.8
Delaware,2 wk ahead,percent,2.36119326595903e-10,Bin,0.8,0.9
Delaware,2 wk ahead,percent,0.00200000008843861,Bin,0.9,1.0
Delaware,2 wk ahead,percent,2.36119326595903e-10,Bin,1.0,1.1
Delaware,2 wk ahead,percent,2.36119326595903e-10,Bin,1.1,1.2
Delaware,2 wk ahead,percent,2.36119326595903e-10,Bin,1.2,1.3
Delaware,2 wk ahead,percent,2.36119326595903e-10,Bin,1.3,1.4
Delaware,2 wk ahead,percent,2.36119326595903e-10,Bin,1.4,1.5
Delaware,2 wk ahead,percent,2.36119326595903e-10,Bin,1.5,1.6
Delaware,2 wk ahead,percent,2.36119326595903e-10,Bin,1.6,1.7
Delaware,2 wk ahead,percent,2.36119326595903e-10,Bin,1.7,1.8
Delaware,2 wk ahead,percent,2.36119326595903e-10,Bin,1.8,1.9
Delaware,2 wk ahead,percent,2.36119326595903e-10,Bin,1.9,2.0
Delaware,2 wk ahead,percent,2.36119326595902e-10,Bin,2.0,2.1
Delaware,2 wk ahead,percent,2.36119326595902e-10,Bin,2.1,2.2
Delaware,2 wk ahead,percent,2.36119326595902e-10,Bin,2.2,2.3
Delaware,2 wk ahead,percent,2.36119326595902e-10,Bin,2.3,2.4
Delaware,2 wk ahead,percent,2.36119326595902e-10,Bin,2.4,2.5
Delaware,2 wk ahead,percent,2.36119326595902e-10,Bin,2.5,2.6
Delaware,2 wk ahead,percent,2.36119326595902e-10,Bin,2.6,2.7
Delaware,2 wk ahead,percent,2.36119326595902e-10,Bin,2.7,2.8
Delaware,2 wk ahead,percent,2.36119326595902e-10,Bin,2.8,2.9
Delaware,2 wk ahead,percent,2.36119326595902e-10,Bin,2.9,3.0
Delaware,2 wk ahead,percent,2.36119326595902e-10,Bin,3.0,3.1
Delaware,2 wk ahead,percent,2.36119326595902e-10,Bin,3.1,3.2
Delaware,2 wk ahead,percent,2.36119326595902e-10,Bin,3.2,3.3
Delaware,2 wk ahead,percent,2.36119326595902e-10,Bin,3.3,3.4
Delaware,2 wk ahead,percent,2.36119326595902e-10,Bin,3.4,3.5
Delaware,2 wk ahead,percent,2.36119326595902e-10,Bin,3.5,3.6
Delaware,2 wk ahead,percent,2.36119326595902e-10,Bin,3.6,3.7
Delaware,2 wk ahead,percent,2.36119326595902e-10,Bin,3.7,3.8
Delaware,2 wk ahead,percent,2.36119326595902e-10,Bin,3.8,3.9
Delaware,2 wk ahead,percent,2.36119326595902e-10,Bin,3.9,4.0
Delaware,2 wk ahead,percent,2.36119326595902e-10,Bin,4.0,4.1
Delaware,2 wk ahead,percent,2.36119326595902e-10,Bin,4.1,4.2
Delaware,2 wk ahead,percent,2.36119326595902e-10,Bin,4.2,4.3
Delaware,2 wk ahead,percent,2.36119326595902e-10,Bin,4.3,4.4
Delaware,2 wk ahead,percent,2.36119326595902e-10,Bin,4.4,4.5
Delaware,2 wk ahead,percent,2.36119326595902e-10,Bin,4.5,4.6
Delaware,2 wk ahead,percent,2.36119326595902e-10,Bin,4.6,4.7
Delaware,2 wk ahead,percent,2.36119326595902e-10,Bin,4.7,4.8
Delaware,2 wk ahead,percent,2.36119326595902e-10,Bin,4.8,4.9
Delaware,2 wk ahead,percent,2.36119326595902e-10,Bin,4.9,5.0
Delaware,2 wk ahead,percent,2.36119326595902e-10,Bin,5.0,5.1
Delaware,2 wk ahead,percent,2.36119326595902e-10,Bin,5.1,5.2
Delaware,2 wk ahead,percent,2.36119326595902e-10,Bin,5.2,5.3
Delaware,2 wk ahead,percent,2.36119326595902e-10,Bin,5.3,5.4
Delaware,2 wk ahead,percent,2.36119326595902e-10,Bin,5.4,5.5
Delaware,2 wk ahead,percent,2.36119326595902e-10,Bin,5.5,5.6
Delaware,2 wk ahead,percent,2.36119326595902e-10,Bin,5.6,5.7
Delaware,2 wk ahead,percent,2.36119326595902e-10,Bin,5.7,5.8
Delaware,2 wk ahead,percent,2.36119326595902e-10,Bin,5.8,5.9
Delaware,2 wk ahead,percent,2.36119326595902e-10,Bin,5.9,6.0
Delaware,2 wk ahead,percent,2.36119326595902e-10,Bin,6.0,6.1
Delaware,2 wk ahead,percent,2.36119326595902e-10,Bin,6.1,6.2
Delaware,2 wk ahead,percent,2.36119326595902e-10,Bin,6.2,6.3
Delaware,2 wk ahead,percent,2.36119326595902e-10,Bin,6.3,6.4
Delaware,2 wk ahead,percent,2.36119326595902e-10,Bin,6.4,6.5
Delaware,2 wk ahead,percent,2.36119326595902e-10,Bin,6.5,6.6
Delaware,2 wk ahead,percent,2.36119326595902e-10,Bin,6.6,6.7
Delaware,2 wk ahead,percent,2.36119326595902e-10,Bin,6.7,6.8
Delaware,2 wk ahead,percent,2.36119326595902e-10,Bin,6.8,6.9
Delaware,2 wk ahead,percent,2.36119326595902e-10,Bin,6.9,7.0
Delaware,2 wk ahead,percent,2.36119326595902e-10,Bin,7.0,7.1
Delaware,2 wk ahead,percent,2.36119326595902e-10,Bin,7.1,7.2
Delaware,2 wk ahead,percent,2.36119326595902e-10,Bin,7.2,7.3
Delaware,2 wk ahead,percent,2.36119326595902e-10,Bin,7.3,7.4
Delaware,2 wk ahead,percent,2.36119326595902e-10,Bin,7.4,7.5
Delaware,2 wk ahead,percent,2.36119326595902e-10,Bin,7.5,7.6
Delaware,2 wk ahead,percent,2.36119326595902e-10,Bin,7.6,7.7
Delaware,2 wk ahead,percent,2.36119326595902e-10,Bin,7.7,7.8
Delaware,2 wk ahead,percent,2.36119326595902e-10,Bin,7.8,7.9
Delaware,2 wk ahead,percent,2.36119326595902e-10,Bin,7.9,8.0
Delaware,2 wk ahead,percent,2.36119326595904e-10,Bin,8.0,8.1
Delaware,2 wk ahead,percent,2.36119326595906e-10,Bin,8.1,8.2
Delaware,2 wk ahead,percent,2.36119326595906e-10,Bin,8.2,8.3
Delaware,2 wk ahead,percent,2.36119326595906e-10,Bin,8.3,8.4
Delaware,2 wk ahead,percent,2.36119326595906e-10,Bin,8.4,8.5
Delaware,2 wk ahead,percent,2.36119326595906e-10,Bin,8.5,8.6
Delaware,2 wk ahead,percent,2.36119326595906e-10,Bin,8.6,8.7
Delaware,2 wk ahead,percent,2.36119326595906e-10,Bin,8.7,8.8
Delaware,2 wk ahead,percent,2.36119326595906e-10,Bin,8.8,8.9
Delaware,2 wk ahead,percent,2.36119326595906e-10,Bin,8.9,9.0
Delaware,2 wk ahead,percent,2.36119326595906e-10,Bin,9.0,9.1
Delaware,2 wk ahead,percent,2.36119326595906e-10,Bin,9.1,9.2
Delaware,2 wk ahead,percent,2.36119326595906e-10,Bin,9.2,9.3
Delaware,2 wk ahead,percent,2.36119326595906e-10,Bin,9.3,9.4
Delaware,2 wk ahead,percent,2.36119326595906e-10,Bin,9.4,9.5
Delaware,2 wk ahead,percent,2.36119326595906e-10,Bin,9.5,9.6
Delaware,2 wk ahead,percent,2.36119326595906e-10,Bin,9.6,9.7
Delaware,2 wk ahead,percent,2.36119326595906e-10,Bin,9.7,9.8
Delaware,2 wk ahead,percent,2.36119326595906e-10,Bin,9.8,9.9
Delaware,2 wk ahead,percent,2.36119326595906e-10,Bin,9.9,10.0
Delaware,2 wk ahead,percent,2.36119326595906e-10,Bin,10.0,10.1
Delaware,2 wk ahead,percent,2.36119326595906e-10,Bin,10.1,10.2
Delaware,2 wk ahead,percent,2.36119326595906e-10,Bin,10.2,10.3
Delaware,2 wk ahead,percent,2.36119326595906e-10,Bin,10.3,10.4
Delaware,2 wk ahead,percent,2.36119326595906e-10,Bin,10.4,10.5
Delaware,2 wk ahead,percent,2.36119326595906e-10,Bin,10.5,10.6
Delaware,2 wk ahead,percent,2.36119326595906e-10,Bin,10.6,10.7
Delaware,2 wk ahead,percent,2.36119326595906e-10,Bin,10.7,10.8
Delaware,2 wk ahead,percent,2.36119326595906e-10,Bin,10.8,10.9
Delaware,2 wk ahead,percent,2.36119326595906e-10,Bin,10.9,11.0
Delaware,2 wk ahead,percent,2.36119326595906e-10,Bin,11.0,11.1
Delaware,2 wk ahead,percent,2.36119326595906e-10,Bin,11.1,11.2
Delaware,2 wk ahead,percent,2.36119326595906e-10,Bin,11.2,11.3
Delaware,2 wk ahead,percent,2.36119326595906e-10,Bin,11.3,11.4
Delaware,2 wk ahead,percent,2.36119326595906e-10,Bin,11.4,11.5
Delaware,2 wk ahead,percent,2.36119326595906e-10,Bin,11.5,11.6
Delaware,2 wk ahead,percent,2.36119326595906e-10,Bin,11.6,11.7
Delaware,2 wk ahead,percent,2.36119326595906e-10,Bin,11.7,11.8
Delaware,2 wk ahead,percent,2.36119326595906e-10,Bin,11.8,11.9
Delaware,2 wk ahead,percent,2.36119326595906e-10,Bin,11.9,12.0
Delaware,2 wk ahead,percent,2.36119326595906e-10,Bin,12.0,12.1
Delaware,2 wk ahead,percent,2.36119326595906e-10,Bin,12.1,12.2
Delaware,2 wk ahead,percent,2.36119326595906e-10,Bin,12.2,12.3
Delaware,2 wk ahead,percent,2.36119326595906e-10,Bin,12.3,12.4
Delaware,2 wk ahead,percent,2.36119326595906e-10,Bin,12.4,12.5
Delaware,2 wk ahead,percent,2.36119326595906e-10,Bin,12.5,12.6
Delaware,2 wk ahead,percent,2.36119326595906e-10,Bin,12.6,12.7
Delaware,2 wk ahead,percent,2.36119326595906e-10,Bin,12.7,12.8
Delaware,2 wk ahead,percent,2.36119326595906e-10,Bin,12.8,12.9
Delaware,2 wk ahead,percent,2.36119326595906e-10,Bin,12.9,13.0
Delaware,2 wk ahead,percent,2.36119326595906e-10,Bin,13.0,100.0
Delaware,3 wk ahead,percent,0.0979999798648872,Bin,0.0,0.1
Delaware,3 wk ahead,percent,0.647999950585516,Bin,0.1,0.2
Delaware,3 wk ahead,percent,0.201999960487758,Bin,0.2,0.3
Delaware,3 wk ahead,percent,0.0279999950461659,Bin,0.3,0.4
Delaware,3 wk ahead,percent,0.00599999967508925,Bin,0.4,0.5
Delaware,3 wk ahead,percent,0.00599999967508925,Bin,0.5,0.6
Delaware,3 wk ahead,percent,0.00200000051671168,Bin,0.6,0.7
Delaware,3 wk ahead,percent,0.00200000051671168,Bin,0.7,0.8
Delaware,3 wk ahead,percent,0.00400000009590047,Bin,0.8,0.9
Delaware,3 wk ahead,percent,0.00200000051671168,Bin,0.9,1.0
Delaware,3 wk ahead,percent,9.37522899194469e-10,Bin,1.0,1.1
Delaware,3 wk ahead,percent,9.37522899194469e-10,Bin,1.1,1.2
Delaware,3 wk ahead,percent,9.37522899194469e-10,Bin,1.2,1.3
Delaware,3 wk ahead,percent,9.37522899194469e-10,Bin,1.3,1.4
Delaware,3 wk ahead,percent,9.37522899194469e-10,Bin,1.4,1.5
Delaware,3 wk ahead,percent,9.37522899194469e-10,Bin,1.5,1.6
Delaware,3 wk ahead,percent,9.37522899194469e-10,Bin,1.6,1.7
Delaware,3 wk ahead,percent,9.37522899194469e-10,Bin,1.7,1.8
Delaware,3 wk ahead,percent,9.37522899194469e-10,Bin,1.8,1.9
Delaware,3 wk ahead,percent,9.37522899194469e-10,Bin,1.9,2.0
Delaware,3 wk ahead,percent,9.37522899194467e-10,Bin,2.0,2.1
Delaware,3 wk ahead,percent,9.37522899194465e-10,Bin,2.1,2.2
Delaware,3 wk ahead,percent,9.37522899194465e-10,Bin,2.2,2.3
Delaware,3 wk ahead,percent,9.37522899194465e-10,Bin,2.3,2.4
Delaware,3 wk ahead,percent,0.00200000051671168,Bin,2.4,2.5
Delaware,3 wk ahead,percent,9.37522899194465e-10,Bin,2.5,2.6
Delaware,3 wk ahead,percent,9.37522899194465e-10,Bin,2.6,2.7
Delaware,3 wk ahead,percent,9.37522899194465e-10,Bin,2.7,2.8
Delaware,3 wk ahead,percent,9.37522899194465e-10,Bin,2.8,2.9
Delaware,3 wk ahead,percent,9.37522899194465e-10,Bin,2.9,3.0
Delaware,3 wk ahead,percent,9.37522899194465e-10,Bin,3.0,3.1
Delaware,3 wk ahead,percent,9.37522899194465e-10,Bin,3.1,3.2
Delaware,3 wk ahead,percent,9.37522899194465e-10,Bin,3.2,3.3
Delaware,3 wk ahead,percent,9.37522899194465e-10,Bin,3.3,3.4
Delaware,3 wk ahead,percent,9.37522899194465e-10,Bin,3.4,3.5
Delaware,3 wk ahead,percent,9.37522899194465e-10,Bin,3.5,3.6
Delaware,3 wk ahead,percent,9.37522899194465e-10,Bin,3.6,3.7
Delaware,3 wk ahead,percent,9.37522899194465e-10,Bin,3.7,3.8
Delaware,3 wk ahead,percent,9.37522899194465e-10,Bin,3.8,3.9
Delaware,3 wk ahead,percent,9.37522899194465e-10,Bin,3.9,4.0
Delaware,3 wk ahead,percent,9.37522899194465e-10,Bin,4.0,4.1
Delaware,3 wk ahead,percent,9.37522899194465e-10,Bin,4.1,4.2
Delaware,3 wk ahead,percent,9.37522899194465e-10,Bin,4.2,4.3
Delaware,3 wk ahead,percent,9.37522899194465e-10,Bin,4.3,4.4
Delaware,3 wk ahead,percent,9.37522899194465e-10,Bin,4.4,4.5
Delaware,3 wk ahead,percent,9.37522899194465e-10,Bin,4.5,4.6
Delaware,3 wk ahead,percent,9.37522899194465e-10,Bin,4.6,4.7
Delaware,3 wk ahead,percent,9.37522899194465e-10,Bin,4.7,4.8
Delaware,3 wk ahead,percent,9.37522899194465e-10,Bin,4.8,4.9
Delaware,3 wk ahead,percent,9.37522899194465e-10,Bin,4.9,5.0
Delaware,3 wk ahead,percent,9.37522899194465e-10,Bin,5.0,5.1
Delaware,3 wk ahead,percent,9.37522899194465e-10,Bin,5.1,5.2
Delaware,3 wk ahead,percent,9.37522899194465e-10,Bin,5.2,5.3
Delaware,3 wk ahead,percent,9.37522899194465e-10,Bin,5.3,5.4
Delaware,3 wk ahead,percent,9.37522899194465e-10,Bin,5.4,5.5
Delaware,3 wk ahead,percent,9.37522899194465e-10,Bin,5.5,5.6
Delaware,3 wk ahead,percent,9.37522899194465e-10,Bin,5.6,5.7
Delaware,3 wk ahead,percent,9.37522899194465e-10,Bin,5.7,5.8
Delaware,3 wk ahead,percent,9.37522899194465e-10,Bin,5.8,5.9
Delaware,3 wk ahead,percent,9.37522899194465e-10,Bin,5.9,6.0
Delaware,3 wk ahead,percent,9.37522899194465e-10,Bin,6.0,6.1
Delaware,3 wk ahead,percent,9.37522899194465e-10,Bin,6.1,6.2
Delaware,3 wk ahead,percent,9.37522899194465e-10,Bin,6.2,6.3
Delaware,3 wk ahead,percent,9.37522899194465e-10,Bin,6.3,6.4
Delaware,3 wk ahead,percent,9.37522899194465e-10,Bin,6.4,6.5
Delaware,3 wk ahead,percent,9.37522899194465e-10,Bin,6.5,6.6
Delaware,3 wk ahead,percent,9.37522899194465e-10,Bin,6.6,6.7
Delaware,3 wk ahead,percent,9.37522899194465e-10,Bin,6.7,6.8
Delaware,3 wk ahead,percent,9.37522899194465e-10,Bin,6.8,6.9
Delaware,3 wk ahead,percent,9.37522899194465e-10,Bin,6.9,7.0
Delaware,3 wk ahead,percent,9.37522899194465e-10,Bin,7.0,7.1
Delaware,3 wk ahead,percent,9.37522899194465e-10,Bin,7.1,7.2
Delaware,3 wk ahead,percent,9.37522899194465e-10,Bin,7.2,7.3
Delaware,3 wk ahead,percent,9.37522899194465e-10,Bin,7.3,7.4
Delaware,3 wk ahead,percent,9.37522899194465e-10,Bin,7.4,7.5
Delaware,3 wk ahead,percent,9.37522899194465e-10,Bin,7.5,7.6
Delaware,3 wk ahead,percent,9.37522899194465e-10,Bin,7.6,7.7
Delaware,3 wk ahead,percent,9.37522899194465e-10,Bin,7.7,7.8
Delaware,3 wk ahead,percent,9.37522899194465e-10,Bin,7.8,7.9
Delaware,3 wk ahead,percent,9.37522899194465e-10,Bin,7.9,8.0
Delaware,3 wk ahead,percent,9.37522899194473e-10,Bin,8.0,8.1
Delaware,3 wk ahead,percent,9.37522899194481e-10,Bin,8.1,8.2
Delaware,3 wk ahead,percent,9.37522899194481e-10,Bin,8.2,8.3
Delaware,3 wk ahead,percent,9.37522899194481e-10,Bin,8.3,8.4
Delaware,3 wk ahead,percent,9.37522899194481e-10,Bin,8.4,8.5
Delaware,3 wk ahead,percent,9.37522899194481e-10,Bin,8.5,8.6
Delaware,3 wk ahead,percent,9.37522899194481e-10,Bin,8.6,8.7
Delaware,3 wk ahead,percent,9.37522899194481e-10,Bin,8.7,8.8
Delaware,3 wk ahead,percent,9.37522899194481e-10,Bin,8.8,8.9
Delaware,3 wk ahead,percent,9.37522899194481e-10,Bin,8.9,9.0
Delaware,3 wk ahead,percent,9.37522899194481e-10,Bin,9.0,9.1
Delaware,3 wk ahead,percent,9.37522899194481e-10,Bin,9.1,9.2
Delaware,3 wk ahead,percent,9.37522899194481e-10,Bin,9.2,9.3
Delaware,3 wk ahead,percent,9.37522899194481e-10,Bin,9.3,9.4
Delaware,3 wk ahead,percent,9.37522899194481e-10,Bin,9.4,9.5
Delaware,3 wk ahead,percent,9.37522899194481e-10,Bin,9.5,9.6
Delaware,3 wk ahead,percent,9.37522899194481e-10,Bin,9.6,9.7
Delaware,3 wk ahead,percent,9.37522899194481e-10,Bin,9.7,9.8
Delaware,3 wk ahead,percent,9.37522899194481e-10,Bin,9.8,9.9
Delaware,3 wk ahead,percent,9.37522899194481e-10,Bin,9.9,10.0
Delaware,3 wk ahead,percent,9.37522899194481e-10,Bin,10.0,10.1
Delaware,3 wk ahead,percent,9.37522899194481e-10,Bin,10.1,10.2
Delaware,3 wk ahead,percent,9.37522899194481e-10,Bin,10.2,10.3
Delaware,3 wk ahead,percent,9.37522899194481e-10,Bin,10.3,10.4
Delaware,3 wk ahead,percent,9.37522899194481e-10,Bin,10.4,10.5
Delaware,3 wk ahead,percent,9.37522899194481e-10,Bin,10.5,10.6
Delaware,3 wk ahead,percent,9.37522899194481e-10,Bin,10.6,10.7
Delaware,3 wk ahead,percent,9.37522899194481e-10,Bin,10.7,10.8
Delaware,3 wk ahead,percent,9.37522899194481e-10,Bin,10.8,10.9
Delaware,3 wk ahead,percent,9.37522899194481e-10,Bin,10.9,11.0
Delaware,3 wk ahead,percent,9.37522899194481e-10,Bin,11.0,11.1
Delaware,3 wk ahead,percent,9.37522899194481e-10,Bin,11.1,11.2
Delaware,3 wk ahead,percent,9.37522899194481e-10,Bin,11.2,11.3
Delaware,3 wk ahead,percent,9.37522899194481e-10,Bin,11.3,11.4
Delaware,3 wk ahead,percent,9.37522899194481e-10,Bin,11.4,11.5
Delaware,3 wk ahead,percent,9.37522899194481e-10,Bin,11.5,11.6
Delaware,3 wk ahead,percent,9.37522899194481e-10,Bin,11.6,11.7
Delaware,3 wk ahead,percent,9.37522899194481e-10,Bin,11.7,11.8
Delaware,3 wk ahead,percent,9.37522899194481e-10,Bin,11.8,11.9
Delaware,3 wk ahead,percent,9.37522899194481e-10,Bin,11.9,12.0
Delaware,3 wk ahead,percent,9.37522899194481e-10,Bin,12.0,12.1
Delaware,3 wk ahead,percent,9.37522899194481e-10,Bin,12.1,12.2
Delaware,3 wk ahead,percent,9.37522899194481e-10,Bin,12.2,12.3
Delaware,3 wk ahead,percent,9.37522899194481e-10,Bin,12.3,12.4
Delaware,3 wk ahead,percent,9.37522899194481e-10,Bin,12.4,12.5
Delaware,3 wk ahead,percent,9.37522899194481e-10,Bin,12.5,12.6
Delaware,3 wk ahead,percent,9.37522899194481e-10,Bin,12.6,12.7
Delaware,3 wk ahead,percent,9.37522899194481e-10,Bin,12.7,12.8
Delaware,3 wk ahead,percent,9.37522899194481e-10,Bin,12.8,12.9
Delaware,3 wk ahead,percent,9.37522899194481e-10,Bin,12.9,13.0
Delaware,3 wk ahead,percent,9.37522899194481e-10,Bin,13.0,100.0
Delaware,4 wk ahead,percent,0.103999979780952,Bin,0.0,0.1
Delaware,4 wk ahead,percent,0.651999864802737,Bin,0.1,0.2
Delaware,4 wk ahead,percent,0.207999957960269,Bin,0.2,0.3
Delaware,4 wk ahead,percent,0.0159999982446074,Bin,0.3,0.4
Delaware,4 wk ahead,percent,0.0119999990838644,Bin,0.4,0.5
Delaware,4 wk ahead,percent,1.60163558614698e-09,Bin,0.5,0.6
Delaware,4 wk ahead,percent,1.60163558614698e-09,Bin,0.6,0.7
Delaware,4 wk ahead,percent,0.00200000118200706,Bin,0.7,0.8
Delaware,4 wk ahead,percent,1.60163558614698e-09,Bin,0.8,0.9
Delaware,4 wk ahead,percent,1.60163558614698e-09,Bin,0.9,1.0
Delaware,4 wk ahead,percent,1.60163558614698e-09,Bin,1.0,1.1
Delaware,4 wk ahead,percent,1.60163558614698e-09,Bin,1.1,1.2
Delaware,4 wk ahead,percent,0.00400000076237854,Bin,1.2,1.3
Delaware,4 wk ahead,percent,1.60163558614698e-09,Bin,1.3,1.4
Delaware,4 wk ahead,percent,1.60163558614698e-09,Bin,1.4,1.5
Delaware,4 wk ahead,percent,1.60163558614698e-09,Bin,1.5,1.6
Delaware,4 wk ahead,percent,1.60163558614698e-09,Bin,1.6,1.7
Delaware,4 wk ahead,percent,1.60163558614698e-09,Bin,1.7,1.8
Delaware,4 wk ahead,percent,0.00200000118200706,Bin,1.8,1.9
Delaware,4 wk ahead,percent,1.60163558614698e-09,Bin,1.9,2.0
Delaware,4 wk ahead,percent,1.60163558614698e-09,Bin,2.0,2.1
Delaware,4 wk ahead,percent,1.60163558614698e-09,Bin,2.1,2.2
Delaware,4 wk ahead,percent,1.60163558614698e-09,Bin,2.2,2.3
Delaware,4 wk ahead,percent,1.60163558614698e-09,Bin,2.3,2.4
Delaware,4 wk ahead,percent,1.60163558614698e-09,Bin,2.4,2.5
Delaware,4 wk ahead,percent,1.60163558614698e-09,Bin,2.5,2.6
Delaware,4 wk ahead,percent,1.60163558614698e-09,Bin,2.6,2.7
Delaware,4 wk ahead,percent,1.60163558614698e-09,Bin,2.7,2.8
Delaware,4 wk ahead,percent,1.60163558614698e-09,Bin,2.8,2.9
Delaware,4 wk ahead,percent,1.60163558614698e-09,Bin,2.9,3.0
Delaware,4 wk ahead,percent,1.60163558614698e-09,Bin,3.0,3.1
Delaware,4 wk ahead,percent,1.60163558614698e-09,Bin,3.1,3.2
Delaware,4 wk ahead,percent,1.60163558614698e-09,Bin,3.2,3.3
Delaware,4 wk ahead,percent,1.60163558614698e-09,Bin,3.3,3.4
Delaware,4 wk ahead,percent,1.60163558614698e-09,Bin,3.4,3.5
Delaware,4 wk ahead,percent,1.60163558614698e-09,Bin,3.5,3.6
Delaware,4 wk ahead,percent,1.60163558614698e-09,Bin,3.6,3.7
Delaware,4 wk ahead,percent,1.60163558614698e-09,Bin,3.7,3.8
Delaware,4 wk ahead,percent,1.60163558614698e-09,Bin,3.8,3.9
Delaware,4 wk ahead,percent,1.60163558614698e-09,Bin,3.9,4.0
Delaware,4 wk ahead,percent,1.60163558614698e-09,Bin,4.0,4.1
Delaware,4 wk ahead,percent,1.60163558614698e-09,Bin,4.1,4.2
Delaware,4 wk ahead,percent,1.60163558614698e-09,Bin,4.2,4.3
Delaware,4 wk ahead,percent,1.60163558614698e-09,Bin,4.3,4.4
Delaware,4 wk ahead,percent,1.60163558614698e-09,Bin,4.4,4.5
Delaware,4 wk ahead,percent,1.60163558614698e-09,Bin,4.5,4.6
Delaware,4 wk ahead,percent,1.60163558614698e-09,Bin,4.6,4.7
Delaware,4 wk ahead,percent,1.60163558614698e-09,Bin,4.7,4.8
Delaware,4 wk ahead,percent,1.60163558614698e-09,Bin,4.8,4.9
Delaware,4 wk ahead,percent,1.60163558614698e-09,Bin,4.9,5.0
Delaware,4 wk ahead,percent,1.60163558614698e-09,Bin,5.0,5.1
Delaware,4 wk ahead,percent,1.60163558614698e-09,Bin,5.1,5.2
Delaware,4 wk ahead,percent,1.60163558614698e-09,Bin,5.2,5.3
Delaware,4 wk ahead,percent,1.60163558614698e-09,Bin,5.3,5.4
Delaware,4 wk ahead,percent,1.60163558614698e-09,Bin,5.4,5.5
Delaware,4 wk ahead,percent,1.60163558614698e-09,Bin,5.5,5.6
Delaware,4 wk ahead,percent,1.60163558614698e-09,Bin,5.6,5.7
Delaware,4 wk ahead,percent,1.60163558614698e-09,Bin,5.7,5.8
Delaware,4 wk ahead,percent,1.60163558614698e-09,Bin,5.8,5.9
Delaware,4 wk ahead,percent,1.60163558614698e-09,Bin,5.9,6.0
Delaware,4 wk ahead,percent,1.60163558614698e-09,Bin,6.0,6.1
Delaware,4 wk ahead,percent,1.60163558614698e-09,Bin,6.1,6.2
Delaware,4 wk ahead,percent,1.60163558614698e-09,Bin,6.2,6.3
Delaware,4 wk ahead,percent,1.60163558614698e-09,Bin,6.3,6.4
Delaware,4 wk ahead,percent,1.60163558614698e-09,Bin,6.4,6.5
Delaware,4 wk ahead,percent,1.60163558614698e-09,Bin,6.5,6.6
Delaware,4 wk ahead,percent,1.60163558614698e-09,Bin,6.6,6.7
Delaware,4 wk ahead,percent,1.60163558614698e-09,Bin,6.7,6.8
Delaware,4 wk ahead,percent,1.60163558614698e-09,Bin,6.8,6.9
Delaware,4 wk ahead,percent,1.60163558614698e-09,Bin,6.9,7.0
Delaware,4 wk ahead,percent,1.60163558614698e-09,Bin,7.0,7.1
Delaware,4 wk ahead,percent,1.60163558614698e-09,Bin,7.1,7.2
Delaware,4 wk ahead,percent,1.60163558614698e-09,Bin,7.2,7.3
Delaware,4 wk ahead,percent,1.60163558614698e-09,Bin,7.3,7.4
Delaware,4 wk ahead,percent,1.60163558614698e-09,Bin,7.4,7.5
Delaware,4 wk ahead,percent,1.60163558614698e-09,Bin,7.5,7.6
Delaware,4 wk ahead,percent,1.60163558614698e-09,Bin,7.6,7.7
Delaware,4 wk ahead,percent,1.60163558614698e-09,Bin,7.7,7.8
Delaware,4 wk ahead,percent,1.60163558614698e-09,Bin,7.8,7.9
Delaware,4 wk ahead,percent,1.60163558614698e-09,Bin,7.9,8.0
Delaware,4 wk ahead,percent,1.60163558614698e-09,Bin,8.0,8.1
Delaware,4 wk ahead,percent,1.60163558614698e-09,Bin,8.1,8.2
Delaware,4 wk ahead,percent,1.60163558614698e-09,Bin,8.2,8.3
Delaware,4 wk ahead,percent,1.60163558614698e-09,Bin,8.3,8.4
Delaware,4 wk ahead,percent,1.60163558614698e-09,Bin,8.4,8.5
Delaware,4 wk ahead,percent,1.60163558614698e-09,Bin,8.5,8.6
Delaware,4 wk ahead,percent,1.60163558614698e-09,Bin,8.6,8.7
Delaware,4 wk ahead,percent,1.60163558614698e-09,Bin,8.7,8.8
Delaware,4 wk ahead,percent,1.60163558614698e-09,Bin,8.8,8.9
Delaware,4 wk ahead,percent,1.60163558614698e-09,Bin,8.9,9.0
Delaware,4 wk ahead,percent,1.60163558614698e-09,Bin,9.0,9.1
Delaware,4 wk ahead,percent,1.60163558614698e-09,Bin,9.1,9.2
Delaware,4 wk ahead,percent,1.60163558614698e-09,Bin,9.2,9.3
Delaware,4 wk ahead,percent,1.60163558614698e-09,Bin,9.3,9.4
Delaware,4 wk ahead,percent,1.60163558614698e-09,Bin,9.4,9.5
Delaware,4 wk ahead,percent,1.60163558614698e-09,Bin,9.5,9.6
Delaware,4 wk ahead,percent,1.60163558614698e-09,Bin,9.6,9.7
Delaware,4 wk ahead,percent,1.60163558614698e-09,Bin,9.7,9.8
Delaware,4 wk ahead,percent,1.60163558614698e-09,Bin,9.8,9.9
Delaware,4 wk ahead,percent,1.60163558614698e-09,Bin,9.9,10.0
Delaware,4 wk ahead,percent,1.60163558614698e-09,Bin,10.0,10.1
Delaware,4 wk ahead,percent,1.60163558614698e-09,Bin,10.1,10.2
Delaware,4 wk ahead,percent,1.60163558614698e-09,Bin,10.2,10.3
Delaware,4 wk ahead,percent,1.60163558614698e-09,Bin,10.3,10.4
Delaware,4 wk ahead,percent,1.60163558614698e-09,Bin,10.4,10.5
Delaware,4 wk ahead,percent,1.60163558614698e-09,Bin,10.5,10.6
Delaware,4 wk ahead,percent,1.60163558614698e-09,Bin,10.6,10.7
Delaware,4 wk ahead,percent,1.60163558614698e-09,Bin,10.7,10.8
Delaware,4 wk ahead,percent,1.60163558614698e-09,Bin,10.8,10.9
Delaware,4 wk ahead,percent,1.60163558614698e-09,Bin,10.9,11.0
Delaware,4 wk ahead,percent,1.60163558614698e-09,Bin,11.0,11.1
Delaware,4 wk ahead,percent,1.60163558614698e-09,Bin,11.1,11.2
Delaware,4 wk ahead,percent,1.60163558614698e-09,Bin,11.2,11.3
Delaware,4 wk ahead,percent,1.60163558614698e-09,Bin,11.3,11.4
Delaware,4 wk ahead,percent,1.60163558614698e-09,Bin,11.4,11.5
Delaware,4 wk ahead,percent,1.60163558614698e-09,Bin,11.5,11.6
Delaware,4 wk ahead,percent,1.60163558614698e-09,Bin,11.6,11.7
Delaware,4 wk ahead,percent,1.60163558614698e-09,Bin,11.7,11.8
Delaware,4 wk ahead,percent,1.60163558614698e-09,Bin,11.8,11.9
Delaware,4 wk ahead,percent,1.60163558614698e-09,Bin,11.9,12.0
Delaware,4 wk ahead,percent,1.60163558614698e-09,Bin,12.0,12.1
Delaware,4 wk ahead,percent,1.60163558614698e-09,Bin,12.1,12.2
Delaware,4 wk ahead,percent,1.60163558614698e-09,Bin,12.2,12.3
Delaware,4 wk ahead,percent,1.60163558614698e-09,Bin,12.3,12.4
Delaware,4 wk ahead,percent,1.60163558614698e-09,Bin,12.4,12.5
Delaware,4 wk ahead,percent,1.60163558614698e-09,Bin,12.5,12.6
Delaware,4 wk ahead,percent,1.60163558614698e-09,Bin,12.6,12.7
Delaware,4 wk ahead,percent,1.60163558614698e-09,Bin,12.7,12.8
Delaware,4 wk ahead,percent,1.60163558614698e-09,Bin,12.8,12.9
Delaware,4 wk ahead,percent,1.60163558614698e-09,Bin,12.9,13.0
Delaware,4 wk ahead,percent,1.60163558614698e-09,Bin,13.0,100.0
Delaware,Season peak percentage,percent,4.36160353842031e-12,Bin,0.0,0.1
Delaware,Season peak percentage,percent,9.16983132467965e-12,Bin,0.1,0.2
Delaware,Season peak percentage,percent,9.76833150676935e-12,Bin,0.2,0.3
Delaware,Season peak percentage,percent,1.03670849957108e-11,Bin,0.3,0.4
Delaware,Season peak percentage,percent,1.09622989356347e-11,Bin,0.4,0.5
Delaware,Season peak percentage,percent,1.15500849960644e-11,Bin,0.5,0.6
Delaware,Season peak percentage,percent,1.21266997942561e-11,Bin,0.6,0.7
Delaware,Season peak percentage,percent,1.26885600395868e-11,Bin,0.7,0.8
Delaware,Season peak percentage,percent,1.3231948494272e-11,Bin,0.8,0.9
Delaware,Season peak percentage,percent,1.37537437592038e-11,Bin,0.9,1.0
Delaware,Season peak percentage,percent,1.42511104488344e-11,Bin,1.0,1.1
Delaware,Season peak percentage,percent,1.4721186902499e-11,Bin,1.1,1.2
Delaware,Season peak percentage,percent,1.51615807560648e-11,Bin,1.2,1.3
Delaware,Season peak percentage,percent,1.55706933092265e-11,Bin,1.3,1.4
Delaware,Season peak percentage,percent,1.5946822291098e-11,Bin,1.4,1.5
Delaware,Season peak percentage,percent,1.6288572981238e-11,Bin,1.5,1.6
Delaware,Season peak percentage,percent,1.65955342177733e-11,Bin,1.6,1.7
Delaware,Season peak percentage,percent,1.68671310988438e-11,Bin,1.7,1.8
Delaware,Season peak percentage,percent,1.71030048643999e-11,Bin,1.8,1.9
Delaware,Season peak percentage,percent,1.7303754363571e-11,Bin,1.9,2.0
Delaware,Season peak percentage,percent,1.74697380035707e-11,Bin,2.0,2.1
Delaware,Season peak percentage,percent,1.76011869069085e-11,Bin,2.1,2.2
Delaware,Season peak percentage,percent,1.76993490143871e-11,Bin,2.2,2.3
Delaware,Season peak percentage,percent,1.77651718088577e-11,Bin,2.3,2.4
Delaware,Season peak percentage,percent,1.77992366036479e-11,Bin,2.4,2.5
Delaware,Season peak percentage,percent,1.78028680426442e-11,Bin,2.5,2.6
Delaware,Season peak percentage,percent,1.77771780770616e-11,Bin,2.6,2.7
Delaware,Season peak percentage,percent,1.77229235891251e-11,Bin,2.7,2.8
Delaware,Season peak percentage,percent,1.76412222192857e-11,Bin,2.8,2.9
Delaware,Season peak percentage,percent,1.75331213920805e-11,Bin,2.9,3.0
Delaware,Season peak percentage,percent,1.7399177023172e-11,Bin,3.0,3.1
Delaware,Season peak percentage,percent,1.72403237482859e-11,Bin,3.1,3.2
Delaware,Season peak percentage,percent,1.70574668782598e-11,Bin,3.2,3.3
Delaware,Season peak percentage,percent,1.68511521844991e-11,Bin,3.3,3.4
Delaware,Season peak percentage,percent,1.6621950454966e-11,Bin,3.4,3.5
Delaware,Season peak percentage,percent,1.63708064018087e-11,Bin,3.5,3.6
Delaware,Season peak percentage,percent,1.60983036847315e-11,Bin,3.6,3.7
Delaware,Season peak percentage,percent,1.58050693323352e-11,Bin,3.7,3.8
Delaware,Season peak percentage,percent,1.54920731230372e-11,Bin,3.8,3.9
Delaware,Season peak percentage,percent,1.51601157503343e-11,Bin,3.9,4.0
Delaware,Season peak percentage,percent,1.48099733211405e-11,Bin,4.0,4.1
Delaware,Season peak percentage,percent,1.44429071272079e-11,Bin,4.1,4.2
Delaware,Season peak percentage,percent,1.40600082900939e-11,Bin,4.2,4.3
Delaware,Season peak percentage,percent,1.36623053293565e-11,Bin,4.3,4.4
Delaware,Season peak percentage,percent,1.32512879640339e-11,Bin,4.4,4.5
Delaware,Season peak percentage,percent,1.28283620688082e-11,Bin,4.5,4.6
Delaware,Season peak percentage,percent,1.2394865749914e-11,Bin,4.6,4.7
Delaware,Season peak percentage,percent,1.19524080941975e-11,Bin,4.7,4.8
Delaware,Season peak percentage,percent,1.1502590825508e-11,Bin,4.8,4.9
Delaware,Season peak percentage,percent,1.10469558893362e-11,Bin,4.9,5.0
Delaware,Season peak percentage,percent,1.05871671987918e-11,Bin,5.0,5.1
Delaware,Season peak percentage,percent,1.01248538777516e-11,Bin,5.1,5.2
Delaware,Season peak percentage,percent,9.66160944434835e-12,Bin,5.2,5.3
Delaware,Season peak percentage,percent,9.19903156740805e-12,Bin,5.3,5.4
Delaware,Season peak percentage,percent,8.73864979356824e-12,Bin,5.4,5.5
Delaware,Season peak percentage,percent,8.28196523236254e-12,Bin,5.5,5.6
Delaware,Season peak percentage,percent,7.83046159032432e-12,Bin,5.6,5.7
Delaware,Season peak percentage,percent,7.38545043221816e-12,Bin,5.7,5.8
Delaware,Season peak percentage,percent,6.94826390159082e-12,Bin,5.8,5.9
Delaware,Season peak percentage,percent,6.52018133448698e-12,Bin,5.9,6.0
Delaware,Season peak percentage,percent,6.10226508529859e-12,Bin,6.0,6.1
Delaware,Season peak percentage,percent,5.69560146502752e-12,Bin,6.1,6.2
Delaware,Season peak percentage,percent,5.30129631806843e-12,Bin,6.2,6.3
Delaware,Season peak percentage,percent,0.9999999991128,Bin,6.3,6.4
Delaware,Season peak percentage,percent,4.55273744882253e-12,Bin,6.4,6.5
Delaware,Season peak percentage,percent,4.20015288644824e-12,Bin,6.5,6.6
Delaware,Season peak percentage,percent,3.86277990593744e-12,Bin,6.6,6.7
Delaware,Season peak percentage,percent,3.54106341751102e-12,Bin,6.7,6.8
Delaware,Season peak percentage,percent,3.235539499592e-12,Bin,6.8,6.9
Delaware,Season peak percentage,percent,2.94641795794141e-12,Bin,6.9,7.0
Delaware,Season peak percentage,percent,2.67377392484518e-12,Bin,7.0,7.1
Delaware,Season peak percentage,percent,2.41787428541094e-12,Bin,7.1,7.2
Delaware,Season peak percentage,percent,2.17855226838135e-12,Bin,7.2,7.3
Delaware,Season peak percentage,percent,1.95556340818881e-12,Bin,7.3,7.4
Delaware,Season peak percentage,percent,1.74880639324306e-12,Bin,7.4,7.5
Delaware,Season peak percentage,percent,1.5579451754585e-12,Bin,7.5,7.6
Delaware,Season peak percentage,percent,1.38238338114634e-12,Bin,7.6,7.7
Delaware,Season peak percentage,percent,1.2216891076621e-12,Bin,7.7,7.8
Delaware,Season peak percentage,percent,1.07536206289843e-12,Bin,7.8,7.9
Delaware,Season peak percentage,percent,9.42596784123867e-13,Bin,7.9,8.0
Delaware,Season peak percentage,percent,8.22749601276409e-13,Bin,8.0,8.1
Delaware,Season peak percentage,percent,7.15148964244572e-13,Bin,8.1,8.2
Delaware,Season peak percentage,percent,6.18897063206533e-13,Bin,8.2,8.3
Delaware,Season peak percentage,percent,5.33234865744215e-13,Bin,8.3,8.4
Delaware,Season peak percentage,percent,4.57475035897568e-13,Bin,8.4,8.5
Delaware,Season peak percentage,percent,3.90701684790317e-13,Bin,8.5,8.6
Delaware,Season peak percentage,percent,3.32130913336808e-13,Bin,8.6,8.7
Delaware,Season peak percentage,percent,2.8110874209289e-13,Bin,8.7,8.8
Delaware,Season peak percentage,percent,2.36830141100949e-13,Bin,8.8,8.9
Delaware,Season peak percentage,percent,1.98580445697912e-13,Bin,8.9,9.0
Delaware,Season peak percentage,percent,1.65752752229447e-13,Bin,9.0,9.1
Delaware,Season peak percentage,percent,1.37706048404017e-13,Bin,9.1,9.2
Delaware,Season peak percentage,percent,1.13846458523605e-13,Bin,9.2,9.3
Delaware,Season peak percentage,percent,9.36924515836421e-14,Bin,9.3,9.4
Delaware,Season peak percentage,percent,7.67420828412479e-14,Bin,9.4,9.5
Delaware,Season peak percentage,percent,6.25440340531353e-14,Bin,9.5,9.6
Delaware,Season peak percentage,percent,5.07287367922251e-14,Bin,9.6,9.7
Delaware,Season peak percentage,percent,4.20520657407377e-14,Bin,9.7,9.8
Delaware,Season peak percentage,percent,4.0930740968381e-14,Bin,9.8,9.9
Delaware,Season peak percentage,percent,4.0930740968381e-14,Bin,9.9,10.0
Delaware,Season peak percentage,percent,4.0930740968381e-14,Bin,10.0,10.1
Delaware,Season peak percentage,percent,4.0930740968381e-14,Bin,10.1,10.2
Delaware,Season peak percentage,percent,4.0930740968381e-14,Bin,10.2,10.3
Delaware,Season peak percentage,percent,4.0930740968381e-14,Bin,10.3,10.4
Delaware,Season peak percentage,percent,4.0930740968381e-14,Bin,10.4,10.5
Delaware,Season peak percentage,percent,4.0930740968381e-14,Bin,10.5,10.6
Delaware,Season peak percentage,percent,4.0930740968381e-14,Bin,10.6,10.7
Delaware,Season peak percentage,percent,4.0930740968381e-14,Bin,10.7,10.8
Delaware,Season peak percentage,percent,4.0930740968381e-14,Bin,10.8,10.9
Delaware,Season peak percentage,percent,4.0930740968381e-14,Bin,10.9,11.0
Delaware,Season peak percentage,percent,4.0930740968381e-14,Bin,11.0,11.1
Delaware,Season peak percentage,percent,4.0930740968381e-14,Bin,11.1,11.2
Delaware,Season peak percentage,percent,4.0930740968381e-14,Bin,11.2,11.3
Delaware,Season peak percentage,percent,4.0930740968381e-14,Bin,11.3,11.4
Delaware,Season peak percentage,percent,4.0930740968381e-14,Bin,11.4,11.5
Delaware,Season peak percentage,percent,4.0930740968381e-14,Bin,11.5,11.6
Delaware,Season peak percentage,percent,4.0930740968381e-14,Bin,11.6,11.7
Delaware,Season peak percentage,percent,4.0930740968381e-14,Bin,11.7,11.8
Delaware,Season peak percentage,percent,4.0930740968381e-14,Bin,11.8,11.9
Delaware,Season peak percentage,percent,4.0930740968381e-14,Bin,11.9,12.0
Delaware,Season peak percentage,percent,4.0930740968381e-14,Bin,12.0,12.1
Delaware,Season peak percentage,percent,4.0930740968381e-14,Bin,12.1,12.2
Delaware,Season peak percentage,percent,4.0930740968381e-14,Bin,12.2,12.3
Delaware,Season peak percentage,percent,4.0930740968381e-14,Bin,12.3,12.4
Delaware,Season peak percentage,percent,4.0930740968381e-14,Bin,12.4,12.5
Delaware,Season peak percentage,percent,4.0930740968381e-14,Bin,12.5,12.6
Delaware,Season peak percentage,percent,4.0930740968381e-14,Bin,12.6,12.7
Delaware,Season peak percentage,percent,4.0930740968381e-14,Bin,12.7,12.8
Delaware,Season peak percentage,percent,4.0930740968381e-14,Bin,12.8,12.9
Delaware,Season peak percentage,percent,4.0930740968381e-14,Bin,12.9,13.0
Delaware,Season peak percentage,percent,4.0930740968381e-14,Bin,13.0,100.0
Delaware,Season peak week,week,3.61748162000032e-05,Bin,40.0,41.0
Delaware,Season peak week,week,3.61748162000032e-05,Bin,41.0,42.0
Delaware,Season peak week,week,3.61748162000032e-05,Bin,42.0,43.0
Delaware,Season peak week,week,3.61748162000032e-05,Bin,43.0,44.0
Delaware,Season peak week,week,3.61748162000032e-05,Bin,44.0,45.0
Delaware,Season peak week,week,3.61748162000032e-05,Bin,45.0,46.0
Delaware,Season peak week,week,7.63240317403082e-05,Bin,46.0,47.0
Delaware,Season peak week,week,0.000583301702246824,Bin,47.0,48.0
Delaware,Season peak week,week,0.00204101081421461,Bin,48.0,49.0
Delaware,Season peak week,week,0.00309617607606931,Bin,49.0,50.0
Delaware,Season peak week,week,0.00204121834040807,Bin,50.0,51.0
Delaware,Season peak week,week,0.000590964536291244,Bin,51.0,52.0
Delaware,Season peak week,week,0.000219268280941623,Bin,52.0,53.0
Delaware,Season peak week,week,0.00124244753481689,Bin,1.0,2.0
Delaware,Season peak week,week,0.00466566507969413,Bin,2.0,3.0
Delaware,Season peak week,week,0.0082405837702325,Bin,3.0,4.0
Delaware,Season peak week,week,0.00732147361656841,Bin,4.0,5.0
Delaware,Season peak week,week,0.00437411657604977,Bin,5.0,6.0
Delaware,Season peak week,week,0.944867846766561,Bin,6.0,7.0
Delaware,Season peak week,week,0.00634456551272559,Bin,7.0,8.0
Delaware,Season peak week,week,0.00466942383272319,Bin,8.0,9.0
Delaware,Season peak week,week,0.00320730378068853,Bin,9.0,10.0
Delaware,Season peak week,week,0.00323968112566859,Bin,10.0,11.0
Delaware,Season peak week,week,0.0020485571617973,Bin,11.0,12.0
Delaware,Season peak week,week,0.000583470719176394,Bin,12.0,13.0
Delaware,Season peak week,week,7.63258125306442e-05,Bin,13.0,14.0
Delaware,Season peak week,week,3.61751473793038e-05,Bin,14.0,15.0
Delaware,Season peak week,week,3.61751473793038e-05,Bin,15.0,16.0
Delaware,Season peak week,week,3.61751473793038e-05,Bin,16.0,17.0
Delaware,Season peak week,week,3.61751473793038e-05,Bin,17.0,18.0
Delaware,Season peak week,week,3.61751473793038e-05,Bin,18.0,19.0
Delaware,Season peak week,week,3.61751473793038e-05,Bin,19.0,20.0
Delaware,Season peak week,week,3.61751473793038e-05,Bin,20.0,21.0
Georgia,1 wk ahead,percent,5.58134047161301e-10,Bin,0.0,0.1
Georgia,1 wk ahead,percent,1.57870976034975e-09,Bin,0.1,0.2
Georgia,1 wk ahead,percent,2.2997745061701e-09,Bin,0.2,0.3
Georgia,1 wk ahead,percent,3.06869657661886e-09,Bin,0.3,0.4
Georgia,1 wk ahead,percent,0.00200000362751113,Bin,0.4,0.5
Georgia,1 wk ahead,percent,4.26625401539311e-09,Bin,0.5,0.6
Georgia,1 wk ahead,percent,4.48689333237964e-09,Bin,0.6,0.7
Georgia,1 wk ahead,percent,4.4111495536695e-09,Bin,0.7,0.8
Georgia,1 wk ahead,percent,4.09740331828897e-09,Bin,0.8,0.9
Georgia,1 wk ahead,percent,3.65559997850928e-09,Bin,0.9,1.0
Georgia,1 wk ahead,percent,0.00600000279395127,Bin,1.0,1.1
Georgia,1 wk ahead,percent,0.0240000011937975,Bin,1.1,1.2
Georgia,1 wk ahead,percent,0.0280000006949099,Bin,1.2,1.3
Georgia,1 wk ahead,percent,0.0579999985505153,Bin,1.3,1.4
Georgia,1 wk ahead,percent,0.0719999976346667,Bin,1.4,1.5
Georgia,1 wk ahead,percent,0.0939999962558649,Bin,1.5,1.6
Georgia,1 wk ahead,percent,0.0939999964173704,Bin,1.6,1.7
Georgia,1 wk ahead,percent,0.159999991971747,Bin,1.7,1.8
Georgia,1 wk ahead,percent,0.157999992059414,Bin,1.8,1.9
Georgia,1 wk ahead,percent,0.0879999966296868,Bin,1.9,2.0
Georgia,1 wk ahead,percent,0.0639999978480797,Bin,2.0,2.1
Georgia,1 wk ahead,percent,0.0679999970341191,Bin,2.1,2.2
Georgia,1 wk ahead,percent,0.0299999991139995,Bin,2.2,2.3
Georgia,1 wk ahead,percent,0.0100000000406959,Bin,2.3,2.4
Georgia,1 wk ahead,percent,0.0199999990272004,Bin,2.4,2.5
Georgia,1 wk ahead,percent,0.00799999965021066,Bin,2.5,2.6
Georgia,1 wk ahead,percent,0.00999999940086248,Bin,2.6,2.7
Georgia,1 wk ahead,percent,3.56909541546222e-11,Bin,2.7,2.8
Georgia,1 wk ahead,percent,1.95541265317366e-11,Bin,2.8,2.9
Georgia,1 wk ahead,percent,1.95173096444919e-11,Bin,2.9,3.0
Georgia,1 wk ahead,percent,1.95173096444919e-11,Bin,3.0,3.1
Georgia,1 wk ahead,percent,1.95173096444919e-11,Bin,3.1,3.2
Georgia,1 wk ahead,percent,1.95173096444919e-11,Bin,3.2,3.3
Georgia,1 wk ahead,percent,0.00199999988177431,Bin,3.3,3.4
Georgia,1 wk ahead,percent,1.95173096444919e-11,Bin,3.4,3.5
Georgia,1 wk ahead,percent,0.00199999988177431,Bin,3.5,3.6
Georgia,1 wk ahead,percent,1.95173096444919e-11,Bin,3.6,3.7
Georgia,1 wk ahead,percent,1.95173096444919e-11,Bin,3.7,3.8
Georgia,1 wk ahead,percent,1.95173096444919e-11,Bin,3.8,3.9
Georgia,1 wk ahead,percent,1.95173096444919e-11,Bin,3.9,4.0
Georgia,1 wk ahead,percent,1.95173096444919e-11,Bin,4.0,4.1
Georgia,1 wk ahead,percent,1.95173096444919e-11,Bin,4.1,4.2
Georgia,1 wk ahead,percent,1.95173096444919e-11,Bin,4.2,4.3
Georgia,1 wk ahead,percent,1.95173096444919e-11,Bin,4.3,4.4
Georgia,1 wk ahead,percent,1.95173096444919e-11,Bin,4.4,4.5
Georgia,1 wk ahead,percent,1.95173096444919e-11,Bin,4.5,4.6
Georgia,1 wk ahead,percent,1.95173096444919e-11,Bin,4.6,4.7
Georgia,1 wk ahead,percent,1.95173096444919e-11,Bin,4.7,4.8
Georgia,1 wk ahead,percent,1.95173096444919e-11,Bin,4.8,4.9
Georgia,1 wk ahead,percent,1.95173096444919e-11,Bin,4.9,5.0
Georgia,1 wk ahead,percent,1.95173096444919e-11,Bin,5.0,5.1
Georgia,1 wk ahead,percent,0.00199999988177431,Bin,5.1,5.2
Georgia,1 wk ahead,percent,1.95173096444919e-11,Bin,5.2,5.3
Georgia,1 wk ahead,percent,1.95173096444919e-11,Bin,5.3,5.4
Georgia,1 wk ahead,percent,1.95173096444919e-11,Bin,5.4,5.5
Georgia,1 wk ahead,percent,1.95173096444919e-11,Bin,5.5,5.6
Georgia,1 wk ahead,percent,1.95173096444919e-11,Bin,5.6,5.7
Georgia,1 wk ahead,percent,1.95173096444919e-11,Bin,5.7,5.8
Georgia,1 wk ahead,percent,1.95173096444919e-11,Bin,5.8,5.9
Georgia,1 wk ahead,percent,1.95173096444919e-11,Bin,5.9,6.0
Georgia,1 wk ahead,percent,1.95173096444919e-11,Bin,6.0,6.1
Georgia,1 wk ahead,percent,1.95173096444919e-11,Bin,6.1,6.2
Georgia,1 wk ahead,percent,1.95173096444919e-11,Bin,6.2,6.3
Georgia,1 wk ahead,percent,1.95173096444919e-11,Bin,6.3,6.4
Georgia,1 wk ahead,percent,1.95173096444919e-11,Bin,6.4,6.5
Georgia,1 wk ahead,percent,1.95173096444919e-11,Bin,6.5,6.6
Georgia,1 wk ahead,percent,1.95173096444919e-11,Bin,6.6,6.7
Georgia,1 wk ahead,percent,1.95173096444919e-11,Bin,6.7,6.8
Georgia,1 wk ahead,percent,1.95173096444919e-11,Bin,6.8,6.9
Georgia,1 wk ahead,percent,1.95173096444919e-11,Bin,6.9,7.0
Georgia,1 wk ahead,percent,1.95173096444919e-11,Bin,7.0,7.1
Georgia,1 wk ahead,percent,1.95173096444919e-11,Bin,7.1,7.2
Georgia,1 wk ahead,percent,1.95173096444919e-11,Bin,7.2,7.3
Georgia,1 wk ahead,percent,1.95173096444919e-11,Bin,7.3,7.4
Georgia,1 wk ahead,percent,1.95173096444919e-11,Bin,7.4,7.5
Georgia,1 wk ahead,percent,1.95173096444919e-11,Bin,7.5,7.6
Georgia,1 wk ahead,percent,1.95173096444919e-11,Bin,7.6,7.7
Georgia,1 wk ahead,percent,1.95173096444919e-11,Bin,7.7,7.8
Georgia,1 wk ahead,percent,1.95173096444919e-11,Bin,7.8,7.9
Georgia,1 wk ahead,percent,1.95173096444919e-11,Bin,7.9,8.0
Georgia,1 wk ahead,percent,1.95173096444921e-11,Bin,8.0,8.1
Georgia,1 wk ahead,percent,1.95173096444923e-11,Bin,8.1,8.2
Georgia,1 wk ahead,percent,1.95173096444923e-11,Bin,8.2,8.3
Georgia,1 wk ahead,percent,1.95173096444923e-11,Bin,8.3,8.4
Georgia,1 wk ahead,percent,1.95173096444923e-11,Bin,8.4,8.5
Georgia,1 wk ahead,percent,1.95173096444923e-11,Bin,8.5,8.6
Georgia,1 wk ahead,percent,1.95173096444923e-11,Bin,8.6,8.7
Georgia,1 wk ahead,percent,1.95173096444923e-11,Bin,8.7,8.8
Georgia,1 wk ahead,percent,1.95173096444923e-11,Bin,8.8,8.9
Georgia,1 wk ahead,percent,1.95173096444923e-11,Bin,8.9,9.0
Georgia,1 wk ahead,percent,1.95173096444923e-11,Bin,9.0,9.1
Georgia,1 wk ahead,percent,1.95173096444923e-11,Bin,9.1,9.2
Georgia,1 wk ahead,percent,1.95173096444923e-11,Bin,9.2,9.3
Georgia,1 wk ahead,percent,1.95173096444923e-11,Bin,9.3,9.4
Georgia,1 wk ahead,percent,1.95173096444923e-11,Bin,9.4,9.5
Georgia,1 wk ahead,percent,1.95173096444923e-11,Bin,9.5,9.6
Georgia,1 wk ahead,percent,1.95173096444923e-11,Bin,9.6,9.7
Georgia,1 wk ahead,percent,1.95173096444923e-11,Bin,9.7,9.8
Georgia,1 wk ahead,percent,1.95173096444923e-11,Bin,9.8,9.9
Georgia,1 wk ahead,percent,1.95173096444923e-11,Bin,9.9,10.0
Georgia,1 wk ahead,percent,1.95173096444923e-11,Bin,10.0,10.1
Georgia,1 wk ahead,percent,1.95173096444923e-11,Bin,10.1,10.2
Georgia,1 wk ahead,percent,1.95173096444923e-11,Bin,10.2,10.3
Georgia,1 wk ahead,percent,1.95173096444923e-11,Bin,10.3,10.4
Georgia,1 wk ahead,percent,1.95173096444923e-11,Bin,10.4,10.5
Georgia,1 wk ahead,percent,1.95173096444923e-11,Bin,10.5,10.6
Georgia,1 wk ahead,percent,1.95173096444923e-11,Bin,10.6,10.7
Georgia,1 wk ahead,percent,1.95173096444923e-11,Bin,10.7,10.8
Georgia,1 wk ahead,percent,1.95173096444923e-11,Bin,10.8,10.9
Georgia,1 wk ahead,percent,1.95173096444923e-11,Bin,10.9,11.0
Georgia,1 wk ahead,percent,1.95173096444923e-11,Bin,11.0,11.1
Georgia,1 wk ahead,percent,1.95173096444923e-11,Bin,11.1,11.2
Georgia,1 wk ahead,percent,1.95173096444923e-11,Bin,11.2,11.3
Georgia,1 wk ahead,percent,1.95173096444923e-11,Bin,11.3,11.4
Georgia,1 wk ahead,percent,1.95173096444923e-11,Bin,11.4,11.5
Georgia,1 wk ahead,percent,1.95173096444923e-11,Bin,11.5,11.6
Georgia,1 wk ahead,percent,1.95173096444923e-11,Bin,11.6,11.7
Georgia,1 wk ahead,percent,1.95173096444923e-11,Bin,11.7,11.8
Georgia,1 wk ahead,percent,1.95173096444923e-11,Bin,11.8,11.9
Georgia,1 wk ahead,percent,1.95173096444923e-11,Bin,11.9,12.0
Georgia,1 wk ahead,percent,1.95173096444923e-11,Bin,12.0,12.1
Georgia,1 wk ahead,percent,1.95173096444923e-11,Bin,12.1,12.2
Georgia,1 wk ahead,percent,1.95173096444923e-11,Bin,12.2,12.3
Georgia,1 wk ahead,percent,1.95173096444923e-11,Bin,12.3,12.4
Georgia,1 wk ahead,percent,1.95173096444923e-11,Bin,12.4,12.5
Georgia,1 wk ahead,percent,1.95173096444923e-11,Bin,12.5,12.6
Georgia,1 wk ahead,percent,1.95173096444923e-11,Bin,12.6,12.7
Georgia,1 wk ahead,percent,1.95173096444923e-11,Bin,12.7,12.8
Georgia,1 wk ahead,percent,1.95173096444923e-11,Bin,12.8,12.9
Georgia,1 wk ahead,percent,1.95173096444923e-11,Bin,12.9,13.0
Georgia,1 wk ahead,percent,1.95173096444923e-11,Bin,13.0,100.0
Georgia,2 wk ahead,percent,7.00941801303585e-10,Bin,0.0,0.1
Georgia,2 wk ahead,percent,1.69559165470405e-09,Bin,0.1,0.2
Georgia,2 wk ahead,percent,2.10849662550967e-09,Bin,0.2,0.3
Georgia,2 wk ahead,percent,2.52558200666103e-09,Bin,0.3,0.4
Georgia,2 wk ahead,percent,0.00200000277226515,Bin,0.4,0.5
Georgia,2 wk ahead,percent,3.26557487959360e-09,Bin,0.5,0.6
Georgia,2 wk ahead,percent,3.54165102374805e-09,Bin,0.6,0.7
Georgia,2 wk ahead,percent,0.0060000032934952,Bin,0.7,0.8
Georgia,2 wk ahead,percent,0.0120000029642878,Bin,0.8,0.9
Georgia,2 wk ahead,percent,0.0100000031564816,Bin,0.9,1.0
Georgia,2 wk ahead,percent,0.0480000003458628,Bin,1.0,1.1
Georgia,2 wk ahead,percent,0.0400000009052682,Bin,1.1,1.2
Georgia,2 wk ahead,percent,0.0500000001267073,Bin,1.2,1.3
Georgia,2 wk ahead,percent,0.081999997721791,Bin,1.3,1.4
Georgia,2 wk ahead,percent,0.0839999975237397,Bin,1.4,1.5
Georgia,2 wk ahead,percent,0.101999996117939,Bin,1.5,1.6
Georgia,2 wk ahead,percent,0.103999995844034,Bin,1.6,1.7
Georgia,2 wk ahead,percent,0.081999997272517,Bin,1.7,1.8
Georgia,2 wk ahead,percent,0.0859999967018434,Bin,1.8,1.9
Georgia,2 wk ahead,percent,0.0739999972388284,Bin,1.9,2.0
Georgia,2 wk ahead,percent,0.0579999980175767,Bin,2.0,2.1
Georgia,2 wk ahead,percent,0.0539999978869049,Bin,2.1,2.2
Georgia,2 wk ahead,percent,0.0160000002766757,Bin,2.2,2.3
Georgia,2 wk ahead,percent,0.0239999993086402,Bin,2.3,2.4
Georgia,2 wk ahead,percent,0.0179999994329664,Bin,2.4,2.5
Georgia,2 wk ahead,percent,0.0119999996244597,Bin,2.5,2.6
Georgia,2 wk ahead,percent,0.00599999988158044,Bin,2.6,2.7
Georgia,2 wk ahead,percent,0.00999999945733667,Bin,2.7,2.8
Georgia,2 wk ahead,percent,0.00199999996418282,Bin,2.8,2.9
Georgia,2 wk ahead,percent,0.00599999961751116,Bin,2.9,3.0
Georgia,2 wk ahead,percent,3.10306522591283e-11,Bin,3.0,3.1
Georgia,2 wk ahead,percent,1.67766106134267e-11,Bin,3.1,3.2
Georgia,2 wk ahead,percent,0.00399999972027032,Bin,3.2,3.3
Georgia,2 wk ahead,percent,1.56317575960464e-11,Bin,3.3,3.4
Georgia,2 wk ahead,percent,1.56317575960464e-11,Bin,3.4,3.5
Georgia,2 wk ahead,percent,1.56317575960464e-11,Bin,3.5,3.6
Georgia,2 wk ahead,percent,0.00199999986795104,Bin,3.6,3.7
Georgia,2 wk ahead,percent,1.56317575960464e-11,Bin,3.7,3.8
Georgia,2 wk ahead,percent,1.56317575960464e-11,Bin,3.8,3.9
Georgia,2 wk ahead,percent,1.56317575960464e-11,Bin,3.9,4.0
Georgia,2 wk ahead,percent,1.56317575960464e-11,Bin,4.0,4.1
Georgia,2 wk ahead,percent,1.56317575960464e-11,Bin,4.1,4.2
Georgia,2 wk ahead,percent,1.56317575960464e-11,Bin,4.2,4.3
Georgia,2 wk ahead,percent,0.00199999986795104,Bin,4.3,4.4
Georgia,2 wk ahead,percent,1.56317575960464e-11,Bin,4.4,4.5
Georgia,2 wk ahead,percent,1.56317575960464e-11,Bin,4.5,4.6
Georgia,2 wk ahead,percent,1.56317575960464e-11,Bin,4.6,4.7
Georgia,2 wk ahead,percent,1.56317575960464e-11,Bin,4.7,4.8
Georgia,2 wk ahead,percent,0.00199999986795104,Bin,4.8,4.9
Georgia,2 wk ahead,percent,1.56317575960464e-11,Bin,4.9,5.0
Georgia,2 wk ahead,percent,1.56317575960464e-11,Bin,5.0,5.1
Georgia,2 wk ahead,percent,1.56317575960464e-11,Bin,5.1,5.2
Georgia,2 wk ahead,percent,1.56317575960464e-11,Bin,5.2,5.3
Georgia,2 wk ahead,percent,1.56317575960464e-11,Bin,5.3,5.4
Georgia,2 wk ahead,percent,1.56317575960464e-11,Bin,5.4,5.5
Georgia,2 wk ahead,percent,1.56317575960464e-11,Bin,5.5,5.6
Georgia,2 wk ahead,percent,1.56317575960464e-11,Bin,5.6,5.7
Georgia,2 wk ahead,percent,1.56317575960464e-11,Bin,5.7,5.8
Georgia,2 wk ahead,percent,1.56317575960464e-11,Bin,5.8,5.9
Georgia,2 wk ahead,percent,1.56317575960464e-11,Bin,5.9,6.0
Georgia,2 wk ahead,percent,1.56317575960464e-11,Bin,6.0,6.1
Georgia,2 wk ahead,percent,1.56317575960464e-11,Bin,6.1,6.2
Georgia,2 wk ahead,percent,1.56317575960464e-11,Bin,6.2,6.3
Georgia,2 wk ahead,percent,1.56317575960464e-11,Bin,6.3,6.4
Georgia,2 wk ahead,percent,1.56317575960464e-11,Bin,6.4,6.5
Georgia,2 wk ahead,percent,1.56317575960464e-11,Bin,6.5,6.6
Georgia,2 wk ahead,percent,1.56317575960464e-11,Bin,6.6,6.7
Georgia,2 wk ahead,percent,1.56317575960464e-11,Bin,6.7,6.8
Georgia,2 wk ahead,percent,1.56317575960464e-11,Bin,6.8,6.9
Georgia,2 wk ahead,percent,1.56317575960464e-11,Bin,6.9,7.0
Georgia,2 wk ahead,percent,0.00199999986795104,Bin,7.0,7.1
Georgia,2 wk ahead,percent,1.56317575960464e-11,Bin,7.1,7.2
Georgia,2 wk ahead,percent,1.56317575960464e-11,Bin,7.2,7.3
Georgia,2 wk ahead,percent,1.56317575960464e-11,Bin,7.3,7.4
Georgia,2 wk ahead,percent,1.56317575960464e-11,Bin,7.4,7.5
Georgia,2 wk ahead,percent,1.56317575960464e-11,Bin,7.5,7.6
Georgia,2 wk ahead,percent,1.56317575960464e-11,Bin,7.6,7.7
Georgia,2 wk ahead,percent,1.56317575960464e-11,Bin,7.7,7.8
Georgia,2 wk ahead,percent,1.56317575960464e-11,Bin,7.8,7.9
Georgia,2 wk ahead,percent,1.56317575960464e-11,Bin,7.9,8.0
Georgia,2 wk ahead,percent,1.56317575960466e-11,Bin,8.0,8.1
Georgia,2 wk ahead,percent,1.56317575960467e-11,Bin,8.1,8.2
Georgia,2 wk ahead,percent,1.56317575960467e-11,Bin,8.2,8.3
Georgia,2 wk ahead,percent,1.56317575960467e-11,Bin,8.3,8.4
Georgia,2 wk ahead,percent,1.56317575960467e-11,Bin,8.4,8.5
Georgia,2 wk ahead,percent,1.56317575960467e-11,Bin,8.5,8.6
Georgia,2 wk ahead,percent,1.56317575960467e-11,Bin,8.6,8.7
Georgia,2 wk ahead,percent,1.56317575960467e-11,Bin,8.7,8.8
Georgia,2 wk ahead,percent,1.56317575960467e-11,Bin,8.8,8.9
Georgia,2 wk ahead,percent,1.56317575960467e-11,Bin,8.9,9.0
Georgia,2 wk ahead,percent,1.56317575960467e-11,Bin,9.0,9.1
Georgia,2 wk ahead,percent,1.56317575960467e-11,Bin,9.1,9.2
Georgia,2 wk ahead,percent,1.56317575960467e-11,Bin,9.2,9.3
Georgia,2 wk ahead,percent,1.56317575960467e-11,Bin,9.3,9.4
Georgia,2 wk ahead,percent,1.56317575960467e-11,Bin,9.4,9.5
Georgia,2 wk ahead,percent,1.56317575960467e-11,Bin,9.5,9.6
Georgia,2 wk ahead,percent,1.56317575960467e-11,Bin,9.6,9.7
Georgia,2 wk ahead,percent,1.56317575960467e-11,Bin,9.7,9.8
Georgia,2 wk ahead,percent,1.56317575960467e-11,Bin,9.8,9.9
Georgia,2 wk ahead,percent,1.56317575960467e-11,Bin,9.9,10.0
Georgia,2 wk ahead,percent,1.56317575960467e-11,Bin,10.0,10.1
Georgia,2 wk ahead,percent,1.56317575960467e-11,Bin,10.1,10.2
Georgia,2 wk ahead,percent,1.56317575960467e-11,Bin,10.2,10.3
Georgia,2 wk ahead,percent,1.56317575960467e-11,Bin,10.3,10.4
Georgia,2 wk ahead,percent,1.56317575960467e-11,Bin,10.4,10.5
Georgia,2 wk ahead,percent,1.56317575960467e-11,Bin,10.5,10.6
Georgia,2 wk ahead,percent,1.56317575960467e-11,Bin,10.6,10.7
Georgia,2 wk ahead,percent,1.56317575960467e-11,Bin,10.7,10.8
Georgia,2 wk ahead,percent,1.56317575960467e-11,Bin,10.8,10.9
Georgia,2 wk ahead,percent,1.56317575960467e-11,Bin,10.9,11.0
Georgia,2 wk ahead,percent,1.56317575960467e-11,Bin,11.0,11.1
Georgia,2 wk ahead,percent,1.56317575960467e-11,Bin,11.1,11.2
Georgia,2 wk ahead,percent,1.56317575960467e-11,Bin,11.2,11.3
Georgia,2 wk ahead,percent,1.56317575960467e-11,Bin,11.3,11.4
Georgia,2 wk ahead,percent,1.56317575960467e-11,Bin,11.4,11.5
Georgia,2 wk ahead,percent,1.56317575960467e-11,Bin,11.5,11.6
Georgia,2 wk ahead,percent,1.56317575960467e-11,Bin,11.6,11.7
Georgia,2 wk ahead,percent,1.56317575960467e-11,Bin,11.7,11.8
Georgia,2 wk ahead,percent,1.56317575960467e-11,Bin,11.8,11.9
Georgia,2 wk ahead,percent,1.56317575960467e-11,Bin,11.9,12.0
Georgia,2 wk ahead,percent,1.56317575960467e-11,Bin,12.0,12.1
Georgia,2 wk ahead,percent,1.56317575960467e-11,Bin,12.1,12.2
Georgia,2 wk ahead,percent,1.56317575960467e-11,Bin,12.2,12.3
Georgia,2 wk ahead,percent,1.56317575960467e-11,Bin,12.3,12.4
Georgia,2 wk ahead,percent,1.56317575960467e-11,Bin,12.4,12.5
Georgia,2 wk ahead,percent,1.56317575960467e-11,Bin,12.5,12.6
Georgia,2 wk ahead,percent,1.56317575960467e-11,Bin,12.6,12.7
Georgia,2 wk ahead,percent,1.56317575960467e-11,Bin,12.7,12.8
Georgia,2 wk ahead,percent,1.56317575960467e-11,Bin,12.8,12.9
Georgia,2 wk ahead,percent,1.56317575960467e-11,Bin,12.9,13.0
Georgia,2 wk ahead,percent,1.56317575960467e-11,Bin,13.0,100.0
Georgia,3 wk ahead,percent,2.19483439006602e-09,Bin,0.0,0.1
Georgia,3 wk ahead,percent,5.08445521199395e-09,Bin,0.1,0.2
Georgia,3 wk ahead,percent,6.0128784786416e-09,Bin,0.2,0.3
Georgia,3 wk ahead,percent,0.00200000648123741,Bin,0.3,0.4
Georgia,3 wk ahead,percent,0.00200000728865369,Bin,0.4,0.5
Georgia,3 wk ahead,percent,0.00600000714217821,Bin,0.5,0.6
Georgia,3 wk ahead,percent,0.00800000729029786,Bin,0.6,0.7
Georgia,3 wk ahead,percent,0.014000006474043,Bin,0.7,0.8
Georgia,3 wk ahead,percent,0.0140000068150923,Bin,0.8,0.9
Georgia,3 wk ahead,percent,0.0420000011846288,Bin,0.9,1.0
Georgia,3 wk ahead,percent,0.0739999946560717,Bin,1.0,1.1
Georgia,3 wk ahead,percent,0.0699999956598059,Bin,1.1,1.2
Georgia,3 wk ahead,percent,0.0619999974619581,Bin,1.2,1.3
Georgia,3 wk ahead,percent,0.091999991208358,Bin,1.3,1.4
Georgia,3 wk ahead,percent,0.101999989072668,Bin,1.4,1.5
Georgia,3 wk ahead,percent,0.083999992702903,Bin,1.5,1.6
Georgia,3 wk ahead,percent,0.0759999940721746,Bin,1.6,1.7
Georgia,3 wk ahead,percent,0.0859999914781837,Bin,1.7,1.8
Georgia,3 wk ahead,percent,0.0579999967028586,Bin,1.8,1.9
Georgia,3 wk ahead,percent,0.0399999996662538,Bin,1.9,2.0
Georgia,3 wk ahead,percent,0.0559999953562294,Bin,2.0,2.1
Georgia,3 wk ahead,percent,0.0319999993930536,Bin,2.1,2.2
Georgia,3 wk ahead,percent,0.022000000470312,Bin,2.2,2.3
Georgia,3 wk ahead,percent,0.0100000020076028,Bin,2.3,2.4
Georgia,3 wk ahead,percent,0.0159999998410749,Bin,2.4,2.5
Georgia,3 wk ahead,percent,0.0100000003140672,Bin,2.5,2.6
Georgia,3 wk ahead,percent,0.00200000133894741,Bin,2.6,2.7
Georgia,3 wk ahead,percent,0.00799999955172132,Bin,2.7,2.8
Georgia,3 wk ahead,percent,8.34952002354265e-10,Bin,2.8,2.9
Georgia,3 wk ahead,percent,5.43361591181335e-10,Bin,2.9,3.0
Georgia,3 wk ahead,percent,3.40065950334799e-10,Bin,3.0,3.1
Georgia,3 wk ahead,percent,2.04534895531512e-10,Bin,3.1,3.2
Georgia,3 wk ahead,percent,0.00399999927651453,Bin,3.2,3.3
Georgia,3 wk ahead,percent,0.00199999964467905,Bin,3.3,3.4
Georgia,3 wk ahead,percent,3.83085017855928e-11,Bin,3.4,3.5
Georgia,3 wk ahead,percent,0.00199999961520414,Bin,3.5,3.6
Georgia,3 wk ahead,percent,3.60153512923791e-11,Bin,3.6,3.7
Georgia,3 wk ahead,percent,3.60153512923791e-11,Bin,3.7,3.8
Georgia,3 wk ahead,percent,3.60153512923791e-11,Bin,3.8,3.9
Georgia,3 wk ahead,percent,3.60153512923791e-11,Bin,3.9,4.0
Georgia,3 wk ahead,percent,3.60153512923791e-11,Bin,4.0,4.1
Georgia,3 wk ahead,percent,3.60153512923791e-11,Bin,4.1,4.2
Georgia,3 wk ahead,percent,3.60153512923791e-11,Bin,4.2,4.3
Georgia,3 wk ahead,percent,3.60153512923791e-11,Bin,4.3,4.4
Georgia,3 wk ahead,percent,3.60153512923791e-11,Bin,4.4,4.5
Georgia,3 wk ahead,percent,3.60153512923791e-11,Bin,4.5,4.6
Georgia,3 wk ahead,percent,3.60153512923791e-11,Bin,4.6,4.7
Georgia,3 wk ahead,percent,3.60153512923791e-11,Bin,4.7,4.8
Georgia,3 wk ahead,percent,0.00199999961520414,Bin,4.8,4.9
Georgia,3 wk ahead,percent,3.60153512923791e-11,Bin,4.9,5.0
Georgia,3 wk ahead,percent,3.60153512923791e-11,Bin,5.0,5.1
Georgia,3 wk ahead,percent,3.60153512923791e-11,Bin,5.1,5.2
Georgia,3 wk ahead,percent,3.60153512923791e-11,Bin,5.2,5.3
Georgia,3 wk ahead,percent,3.60153512923791e-11,Bin,5.3,5.4
Georgia,3 wk ahead,percent,3.60153512923791e-11,Bin,5.4,5.5
Georgia,3 wk ahead,percent,3.60153512923791e-11,Bin,5.5,5.6
Georgia,3 wk ahead,percent,3.60153512923791e-11,Bin,5.6,5.7
Georgia,3 wk ahead,percent,3.60153512923791e-11,Bin,5.7,5.8
Georgia,3 wk ahead,percent,3.60153512923791e-11,Bin,5.8,5.9
Georgia,3 wk ahead,percent,3.60153512923791e-11,Bin,5.9,6.0
Georgia,3 wk ahead,percent,3.60153512923791e-11,Bin,6.0,6.1
Georgia,3 wk ahead,percent,3.60153512923791e-11,Bin,6.1,6.2
Georgia,3 wk ahead,percent,3.60153512923791e-11,Bin,6.2,6.3
Georgia,3 wk ahead,percent,3.60153512923791e-11,Bin,6.3,6.4
Georgia,3 wk ahead,percent,3.60153512923791e-11,Bin,6.4,6.5
Georgia,3 wk ahead,percent,3.60153512923791e-11,Bin,6.5,6.6
Georgia,3 wk ahead,percent,3.60153512923791e-11,Bin,6.6,6.7
Georgia,3 wk ahead,percent,3.60153512923791e-11,Bin,6.7,6.8
Georgia,3 wk ahead,percent,3.60153512923791e-11,Bin,6.8,6.9
Georgia,3 wk ahead,percent,3.60153512923791e-11,Bin,6.9,7.0
Georgia,3 wk ahead,percent,3.60153512923791e-11,Bin,7.0,7.1
Georgia,3 wk ahead,percent,3.60153512923791e-11,Bin,7.1,7.2
Georgia,3 wk ahead,percent,3.60153512923791e-11,Bin,7.2,7.3
Georgia,3 wk ahead,percent,3.60153512923791e-11,Bin,7.3,7.4
Georgia,3 wk ahead,percent,0.00199999961520414,Bin,7.4,7.5
Georgia,3 wk ahead,percent,3.60153512923791e-11,Bin,7.5,7.6
Georgia,3 wk ahead,percent,3.60153512923791e-11,Bin,7.6,7.7
Georgia,3 wk ahead,percent,3.60153512923791e-11,Bin,7.7,7.8
Georgia,3 wk ahead,percent,3.60153512923791e-11,Bin,7.8,7.9
Georgia,3 wk ahead,percent,3.60153512923791e-11,Bin,7.9,8.0
Georgia,3 wk ahead,percent,3.60153512923794e-11,Bin,8.0,8.1
Georgia,3 wk ahead,percent,3.60153512923797e-11,Bin,8.1,8.2
Georgia,3 wk ahead,percent,3.60153512923797e-11,Bin,8.2,8.3
Georgia,3 wk ahead,percent,3.60153512923797e-11,Bin,8.3,8.4
Georgia,3 wk ahead,percent,3.60153512923797e-11,Bin,8.4,8.5
Georgia,3 wk ahead,percent,3.60153512923797e-11,Bin,8.5,8.6
Georgia,3 wk ahead,percent,3.60153512923797e-11,Bin,8.6,8.7
Georgia,3 wk ahead,percent,3.60153512923797e-11,Bin,8.7,8.8
Georgia,3 wk ahead,percent,3.60153512923797e-11,Bin,8.8,8.9
Georgia,3 wk ahead,percent,3.60153512923797e-11,Bin,8.9,9.0
Georgia,3 wk ahead,percent,3.60153512923797e-11,Bin,9.0,9.1
Georgia,3 wk ahead,percent,3.60153512923797e-11,Bin,9.1,9.2
Georgia,3 wk ahead,percent,3.60153512923797e-11,Bin,9.2,9.3
Georgia,3 wk ahead,percent,3.60153512923797e-11,Bin,9.3,9.4
Georgia,3 wk ahead,percent,3.60153512923797e-11,Bin,9.4,9.5
Georgia,3 wk ahead,percent,3.60153512923797e-11,Bin,9.5,9.6
Georgia,3 wk ahead,percent,3.60153512923797e-11,Bin,9.6,9.7
Georgia,3 wk ahead,percent,3.60153512923797e-11,Bin,9.7,9.8
Georgia,3 wk ahead,percent,3.60153512923797e-11,Bin,9.8,9.9
Georgia,3 wk ahead,percent,3.60153512923797e-11,Bin,9.9,10.0
Georgia,3 wk ahead,percent,3.60153512923797e-11,Bin,10.0,10.1
Georgia,3 wk ahead,percent,3.60153512923797e-11,Bin,10.1,10.2
Georgia,3 wk ahead,percent,3.60153512923797e-11,Bin,10.2,10.3
Georgia,3 wk ahead,percent,3.60153512923797e-11,Bin,10.3,10.4
Georgia,3 wk ahead,percent,3.60153512923797e-11,Bin,10.4,10.5
Georgia,3 wk ahead,percent,3.60153512923797e-11,Bin,10.5,10.6
Georgia,3 wk ahead,percent,3.60153512923797e-11,Bin,10.6,10.7
Georgia,3 wk ahead,percent,3.60153512923797e-11,Bin,10.7,10.8
Georgia,3 wk ahead,percent,3.60153512923797e-11,Bin,10.8,10.9
Georgia,3 wk ahead,percent,3.60153512923797e-11,Bin,10.9,11.0
Georgia,3 wk ahead,percent,3.60153512923797e-11,Bin,11.0,11.1
Georgia,3 wk ahead,percent,3.60153512923797e-11,Bin,11.1,11.2
Georgia,3 wk ahead,percent,3.60153512923797e-11,Bin,11.2,11.3
Georgia,3 wk ahead,percent,3.60153512923797e-11,Bin,11.3,11.4
Georgia,3 wk ahead,percent,3.60153512923797e-11,Bin,11.4,11.5
Georgia,3 wk ahead,percent,3.60153512923797e-11,Bin,11.5,11.6
Georgia,3 wk ahead,percent,3.60153512923797e-11,Bin,11.6,11.7
Georgia,3 wk ahead,percent,3.60153512923797e-11,Bin,11.7,11.8
Georgia,3 wk ahead,percent,3.60153512923797e-11,Bin,11.8,11.9
Georgia,3 wk ahead,percent,3.60153512923797e-11,Bin,11.9,12.0
Georgia,3 wk ahead,percent,3.60153512923797e-11,Bin,12.0,12.1
Georgia,3 wk ahead,percent,3.60153512923797e-11,Bin,12.1,12.2
Georgia,3 wk ahead,percent,3.60153512923797e-11,Bin,12.2,12.3
Georgia,3 wk ahead,percent,3.60153512923797e-11,Bin,12.3,12.4
Georgia,3 wk ahead,percent,3.60153512923797e-11,Bin,12.4,12.5
Georgia,3 wk ahead,percent,3.60153512923797e-11,Bin,12.5,12.6
Georgia,3 wk ahead,percent,3.60153512923797e-11,Bin,12.6,12.7
Georgia,3 wk ahead,percent,3.60153512923797e-11,Bin,12.7,12.8
Georgia,3 wk ahead,percent,3.60153512923797e-11,Bin,12.8,12.9
Georgia,3 wk ahead,percent,3.60153512923797e-11,Bin,12.9,13.0
Georgia,3 wk ahead,percent,3.60153512923797e-11,Bin,13.0,100.0
Georgia,4 wk ahead,percent,1.90169772595693e-09,Bin,0.0,0.1
Georgia,4 wk ahead,percent,4.58923335139301e-09,Bin,0.1,0.2
Georgia,4 wk ahead,percent,0.00200000514676569,Bin,0.2,0.3
Georgia,4 wk ahead,percent,0.00400000552128076,Bin,0.3,0.4
Georgia,4 wk ahead,percent,6.90630238965476e-09,Bin,0.4,0.5
Georgia,4 wk ahead,percent,0.0180000034389487,Bin,0.5,0.6
Georgia,4 wk ahead,percent,0.0160000040240073,Bin,0.6,0.7
Georgia,4 wk ahead,percent,0.0320000008355914,Bin,0.7,0.8
Georgia,4 wk ahead,percent,0.0360000003211829,Bin,0.8,0.9
Georgia,4 wk ahead,percent,0.0579999962910873,Bin,0.9,1.0
Georgia,4 wk ahead,percent,0.083999991699531,Bin,1.0,1.1
Georgia,4 wk ahead,percent,0.0859999923410659,Bin,1.1,1.2
Georgia,4 wk ahead,percent,0.107999988830127,Bin,1.2,1.3
Georgia,4 wk ahead,percent,0.093999992732753,Bin,1.3,1.4
Georgia,4 wk ahead,percent,0.0679999988441349,Bin,1.4,1.5
Georgia,4 wk ahead,percent,0.0739999978075894,Bin,1.5,1.6
Georgia,4 wk ahead,percent,0.0699999983686353,Bin,1.6,1.7
Georgia,4 wk ahead,percent,0.0420000034598536,Bin,1.7,1.8
Georgia,4 wk ahead,percent,0.0400000026465374,Bin,1.8,1.9
Georgia,4 wk ahead,percent,0.0360000019150288,Bin,1.9,2.0
Georgia,4 wk ahead,percent,0.0280000018382256,Bin,2.0,2.1
Georgia,4 wk ahead,percent,0.0220000013274531,Bin,2.1,2.2
Georgia,4 wk ahead,percent,0.0140000013777201,Bin,2.2,2.3
Georgia,4 wk ahead,percent,0.0199999987448368,Bin,2.3,2.4
Georgia,4 wk ahead,percent,0.0040000010363895,Bin,2.4,2.5
Georgia,4 wk ahead,percent,0.00799999943738992,Bin,2.5,2.6
Georgia,4 wk ahead,percent,0.00599999935889238,Bin,2.6,2.7
Georgia,4 wk ahead,percent,0.0139999973801761,Bin,2.7,2.8
Georgia,4 wk ahead,percent,0.00399999931205678,Bin,2.8,2.9
Georgia,4 wk ahead,percent,0.00199999964788596,Bin,2.9,3.0
Georgia,4 wk ahead,percent,0.00399999921040396,Bin,3.0,3.1
Georgia,4 wk ahead,percent,0.00199999963003249,Bin,3.1,3.2
Georgia,4 wk ahead,percent,4.96610099360228e-11,Bin,3.2,3.3
Georgia,4 wk ahead,percent,4.96610099360228e-11,Bin,3.3,3.4
Georgia,4 wk ahead,percent,4.96610099360228e-11,Bin,3.4,3.5
Georgia,4 wk ahead,percent,0.00199999963003249,Bin,3.5,3.6
Georgia,4 wk ahead,percent,4.96610099360228e-11,Bin,3.6,3.7
Georgia,4 wk ahead,percent,4.96610099360228e-11,Bin,3.7,3.8
Georgia,4 wk ahead,percent,4.96610099360228e-11,Bin,3.8,3.9
Georgia,4 wk ahead,percent,4.96610099360228e-11,Bin,3.9,4.0
Georgia,4 wk ahead,percent,4.96610099360228e-11,Bin,4.0,4.1
Georgia,4 wk ahead,percent,4.96610099360228e-11,Bin,4.1,4.2
Georgia,4 wk ahead,percent,4.96610099360228e-11,Bin,4.2,4.3
Georgia,4 wk ahead,percent,0.00199999963003249,Bin,4.3,4.4
Georgia,4 wk ahead,percent,4.96610099360228e-11,Bin,4.4,4.5
Georgia,4 wk ahead,percent,4.96610099360228e-11,Bin,4.5,4.6
Georgia,4 wk ahead,percent,4.96610099360228e-11,Bin,4.6,4.7
Georgia,4 wk ahead,percent,4.96610099360228e-11,Bin,4.7,4.8
Georgia,4 wk ahead,percent,4.96610099360228e-11,Bin,4.8,4.9
Georgia,4 wk ahead,percent,4.96610099360228e-11,Bin,4.9,5.0
Georgia,4 wk ahead,percent,4.96610099360228e-11,Bin,5.0,5.1
Georgia,4 wk ahead,percent,4.96610099360228e-11,Bin,5.1,5.2
Georgia,4 wk ahead,percent,4.96610099360228e-11,Bin,5.2,5.3
Georgia,4 wk ahead,percent,4.96610099360228e-11,Bin,5.3,5.4
Georgia,4 wk ahead,percent,4.96610099360228e-11,Bin,5.4,5.5
Georgia,4 wk ahead,percent,4.96610099360228e-11,Bin,5.5,5.6
Georgia,4 wk ahead,percent,4.96610099360228e-11,Bin,5.6,5.7
Georgia,4 wk ahead,percent,4.96610099360228e-11,Bin,5.7,5.8
Georgia,4 wk ahead,percent,4.96610099360228e-11,Bin,5.8,5.9
Georgia,4 wk ahead,percent,4.96610099360228e-11,Bin,5.9,6.0
Georgia,4 wk ahead,percent,4.96610099360228e-11,Bin,6.0,6.1
Georgia,4 wk ahead,percent,4.96610099360228e-11,Bin,6.1,6.2
Georgia,4 wk ahead,percent,4.96610099360228e-11,Bin,6.2,6.3
Georgia,4 wk ahead,percent,4.96610099360228e-11,Bin,6.3,6.4
Georgia,4 wk ahead,percent,4.96610099360228e-11,Bin,6.4,6.5
Georgia,4 wk ahead,percent,4.96610099360228e-11,Bin,6.5,6.6
Georgia,4 wk ahead,percent,4.96610099360228e-11,Bin,6.6,6.7
Georgia,4 wk ahead,percent,4.96610099360228e-11,Bin,6.7,6.8
Georgia,4 wk ahead,percent,4.96610099360228e-11,Bin,6.8,6.9
Georgia,4 wk ahead,percent,4.96610099360228e-11,Bin,6.9,7.0
Georgia,4 wk ahead,percent,4.96610099360228e-11,Bin,7.0,7.1
Georgia,4 wk ahead,percent,4.96610099360228e-11,Bin,7.1,7.2
Georgia,4 wk ahead,percent,4.96610099360228e-11,Bin,7.2,7.3
Georgia,4 wk ahead,percent,4.96610099360228e-11,Bin,7.3,7.4
Georgia,4 wk ahead,percent,4.96610099360228e-11,Bin,7.4,7.5
Georgia,4 wk ahead,percent,4.96610099360228e-11,Bin,7.5,7.6
Georgia,4 wk ahead,percent,4.96610099360228e-11,Bin,7.6,7.7
Georgia,4 wk ahead,percent,4.96610099360228e-11,Bin,7.7,7.8
Georgia,4 wk ahead,percent,4.96610099360228e-11,Bin,7.8,7.9
Georgia,4 wk ahead,percent,4.96610099360228e-11,Bin,7.9,8.0
Georgia,4 wk ahead,percent,4.96610099360233e-11,Bin,8.0,8.1
Georgia,4 wk ahead,percent,4.96610099360237e-11,Bin,8.1,8.2
Georgia,4 wk ahead,percent,4.96610099360237e-11,Bin,8.2,8.3
Georgia,4 wk ahead,percent,4.96610099360237e-11,Bin,8.3,8.4
Georgia,4 wk ahead,percent,4.96610099360237e-11,Bin,8.4,8.5
Georgia,4 wk ahead,percent,4.96610099360237e-11,Bin,8.5,8.6
Georgia,4 wk ahead,percent,4.96610099360237e-11,Bin,8.6,8.7
Georgia,4 wk ahead,percent,4.96610099360237e-11,Bin,8.7,8.8
Georgia,4 wk ahead,percent,4.96610099360237e-11,Bin,8.8,8.9
Georgia,4 wk ahead,percent,4.96610099360237e-11,Bin,8.9,9.0
Georgia,4 wk ahead,percent,4.96610099360237e-11,Bin,9.0,9.1
Georgia,4 wk ahead,percent,4.96610099360237e-11,Bin,9.1,9.2
Georgia,4 wk ahead,percent,4.96610099360237e-11,Bin,9.2,9.3
Georgia,4 wk ahead,percent,4.96610099360237e-11,Bin,9.3,9.4
Georgia,4 wk ahead,percent,4.96610099360237e-11,Bin,9.4,9.5
Georgia,4 wk ahead,percent,4.96610099360237e-11,Bin,9.5,9.6
Georgia,4 wk ahead,percent,4.96610099360237e-11,Bin,9.6,9.7
Georgia,4 wk ahead,percent,4.96610099360237e-11,Bin,9.7,9.8
Georgia,4 wk ahead,percent,4.96610099360237e-11,Bin,9.8,9.9
Georgia,4 wk ahead,percent,4.96610099360237e-11,Bin,9.9,10.0
Georgia,4 wk ahead,percent,4.96610099360237e-11,Bin,10.0,10.1
Georgia,4 wk ahead,percent,4.96610099360237e-11,Bin,10.1,10.2
Georgia,4 wk ahead,percent,4.96610099360237e-11,Bin,10.2,10.3
Georgia,4 wk ahead,percent,4.96610099360237e-11,Bin,10.3,10.4
Georgia,4 wk ahead,percent,4.96610099360237e-11,Bin,10.4,10.5
Georgia,4 wk ahead,percent,4.96610099360237e-11,Bin,10.5,10.6
Georgia,4 wk ahead,percent,4.96610099360237e-11,Bin,10.6,10.7
Georgia,4 wk ahead,percent,4.96610099360237e-11,Bin,10.7,10.8
Georgia,4 wk ahead,percent,4.96610099360237e-11,Bin,10.8,10.9
Georgia,4 wk ahead,percent,4.96610099360237e-11,Bin,10.9,11.0
Georgia,4 wk ahead,percent,4.96610099360237e-11,Bin,11.0,11.1
Georgia,4 wk ahead,percent,4.96610099360237e-11,Bin,11.1,11.2
Georgia,4 wk ahead,percent,4.96610099360237e-11,Bin,11.2,11.3
Georgia,4 wk ahead,percent,4.96610099360237e-11,Bin,11.3,11.4
Georgia,4 wk ahead,percent,4.96610099360237e-11,Bin,11.4,11.5
Georgia,4 wk ahead,percent,4.96610099360237e-11,Bin,11.5,11.6
Georgia,4 wk ahead,percent,4.96610099360237e-11,Bin,11.6,11.7
Georgia,4 wk ahead,percent,4.96610099360237e-11,Bin,11.7,11.8
Georgia,4 wk ahead,percent,4.96610099360237e-11,Bin,11.8,11.9
Georgia,4 wk ahead,percent,4.96610099360237e-11,Bin,11.9,12.0
Georgia,4 wk ahead,percent,4.96610099360237e-11,Bin,12.0,12.1
Georgia,4 wk ahead,percent,4.96610099360237e-11,Bin,12.1,12.2
Georgia,4 wk ahead,percent,4.96610099360237e-11,Bin,12.2,12.3
Georgia,4 wk ahead,percent,4.96610099360237e-11,Bin,12.3,12.4
Georgia,4 wk ahead,percent,4.96610099360237e-11,Bin,12.4,12.5
Georgia,4 wk ahead,percent,4.96610099360237e-11,Bin,12.5,12.6
Georgia,4 wk ahead,percent,4.96610099360237e-11,Bin,12.6,12.7
Georgia,4 wk ahead,percent,4.96610099360237e-11,Bin,12.7,12.8
Georgia,4 wk ahead,percent,4.96610099360237e-11,Bin,12.8,12.9
Georgia,4 wk ahead,percent,4.96610099360237e-11,Bin,12.9,13.0
Georgia,4 wk ahead,percent,4.96610099360237e-11,Bin,13.0,100.0
Georgia,Season peak percentage,percent,2.14929105340537e-13,Bin,0.0,0.1
Georgia,Season peak percentage,percent,4.86275120635594e-13,Bin,0.1,0.2
Georgia,Season peak percentage,percent,5.70399263685894e-13,Bin,0.2,0.3
Georgia,Season peak percentage,percent,6.66141532326334e-13,Bin,0.3,0.4
Georgia,Season peak percentage,percent,7.74653217496611e-13,Bin,0.4,0.5
Georgia,Season peak percentage,percent,8.96859336333149e-13,Bin,0.5,0.6
Georgia,Season peak percentage,percent,1.03379246833681e-12,Bin,0.6,0.7
Georgia,Season peak percentage,percent,1.18644234565925e-12,Bin,0.7,0.8
Georgia,Season peak percentage,percent,1.35585120810878e-12,Bin,0.8,0.9
Georgia,Season peak percentage,percent,1.54291538895328e-12,Bin,0.9,1.0
Georgia,Season peak percentage,percent,1.74828611027e-12,Bin,1.0,1.1
Georgia,Season peak percentage,percent,1.97259811827945e-12,Bin,1.1,1.2
Georgia,Season peak percentage,percent,2.21637075699622e-12,Bin,1.2,1.3
Georgia,Season peak percentage,percent,2.48008598354889e-12,Bin,1.3,1.4
Georgia,Season peak percentage,percent,2.7637784098083e-12,Bin,1.4,1.5
Georgia,Season peak percentage,percent,3.06734369359015e-12,Bin,1.5,1.6
Georgia,Season peak percentage,percent,3.39052417014597e-12,Bin,1.6,1.7
Georgia,Season peak percentage,percent,3.73289916257448e-12,Bin,1.7,1.8
Georgia,Season peak percentage,percent,4.09383264189672e-12,Bin,1.8,1.9
Georgia,Season peak percentage,percent,4.47221287721384e-12,Bin,1.9,2.0
Georgia,Season peak percentage,percent,4.86687487573004e-12,Bin,2.0,2.1
Georgia,Season peak percentage,percent,5.27643006360365e-12,Bin,2.1,2.2
Georgia,Season peak percentage,percent,5.69938589165564e-12,Bin,2.2,2.3
Georgia,Season peak percentage,percent,6.13393359015681e-12,Bin,2.3,2.4
Georgia,Season peak percentage,percent,6.57807171677394e-12,Bin,2.4,2.5
Georgia,Season peak percentage,percent,7.02974472550922e-12,Bin,2.5,2.6
Georgia,Season peak percentage,percent,7.48680705390621e-12,Bin,2.6,2.7
Georgia,Season peak percentage,percent,7.94704317135506e-12,Bin,2.7,2.8
Georgia,Season peak percentage,percent,8.40815012037809e-12,Bin,2.8,2.9
Georgia,Season peak percentage,percent,8.86785826188606e-12,Bin,2.9,3.0
Georgia,Season peak percentage,percent,9.32393923434146e-12,Bin,3.0,3.1
Georgia,Season peak percentage,percent,9.77419933075726e-12,Bin,3.1,3.2
Georgia,Season peak percentage,percent,1.02165054875835e-11,Bin,3.2,3.3
Georgia,Season peak percentage,percent,1.06489342709824e-11,Bin,3.3,3.4
Georgia,Season peak percentage,percent,1.10696641852254e-11,Bin,3.4,3.5
Georgia,Season peak percentage,percent,1.14770226811235e-11,Bin,3.5,3.6
Georgia,Season peak percentage,percent,1.18693649004442e-11,Bin,3.6,3.7
Georgia,Season peak percentage,percent,1.22453598974927e-11,Bin,3.7,3.8
Georgia,Season peak percentage,percent,1.26039156011674e-11,Bin,3.8,3.9
Georgia,Season peak percentage,percent,1.29440230082111e-11,Bin,3.9,4.0
Georgia,Season peak percentage,percent,1.32648276607206e-11,Bin,4.0,4.1
Georgia,Season peak percentage,percent,1.35654256046792e-11,Bin,4.1,4.2
Georgia,Season peak percentage,percent,1.38453926544997e-11,Bin,4.2,4.3
Georgia,Season peak percentage,percent,1.41043539149263e-11,Bin,4.3,4.4
Georgia,Season peak percentage,percent,1.43419787674927e-11,Bin,4.4,4.5
Georgia,Season peak percentage,percent,1.45579751587003e-11,Bin,4.5,4.6
Georgia,Season peak percentage,percent,1.47520439011471e-11,Bin,4.6,4.7
Georgia,Season peak percentage,percent,1.49242527159661e-11,Bin,4.7,4.8
Georgia,Season peak percentage,percent,1.50745739825743e-11,Bin,4.8,4.9
Georgia,Season peak percentage,percent,1.52029992631164e-11,Bin,4.9,5.0
Georgia,Season peak percentage,percent,1.53093871838211e-11,Bin,5.0,5.1
Georgia,Season peak percentage,percent,1.53938178315344e-11,Bin,5.1,5.2
Georgia,Season peak percentage,percent,1.54564482923215e-11,Bin,5.2,5.3
Georgia,Season peak percentage,percent,1.54973369108355e-11,Bin,5.3,5.4
Georgia,Season peak percentage,percent,1.55165118891133e-11,Bin,5.4,5.5
Georgia,Season peak percentage,percent,1.55138674486512e-11,Bin,5.5,5.6
Georgia,Season peak percentage,percent,1.54896237481473e-11,Bin,5.6,5.7
Georgia,Season peak percentage,percent,1.54439124348635e-11,Bin,5.7,5.8
Georgia,Season peak percentage,percent,1.53768186475085e-11,Bin,5.8,5.9
Georgia,Season peak percentage,percent,1.52883840803901e-11,Bin,5.9,6.0
Georgia,Season peak percentage,percent,1.51785750219095e-11,Bin,6.0,6.1
Georgia,Season peak percentage,percent,1.50476911822283e-11,Bin,6.1,6.2
Georgia,Season peak percentage,percent,1.48959176081822e-11,Bin,6.2,6.3
Georgia,Season peak percentage,percent,1.47234330272763e-11,Bin,6.3,6.4
Georgia,Season peak percentage,percent,1.45303523330964e-11,Bin,6.4,6.5
Georgia,Season peak percentage,percent,1.4316896095994e-11,Bin,6.5,6.6
Georgia,Season peak percentage,percent,1.40835198947337e-11,Bin,6.6,6.7
Georgia,Season peak percentage,percent,1.3830588367135e-11,Bin,6.7,6.8
Georgia,Season peak percentage,percent,1.35585171329853e-11,Bin,6.8,6.9
Georgia,Season peak percentage,percent,1.32676790476105e-11,Bin,6.9,7.0
Georgia,Season peak percentage,percent,1.29587933889374e-11,Bin,7.0,7.1
Georgia,Season peak percentage,percent,1.26325969059845e-11,Bin,7.1,7.2
Georgia,Season peak percentage,percent,1.22898818887942e-11,Bin,7.2,7.3
Georgia,Season peak percentage,percent,1.19315040130641e-11,Bin,7.3,7.4
Georgia,Season peak percentage,percent,1.15583887802331e-11,Bin,7.4,7.5
Georgia,Season peak percentage,percent,1.11718284646009e-11,Bin,7.5,7.6
Georgia,Season peak percentage,percent,1.07730835404838e-11,Bin,7.6,7.7
Georgia,Season peak percentage,percent,1.03635295107038e-11,Bin,7.7,7.8
Georgia,Season peak percentage,percent,9.94461386999835e-12,Bin,7.8,7.9
Georgia,Season peak percentage,percent,9.51794133319733e-12,Bin,7.9,8.0
Georgia,Season peak percentage,percent,9.08528280318951e-12,Bin,8.0,8.1
Georgia,Season peak percentage,percent,8.64841418734034e-12,Bin,8.1,8.2
Georgia,Season peak percentage,percent,8.20917872530822e-12,Bin,8.2,8.3
Georgia,Season peak percentage,percent,7.76947643342011e-12,Bin,8.3,8.4
Georgia,Season peak percentage,percent,7.33124174464012e-12,Bin,8.4,8.5
Georgia,Season peak percentage,percent,6.89638897929854e-12,Bin,8.5,8.6
Georgia,Season peak percentage,percent,6.46680005797249e-12,Bin,8.6,8.7
Georgia,Season peak percentage,percent,6.04433794076465e-12,Bin,8.7,8.8
Georgia,Season peak percentage,percent,5.63082883509178e-12,Bin,8.8,8.9
Georgia,Season peak percentage,percent,5.22787129431447e-12,Bin,8.9,9.0
Georgia,Season peak percentage,percent,4.83698439481289e-12,Bin,9.0,9.1
Georgia,Season peak percentage,percent,4.45956468545472e-12,Bin,9.1,9.2
Georgia,Season peak percentage,percent,4.09693707647438e-12,Bin,9.2,9.3
Georgia,Season peak percentage,percent,3.75019626728768e-12,Bin,9.3,9.4
Georgia,Season peak percentage,percent,3.4201054233292e-12,Bin,9.4,9.5
Georgia,Season peak percentage,percent,3.10735990468118e-12,Bin,9.5,9.6
Georgia,Season peak percentage,percent,2.81245469297596e-12,Bin,9.6,9.7
Georgia,Season peak percentage,percent,2.53585995908489e-12,Bin,9.7,9.8
Georgia,Season peak percentage,percent,2.27761543865082e-12,Bin,9.8,9.9
Georgia,Season peak percentage,percent,2.03760640004183e-12,Bin,9.9,10.0
Georgia,Season peak percentage,percent,1.81561473795438e-12,Bin,10.0,10.1
Georgia,Season peak percentage,percent,1.61132504288904e-12,Bin,10.1,10.2
Georgia,Season peak percentage,percent,1.4243375985398e-12,Bin,10.2,10.3
Georgia,Season peak percentage,percent,1.25390853055797e-12,Bin,10.3,10.4
Georgia,Season peak percentage,percent,1.09930910397743e-12,Bin,10.4,10.5
Georgia,Season peak percentage,percent,9.59754824391916e-13,Bin,10.5,10.6
Georgia,Season peak percentage,percent,8.34482886439506e-13,Bin,10.6,10.7
Georgia,Season peak percentage,percent,7.22567857017018e-13,Bin,10.7,10.8
Georgia,Season peak percentage,percent,6.23005083075508e-13,Bin,10.8,10.9
Georgia,Season peak percentage,percent,5.34865402270389e-13,Bin,10.9,11.0
Georgia,Season peak percentage,percent,4.57215979080805e-13,Bin,11.0,11.1
Georgia,Season peak percentage,percent,3.89231619022714e-13,Bin,11.1,11.2
Georgia,Season peak percentage,percent,3.29940930038773e-13,Bin,11.2,11.3
Georgia,Season peak percentage,percent,2.78463663990135e-13,Bin,11.3,11.4
Georgia,Season peak percentage,percent,2.33984639527785e-13,Bin,11.4,11.5
Georgia,Season peak percentage,percent,1.9575516740735e-13,Bin,11.5,11.6
Georgia,Season peak percentage,percent,1.63088040923995e-13,Bin,11.6,11.7
Georgia,Season peak percentage,percent,1.3527834543462e-13,Bin,11.7,11.8
Georgia,Season peak percentage,percent,1.11711269708266e-13,Bin,11.8,11.9
Georgia,Season peak percentage,percent,9.18380673299458e-14,Bin,11.9,12.0
Georgia,Season peak percentage,percent,7.51759248249393e-14,Bin,12.0,12.1
Georgia,Season peak percentage,percent,6.12737890127239e-14,Bin,12.1,12.2
Georgia,Season peak percentage,percent,5.08221687882849e-14,Bin,12.2,12.3
Georgia,Season peak percentage,percent,4.92863461518993e-14,Bin,12.3,12.4
Georgia,Season peak percentage,percent,4.92863461518993e-14,Bin,12.4,12.5
Georgia,Season peak percentage,percent,4.92863461518993e-14,Bin,12.5,12.6
Georgia,Season peak percentage,percent,4.92863461518993e-14,Bin,12.6,12.7
Georgia,Season peak percentage,percent,4.92863461518993e-14,Bin,12.7,12.8
Georgia,Season peak percentage,percent,4.92863461518993e-14,Bin,12.8,12.9
Georgia,Season peak percentage,percent,4.92863461518993e-14,Bin,12.9,13.0
Georgia,Season peak percentage,percent,0.999999999107929,Bin,13.0,100.0
Georgia,Season peak week,week,0.000118897290155064,Bin,40.0,41.0
Georgia,Season peak week,week,0.000118897290155064,Bin,41.0,42.0
Georgia,Season peak week,week,0.000118897290155064,Bin,42.0,43.0
Georgia,Season peak week,week,0.000118897290155064,Bin,43.0,44.0
Georgia,Season peak week,week,0.000118897290155064,Bin,44.0,45.0
Georgia,Season peak week,week,0.000118897290155064,Bin,45.0,46.0
Georgia,Season peak week,week,0.000118897290155064,Bin,46.0,47.0
Georgia,Season peak week,week,0.000118897290155064,Bin,47.0,48.0
Georgia,Season peak week,week,0.000118897290155064,Bin,48.0,49.0
Georgia,Season peak week,week,0.000129425429156489,Bin,49.0,50.0
Georgia,Season peak week,week,0.00272069440544617,Bin,50.0,51.0
Georgia,Season peak week,week,0.0144702647747381,Bin,51.0,52.0
Georgia,Season peak week,week,0.0210786954803298,Bin,52.0,53.0
Georgia,Season peak week,week,0.00529278491640427,Bin,1.0,2.0
Georgia,Season peak week,week,9.84372014840248e-05,Bin,2.0,3.0
Georgia,Season peak week,week,9.26454315922722e-08,Bin,3.0,4.0
Georgia,Season peak week,week,2.32363432134875e-08,Bin,4.0,5.0
Georgia,Season peak week,week,0.94007940321513,Bin,5.0,6.0
Georgia,Season peak week,week,0.00131097120537035,Bin,6.0,7.0
Georgia,Season peak week,week,0.00461374060831281,Bin,7.0,8.0
Georgia,Season peak week,week,0.00133568480380747,Bin,8.0,9.0
Georgia,Season peak week,week,0.00133570413400519,Bin,9.0,10.0
Georgia,Season peak week,week,0.00461351554803855,Bin,10.0,11.0
Georgia,Season peak week,week,0.00131113972636278,Bin,11.0,12.0
Georgia,Season peak week,week,6.45903077388241e-05,Bin,12.0,13.0
Georgia,Season peak week,week,5.93445938130507e-05,Bin,13.0,14.0
Georgia,Season peak week,week,5.93445938130507e-05,Bin,14.0,15.0
Georgia,Season peak week,week,5.93445938130507e-05,Bin,15.0,16.0
Georgia,Season peak week,week,5.93445938130507e-05,Bin,16.0,17.0
Georgia,Season peak week,week,5.93445938130507e-05,Bin,17.0,18.0
Georgia,Season peak week,week,5.93445938130507e-05,Bin,18.0,19.0
Georgia,Season peak week,week,5.93445938130507e-05,Bin,19.0,20.0
Georgia,Season peak week,week,5.93445938130507e-05,Bin,20.0,21.0
Hawaii,1 wk ahead,percent,1.79492454728549e-10,Bin,0.0,0.1
Hawaii,1 wk ahead,percent,4.81231556122291e-10,Bin,0.1,0.2
Hawaii,1 wk ahead,percent,6.65497915271835e-10,Bin,0.2,0.3
Hawaii,1 wk ahead,percent,0.00200000071928138,Bin,0.3,0.4
Hawaii,1 wk ahead,percent,1.02802797067722e-09,Bin,0.4,0.5
Hawaii,1 wk ahead,percent,1.14922686673383e-09,Bin,0.5,0.6
Hawaii,1 wk ahead,percent,1.1988874081686e-09,Bin,0.6,0.7
Hawaii,1 wk ahead,percent,1.17055286508969e-09,Bin,0.7,0.8
Hawaii,1 wk ahead,percent,0.00400000080166803,Bin,0.8,0.9
Hawaii,1 wk ahead,percent,0.00600000053551986,Bin,0.9,1.0
Hawaii,1 wk ahead,percent,8.25594165913483e-10,Bin,1.0,1.1
Hawaii,1 wk ahead,percent,7.48711897224516e-10,Bin,1.1,1.2
Hawaii,1 wk ahead,percent,7.51070431103938e-10,Bin,1.2,1.3
Hawaii,1 wk ahead,percent,0.0120000000248191,Bin,1.3,1.4
Hawaii,1 wk ahead,percent,0.00400000077547525,Bin,1.4,1.5
Hawaii,1 wk ahead,percent,0.00800000078387364,Bin,1.5,1.6
Hawaii,1 wk ahead,percent,0.0180000004352777,Bin,1.6,1.7
Hawaii,1 wk ahead,percent,0.00800000148570589,Bin,1.7,1.8
Hawaii,1 wk ahead,percent,0.0100000016975671,Bin,1.8,1.9
Hawaii,1 wk ahead,percent,0.022000001182434,Bin,1.9,2.0
Hawaii,1 wk ahead,percent,0.0300000008892337,Bin,2.0,2.1
Hawaii,1 wk ahead,percent,0.0479999998480829,Bin,2.1,2.2
Hawaii,1 wk ahead,percent,0.0440000002619118,Bin,2.2,2.3
Hawaii,1 wk ahead,percent,0.0460000002001506,Bin,2.3,2.4
Hawaii,1 wk ahead,percent,0.0420000004826408,Bin,2.4,2.5
Hawaii,1 wk ahead,percent,0.0320000010992886,Bin,2.5,2.6
Hawaii,1 wk ahead,percent,0.0240000014901714,Bin,2.6,2.7
Hawaii,1 wk ahead,percent,0.0779999975219082,Bin,2.7,2.8
Hawaii,1 wk ahead,percent,0.0419999996734365,Bin,2.8,2.9
Hawaii,1 wk ahead,percent,0.0379999995650791,Bin,2.9,3.0
Hawaii,1 wk ahead,percent,0.0539999980544053,Bin,3.0,3.1
Hawaii,1 wk ahead,percent,0.0479999980672843,Bin,3.1,3.2
Hawaii,1 wk ahead,percent,0.0639999966023743,Bin,3.2,3.3
Hawaii,1 wk ahead,percent,0.0479999973988214,Bin,3.3,3.4
Hawaii,1 wk ahead,percent,0.0179999992261424,Bin,3.4,3.5
Hawaii,1 wk ahead,percent,0.0259999985027305,Bin,3.5,3.6
Hawaii,1 wk ahead,percent,0.023999998527564,Bin,3.6,3.7
Hawaii,1 wk ahead,percent,0.0219999986027416,Bin,3.7,3.8
Hawaii,1 wk ahead,percent,0.0179999988580966,Bin,3.8,3.9
Hawaii,1 wk ahead,percent,0.0379999974981117,Bin,3.9,4.0
Hawaii,1 wk ahead,percent,0.00999999947985052,Bin,4.0,4.1
Hawaii,1 wk ahead,percent,0.0119999994306337,Bin,4.1,4.2
Hawaii,1 wk ahead,percent,0.00999999968897399,Bin,4.2,4.3
Hawaii,1 wk ahead,percent,0.00799999997046243,Bin,4.3,4.4
Hawaii,1 wk ahead,percent,0.0099999999832341,Bin,4.4,4.5
Hawaii,1 wk ahead,percent,0.00600000039352688,Bin,4.5,4.6
Hawaii,1 wk ahead,percent,0.00800000035106276,Bin,4.6,4.7
Hawaii,1 wk ahead,percent,0.00200000080133535,Bin,4.7,4.8
Hawaii,1 wk ahead,percent,9.10259950014535e-10,Bin,4.8,4.9
Hawaii,1 wk ahead,percent,0.00800000027058328,Bin,4.9,5.0
Hawaii,1 wk ahead,percent,0.010000000001655,Bin,5.0,5.1
Hawaii,1 wk ahead,percent,0.00600000012692707,Bin,5.1,5.2
Hawaii,1 wk ahead,percent,0.00599999998026855,Bin,5.2,5.3
Hawaii,1 wk ahead,percent,2.66892058992941e-10,Bin,5.3,5.4
Hawaii,1 wk ahead,percent,1.68555879051733e-10,Bin,5.4,5.5
Hawaii,1 wk ahead,percent,0.00999999941039725,Bin,5.5,5.6
Hawaii,1 wk ahead,percent,0.00199999991651214,Bin,5.6,5.7
Hawaii,1 wk ahead,percent,0.00199999988991861,Bin,5.7,5.8
Hawaii,1 wk ahead,percent,0.00199999987564968,Bin,5.8,5.9
Hawaii,1 wk ahead,percent,1.05822848993767e-11,Bin,5.9,6.0
Hawaii,1 wk ahead,percent,0.00199999987283929,Bin,6.0,6.1
Hawaii,1 wk ahead,percent,1.05822848993767e-11,Bin,6.1,6.2
Hawaii,1 wk ahead,percent,1.05822848993767e-11,Bin,6.2,6.3
Hawaii,1 wk ahead,percent,0.00199999987283929,Bin,6.3,6.4
Hawaii,1 wk ahead,percent,1.05822848993767e-11,Bin,6.4,6.5
Hawaii,1 wk ahead,percent,1.05822848993767e-11,Bin,6.5,6.6
Hawaii,1 wk ahead,percent,1.05822848993767e-11,Bin,6.6,6.7
Hawaii,1 wk ahead,percent,1.05822848993767e-11,Bin,6.7,6.8
Hawaii,1 wk ahead,percent,0.00599999959735329,Bin,6.8,6.9
Hawaii,1 wk ahead,percent,1.05822848993767e-11,Bin,6.9,7.0
Hawaii,1 wk ahead,percent,1.05822848993767e-11,Bin,7.0,7.1
Hawaii,1 wk ahead,percent,1.05822848993767e-11,Bin,7.1,7.2
Hawaii,1 wk ahead,percent,1.05822848993767e-11,Bin,7.2,7.3
Hawaii,1 wk ahead,percent,1.05822848993767e-11,Bin,7.3,7.4
Hawaii,1 wk ahead,percent,1.05822848993767e-11,Bin,7.4,7.5
Hawaii,1 wk ahead,percent,1.05822848993767e-11,Bin,7.5,7.6
Hawaii,1 wk ahead,percent,1.05822848993767e-11,Bin,7.6,7.7
Hawaii,1 wk ahead,percent,1.05822848993767e-11,Bin,7.7,7.8
Hawaii,1 wk ahead,percent,1.05822848993767e-11,Bin,7.8,7.9
Hawaii,1 wk ahead,percent,1.05822848993767e-11,Bin,7.9,8.0
Hawaii,1 wk ahead,percent,1.05822848993768e-11,Bin,8.0,8.1
Hawaii,1 wk ahead,percent,1.05822848993769e-11,Bin,8.1,8.2
Hawaii,1 wk ahead,percent,1.05822848993769e-11,Bin,8.2,8.3
Hawaii,1 wk ahead,percent,1.05822848993769e-11,Bin,8.3,8.4
Hawaii,1 wk ahead,percent,1.05822848993769e-11,Bin,8.4,8.5
Hawaii,1 wk ahead,percent,1.05822848993769e-11,Bin,8.5,8.6
Hawaii,1 wk ahead,percent,1.05822848993769e-11,Bin,8.6,8.7
Hawaii,1 wk ahead,percent,1.05822848993769e-11,Bin,8.7,8.8
Hawaii,1 wk ahead,percent,1.05822848993769e-11,Bin,8.8,8.9
Hawaii,1 wk ahead,percent,1.05822848993769e-11,Bin,8.9,9.0
Hawaii,1 wk ahead,percent,1.05822848993769e-11,Bin,9.0,9.1
Hawaii,1 wk ahead,percent,1.05822848993769e-11,Bin,9.1,9.2
Hawaii,1 wk ahead,percent,1.05822848993769e-11,Bin,9.2,9.3
Hawaii,1 wk ahead,percent,1.05822848993769e-11,Bin,9.3,9.4
Hawaii,1 wk ahead,percent,1.05822848993769e-11,Bin,9.4,9.5
Hawaii,1 wk ahead,percent,1.05822848993769e-11,Bin,9.5,9.6
Hawaii,1 wk ahead,percent,1.05822848993769e-11,Bin,9.6,9.7
Hawaii,1 wk ahead,percent,1.05822848993769e-11,Bin,9.7,9.8
Hawaii,1 wk ahead,percent,1.05822848993769e-11,Bin,9.8,9.9
Hawaii,1 wk ahead,percent,1.05822848993769e-11,Bin,9.9,10.0
Hawaii,1 wk ahead,percent,1.05822848993769e-11,Bin,10.0,10.1
Hawaii,1 wk ahead,percent,1.05822848993769e-11,Bin,10.1,10.2
Hawaii,1 wk ahead,percent,1.05822848993769e-11,Bin,10.2,10.3
Hawaii,1 wk ahead,percent,1.05822848993769e-11,Bin,10.3,10.4
Hawaii,1 wk ahead,percent,1.05822848993769e-11,Bin,10.4,10.5
Hawaii,1 wk ahead,percent,1.05822848993769e-11,Bin,10.5,10.6
Hawaii,1 wk ahead,percent,1.05822848993769e-11,Bin,10.6,10.7
Hawaii,1 wk ahead,percent,1.05822848993769e-11,Bin,10.7,10.8
Hawaii,1 wk ahead,percent,1.05822848993769e-11,Bin,10.8,10.9
Hawaii,1 wk ahead,percent,1.05822848993769e-11,Bin,10.9,11.0
Hawaii,1 wk ahead,percent,1.05822848993769e-11,Bin,11.0,11.1
Hawaii,1 wk ahead,percent,1.05822848993769e-11,Bin,11.1,11.2
Hawaii,1 wk ahead,percent,1.05822848993769e-11,Bin,11.2,11.3
Hawaii,1 wk ahead,percent,1.05822848993769e-11,Bin,11.3,11.4
Hawaii,1 wk ahead,percent,1.05822848993769e-11,Bin,11.4,11.5
Hawaii,1 wk ahead,percent,1.05822848993769e-11,Bin,11.5,11.6
Hawaii,1 wk ahead,percent,1.05822848993769e-11,Bin,11.6,11.7
Hawaii,1 wk ahead,percent,1.05822848993769e-11,Bin,11.7,11.8
Hawaii,1 wk ahead,percent,1.05822848993769e-11,Bin,11.8,11.9
Hawaii,1 wk ahead,percent,1.05822848993769e-11,Bin,11.9,12.0
Hawaii,1 wk ahead,percent,1.05822848993769e-11,Bin,12.0,12.1
Hawaii,1 wk ahead,percent,1.05822848993769e-11,Bin,12.1,12.2
Hawaii,1 wk ahead,percent,1.05822848993769e-11,Bin,12.2,12.3
Hawaii,1 wk ahead,percent,1.05822848993769e-11,Bin,12.3,12.4
Hawaii,1 wk ahead,percent,1.05822848993769e-11,Bin,12.4,12.5
Hawaii,1 wk ahead,percent,1.05822848993769e-11,Bin,12.5,12.6
Hawaii,1 wk ahead,percent,1.05822848993769e-11,Bin,12.6,12.7
Hawaii,1 wk ahead,percent,1.05822848993769e-11,Bin,12.7,12.8
Hawaii,1 wk ahead,percent,1.05822848993769e-11,Bin,12.8,12.9
Hawaii,1 wk ahead,percent,1.05822848993769e-11,Bin,12.9,13.0
Hawaii,1 wk ahead,percent,1.05822848993769e-11,Bin,13.0,100.0
Hawaii,2 wk ahead,percent,1.38669563103451e-10,Bin,0.0,0.1
Hawaii,2 wk ahead,percent,3.36871196064412e-10,Bin,0.1,0.2
Hawaii,2 wk ahead,percent,4.28990960914748e-10,Bin,0.2,0.3
Hawaii,2 wk ahead,percent,0.00200000038923908,Bin,0.3,0.4
Hawaii,2 wk ahead,percent,6.60649331634558e-10,Bin,0.4,0.5
Hawaii,2 wk ahead,percent,7.99311593085324e-10,Bin,0.5,0.6
Hawaii,2 wk ahead,percent,9.51194261665824e-10,Bin,0.6,0.7
Hawaii,2 wk ahead,percent,1.11368665571683e-09,Bin,0.7,0.8
Hawaii,2 wk ahead,percent,0.00200000113564099,Bin,0.8,0.9
Hawaii,2 wk ahead,percent,0.0040000011605353,Bin,0.9,1.0
Hawaii,2 wk ahead,percent,0.00200000147902347,Bin,1.0,1.1
Hawaii,2 wk ahead,percent,1.79074499516482e-09,Bin,1.1,1.2
Hawaii,2 wk ahead,percent,0.00200000179535126,Bin,1.2,1.3
Hawaii,2 wk ahead,percent,0.00200000193122701,Bin,1.3,1.4
Hawaii,2 wk ahead,percent,0.0160000010128332,Bin,1.4,1.5
Hawaii,2 wk ahead,percent,0.0100000015474119,Bin,1.5,1.6
Hawaii,2 wk ahead,percent,0.014000001317448,Bin,1.6,1.7
Hawaii,2 wk ahead,percent,0.0100000016508334,Bin,1.7,1.8
Hawaii,2 wk ahead,percent,0.0260000004798701,Bin,1.8,1.9
Hawaii,2 wk ahead,percent,0.0320000000206083,Bin,1.9,2.0
Hawaii,2 wk ahead,percent,0.0300000001272078,Bin,2.0,2.1
Hawaii,2 wk ahead,percent,0.0439999990301025,Bin,2.1,2.2
Hawaii,2 wk ahead,percent,0.0339999996861249,Bin,2.2,2.3
Hawaii,2 wk ahead,percent,0.0539999981115461,Bin,2.3,2.4
Hawaii,2 wk ahead,percent,0.0359999993314381,Bin,2.4,2.5
Hawaii,2 wk ahead,percent,0.037999999067048,Bin,2.5,2.6
Hawaii,2 wk ahead,percent,0.04599999835604,Bin,2.6,2.7
Hawaii,2 wk ahead,percent,0.0419999985312006,Bin,2.7,2.8
Hawaii,2 wk ahead,percent,0.0399999985620301,Bin,2.8,2.9
Hawaii,2 wk ahead,percent,0.0459999980082329,Bin,2.9,3.0
Hawaii,2 wk ahead,percent,0.0339999987917953,Bin,3.0,3.1
Hawaii,2 wk ahead,percent,0.0479999976651599,Bin,3.1,3.2
Hawaii,2 wk ahead,percent,0.0419999980256668,Bin,3.2,3.3
Hawaii,2 wk ahead,percent,0.0319999986918189,Bin,3.3,3.4
Hawaii,2 wk ahead,percent,0.0339999984814631,Bin,3.4,3.5
Hawaii,2 wk ahead,percent,0.0199999994608571,Bin,3.5,3.6
Hawaii,2 wk ahead,percent,0.0219999992654762,Bin,3.6,3.7
Hawaii,2 wk ahead,percent,0.00800000025640803,Bin,3.7,3.8
Hawaii,2 wk ahead,percent,0.0179999994782977,Bin,3.8,3.9
Hawaii,2 wk ahead,percent,0.0119999998832913,Bin,3.9,4.0
Hawaii,2 wk ahead,percent,0.0219999991074852,Bin,4.0,4.1
Hawaii,2 wk ahead,percent,0.00999999995636953,Bin,4.1,4.2
Hawaii,2 wk ahead,percent,0.0139999996241777,Bin,4.2,4.3
Hawaii,2 wk ahead,percent,0.0239999988500456,Bin,4.3,4.4
Hawaii,2 wk ahead,percent,0.0199999991119553,Bin,4.4,4.5
Hawaii,2 wk ahead,percent,0.0159999993775772,Bin,4.5,4.6
Hawaii,2 wk ahead,percent,0.00799999994373129,Bin,4.6,4.7
Hawaii,2 wk ahead,percent,0.00999999977791593,Bin,4.7,4.8
Hawaii,2 wk ahead,percent,0.0119999996193748,Bin,4.8,4.9
Hawaii,2 wk ahead,percent,0.00400000020677741,Bin,4.9,5.0
Hawaii,2 wk ahead,percent,0.00600000006289332,Bin,5.0,5.1
Hawaii,2 wk ahead,percent,0.0119999996296658,Bin,5.1,5.2
Hawaii,2 wk ahead,percent,0.00200000038217637,Bin,5.2,5.3
Hawaii,2 wk ahead,percent,0.00600000010301845,Bin,5.3,5.4
Hawaii,2 wk ahead,percent,0.00400000026653725,Bin,5.4,5.5
Hawaii,2 wk ahead,percent,0.00799999998415303,Bin,5.5,5.6
Hawaii,2 wk ahead,percent,0.00999999984430337,Bin,5.6,5.7
Hawaii,2 wk ahead,percent,5.83530690506372e-10,Bin,5.7,5.8
Hawaii,2 wk ahead,percent,5.76082578060967e-10,Bin,5.8,5.9
Hawaii,2 wk ahead,percent,5.59771252132329e-10,Bin,5.9,6.0
Hawaii,2 wk ahead,percent,5.34733391042231e-10,Bin,6.0,6.1
Hawaii,2 wk ahead,percent,5.01771844992298e-10,Bin,6.1,6.2
Hawaii,2 wk ahead,percent,0.00200000031454574,Bin,6.2,6.3
Hawaii,2 wk ahead,percent,0.00200000027014697,Bin,6.3,6.4
Hawaii,2 wk ahead,percent,3.70515213912544e-10,Bin,6.4,6.5
Hawaii,2 wk ahead,percent,0.00400000002688759,Bin,6.5,6.6
Hawaii,2 wk ahead,percent,2.74845418502431e-10,Bin,6.6,6.7
Hawaii,2 wk ahead,percent,2.29855202108476e-10,Bin,6.7,6.8
Hawaii,2 wk ahead,percent,1.88477477553576e-10,Bin,6.8,6.9
Hawaii,2 wk ahead,percent,0.00200000000384038,Bin,6.9,7.0
Hawaii,2 wk ahead,percent,1.19423564978671e-10,Bin,7.0,7.1
Hawaii,2 wk ahead,percent,9.22786804726934e-11,Bin,7.1,7.2
Hawaii,2 wk ahead,percent,6.99026177055512e-11,Bin,7.2,7.3
Hawaii,2 wk ahead,percent,5.19093374240682e-11,Bin,7.3,7.4
Hawaii,2 wk ahead,percent,3.77907983356375e-11,Bin,7.4,7.5
Hawaii,2 wk ahead,percent,2.69720595177449e-11,Bin,7.5,7.6
Hawaii,2 wk ahead,percent,1.88708544125599e-11,Bin,7.6,7.7
Hawaii,2 wk ahead,percent,1.29426257572137e-11,Bin,7.7,7.8
Hawaii,2 wk ahead,percent,8.70235843339218e-12,Bin,7.8,7.9
Hawaii,2 wk ahead,percent,6.38179890221495e-12,Bin,7.9,8.0
Hawaii,2 wk ahead,percent,6.28073904517773e-12,Bin,8.0,8.1
Hawaii,2 wk ahead,percent,6.28073904517779e-12,Bin,8.1,8.2
Hawaii,2 wk ahead,percent,6.28073904517779e-12,Bin,8.2,8.3
Hawaii,2 wk ahead,percent,6.28073904517779e-12,Bin,8.3,8.4
Hawaii,2 wk ahead,percent,6.28073904517779e-12,Bin,8.4,8.5
Hawaii,2 wk ahead,percent,6.28073904517779e-12,Bin,8.5,8.6
Hawaii,2 wk ahead,percent,6.28073904517779e-12,Bin,8.6,8.7
Hawaii,2 wk ahead,percent,6.28073904517779e-12,Bin,8.7,8.8
Hawaii,2 wk ahead,percent,6.28073904517779e-12,Bin,8.8,8.9
Hawaii,2 wk ahead,percent,6.28073904517779e-12,Bin,8.9,9.0
Hawaii,2 wk ahead,percent,6.28073904517779e-12,Bin,9.0,9.1
Hawaii,2 wk ahead,percent,6.28073904517779e-12,Bin,9.1,9.2
Hawaii,2 wk ahead,percent,6.28073904517779e-12,Bin,9.2,9.3
Hawaii,2 wk ahead,percent,6.28073904517779e-12,Bin,9.3,9.4
Hawaii,2 wk ahead,percent,6.28073904517779e-12,Bin,9.4,9.5
Hawaii,2 wk ahead,percent,6.28073904517779e-12,Bin,9.5,9.6
Hawaii,2 wk ahead,percent,6.28073904517779e-12,Bin,9.6,9.7
Hawaii,2 wk ahead,percent,6.28073904517779e-12,Bin,9.7,9.8
Hawaii,2 wk ahead,percent,6.28073904517779e-12,Bin,9.8,9.9
Hawaii,2 wk ahead,percent,6.28073904517779e-12,Bin,9.9,10.0
Hawaii,2 wk ahead,percent,6.28073904517779e-12,Bin,10.0,10.1
Hawaii,2 wk ahead,percent,6.28073904517779e-12,Bin,10.1,10.2
Hawaii,2 wk ahead,percent,6.28073904517779e-12,Bin,10.2,10.3
Hawaii,2 wk ahead,percent,6.28073904517779e-12,Bin,10.3,10.4
Hawaii,2 wk ahead,percent,6.28073904517779e-12,Bin,10.4,10.5
Hawaii,2 wk ahead,percent,6.28073904517779e-12,Bin,10.5,10.6
Hawaii,2 wk ahead,percent,6.28073904517779e-12,Bin,10.6,10.7
Hawaii,2 wk ahead,percent,6.28073904517779e-12,Bin,10.7,10.8
Hawaii,2 wk ahead,percent,6.28073904517779e-12,Bin,10.8,10.9
Hawaii,2 wk ahead,percent,6.28073904517779e-12,Bin,10.9,11.0
Hawaii,2 wk ahead,percent,6.28073904517779e-12,Bin,11.0,11.1
Hawaii,2 wk ahead,percent,6.28073904517779e-12,Bin,11.1,11.2
Hawaii,2 wk ahead,percent,6.28073904517779e-12,Bin,11.2,11.3
Hawaii,2 wk ahead,percent,6.28073904517779e-12,Bin,11.3,11.4
Hawaii,2 wk ahead,percent,6.28073904517779e-12,Bin,11.4,11.5
Hawaii,2 wk ahead,percent,6.28073904517779e-12,Bin,11.5,11.6
Hawaii,2 wk ahead,percent,6.28073904517779e-12,Bin,11.6,11.7
Hawaii,2 wk ahead,percent,6.28073904517779e-12,Bin,11.7,11.8
Hawaii,2 wk ahead,percent,6.28073904517779e-12,Bin,11.8,11.9
Hawaii,2 wk ahead,percent,6.28073904517779e-12,Bin,11.9,12.0
Hawaii,2 wk ahead,percent,6.28073904517779e-12,Bin,12.0,12.1
Hawaii,2 wk ahead,percent,6.28073904517779e-12,Bin,12.1,12.2
Hawaii,2 wk ahead,percent,6.28073904517779e-12,Bin,12.2,12.3
Hawaii,2 wk ahead,percent,6.28073904517779e-12,Bin,12.3,12.4
Hawaii,2 wk ahead,percent,6.28073904517779e-12,Bin,12.4,12.5
Hawaii,2 wk ahead,percent,6.28073904517779e-12,Bin,12.5,12.6
Hawaii,2 wk ahead,percent,6.28073904517779e-12,Bin,12.6,12.7
Hawaii,2 wk ahead,percent,6.28073904517779e-12,Bin,12.7,12.8
Hawaii,2 wk ahead,percent,6.28073904517779e-12,Bin,12.8,12.9
Hawaii,2 wk ahead,percent,6.28073904517779e-12,Bin,12.9,13.0
Hawaii,2 wk ahead,percent,6.28073904517779e-12,Bin,13.0,100.0
Hawaii,3 wk ahead,percent,5.53158217630472e-11,Bin,0.0,0.1
Hawaii,3 wk ahead,percent,1.58470641930643e-10,Bin,0.1,0.2
Hawaii,3 wk ahead,percent,2.46700667901353e-10,Bin,0.2,0.3
Hawaii,3 wk ahead,percent,3.72182222016747e-10,Bin,0.3,0.4
Hawaii,3 wk ahead,percent,5.442998544906e-10,Bin,0.4,0.5
Hawaii,3 wk ahead,percent,7.72120192843719e-10,Bin,0.5,0.6
Hawaii,3 wk ahead,percent,0.00599999980069132,Bin,0.6,0.7
Hawaii,3 wk ahead,percent,0.00600000015945645,Bin,0.7,0.8
Hawaii,3 wk ahead,percent,1.84918275667943e-09,Bin,0.8,0.9
Hawaii,3 wk ahead,percent,0.00200000192021534,Bin,0.9,1.0
Hawaii,3 wk ahead,percent,0.0080000012056961,Bin,1.0,1.1
Hawaii,3 wk ahead,percent,0.0100000013763841,Bin,1.1,1.2
Hawaii,3 wk ahead,percent,0.012000001575743,Bin,1.2,1.3
Hawaii,3 wk ahead,percent,0.0060000034710896,Bin,1.3,1.4
Hawaii,3 wk ahead,percent,0.0120000028388733,Bin,1.4,1.5
Hawaii,3 wk ahead,percent,0.0140000030314176,Bin,1.5,1.6
Hawaii,3 wk ahead,percent,0.0240000015109831,Bin,1.6,1.7
Hawaii,3 wk ahead,percent,0.0439999978441207,Bin,1.7,1.8
Hawaii,3 wk ahead,percent,0.0220000029583346,Bin,1.8,1.9
Hawaii,3 wk ahead,percent,0.0439999987428606,Bin,1.9,2.0
Hawaii,3 wk ahead,percent,0.0320000015908344,Bin,2.0,2.1
Hawaii,3 wk ahead,percent,0.0320000018035344,Bin,2.1,2.2
Hawaii,3 wk ahead,percent,0.0400000002029291,Bin,2.2,2.3
Hawaii,3 wk ahead,percent,0.0300000022446024,Bin,2.3,2.4
Hawaii,3 wk ahead,percent,0.0399999999258838,Bin,2.4,2.5
Hawaii,3 wk ahead,percent,0.0459999983009194,Bin,2.5,2.6
Hawaii,3 wk ahead,percent,0.0379999994908917,Bin,2.6,2.7
Hawaii,3 wk ahead,percent,0.028000001000546,Bin,2.7,2.8
Hawaii,3 wk ahead,percent,0.0280000003440007,Bin,2.8,2.9
Hawaii,3 wk ahead,percent,0.0240000005104478,Bin,2.9,3.0
Hawaii,3 wk ahead,percent,0.0200000007005676,Bin,3.0,3.1
Hawaii,3 wk ahead,percent,0.0319999975833568,Bin,3.1,3.2
Hawaii,3 wk ahead,percent,0.0299999974950514,Bin,3.2,3.3
Hawaii,3 wk ahead,percent,0.027999997500582,Bin,3.3,3.4
Hawaii,3 wk ahead,percent,0.0179999992802438,Bin,3.4,3.5
Hawaii,3 wk ahead,percent,0.0179999990324799,Bin,3.5,3.6
Hawaii,3 wk ahead,percent,0.0219999979983634,Bin,3.6,3.7
Hawaii,3 wk ahead,percent,0.0179999986788449,Bin,3.7,3.8
Hawaii,3 wk ahead,percent,0.0259999968442334,Bin,3.8,3.9
Hawaii,3 wk ahead,percent,0.017999998370146,Bin,3.9,4.0
Hawaii,3 wk ahead,percent,0.0219999973575745,Bin,4.0,4.1
Hawaii,3 wk ahead,percent,0.0199999975946564,Bin,4.1,4.2
Hawaii,3 wk ahead,percent,0.00999999951040211,Bin,4.2,4.3
Hawaii,3 wk ahead,percent,0.0159999980683542,Bin,4.3,4.4
Hawaii,3 wk ahead,percent,0.00400000043775518,Bin,4.4,4.5
Hawaii,3 wk ahead,percent,0.02399999611307,Bin,4.5,4.6
Hawaii,3 wk ahead,percent,0.0179999973091377,Bin,4.6,4.7
Hawaii,3 wk ahead,percent,0.00400000024473804,Bin,4.7,4.8
Hawaii,3 wk ahead,percent,0.00999999902821134,Bin,4.8,4.9
Hawaii,3 wk ahead,percent,0.00599999996475407,Bin,4.9,5.0
Hawaii,3 wk ahead,percent,0.00600000009573442,Bin,5.0,5.1
Hawaii,3 wk ahead,percent,0.0159999981410922,Bin,5.1,5.2
Hawaii,3 wk ahead,percent,0.0079999999720491,Bin,5.2,5.3
Hawaii,3 wk ahead,percent,0.00200000136024076,Bin,5.3,5.4
Hawaii,3 wk ahead,percent,0.00200000144628887,Bin,5.4,5.5
Hawaii,3 wk ahead,percent,0.00600000063799557,Bin,5.5,5.6
Hawaii,3 wk ahead,percent,0.0040000010328907,Bin,5.6,5.7
Hawaii,3 wk ahead,percent,0.00400000094801929,Bin,5.7,5.8
Hawaii,3 wk ahead,percent,0.00600000039043017,Bin,5.8,5.9
Hawaii,3 wk ahead,percent,0.00200000105534715,Bin,5.9,6.0
Hawaii,3 wk ahead,percent,0.00200000085378926,Bin,6.0,6.1
Hawaii,3 wk ahead,percent,0.00200000064311016,Bin,6.1,6.2
Hawaii,3 wk ahead,percent,8.5845476929488e-10,Bin,6.2,6.3
Hawaii,3 wk ahead,percent,6.6953236391867e-10,Bin,6.3,6.4
Hawaii,3 wk ahead,percent,0.00200000008393942,Bin,6.4,6.5
Hawaii,3 wk ahead,percent,3.67809224134405e-10,Bin,6.5,6.6
Hawaii,3 wk ahead,percent,2.59074127633258e-10,Bin,6.6,6.7
Hawaii,3 wk ahead,percent,1.76378708947965e-10,Bin,6.7,6.8
Hawaii,3 wk ahead,percent,0.00599999885362967,Bin,6.8,6.9
Hawaii,3 wk ahead,percent,0.00199999965301557,Bin,6.9,7.0
Hawaii,3 wk ahead,percent,0.00399999920376402,Bin,7.0,7.1
Hawaii,3 wk ahead,percent,2.70160204485581e-11,Bin,7.1,7.2
Hawaii,3 wk ahead,percent,0.00199999960045703,Bin,7.2,7.3
Hawaii,3 wk ahead,percent,2.12682493288743e-11,Bin,7.3,7.4
Hawaii,3 wk ahead,percent,0.00199999960045703,Bin,7.4,7.5
Hawaii,3 wk ahead,percent,0.00399999917964582,Bin,7.5,7.6
Hawaii,3 wk ahead,percent,2.12682493288743e-11,Bin,7.6,7.7
Hawaii,3 wk ahead,percent,2.12682493288743e-11,Bin,7.7,7.8
Hawaii,3 wk ahead,percent,2.12682493288743e-11,Bin,7.8,7.9
Hawaii,3 wk ahead,percent,2.12682493288743e-11,Bin,7.9,8.0
Hawaii,3 wk ahead,percent,2.12682493288744e-11,Bin,8.0,8.1
Hawaii,3 wk ahead,percent,2.12682493288746e-11,Bin,8.1,8.2
Hawaii,3 wk ahead,percent,0.00199999960045703,Bin,8.2,8.3
Hawaii,3 wk ahead,percent,2.12682493288746e-11,Bin,8.3,8.4
Hawaii,3 wk ahead,percent,0.00199999960045703,Bin,8.4,8.5
Hawaii,3 wk ahead,percent,2.12682493288746e-11,Bin,8.5,8.6
Hawaii,3 wk ahead,percent,2.12682493288746e-11,Bin,8.6,8.7
Hawaii,3 wk ahead,percent,2.12682493288746e-11,Bin,8.7,8.8
Hawaii,3 wk ahead,percent,2.12682493288746e-11,Bin,8.8,8.9
Hawaii,3 wk ahead,percent,2.12682493288746e-11,Bin,8.9,9.0
Hawaii,3 wk ahead,percent,2.12682493288746e-11,Bin,9.0,9.1
Hawaii,3 wk ahead,percent,2.12682493288746e-11,Bin,9.1,9.2
Hawaii,3 wk ahead,percent,2.12682493288746e-11,Bin,9.2,9.3
Hawaii,3 wk ahead,percent,2.12682493288746e-11,Bin,9.3,9.4
Hawaii,3 wk ahead,percent,2.12682493288746e-11,Bin,9.4,9.5
Hawaii,3 wk ahead,percent,2.12682493288746e-11,Bin,9.5,9.6
Hawaii,3 wk ahead,percent,0.00199999960045703,Bin,9.6,9.7
Hawaii,3 wk ahead,percent,2.12682493288746e-11,Bin,9.7,9.8
Hawaii,3 wk ahead,percent,2.12682493288746e-11,Bin,9.8,9.9
Hawaii,3 wk ahead,percent,2.12682493288746e-11,Bin,9.9,10.0
Hawaii,3 wk ahead,percent,2.12682493288746e-11,Bin,10.0,10.1
Hawaii,3 wk ahead,percent,2.12682493288746e-11,Bin,10.1,10.2
Hawaii,3 wk ahead,percent,2.12682493288746e-11,Bin,10.2,10.3
Hawaii,3 wk ahead,percent,2.12682493288746e-11,Bin,10.3,10.4
Hawaii,3 wk ahead,percent,2.12682493288746e-11,Bin,10.4,10.5
Hawaii,3 wk ahead,percent,2.12682493288746e-11,Bin,10.5,10.6
Hawaii,3 wk ahead,percent,2.12682493288746e-11,Bin,10.6,10.7
Hawaii,3 wk ahead,percent,2.12682493288746e-11,Bin,10.7,10.8
Hawaii,3 wk ahead,percent,2.12682493288746e-11,Bin,10.8,10.9
Hawaii,3 wk ahead,percent,2.12682493288746e-11,Bin,10.9,11.0
Hawaii,3 wk ahead,percent,2.12682493288746e-11,Bin,11.0,11.1
Hawaii,3 wk ahead,percent,2.12682493288746e-11,Bin,11.1,11.2
Hawaii,3 wk ahead,percent,2.12682493288746e-11,Bin,11.2,11.3
Hawaii,3 wk ahead,percent,2.12682493288746e-11,Bin,11.3,11.4
Hawaii,3 wk ahead,percent,2.12682493288746e-11,Bin,11.4,11.5
Hawaii,3 wk ahead,percent,2.12682493288746e-11,Bin,11.5,11.6
Hawaii,3 wk ahead,percent,2.12682493288746e-11,Bin,11.6,11.7
Hawaii,3 wk ahead,percent,2.12682493288746e-11,Bin,11.7,11.8
Hawaii,3 wk ahead,percent,2.12682493288746e-11,Bin,11.8,11.9
Hawaii,3 wk ahead,percent,2.12682493288746e-11,Bin,11.9,12.0
Hawaii,3 wk ahead,percent,2.12682493288746e-11,Bin,12.0,12.1
Hawaii,3 wk ahead,percent,2.12682493288746e-11,Bin,12.1,12.2
Hawaii,3 wk ahead,percent,2.12682493288746e-11,Bin,12.2,12.3
Hawaii,3 wk ahead,percent,2.12682493288746e-11,Bin,12.3,12.4
Hawaii,3 wk ahead,percent,2.12682493288746e-11,Bin,12.4,12.5
Hawaii,3 wk ahead,percent,2.12682493288746e-11,Bin,12.5,12.6
Hawaii,3 wk ahead,percent,2.12682493288746e-11,Bin,12.6,12.7
Hawaii,3 wk ahead,percent,2.12682493288746e-11,Bin,12.7,12.8
Hawaii,3 wk ahead,percent,2.12682493288746e-11,Bin,12.8,12.9
Hawaii,3 wk ahead,percent,2.12682493288746e-11,Bin,12.9,13.0
Hawaii,3 wk ahead,percent,2.12682493288746e-11,Bin,13.0,100.0
Hawaii,4 wk ahead,percent,2.83956490349559e-10,Bin,0.0,0.1
Hawaii,4 wk ahead,percent,7.01107444613547e-10,Bin,0.1,0.2
Hawaii,4 wk ahead,percent,0.00200000049225425,Bin,0.2,0.3
Hawaii,4 wk ahead,percent,1.16552188325756e-09,Bin,0.3,0.4
Hawaii,4 wk ahead,percent,0.00200000104498492,Bin,0.4,0.5
Hawaii,4 wk ahead,percent,0.00200000139054858,Bin,0.5,0.6
Hawaii,4 wk ahead,percent,0.00800000052268399,Bin,0.6,0.7
Hawaii,4 wk ahead,percent,0.00800000095608999,Bin,0.7,0.8
Hawaii,4 wk ahead,percent,0.0060000018459897,Bin,0.8,0.9
Hawaii,4 wk ahead,percent,0.00600000234520664,Bin,0.9,1.0
Hawaii,4 wk ahead,percent,0.0199999999257472,Bin,1.0,1.1
Hawaii,4 wk ahead,percent,0.0140000017091059,Bin,1.1,1.2
Hawaii,4 wk ahead,percent,0.014000002226346,Bin,1.2,1.3
Hawaii,4 wk ahead,percent,0.0359999981057935,Bin,1.3,1.4
Hawaii,4 wk ahead,percent,0.0180000023411282,Bin,1.4,1.5
Hawaii,4 wk ahead,percent,0.0319999998115704,Bin,1.5,1.6
Hawaii,4 wk ahead,percent,0.0280000009953634,Bin,1.6,1.7
Hawaii,4 wk ahead,percent,0.0260000016862512,Bin,1.7,1.8
Hawaii,4 wk ahead,percent,0.0439999981004503,Bin,1.8,1.9
Hawaii,4 wk ahead,percent,0.0419999986274645,Bin,1.9,2.0
Hawaii,4 wk ahead,percent,0.0439999982323852,Bin,2.0,2.1
Hawaii,4 wk ahead,percent,0.0419999985978011,Bin,2.1,2.2
Hawaii,4 wk ahead,percent,0.0300000009902779,Bin,2.2,2.3
Hawaii,4 wk ahead,percent,0.0339999999644881,Bin,2.3,2.4
Hawaii,4 wk ahead,percent,0.0379999988886926,Bin,2.4,2.5
Hawaii,4 wk ahead,percent,0.0240000015511724,Bin,2.5,2.6
Hawaii,4 wk ahead,percent,0.0399999978916611,Bin,2.6,2.7
Hawaii,4 wk ahead,percent,0.0319999992493743,Bin,2.7,2.8
Hawaii,4 wk ahead,percent,0.0100000035333132,Bin,2.8,2.9
Hawaii,4 wk ahead,percent,0.0399999969006116,Bin,2.9,3.0
Hawaii,4 wk ahead,percent,0.0220000003354788,Bin,3.0,3.1
Hawaii,4 wk ahead,percent,0.0279999987324971,Bin,3.1,3.2
Hawaii,4 wk ahead,percent,0.0120000017434411,Bin,3.2,3.3
Hawaii,4 wk ahead,percent,0.0219999992974179,Bin,3.3,3.4
Hawaii,4 wk ahead,percent,0.0279999976896018,Bin,3.4,3.5
Hawaii,4 wk ahead,percent,0.0219999986003291,Bin,3.5,3.6
Hawaii,4 wk ahead,percent,0.0159999995149717,Bin,3.6,3.7
Hawaii,4 wk ahead,percent,0.0120000000183791,Bin,3.7,3.8
Hawaii,4 wk ahead,percent,0.0159999988572212,Bin,3.8,3.9
Hawaii,4 wk ahead,percent,0.0119999993946826,Bin,3.9,4.0
Hawaii,4 wk ahead,percent,0.015999998280049,Bin,4.0,4.1
Hawaii,4 wk ahead,percent,0.0020000009743262,Bin,4.1,4.2
Hawaii,4 wk ahead,percent,0.0179999974113418,Bin,4.2,4.3
Hawaii,4 wk ahead,percent,0.00599999976387314,Bin,4.3,4.4
Hawaii,4 wk ahead,percent,0.00599999964135056,Bin,4.4,4.5
Hawaii,4 wk ahead,percent,0.00799999914212604,Bin,4.5,4.6
Hawaii,4 wk ahead,percent,0.00799999910386325,Bin,4.6,4.7
Hawaii,4 wk ahead,percent,0.00999999868399984,Bin,4.7,4.8
Hawaii,4 wk ahead,percent,0.00399999997574862,Bin,4.8,4.9
Hawaii,4 wk ahead,percent,0.00799999919607236,Bin,4.9,5.0
Hawaii,4 wk ahead,percent,0.00400000011413356,Bin,5.0,5.1
Hawaii,4 wk ahead,percent,0.00799999936464787,Bin,5.1,5.2
Hawaii,4 wk ahead,percent,0.00400000029599538,Bin,5.2,5.3
Hawaii,4 wk ahead,percent,0.00799999954271171,Bin,5.3,5.4
Hawaii,4 wk ahead,percent,0.00799999961477411,Bin,5.4,5.5
Hawaii,4 wk ahead,percent,0.00600000008605938,Bin,5.5,5.6
Hawaii,4 wk ahead,percent,0.00600000011247464,Bin,5.6,5.7
Hawaii,4 wk ahead,percent,0.00400000053041261,Bin,5.7,5.8
Hawaii,4 wk ahead,percent,0.00400000050000087,Bin,5.8,5.9
Hawaii,4 wk ahead,percent,0.00200000086196018,Bin,5.9,6.0
Hawaii,4 wk ahead,percent,0.00400000036073396,Bin,6.0,6.1
Hawaii,4 wk ahead,percent,1.09925591172604e-09,Bin,6.1,6.2
Hawaii,4 wk ahead,percent,0.00200000056548426,Bin,6.2,6.3
Hawaii,4 wk ahead,percent,0.00200000044397802,Bin,6.3,6.4
Hawaii,4 wk ahead,percent,0.00399999990133607,Bin,6.4,6.5
Hawaii,4 wk ahead,percent,6.2125768884809e-10,Bin,6.5,6.6
Hawaii,4 wk ahead,percent,0.00200000009015081,Bin,6.6,6.7
Hawaii,4 wk ahead,percent,0.00199999998955319,Bin,6.7,6.8
Hawaii,4 wk ahead,percent,0.00199999990164649,Bin,6.8,6.9
Hawaii,4 wk ahead,percent,2.46735935195528e-10,Bin,6.9,7.0
Hawaii,4 wk ahead,percent,1.85363802593706e-10,Bin,7.0,7.1
Hawaii,4 wk ahead,percent,1.36221260231892e-10,Bin,7.1,7.2
Hawaii,4 wk ahead,percent,9.79122350400014e-11,Bin,7.2,7.3
Hawaii,4 wk ahead,percent,0.00199999964921906,Bin,7.3,7.4
Hawaii,4 wk ahead,percent,4.73534845845769e-11,Bin,7.4,7.5
Hawaii,4 wk ahead,percent,3.18585455545864e-11,Bin,7.5,7.6
Hawaii,4 wk ahead,percent,0.00199999960133692,Bin,7.6,7.7
Hawaii,4 wk ahead,percent,1.55345169699944e-11,Bin,7.7,7.8
Hawaii,4 wk ahead,percent,1.54088682927444e-11,Bin,7.8,7.9
Hawaii,4 wk ahead,percent,1.54088682927444e-11,Bin,7.9,8.0
Hawaii,4 wk ahead,percent,0.00199999959578034,Bin,8.0,8.1
Hawaii,4 wk ahead,percent,1.54088682927446e-11,Bin,8.1,8.2
Hawaii,4 wk ahead,percent,1.54088682927446e-11,Bin,8.2,8.3
Hawaii,4 wk ahead,percent,1.54088682927446e-11,Bin,8.3,8.4
Hawaii,4 wk ahead,percent,1.54088682927446e-11,Bin,8.4,8.5
Hawaii,4 wk ahead,percent,0.00199999959578034,Bin,8.5,8.6
Hawaii,4 wk ahead,percent,1.54088682927446e-11,Bin,8.6,8.7
Hawaii,4 wk ahead,percent,0.00199999959578034,Bin,8.7,8.8
Hawaii,4 wk ahead,percent,1.54088682927446e-11,Bin,8.8,8.9
Hawaii,4 wk ahead,percent,1.54088682927446e-11,Bin,8.9,9.0
Hawaii,4 wk ahead,percent,1.54088682927446e-11,Bin,9.0,9.1
Hawaii,4 wk ahead,percent,1.54088682927446e-11,Bin,9.1,9.2
Hawaii,4 wk ahead,percent,1.54088682927446e-11,Bin,9.2,9.3
Hawaii,4 wk ahead,percent,1.54088682927446e-11,Bin,9.3,9.4
Hawaii,4 wk ahead,percent,1.54088682927446e-11,Bin,9.4,9.5
Hawaii,4 wk ahead,percent,1.54088682927446e-11,Bin,9.5,9.6
Hawaii,4 wk ahead,percent,1.54088682927446e-11,Bin,9.6,9.7
Hawaii,4 wk ahead,percent,1.54088682927446e-11,Bin,9.7,9.8
Hawaii,4 wk ahead,percent,1.54088682927446e-11,Bin,9.8,9.9
Hawaii,4 wk ahead,percent,1.54088682927446e-11,Bin,9.9,10.0
Hawaii,4 wk ahead,percent,1.54088682927446e-11,Bin,10.0,10.1
Hawaii,4 wk ahead,percent,1.54088682927446e-11,Bin,10.1,10.2
Hawaii,4 wk ahead,percent,1.54088682927446e-11,Bin,10.2,10.3
Hawaii,4 wk ahead,percent,1.54088682927446e-11,Bin,10.3,10.4
Hawaii,4 wk ahead,percent,1.54088682927446e-11,Bin,10.4,10.5
Hawaii,4 wk ahead,percent,1.54088682927446e-11,Bin,10.5,10.6
Hawaii,4 wk ahead,percent,1.54088682927446e-11,Bin,10.6,10.7
Hawaii,4 wk ahead,percent,1.54088682927446e-11,Bin,10.7,10.8
Hawaii,4 wk ahead,percent,1.54088682927446e-11,Bin,10.8,10.9
Hawaii,4 wk ahead,percent,1.54088682927446e-11,Bin,10.9,11.0
Hawaii,4 wk ahead,percent,1.54088682927446e-11,Bin,11.0,11.1
Hawaii,4 wk ahead,percent,1.54088682927446e-11,Bin,11.1,11.2
Hawaii,4 wk ahead,percent,1.54088682927446e-11,Bin,11.2,11.3
Hawaii,4 wk ahead,percent,1.54088682927446e-11,Bin,11.3,11.4
Hawaii,4 wk ahead,percent,1.54088682927446e-11,Bin,11.4,11.5
Hawaii,4 wk ahead,percent,1.54088682927446e-11,Bin,11.5,11.6
Hawaii,4 wk ahead,percent,1.54088682927446e-11,Bin,11.6,11.7
Hawaii,4 wk ahead,percent,1.54088682927446e-11,Bin,11.7,11.8
Hawaii,4 wk ahead,percent,1.54088682927446e-11,Bin,11.8,11.9
Hawaii,4 wk ahead,percent,1.54088682927446e-11,Bin,11.9,12.0
Hawaii,4 wk ahead,percent,1.54088682927446e-11,Bin,12.0,12.1
Hawaii,4 wk ahead,percent,1.54088682927446e-11,Bin,12.1,12.2
Hawaii,4 wk ahead,percent,1.54088682927446e-11,Bin,12.2,12.3
Hawaii,4 wk ahead,percent,1.54088682927446e-11,Bin,12.3,12.4
Hawaii,4 wk ahead,percent,1.54088682927446e-11,Bin,12.4,12.5
Hawaii,4 wk ahead,percent,1.54088682927446e-11,Bin,12.5,12.6
Hawaii,4 wk ahead,percent,1.54088682927446e-11,Bin,12.6,12.7
Hawaii,4 wk ahead,percent,1.54088682927446e-11,Bin,12.7,12.8
Hawaii,4 wk ahead,percent,1.54088682927446e-11,Bin,12.8,12.9
Hawaii,4 wk ahead,percent,1.54088682927446e-11,Bin,12.9,13.0
Hawaii,4 wk ahead,percent,1.54088682927446e-11,Bin,13.0,100.0
Hawaii,Season peak percentage,percent,2.85343416484367e-13,Bin,0.0,0.1
Hawaii,Season peak percentage,percent,6.25832281934426e-13,Bin,0.1,0.2
Hawaii,Season peak percentage,percent,7.05378439306834e-13,Bin,0.2,0.3
Hawaii,Season peak percentage,percent,7.92254337568741e-13,Bin,0.3,0.4
Hawaii,Season peak percentage,percent,8.86943323920793e-13,Bin,0.4,0.5
Hawaii,Season peak percentage,percent,9.89646486983135e-13,Bin,0.5,0.6
Hawaii,Season peak percentage,percent,1.10067019384039e-12,Bin,0.6,0.7
Hawaii,Season peak percentage,percent,1.22033264196927e-12,Bin,0.7,0.8
Hawaii,Season peak percentage,percent,1.3486965209041e-12,Bin,0.8,0.9
Hawaii,Season peak percentage,percent,1.48616752133205e-12,Bin,0.9,1.0
Hawaii,Season peak percentage,percent,1.6326686407312e-12,Bin,1.0,1.1
Hawaii,Season peak percentage,percent,1.7884740607071e-12,Bin,1.1,1.2
Hawaii,Season peak percentage,percent,1.95354344867649e-12,Bin,1.2,1.3
Hawaii,Season peak percentage,percent,2.12797645186435e-12,Bin,1.3,1.4
Hawaii,Season peak percentage,percent,2.31175260103138e-12,Bin,1.4,1.5
Hawaii,Season peak percentage,percent,2.50481604000538e-12,Bin,1.5,1.6
Hawaii,Season peak percentage,percent,2.70717840521362e-12,Bin,1.6,1.7
Hawaii,Season peak percentage,percent,2.91860014468017e-12,Bin,1.7,1.8
Hawaii,Season peak percentage,percent,3.1391771416456e-12,Bin,1.8,1.9
Hawaii,Season peak percentage,percent,3.36850767756357e-12,Bin,1.9,2.0
Hawaii,Season peak percentage,percent,3.60661705782489e-12,Bin,2.0,2.1
Hawaii,Season peak percentage,percent,3.85314062532918e-12,Bin,2.1,2.2
Hawaii,Season peak percentage,percent,4.10791771010362e-12,Bin,2.2,2.3
Hawaii,Season peak percentage,percent,4.37066554105328e-12,Bin,2.3,2.4
Hawaii,Season peak percentage,percent,4.64101979115001e-12,Bin,2.4,2.5
Hawaii,Season peak percentage,percent,4.91873044400705e-12,Bin,2.5,2.6
Hawaii,Season peak percentage,percent,5.2032771111441e-12,Bin,2.6,2.7
Hawaii,Season peak percentage,percent,5.49436503258153e-12,Bin,2.7,2.8
Hawaii,Season peak percentage,percent,5.79135481257757e-12,Bin,2.8,2.9
Hawaii,Season peak percentage,percent,6.0937904164829e-12,Bin,2.9,3.0
Hawaii,Season peak percentage,percent,6.40096566636077e-12,Bin,3.0,3.1
Hawaii,Season peak percentage,percent,6.71222751639799e-12,Bin,3.1,3.2
Hawaii,Season peak percentage,percent,7.02677202684062e-12,Bin,3.2,3.3
Hawaii,Season peak percentage,percent,7.34374020432881e-12,Bin,3.3,3.4
Hawaii,Season peak percentage,percent,7.66220782111595e-12,Bin,3.4,3.5
Hawaii,Season peak percentage,percent,7.98113356679638e-12,Bin,3.5,3.6
Hawaii,Season peak percentage,percent,8.29942787202703e-12,Bin,3.6,3.7
Hawaii,Season peak percentage,percent,8.61591796177413e-12,Bin,3.7,3.8
Hawaii,Season peak percentage,percent,8.92938237626278e-12,Bin,3.8,3.9
Hawaii,Season peak percentage,percent,9.2384949346067e-12,Bin,3.9,4.0
Hawaii,Season peak percentage,percent,9.54202763264114e-12,Bin,4.0,4.1
Hawaii,Season peak percentage,percent,9.83852556472702e-12,Bin,4.1,4.2
Hawaii,Season peak percentage,percent,1.01267502015501e-11,Bin,4.2,4.3
Hawaii,Season peak percentage,percent,1.04053567726345e-11,Bin,4.3,4.4
Hawaii,Season peak percentage,percent,1.06729446749943e-11,Bin,4.4,4.5
Hawaii,Season peak percentage,percent,1.09285313151925e-11,Bin,4.5,4.6
Hawaii,Season peak percentage,percent,1.11706676348298e-11,Bin,4.6,4.7
Hawaii,Season peak percentage,percent,1.13986000022491e-11,Bin,4.7,4.8
Hawaii,Season peak percentage,percent,1.16112073723674e-11,Bin,4.8,4.9
Hawaii,Season peak percentage,percent,1.18077650278592e-11,Bin,4.9,5.0
Hawaii,Season peak percentage,percent,1.19876673166492e-11,Bin,5.0,5.1
Hawaii,Season peak percentage,percent,1.21502444306334e-11,Bin,5.1,5.2
Hawaii,Season peak percentage,percent,1.22953875975976e-11,Bin,5.2,5.3
Hawaii,Season peak percentage,percent,1.24225535431335e-11,Bin,5.3,5.4
Hawaii,Season peak percentage,percent,1.25320452886299e-11,Bin,5.4,5.5
Hawaii,Season peak percentage,percent,1.26235683442036e-11,Bin,5.5,5.6
Hawaii,Season peak percentage,percent,1.2697631408152e-11,Bin,5.6,5.7
Hawaii,Season peak percentage,percent,1.27542777456229e-11,Bin,5.7,5.8
Hawaii,Season peak percentage,percent,1.27940069690234e-11,Bin,5.8,5.9
Hawaii,Season peak percentage,percent,1.28172259281255e-11,Bin,5.9,6.0
Hawaii,Season peak percentage,percent,1.28242600927999e-11,Bin,6.0,6.1
Hawaii,Season peak percentage,percent,1.28158358254765e-11,Bin,6.1,6.2
Hawaii,Season peak percentage,percent,1.27920384927819e-11,Bin,6.2,6.3
Hawaii,Season peak percentage,percent,1.2753676162795e-11,Bin,6.3,6.4
Hawaii,Season peak percentage,percent,1.27007807416968e-11,Bin,6.4,6.5
Hawaii,Season peak percentage,percent,1.2633896044818e-11,Bin,6.5,6.6
Hawaii,Season peak percentage,percent,1.25531252118046e-11,Bin,6.6,6.7
Hawaii,Season peak percentage,percent,1.24586531406465e-11,Bin,6.7,6.8
Hawaii,Season peak percentage,percent,1.23505740946102e-11,Bin,6.8,6.9
Hawaii,Season peak percentage,percent,1.22287928566216e-11,Bin,6.9,7.0
Hawaii,Season peak percentage,percent,1.20933962581571e-11,Bin,7.0,7.1
Hawaii,Season peak percentage,percent,1.1944012361342e-11,Bin,7.1,7.2
Hawaii,Season peak percentage,percent,1.17807891937259e-11,Bin,7.2,7.3
Hawaii,Season peak percentage,percent,1.16032473773415e-11,Bin,7.3,7.4
Hawaii,Season peak percentage,percent,1.14115012990987e-11,Bin,7.4,7.5
Hawaii,Season peak percentage,percent,1.12053090118941e-11,Bin,7.5,7.6
Hawaii,Season peak percentage,percent,1.09845873727015e-11,Bin,7.6,7.7
Hawaii,Season peak percentage,percent,1.07495732777973e-11,Bin,7.7,7.8
Hawaii,Season peak percentage,percent,1.05001610858968e-11,Bin,7.8,7.9
Hawaii,Season peak percentage,percent,1.02369104754686e-11,Bin,7.9,8.0
Hawaii,Season peak percentage,percent,9.96010527231411e-12,Bin,8.0,8.1
Hawaii,Season peak percentage,percent,9.67039535980968e-12,Bin,8.1,8.2
Hawaii,Season peak percentage,percent,9.36871949795804e-12,Bin,8.2,8.3
Hawaii,Season peak percentage,percent,9.05587684982135e-12,Bin,8.3,8.4
Hawaii,Season peak percentage,percent,8.73324148114818e-12,Bin,8.4,8.5
Hawaii,Season peak percentage,percent,8.40202809919209e-12,Bin,8.5,8.6
Hawaii,Season peak percentage,percent,8.0638067408546e-12,Bin,8.6,8.7
Hawaii,Season peak percentage,percent,7.72026547796109e-12,Bin,8.7,8.8
Hawaii,Season peak percentage,percent,7.37314888764565e-12,Bin,8.8,8.9
Hawaii,Season peak percentage,percent,7.02439869255145e-12,Bin,8.9,9.0
Hawaii,Season peak percentage,percent,6.67598646324373e-12,Bin,9.0,9.1
Hawaii,Season peak percentage,percent,0.987999999124915,Bin,9.1,9.2
Hawaii,Season peak percentage,percent,5.98827003611293e-12,Bin,9.2,9.3
Hawaii,Season peak percentage,percent,5.65303896221279e-12,Bin,9.3,9.4
Hawaii,Season peak percentage,percent,5.32620825315043e-12,Bin,9.4,9.5
Hawaii,Season peak percentage,percent,5.00972124578475e-12,Bin,9.5,9.6
Hawaii,Season peak percentage,percent,0.00400000000113678,Bin,9.6,9.7
Hawaii,Season peak percentage,percent,4.41473189355571e-12,Bin,9.7,9.8
Hawaii,Season peak percentage,percent,4.13930407808131e-12,Bin,9.8,9.9
Hawaii,Season peak percentage,percent,0.00200000000209649,Bin,9.9,10.0
Hawaii,Season peak percentage,percent,3.63976646591673e-12,Bin,10.0,10.1
Hawaii,Season peak percentage,percent,3.41763771498375e-12,Bin,10.1,10.2
Hawaii,Season peak percentage,percent,3.21492691114579e-12,Bin,10.2,10.3
Hawaii,Season peak percentage,percent,3.03212240305253e-12,Bin,10.3,10.4
Hawaii,Season peak percentage,percent,2.86966285911509e-12,Bin,10.4,10.5
Hawaii,Season peak percentage,percent,2.72732717321759e-12,Bin,10.5,10.6
Hawaii,Season peak percentage,percent,2.60532103156235e-12,Bin,10.6,10.7
Hawaii,Season peak percentage,percent,2.5028632173077e-12,Bin,10.7,10.8
Hawaii,Season peak percentage,percent,2.41977641297338e-12,Bin,10.8,10.9
Hawaii,Season peak percentage,percent,2.35492654811343e-12,Bin,10.9,11.0
Hawaii,Season peak percentage,percent,2.30762393334149e-12,Bin,11.0,11.1
Hawaii,Season peak percentage,percent,2.27658052181973e-12,Bin,11.1,11.2
Hawaii,Season peak percentage,percent,2.26059970553376e-12,Bin,11.2,11.3
Hawaii,Season peak percentage,percent,2.25834729128977e-12,Bin,11.3,11.4
Hawaii,Season peak percentage,percent,2.26816712116003e-12,Bin,11.4,11.5
Hawaii,Season peak percentage,percent,2.28871805223405e-12,Bin,11.5,11.6
Hawaii,Season peak percentage,percent,0.00200000000053387,Bin,11.6,11.7
Hawaii,Season peak percentage,percent,2.35484329138824e-12,Bin,11.7,11.8
Hawaii,Season peak percentage,percent,2.39711132237977e-12,Bin,11.8,11.9
Hawaii,Season peak percentage,percent,2.44322243424965e-12,Bin,11.9,12.0
Hawaii,Season peak percentage,percent,2.49152193930669e-12,Bin,12.0,12.1
Hawaii,Season peak percentage,percent,0.00200000000075611,Bin,12.1,12.2
Hawaii,Season peak percentage,percent,2.58815778809724e-12,Bin,12.2,12.3
Hawaii,Season peak percentage,percent,2.63342989068099e-12,Bin,12.3,12.4
Hawaii,Season peak percentage,percent,2.67485288075137e-12,Bin,12.4,12.5
Hawaii,Season peak percentage,percent,2.71104425972403e-12,Bin,12.5,12.6
Hawaii,Season peak percentage,percent,2.74102591176801e-12,Bin,12.6,12.7
Hawaii,Season peak percentage,percent,2.76367925379619e-12,Bin,12.7,12.8
Hawaii,Season peak percentage,percent,2.77827086511929e-12,Bin,12.8,12.9
Hawaii,Season peak percentage,percent,0.00200000000099987,Bin,12.9,13.0
Hawaii,Season peak percentage,percent,4.45779497692102e-11,Bin,13.0,100.0
Hawaii,Season peak week,week,1.7199359105749e-05,Bin,40.0,41.0
Hawaii,Season peak week,week,1.7199359105749e-05,Bin,41.0,42.0
Hawaii,Season peak week,week,1.7199359105749e-05,Bin,42.0,43.0
Hawaii,Season peak week,week,1.7199359105749e-05,Bin,43.0,44.0
Hawaii,Season peak week,week,1.7199359105749e-05,Bin,44.0,45.0
Hawaii,Season peak week,week,1.7199359105749e-05,Bin,45.0,46.0
Hawaii,Season peak week,week,1.91199703710441e-05,Bin,46.0,47.0
Hawaii,Season peak week,week,4.51667141819555e-05,Bin,47.0,48.0
Hawaii,Season peak week,week,0.000110129156430966,Bin,48.0,49.0
Hawaii,Season peak week,week,0.000241416868032611,Bin,49.0,50.0
Hawaii,Season peak week,week,0.000476456446937647,Bin,50.0,51.0
Hawaii,Season peak week,week,0.000847877613305735,Bin,51.0,52.0
Hawaii,Season peak week,week,0.939519741403415,Bin,52.0,53.0
Hawaii,Season peak week,week,0.00199113565192987,Bin,1.0,2.0
Hawaii,Season peak week,week,0.00265115175225469,Bin,2.0,3.0
Hawaii,Season peak week,week,0.0032435681031427,Bin,3.0,4.0
Hawaii,Season peak week,week,0.0036820031484509,Bin,4.0,5.0
Hawaii,Season peak week,week,0.00392452409693157,Bin,5.0,6.0
Hawaii,Season peak week,week,0.00398059101291064,Bin,6.0,7.0
Hawaii,Season peak week,week,0.00389464651979557,Bin,7.0,8.0
Hawaii,Season peak week,week,0.00372386860343688,Bin,8.0,9.0
Hawaii,Season peak week,week,0.00352346518771202,Bin,9.0,10.0
Hawaii,Season peak week,week,0.00334041003801089,Bin,10.0,11.0
Hawaii,Season peak week,week,0.00320610248731093,Bin,11.0,12.0
Hawaii,Season peak week,week,0.00312458655408157,Bin,12.0,13.0
Hawaii,Season peak week,week,0.00306443042488177,Bin,13.0,14.0
Hawaii,Season peak week,week,0.00296642799333728,Bin,14.0,15.0
Hawaii,Season peak week,week,0.00276958142610056,Bin,15.0,16.0
Hawaii,Season peak week,week,0.00244284745339268,Bin,16.0,17.0
Hawaii,Season peak week,week,0.00200378021148501,Bin,17.0,18.0
Hawaii,Season peak week,week,0.00151179078977213,Bin,18.0,19.0
Hawaii,Season peak week,week,0.00104133399803761,Bin,19.0,20.0
Hawaii,Season peak week,week,0.00255065021971535,Bin,20.0,21.0
Idaho,1 wk ahead,percent,4.36058283766593e-10,Bin,0.0,0.1
Idaho,1 wk ahead,percent,0.0599999968754697,Bin,0.1,0.2
Idaho,1 wk ahead,percent,0.0719999962400047,Bin,0.2,0.3
Idaho,1 wk ahead,percent,0.179999989002181,Bin,0.3,0.4
Idaho,1 wk ahead,percent,0.255999983974574,Bin,0.4,0.5
Idaho,1 wk ahead,percent,0.175999989694663,Bin,0.5,0.6
Idaho,1 wk ahead,percent,0.103999994865057,Bin,0.6,0.7
Idaho,1 wk ahead,percent,0.051999998656349,Bin,0.7,0.8
Idaho,1 wk ahead,percent,0.0419999995491813,Bin,0.8,0.9
Idaho,1 wk ahead,percent,0.0200000012565745,Bin,0.9,1.0
Idaho,1 wk ahead,percent,2.80622248999755e-09,Bin,1.0,1.1
Idaho,1 wk ahead,percent,0.0040000026731992,Bin,1.1,1.2
Idaho,1 wk ahead,percent,0.00800000250021961,Bin,1.2,1.3
Idaho,1 wk ahead,percent,0.0120000022782241,Bin,1.3,1.4
Idaho,1 wk ahead,percent,3.10301607521555e-09,Bin,1.4,1.5
Idaho,1 wk ahead,percent,3.04447197169031e-09,Bin,1.5,1.6
Idaho,1 wk ahead,percent,0.0100000022436537,Bin,1.6,1.7
Idaho,1 wk ahead,percent,2.77476115265529e-09,Bin,1.7,1.8
Idaho,1 wk ahead,percent,2.58338150306589e-09,Bin,1.8,1.9
Idaho,1 wk ahead,percent,2.37168624925922e-09,Bin,1.9,2.0
Idaho,1 wk ahead,percent,2.15306308842035e-09,Bin,2.0,2.1
Idaho,1 wk ahead,percent,1.93917863182497e-09,Bin,2.1,2.2
Idaho,1 wk ahead,percent,1.73903709503735e-09,Bin,2.2,2.3
Idaho,1 wk ahead,percent,1.55871562438514e-09,Bin,2.3,2.4
Idaho,1 wk ahead,percent,1.4016367506179e-09,Bin,2.4,2.5
Idaho,1 wk ahead,percent,1.26916568785923e-09,Bin,2.5,2.6
Idaho,1 wk ahead,percent,0.00400000088558082,Bin,2.6,2.7
Idaho,1 wk ahead,percent,1.07594565661827e-09,Bin,2.7,2.8
Idaho,1 wk ahead,percent,1.01121313659432e-09,Bin,2.8,2.9
Idaho,1 wk ahead,percent,9.63182541171047e-10,Bin,2.9,3.0
Idaho,1 wk ahead,percent,9.27014190484244e-10,Bin,3.0,3.1
Idaho,1 wk ahead,percent,8.97057807525232e-10,Bin,3.1,3.2
Idaho,1 wk ahead,percent,8.67361986128252e-10,Bin,3.2,3.3
Idaho,1 wk ahead,percent,8.32468533518849e-10,Bin,3.3,3.4
Idaho,1 wk ahead,percent,7.88202295141611e-10,Bin,3.4,3.5
Idaho,1 wk ahead,percent,7.32327787655365e-10,Bin,3.5,3.6
Idaho,1 wk ahead,percent,6.64834892253783e-10,Bin,3.6,3.7
Idaho,1 wk ahead,percent,5.8778431530771e-10,Bin,3.7,3.8
Idaho,1 wk ahead,percent,5.04838522230708e-10,Bin,3.8,3.9
Idaho,1 wk ahead,percent,4.2046478434415e-10,Bin,3.9,4.0
Idaho,1 wk ahead,percent,3.39147981063309e-10,Bin,4.0,4.1
Idaho,1 wk ahead,percent,2.64680713415495e-10,Bin,4.1,4.2
Idaho,1 wk ahead,percent,1.99737949326992e-10,Bin,4.2,4.3
Idaho,1 wk ahead,percent,1.45676910537043e-10,Bin,4.3,4.4
Idaho,1 wk ahead,percent,1.02654422295638e-10,Bin,4.4,4.5
Idaho,1 wk ahead,percent,6.98757155754566e-11,Bin,4.5,4.6
Idaho,1 wk ahead,percent,4.59379374233253e-11,Bin,4.6,4.7
Idaho,1 wk ahead,percent,2.91634150272933e-11,Bin,4.7,4.8
Idaho,1 wk ahead,percent,1.78797709870875e-11,Bin,4.8,4.9
Idaho,1 wk ahead,percent,1.05835861696932e-11,Bin,4.9,5.0
Idaho,1 wk ahead,percent,7.7411862024616e-12,Bin,5.0,5.1
Idaho,1 wk ahead,percent,7.73621520162811e-12,Bin,5.1,5.2
Idaho,1 wk ahead,percent,7.73621520162811e-12,Bin,5.2,5.3
Idaho,1 wk ahead,percent,7.73621520162811e-12,Bin,5.3,5.4
Idaho,1 wk ahead,percent,7.73621520162811e-12,Bin,5.4,5.5
Idaho,1 wk ahead,percent,7.73621520162811e-12,Bin,5.5,5.6
Idaho,1 wk ahead,percent,7.73621520162811e-12,Bin,5.6,5.7
Idaho,1 wk ahead,percent,7.73621520162811e-12,Bin,5.7,5.8
Idaho,1 wk ahead,percent,7.73621520162811e-12,Bin,5.8,5.9
Idaho,1 wk ahead,percent,7.73621520162811e-12,Bin,5.9,6.0
Idaho,1 wk ahead,percent,7.73621520162811e-12,Bin,6.0,6.1
Idaho,1 wk ahead,percent,7.73621520162811e-12,Bin,6.1,6.2
Idaho,1 wk ahead,percent,7.73621520162811e-12,Bin,6.2,6.3
Idaho,1 wk ahead,percent,7.73621520162811e-12,Bin,6.3,6.4
Idaho,1 wk ahead,percent,7.73621520162811e-12,Bin,6.4,6.5
Idaho,1 wk ahead,percent,7.73621520162811e-12,Bin,6.5,6.6
Idaho,1 wk ahead,percent,7.73621520162811e-12,Bin,6.6,6.7
Idaho,1 wk ahead,percent,7.73621520162811e-12,Bin,6.7,6.8
Idaho,1 wk ahead,percent,7.73621520162811e-12,Bin,6.8,6.9
Idaho,1 wk ahead,percent,7.73621520162811e-12,Bin,6.9,7.0
Idaho,1 wk ahead,percent,7.73621520162811e-12,Bin,7.0,7.1
Idaho,1 wk ahead,percent,7.73621520162811e-12,Bin,7.1,7.2
Idaho,1 wk ahead,percent,7.73621520162811e-12,Bin,7.2,7.3
Idaho,1 wk ahead,percent,7.73621520162811e-12,Bin,7.3,7.4
Idaho,1 wk ahead,percent,7.73621520162811e-12,Bin,7.4,7.5
Idaho,1 wk ahead,percent,7.73621520162811e-12,Bin,7.5,7.6
Idaho,1 wk ahead,percent,7.73621520162811e-12,Bin,7.6,7.7
Idaho,1 wk ahead,percent,7.73621520162811e-12,Bin,7.7,7.8
Idaho,1 wk ahead,percent,7.73621520162811e-12,Bin,7.8,7.9
Idaho,1 wk ahead,percent,7.73621520162811e-12,Bin,7.9,8.0
Idaho,1 wk ahead,percent,7.73621520162818e-12,Bin,8.0,8.1
Idaho,1 wk ahead,percent,7.73621520162824e-12,Bin,8.1,8.2
Idaho,1 wk ahead,percent,7.73621520162824e-12,Bin,8.2,8.3
Idaho,1 wk ahead,percent,7.73621520162824e-12,Bin,8.3,8.4
Idaho,1 wk ahead,percent,7.73621520162824e-12,Bin,8.4,8.5
Idaho,1 wk ahead,percent,7.73621520162824e-12,Bin,8.5,8.6
Idaho,1 wk ahead,percent,7.73621520162824e-12,Bin,8.6,8.7
Idaho,1 wk ahead,percent,7.73621520162824e-12,Bin,8.7,8.8
Idaho,1 wk ahead,percent,7.73621520162824e-12,Bin,8.8,8.9
Idaho,1 wk ahead,percent,7.73621520162824e-12,Bin,8.9,9.0
Idaho,1 wk ahead,percent,7.73621520162824e-12,Bin,9.0,9.1
Idaho,1 wk ahead,percent,7.73621520162824e-12,Bin,9.1,9.2
Idaho,1 wk ahead,percent,7.73621520162824e-12,Bin,9.2,9.3
Idaho,1 wk ahead,percent,7.73621520162824e-12,Bin,9.3,9.4
Idaho,1 wk ahead,percent,7.73621520162824e-12,Bin,9.4,9.5
Idaho,1 wk ahead,percent,7.73621520162824e-12,Bin,9.5,9.6
Idaho,1 wk ahead,percent,7.73621520162824e-12,Bin,9.6,9.7
Idaho,1 wk ahead,percent,7.73621520162824e-12,Bin,9.7,9.8
Idaho,1 wk ahead,percent,7.73621520162824e-12,Bin,9.8,9.9
Idaho,1 wk ahead,percent,7.73621520162824e-12,Bin,9.9,10.0
Idaho,1 wk ahead,percent,7.73621520162824e-12,Bin,10.0,10.1
Idaho,1 wk ahead,percent,7.73621520162824e-12,Bin,10.1,10.2
Idaho,1 wk ahead,percent,7.73621520162824e-12,Bin,10.2,10.3
Idaho,1 wk ahead,percent,7.73621520162824e-12,Bin,10.3,10.4
Idaho,1 wk ahead,percent,7.73621520162824e-12,Bin,10.4,10.5
Idaho,1 wk ahead,percent,7.73621520162824e-12,Bin,10.5,10.6
Idaho,1 wk ahead,percent,7.73621520162824e-12,Bin,10.6,10.7
Idaho,1 wk ahead,percent,7.73621520162824e-12,Bin,10.7,10.8
Idaho,1 wk ahead,percent,7.73621520162824e-12,Bin,10.8,10.9
Idaho,1 wk ahead,percent,7.73621520162824e-12,Bin,10.9,11.0
Idaho,1 wk ahead,percent,7.73621520162824e-12,Bin,11.0,11.1
Idaho,1 wk ahead,percent,7.73621520162824e-12,Bin,11.1,11.2
Idaho,1 wk ahead,percent,7.73621520162824e-12,Bin,11.2,11.3
Idaho,1 wk ahead,percent,7.73621520162824e-12,Bin,11.3,11.4
Idaho,1 wk ahead,percent,7.73621520162824e-12,Bin,11.4,11.5
Idaho,1 wk ahead,percent,7.73621520162824e-12,Bin,11.5,11.6
Idaho,1 wk ahead,percent,7.73621520162824e-12,Bin,11.6,11.7
Idaho,1 wk ahead,percent,7.73621520162824e-12,Bin,11.7,11.8
Idaho,1 wk ahead,percent,7.73621520162824e-12,Bin,11.8,11.9
Idaho,1 wk ahead,percent,7.73621520162824e-12,Bin,11.9,12.0
Idaho,1 wk ahead,percent,7.73621520162824e-12,Bin,12.0,12.1
Idaho,1 wk ahead,percent,7.73621520162824e-12,Bin,12.1,12.2
Idaho,1 wk ahead,percent,7.73621520162824e-12,Bin,12.2,12.3
Idaho,1 wk ahead,percent,7.73621520162824e-12,Bin,12.3,12.4
Idaho,1 wk ahead,percent,7.73621520162824e-12,Bin,12.4,12.5
Idaho,1 wk ahead,percent,7.73621520162824e-12,Bin,12.5,12.6
Idaho,1 wk ahead,percent,7.73621520162824e-12,Bin,12.6,12.7
Idaho,1 wk ahead,percent,7.73621520162824e-12,Bin,12.7,12.8
Idaho,1 wk ahead,percent,7.73621520162824e-12,Bin,12.8,12.9
Idaho,1 wk ahead,percent,7.73621520162824e-12,Bin,12.9,13.0
Idaho,1 wk ahead,percent,7.73621520162824e-12,Bin,13.0,100.0
Idaho,2 wk ahead,percent,8.71600491917188e-10,Bin,0.0,0.1
Idaho,2 wk ahead,percent,0.0319999996332139,Bin,0.1,0.2
Idaho,2 wk ahead,percent,0.133999992389885,Bin,0.2,0.3
Idaho,2 wk ahead,percent,0.235999985070858,Bin,0.3,0.4
Idaho,2 wk ahead,percent,0.221999986236852,Bin,0.4,0.5
Idaho,2 wk ahead,percent,0.129999993091704,Bin,0.5,0.6
Idaho,2 wk ahead,percent,0.0999999953177024,Bin,0.6,0.7
Idaho,2 wk ahead,percent,0.0619999981101852,Bin,0.7,0.8
Idaho,2 wk ahead,percent,0.0300000004674813,Bin,0.8,0.9
Idaho,2 wk ahead,percent,0.0120000018357652,Bin,0.9,1.0
Idaho,2 wk ahead,percent,0.0100000021036764,Bin,1.0,1.1
Idaho,2 wk ahead,percent,0.00800000247659457,Bin,1.1,1.2
Idaho,2 wk ahead,percent,0.00200000324669751,Bin,1.2,1.3
Idaho,2 wk ahead,percent,0.0060000033406342,Bin,1.3,1.4
Idaho,2 wk ahead,percent,0.00600000371995121,Bin,1.4,1.5
Idaho,2 wk ahead,percent,0.0020000042971316,Bin,1.5,1.6
Idaho,2 wk ahead,percent,0.00200000440270242,Bin,1.6,1.7
Idaho,2 wk ahead,percent,0.00200000428420699,Bin,1.7,1.8
Idaho,2 wk ahead,percent,4.08459994573963e-09,Bin,1.8,1.9
Idaho,2 wk ahead,percent,3.54733487624302e-09,Bin,1.9,2.0
Idaho,2 wk ahead,percent,2.89213521148657e-09,Bin,2.0,2.1
Idaho,2 wk ahead,percent,2.2056524653331e-09,Bin,2.1,2.2
Idaho,2 wk ahead,percent,1.56803804274063e-09,Bin,2.2,2.3
Idaho,2 wk ahead,percent,1.0359278273499e-09,Bin,2.3,2.4
Idaho,2 wk ahead,percent,6.3420440945708e-10,Bin,2.4,2.5
Idaho,2 wk ahead,percent,3.58928100114646e-10,Bin,2.5,2.6
Idaho,2 wk ahead,percent,1.87433482205932e-10,Bin,2.6,2.7
Idaho,2 wk ahead,percent,9.0188421905072e-11,Bin,2.7,2.8
Idaho,2 wk ahead,percent,4.00197977534759e-11,Bin,2.8,2.9
Idaho,2 wk ahead,percent,2.70005463476421e-11,Bin,2.9,3.0
Idaho,2 wk ahead,percent,2.70005463476421e-11,Bin,3.0,3.1
Idaho,2 wk ahead,percent,2.70005463476421e-11,Bin,3.1,3.2
Idaho,2 wk ahead,percent,2.70005463476421e-11,Bin,3.2,3.3
Idaho,2 wk ahead,percent,2.70005463476421e-11,Bin,3.3,3.4
Idaho,2 wk ahead,percent,2.70005463476421e-11,Bin,3.4,3.5
Idaho,2 wk ahead,percent,0.00199999987931983,Bin,3.5,3.6
Idaho,2 wk ahead,percent,2.70005463476421e-11,Bin,3.6,3.7
Idaho,2 wk ahead,percent,2.70005463476421e-11,Bin,3.7,3.8
Idaho,2 wk ahead,percent,2.70005463476421e-11,Bin,3.8,3.9
Idaho,2 wk ahead,percent,2.70005463476421e-11,Bin,3.9,4.0
Idaho,2 wk ahead,percent,2.70005463476421e-11,Bin,4.0,4.1
Idaho,2 wk ahead,percent,2.70005463476421e-11,Bin,4.1,4.2
Idaho,2 wk ahead,percent,2.70005463476421e-11,Bin,4.2,4.3
Idaho,2 wk ahead,percent,2.70005463476421e-11,Bin,4.3,4.4
Idaho,2 wk ahead,percent,2.70005463476421e-11,Bin,4.4,4.5
Idaho,2 wk ahead,percent,2.70005463476421e-11,Bin,4.5,4.6
Idaho,2 wk ahead,percent,2.70005463476421e-11,Bin,4.6,4.7
Idaho,2 wk ahead,percent,2.70005463476421e-11,Bin,4.7,4.8
Idaho,2 wk ahead,percent,2.70005463476421e-11,Bin,4.8,4.9
Idaho,2 wk ahead,percent,2.70005463476421e-11,Bin,4.9,5.0
Idaho,2 wk ahead,percent,2.70005463476421e-11,Bin,5.0,5.1
Idaho,2 wk ahead,percent,0.00199999987931983,Bin,5.1,5.2
Idaho,2 wk ahead,percent,2.70005463476421e-11,Bin,5.2,5.3
Idaho,2 wk ahead,percent,2.70005463476421e-11,Bin,5.3,5.4
Idaho,2 wk ahead,percent,2.70005463476421e-11,Bin,5.4,5.5
Idaho,2 wk ahead,percent,2.70005463476421e-11,Bin,5.5,5.6
Idaho,2 wk ahead,percent,2.70005463476421e-11,Bin,5.6,5.7
Idaho,2 wk ahead,percent,2.70005463476421e-11,Bin,5.7,5.8
Idaho,2 wk ahead,percent,2.70005463476421e-11,Bin,5.8,5.9
Idaho,2 wk ahead,percent,2.70005463476421e-11,Bin,5.9,6.0
Idaho,2 wk ahead,percent,2.70005463476421e-11,Bin,6.0,6.1
Idaho,2 wk ahead,percent,2.70005463476421e-11,Bin,6.1,6.2
Idaho,2 wk ahead,percent,2.70005463476421e-11,Bin,6.2,6.3
Idaho,2 wk ahead,percent,2.70005463476421e-11,Bin,6.3,6.4
Idaho,2 wk ahead,percent,2.70005463476421e-11,Bin,6.4,6.5
Idaho,2 wk ahead,percent,2.70005463476421e-11,Bin,6.5,6.6
Idaho,2 wk ahead,percent,2.70005463476421e-11,Bin,6.6,6.7
Idaho,2 wk ahead,percent,2.70005463476421e-11,Bin,6.7,6.8
Idaho,2 wk ahead,percent,2.70005463476421e-11,Bin,6.8,6.9
Idaho,2 wk ahead,percent,2.70005463476421e-11,Bin,6.9,7.0
Idaho,2 wk ahead,percent,2.70005463476421e-11,Bin,7.0,7.1
Idaho,2 wk ahead,percent,2.70005463476421e-11,Bin,7.1,7.2
Idaho,2 wk ahead,percent,2.70005463476421e-11,Bin,7.2,7.3
Idaho,2 wk ahead,percent,2.70005463476421e-11,Bin,7.3,7.4
Idaho,2 wk ahead,percent,2.70005463476421e-11,Bin,7.4,7.5
Idaho,2 wk ahead,percent,2.70005463476421e-11,Bin,7.5,7.6
Idaho,2 wk ahead,percent,2.70005463476421e-11,Bin,7.6,7.7
Idaho,2 wk ahead,percent,2.70005463476421e-11,Bin,7.7,7.8
Idaho,2 wk ahead,percent,2.70005463476421e-11,Bin,7.8,7.9
Idaho,2 wk ahead,percent,2.70005463476421e-11,Bin,7.9,8.0
Idaho,2 wk ahead,percent,2.70005463476424e-11,Bin,8.0,8.1
Idaho,2 wk ahead,percent,2.70005463476426e-11,Bin,8.1,8.2
Idaho,2 wk ahead,percent,2.70005463476426e-11,Bin,8.2,8.3
Idaho,2 wk ahead,percent,2.70005463476426e-11,Bin,8.3,8.4
Idaho,2 wk ahead,percent,2.70005463476426e-11,Bin,8.4,8.5
Idaho,2 wk ahead,percent,2.70005463476426e-11,Bin,8.5,8.6
Idaho,2 wk ahead,percent,2.70005463476426e-11,Bin,8.6,8.7
Idaho,2 wk ahead,percent,2.70005463476426e-11,Bin,8.7,8.8
Idaho,2 wk ahead,percent,2.70005463476426e-11,Bin,8.8,8.9
Idaho,2 wk ahead,percent,2.70005463476426e-11,Bin,8.9,9.0
Idaho,2 wk ahead,percent,2.70005463476426e-11,Bin,9.0,9.1
Idaho,2 wk ahead,percent,2.70005463476426e-11,Bin,9.1,9.2
Idaho,2 wk ahead,percent,2.70005463476426e-11,Bin,9.2,9.3
Idaho,2 wk ahead,percent,2.70005463476426e-11,Bin,9.3,9.4
Idaho,2 wk ahead,percent,2.70005463476426e-11,Bin,9.4,9.5
Idaho,2 wk ahead,percent,2.70005463476426e-11,Bin,9.5,9.6
Idaho,2 wk ahead,percent,2.70005463476426e-11,Bin,9.6,9.7
Idaho,2 wk ahead,percent,2.70005463476426e-11,Bin,9.7,9.8
Idaho,2 wk ahead,percent,2.70005463476426e-11,Bin,9.8,9.9
Idaho,2 wk ahead,percent,2.70005463476426e-11,Bin,9.9,10.0
Idaho,2 wk ahead,percent,2.70005463476426e-11,Bin,10.0,10.1
Idaho,2 wk ahead,percent,2.70005463476426e-11,Bin,10.1,10.2
Idaho,2 wk ahead,percent,2.70005463476426e-11,Bin,10.2,10.3
Idaho,2 wk ahead,percent,2.70005463476426e-11,Bin,10.3,10.4
Idaho,2 wk ahead,percent,2.70005463476426e-11,Bin,10.4,10.5
Idaho,2 wk ahead,percent,2.70005463476426e-11,Bin,10.5,10.6
Idaho,2 wk ahead,percent,2.70005463476426e-11,Bin,10.6,10.7
Idaho,2 wk ahead,percent,2.70005463476426e-11,Bin,10.7,10.8
Idaho,2 wk ahead,percent,2.70005463476426e-11,Bin,10.8,10.9
Idaho,2 wk ahead,percent,2.70005463476426e-11,Bin,10.9,11.0
Idaho,2 wk ahead,percent,2.70005463476426e-11,Bin,11.0,11.1
Idaho,2 wk ahead,percent,2.70005463476426e-11,Bin,11.1,11.2
Idaho,2 wk ahead,percent,2.70005463476426e-11,Bin,11.2,11.3
Idaho,2 wk ahead,percent,2.70005463476426e-11,Bin,11.3,11.4
Idaho,2 wk ahead,percent,2.70005463476426e-11,Bin,11.4,11.5
Idaho,2 wk ahead,percent,2.70005463476426e-11,Bin,11.5,11.6
Idaho,2 wk ahead,percent,2.70005463476426e-11,Bin,11.6,11.7
Idaho,2 wk ahead,percent,2.70005463476426e-11,Bin,11.7,11.8
Idaho,2 wk ahead,percent,2.70005463476426e-11,Bin,11.8,11.9
Idaho,2 wk ahead,percent,2.70005463476426e-11,Bin,11.9,12.0
Idaho,2 wk ahead,percent,2.70005463476426e-11,Bin,12.0,12.1
Idaho,2 wk ahead,percent,2.70005463476426e-11,Bin,12.1,12.2
Idaho,2 wk ahead,percent,2.70005463476426e-11,Bin,12.2,12.3
Idaho,2 wk ahead,percent,2.70005463476426e-11,Bin,12.3,12.4
Idaho,2 wk ahead,percent,2.70005463476426e-11,Bin,12.4,12.5
Idaho,2 wk ahead,percent,2.70005463476426e-11,Bin,12.5,12.6
Idaho,2 wk ahead,percent,2.70005463476426e-11,Bin,12.6,12.7
Idaho,2 wk ahead,percent,2.70005463476426e-11,Bin,12.7,12.8
Idaho,2 wk ahead,percent,2.70005463476426e-11,Bin,12.8,12.9
Idaho,2 wk ahead,percent,2.70005463476426e-11,Bin,12.9,13.0
Idaho,2 wk ahead,percent,2.70005463476426e-11,Bin,13.0,100.0
Idaho,3 wk ahead,percent,1.61585430681185e-09,Bin,0.0,0.1
Idaho,3 wk ahead,percent,0.059999990960522,Bin,0.1,0.2
Idaho,3 wk ahead,percent,0.179999966199321,Bin,0.2,0.3
Idaho,3 wk ahead,percent,0.253999951130739,Bin,0.3,0.4
Idaho,3 wk ahead,percent,0.207999961317303,Bin,0.4,0.5
Idaho,3 wk ahead,percent,0.105999983284947,Bin,0.5,0.6
Idaho,3 wk ahead,percent,0.0699999913556949,Bin,0.6,0.7
Idaho,3 wk ahead,percent,0.0359999989870102,Bin,0.7,0.8
Idaho,3 wk ahead,percent,0.0240000019625759,Bin,0.8,0.9
Idaho,3 wk ahead,percent,0.016000004062142,Bin,0.9,1.0
Idaho,3 wk ahead,percent,0.0140000048582328,Bin,1.0,1.1
Idaho,3 wk ahead,percent,0.012000005607564,Bin,1.1,1.2
Idaho,3 wk ahead,percent,0.00800000672595137,Bin,1.2,1.3
Idaho,3 wk ahead,percent,0.0080000069465102,Bin,1.3,1.4
Idaho,3 wk ahead,percent,0.0020000083690896,Bin,1.4,1.5
Idaho,3 wk ahead,percent,8.88517784543657e-09,Bin,1.5,1.6
Idaho,3 wk ahead,percent,8.91093681242432e-09,Bin,1.6,1.7
Idaho,3 wk ahead,percent,8.86253812729202e-09,Bin,1.7,1.8
Idaho,3 wk ahead,percent,8.73562969417748e-09,Bin,1.8,1.9
Idaho,3 wk ahead,percent,0.00200000810614538,Bin,1.9,2.0
Idaho,3 wk ahead,percent,8.2352253383697e-09,Bin,2.0,2.1
Idaho,3 wk ahead,percent,7.86200134454496e-09,Bin,2.1,2.2
Idaho,3 wk ahead,percent,7.41213045032064e-09,Bin,2.2,2.3
Idaho,3 wk ahead,percent,6.89425673852403e-09,Bin,2.3,2.4
Idaho,3 wk ahead,percent,6.32074216687489e-09,Bin,2.4,2.5
Idaho,3 wk ahead,percent,5.70690250735799e-09,Bin,2.5,2.6
Idaho,3 wk ahead,percent,5.07024318208296e-09,Bin,2.6,2.7
Idaho,3 wk ahead,percent,4.42920849662592e-09,Bin,2.7,2.8
Idaho,3 wk ahead,percent,3.8017963755218e-09,Bin,2.8,2.9
Idaho,3 wk ahead,percent,3.204361647776e-09,Bin,2.9,3.0
Idaho,3 wk ahead,percent,2.65055278352117e-09,Bin,3.0,3.1
Idaho,3 wk ahead,percent,2.15048911720996e-09,Bin,3.1,3.2
Idaho,3 wk ahead,percent,1.71052961424691e-09,Bin,3.2,3.3
Idaho,3 wk ahead,percent,1.3333425262656e-09,Bin,3.3,3.4
Idaho,3 wk ahead,percent,1.01806693944478e-09,Bin,3.4,3.5
Idaho,3 wk ahead,percent,7.61147071258043e-10,Bin,3.5,3.6
Idaho,3 wk ahead,percent,5.57048241837079e-10,Bin,3.6,3.7
Idaho,3 wk ahead,percent,3.98940799937457e-10,Bin,3.7,3.8
Idaho,3 wk ahead,percent,2.79487066796516e-10,Bin,3.8,3.9
Idaho,3 wk ahead,percent,1.9150107446512e-10,Bin,3.9,4.0
Idaho,3 wk ahead,percent,1.28303301724937e-10,Bin,4.0,4.1
Idaho,3 wk ahead,percent,8.40349129381008e-11,Bin,4.1,4.2
Idaho,3 wk ahead,percent,5.37892861084073e-11,Bin,4.2,4.3
Idaho,3 wk ahead,percent,3.51130555822703e-11,Bin,4.3,4.4
Idaho,3 wk ahead,percent,3.24931134889612e-11,Bin,4.4,4.5
Idaho,3 wk ahead,percent,3.24931134889612e-11,Bin,4.5,4.6
Idaho,3 wk ahead,percent,3.24931134889612e-11,Bin,4.6,4.7
Idaho,3 wk ahead,percent,3.24931134889612e-11,Bin,4.7,4.8
Idaho,3 wk ahead,percent,3.24931134889612e-11,Bin,4.8,4.9
Idaho,3 wk ahead,percent,3.24931134889612e-11,Bin,4.9,5.0
Idaho,3 wk ahead,percent,3.24931134889612e-11,Bin,5.0,5.1
Idaho,3 wk ahead,percent,3.24931134889612e-11,Bin,5.1,5.2
Idaho,3 wk ahead,percent,3.24931134889612e-11,Bin,5.2,5.3
Idaho,3 wk ahead,percent,3.24931134889612e-11,Bin,5.3,5.4
Idaho,3 wk ahead,percent,3.24931134889612e-11,Bin,5.4,5.5
Idaho,3 wk ahead,percent,3.24931134889612e-11,Bin,5.5,5.6
Idaho,3 wk ahead,percent,3.24931134889612e-11,Bin,5.6,5.7
Idaho,3 wk ahead,percent,3.24931134889612e-11,Bin,5.7,5.8
Idaho,3 wk ahead,percent,3.24931134889612e-11,Bin,5.8,5.9
Idaho,3 wk ahead,percent,3.24931134889612e-11,Bin,5.9,6.0
Idaho,3 wk ahead,percent,3.24931134889612e-11,Bin,6.0,6.1
Idaho,3 wk ahead,percent,3.24931134889612e-11,Bin,6.1,6.2
Idaho,3 wk ahead,percent,3.24931134889612e-11,Bin,6.2,6.3
Idaho,3 wk ahead,percent,3.24931134889612e-11,Bin,6.3,6.4
Idaho,3 wk ahead,percent,3.24931134889612e-11,Bin,6.4,6.5
Idaho,3 wk ahead,percent,3.24931134889612e-11,Bin,6.5,6.6
Idaho,3 wk ahead,percent,3.24931134889612e-11,Bin,6.6,6.7
Idaho,3 wk ahead,percent,3.24931134889612e-11,Bin,6.7,6.8
Idaho,3 wk ahead,percent,3.24931134889612e-11,Bin,6.8,6.9
Idaho,3 wk ahead,percent,3.24931134889612e-11,Bin,6.9,7.0
Idaho,3 wk ahead,percent,3.24931134889612e-11,Bin,7.0,7.1
Idaho,3 wk ahead,percent,3.24931134889612e-11,Bin,7.1,7.2
Idaho,3 wk ahead,percent,3.24931134889612e-11,Bin,7.2,7.3
Idaho,3 wk ahead,percent,3.24931134889612e-11,Bin,7.3,7.4
Idaho,3 wk ahead,percent,3.24931134889612e-11,Bin,7.4,7.5
Idaho,3 wk ahead,percent,3.24931134889612e-11,Bin,7.5,7.6
Idaho,3 wk ahead,percent,3.24931134889612e-11,Bin,7.6,7.7
Idaho,3 wk ahead,percent,3.24931134889612e-11,Bin,7.7,7.8
Idaho,3 wk ahead,percent,3.24931134889612e-11,Bin,7.8,7.9
Idaho,3 wk ahead,percent,3.24931134889612e-11,Bin,7.9,8.0
Idaho,3 wk ahead,percent,3.24931134889615e-11,Bin,8.0,8.1
Idaho,3 wk ahead,percent,3.24931134889618e-11,Bin,8.1,8.2
Idaho,3 wk ahead,percent,3.24931134889618e-11,Bin,8.2,8.3
Idaho,3 wk ahead,percent,3.24931134889618e-11,Bin,8.3,8.4
Idaho,3 wk ahead,percent,3.24931134889618e-11,Bin,8.4,8.5
Idaho,3 wk ahead,percent,3.24931134889618e-11,Bin,8.5,8.6
Idaho,3 wk ahead,percent,3.24931134889618e-11,Bin,8.6,8.7
Idaho,3 wk ahead,percent,3.24931134889618e-11,Bin,8.7,8.8
Idaho,3 wk ahead,percent,3.24931134889618e-11,Bin,8.8,8.9
Idaho,3 wk ahead,percent,3.24931134889618e-11,Bin,8.9,9.0
Idaho,3 wk ahead,percent,3.24931134889618e-11,Bin,9.0,9.1
Idaho,3 wk ahead,percent,3.24931134889618e-11,Bin,9.1,9.2
Idaho,3 wk ahead,percent,3.24931134889618e-11,Bin,9.2,9.3
Idaho,3 wk ahead,percent,3.24931134889618e-11,Bin,9.3,9.4
Idaho,3 wk ahead,percent,3.24931134889618e-11,Bin,9.4,9.5
Idaho,3 wk ahead,percent,3.24931134889618e-11,Bin,9.5,9.6
Idaho,3 wk ahead,percent,3.24931134889618e-11,Bin,9.6,9.7
Idaho,3 wk ahead,percent,3.24931134889618e-11,Bin,9.7,9.8
Idaho,3 wk ahead,percent,3.24931134889618e-11,Bin,9.8,9.9
Idaho,3 wk ahead,percent,3.24931134889618e-11,Bin,9.9,10.0
Idaho,3 wk ahead,percent,3.24931134889618e-11,Bin,10.0,10.1
Idaho,3 wk ahead,percent,3.24931134889618e-11,Bin,10.1,10.2
Idaho,3 wk ahead,percent,3.24931134889618e-11,Bin,10.2,10.3
Idaho,3 wk ahead,percent,3.24931134889618e-11,Bin,10.3,10.4
Idaho,3 wk ahead,percent,3.24931134889618e-11,Bin,10.4,10.5
Idaho,3 wk ahead,percent,3.24931134889618e-11,Bin,10.5,10.6
Idaho,3 wk ahead,percent,3.24931134889618e-11,Bin,10.6,10.7
Idaho,3 wk ahead,percent,3.24931134889618e-11,Bin,10.7,10.8
Idaho,3 wk ahead,percent,3.24931134889618e-11,Bin,10.8,10.9
Idaho,3 wk ahead,percent,3.24931134889618e-11,Bin,10.9,11.0
Idaho,3 wk ahead,percent,3.24931134889618e-11,Bin,11.0,11.1
Idaho,3 wk ahead,percent,3.24931134889618e-11,Bin,11.1,11.2
Idaho,3 wk ahead,percent,3.24931134889618e-11,Bin,11.2,11.3
Idaho,3 wk ahead,percent,3.24931134889618e-11,Bin,11.3,11.4
Idaho,3 wk ahead,percent,3.24931134889618e-11,Bin,11.4,11.5
Idaho,3 wk ahead,percent,3.24931134889618e-11,Bin,11.5,11.6
Idaho,3 wk ahead,percent,3.24931134889618e-11,Bin,11.6,11.7
Idaho,3 wk ahead,percent,3.24931134889618e-11,Bin,11.7,11.8
Idaho,3 wk ahead,percent,3.24931134889618e-11,Bin,11.8,11.9
Idaho,3 wk ahead,percent,3.24931134889618e-11,Bin,11.9,12.0
Idaho,3 wk ahead,percent,3.24931134889618e-11,Bin,12.0,12.1
Idaho,3 wk ahead,percent,3.24931134889618e-11,Bin,12.1,12.2
Idaho,3 wk ahead,percent,3.24931134889618e-11,Bin,12.2,12.3
Idaho,3 wk ahead,percent,3.24931134889618e-11,Bin,12.3,12.4
Idaho,3 wk ahead,percent,3.24931134889618e-11,Bin,12.4,12.5
Idaho,3 wk ahead,percent,3.24931134889618e-11,Bin,12.5,12.6
Idaho,3 wk ahead,percent,3.24931134889618e-11,Bin,12.6,12.7
Idaho,3 wk ahead,percent,3.24931134889618e-11,Bin,12.7,12.8
Idaho,3 wk ahead,percent,3.24931134889618e-11,Bin,12.8,12.9
Idaho,3 wk ahead,percent,3.24931134889618e-11,Bin,12.9,13.0
Idaho,3 wk ahead,percent,3.24931134889618e-11,Bin,13.0,100.0
Idaho,4 wk ahead,percent,0.00400000331184076,Bin,0.0,0.1
Idaho,4 wk ahead,percent,0.107999986366441,Bin,0.1,0.2
Idaho,4 wk ahead,percent,0.27399995234907,Bin,0.2,0.3
Idaho,4 wk ahead,percent,0.24199995964579,Bin,0.3,0.4
Idaho,4 wk ahead,percent,0.167999975492759,Bin,0.4,0.5
Idaho,4 wk ahead,percent,0.0839999931660342,Bin,0.5,0.6
Idaho,4 wk ahead,percent,0.0519999996717057,Bin,0.6,0.7
Idaho,4 wk ahead,percent,0.0300000038587559,Bin,0.7,0.8
Idaho,4 wk ahead,percent,0.0120000070412246,Bin,0.8,0.9
Idaho,4 wk ahead,percent,0.0140000059286586,Bin,0.9,1.0
Idaho,4 wk ahead,percent,0.00800000646595769,Bin,1.0,1.1
Idaho,4 wk ahead,percent,0.00200000703946325,Bin,1.1,1.2
Idaho,4 wk ahead,percent,6.86163860372959e-09,Bin,1.2,1.3
Idaho,4 wk ahead,percent,6.38534560008320e-09,Bin,1.3,1.4
Idaho,4 wk ahead,percent,0.00200000562267712,Bin,1.4,1.5
Idaho,4 wk ahead,percent,5.82504024810598e-09,Bin,1.5,1.6
Idaho,4 wk ahead,percent,5.71022054464853e-09,Bin,1.6,1.7
Idaho,4 wk ahead,percent,5.66482202268499e-09,Bin,1.7,1.8
Idaho,4 wk ahead,percent,5.65201867484574e-09,Bin,1.8,1.9
Idaho,4 wk ahead,percent,5.63657306841614e-09,Bin,1.9,2.0
Idaho,4 wk ahead,percent,5.58850179621266e-09,Bin,2.0,2.1
Idaho,4 wk ahead,percent,5.48506854486571e-09,Bin,2.1,2.2
Idaho,4 wk ahead,percent,5.31161214052835e-09,Bin,2.2,2.3
Idaho,4 wk ahead,percent,5.06128631170148e-09,Bin,2.3,2.4
Idaho,4 wk ahead,percent,4.73473238017777e-09,Bin,2.4,2.5
Idaho,4 wk ahead,percent,4.33926933934441e-09,Bin,2.5,2.6
Idaho,4 wk ahead,percent,3.88821569885566e-09,Bin,2.6,2.7
Idaho,4 wk ahead,percent,3.39963406390578e-09,Bin,2.7,2.8
Idaho,4 wk ahead,percent,2.89478517606943e-09,Bin,2.8,2.9
Idaho,4 wk ahead,percent,2.3959834310636e-09,Bin,2.9,3.0
Idaho,4 wk ahead,percent,1.92423782312284e-09,Bin,3.0,3.1
Idaho,4 wk ahead,percent,1.49701385995031e-09,Bin,3.1,3.2
Idaho,4 wk ahead,percent,1.12650028086487e-09,Bin,3.2,3.3
Idaho,4 wk ahead,percent,8.18846926220208e-10,Bin,3.3,3.4
Idaho,4 wk ahead,percent,5.74284423713644e-10,Bin,3.4,3.5
Idaho,4 wk ahead,percent,3.88220579360354e-10,Bin,3.5,3.6
Idaho,4 wk ahead,percent,2.52739543991685e-10,Bin,3.6,3.7
Idaho,4 wk ahead,percent,1.58348637771188e-10,Bin,3.7,3.8
Idaho,4 wk ahead,percent,9.54152589809977e-11,Bin,3.8,3.9
Idaho,4 wk ahead,percent,5.52706451584194e-11,Bin,3.9,4.0
Idaho,4 wk ahead,percent,3.10899022385962e-11,Bin,4.0,4.1
Idaho,4 wk ahead,percent,2.53656307133215e-11,Bin,4.1,4.2
Idaho,4 wk ahead,percent,2.53656307133215e-11,Bin,4.2,4.3
Idaho,4 wk ahead,percent,2.53656307133215e-11,Bin,4.3,4.4
Idaho,4 wk ahead,percent,2.53656307133215e-11,Bin,4.4,4.5
Idaho,4 wk ahead,percent,2.53656307133215e-11,Bin,4.5,4.6
Idaho,4 wk ahead,percent,2.53656307133215e-11,Bin,4.6,4.7
Idaho,4 wk ahead,percent,2.53656307133215e-11,Bin,4.7,4.8
Idaho,4 wk ahead,percent,2.53656307133215e-11,Bin,4.8,4.9
Idaho,4 wk ahead,percent,2.53656307133215e-11,Bin,4.9,5.0
Idaho,4 wk ahead,percent,2.53656307133215e-11,Bin,5.0,5.1
Idaho,4 wk ahead,percent,2.53656307133215e-11,Bin,5.1,5.2
Idaho,4 wk ahead,percent,2.53656307133215e-11,Bin,5.2,5.3
Idaho,4 wk ahead,percent,2.53656307133215e-11,Bin,5.3,5.4
Idaho,4 wk ahead,percent,2.53656307133215e-11,Bin,5.4,5.5
Idaho,4 wk ahead,percent,2.53656307133215e-11,Bin,5.5,5.6
Idaho,4 wk ahead,percent,2.53656307133215e-11,Bin,5.6,5.7
Idaho,4 wk ahead,percent,2.53656307133215e-11,Bin,5.7,5.8
Idaho,4 wk ahead,percent,2.53656307133215e-11,Bin,5.8,5.9
Idaho,4 wk ahead,percent,2.53656307133215e-11,Bin,5.9,6.0
Idaho,4 wk ahead,percent,2.53656307133215e-11,Bin,6.0,6.1
Idaho,4 wk ahead,percent,2.53656307133215e-11,Bin,6.1,6.2
Idaho,4 wk ahead,percent,2.53656307133215e-11,Bin,6.2,6.3
Idaho,4 wk ahead,percent,2.53656307133215e-11,Bin,6.3,6.4
Idaho,4 wk ahead,percent,2.53656307133215e-11,Bin,6.4,6.5
Idaho,4 wk ahead,percent,2.53656307133215e-11,Bin,6.5,6.6
Idaho,4 wk ahead,percent,2.53656307133215e-11,Bin,6.6,6.7
Idaho,4 wk ahead,percent,2.53656307133215e-11,Bin,6.7,6.8
Idaho,4 wk ahead,percent,2.53656307133215e-11,Bin,6.8,6.9
Idaho,4 wk ahead,percent,2.53656307133215e-11,Bin,6.9,7.0
Idaho,4 wk ahead,percent,2.53656307133215e-11,Bin,7.0,7.1
Idaho,4 wk ahead,percent,2.53656307133215e-11,Bin,7.1,7.2
Idaho,4 wk ahead,percent,2.53656307133215e-11,Bin,7.2,7.3
Idaho,4 wk ahead,percent,2.53656307133215e-11,Bin,7.3,7.4
Idaho,4 wk ahead,percent,2.53656307133215e-11,Bin,7.4,7.5
Idaho,4 wk ahead,percent,2.53656307133215e-11,Bin,7.5,7.6
Idaho,4 wk ahead,percent,2.53656307133215e-11,Bin,7.6,7.7
Idaho,4 wk ahead,percent,2.53656307133215e-11,Bin,7.7,7.8
Idaho,4 wk ahead,percent,2.53656307133215e-11,Bin,7.8,7.9
Idaho,4 wk ahead,percent,2.53656307133215e-11,Bin,7.9,8.0
Idaho,4 wk ahead,percent,2.53656307133217e-11,Bin,8.0,8.1
Idaho,4 wk ahead,percent,2.5365630713322e-11,Bin,8.1,8.2
Idaho,4 wk ahead,percent,2.5365630713322e-11,Bin,8.2,8.3
Idaho,4 wk ahead,percent,2.5365630713322e-11,Bin,8.3,8.4
Idaho,4 wk ahead,percent,2.5365630713322e-11,Bin,8.4,8.5
Idaho,4 wk ahead,percent,2.5365630713322e-11,Bin,8.5,8.6
Idaho,4 wk ahead,percent,2.5365630713322e-11,Bin,8.6,8.7
Idaho,4 wk ahead,percent,2.5365630713322e-11,Bin,8.7,8.8
Idaho,4 wk ahead,percent,2.5365630713322e-11,Bin,8.8,8.9
Idaho,4 wk ahead,percent,2.5365630713322e-11,Bin,8.9,9.0
Idaho,4 wk ahead,percent,2.5365630713322e-11,Bin,9.0,9.1
Idaho,4 wk ahead,percent,2.5365630713322e-11,Bin,9.1,9.2
Idaho,4 wk ahead,percent,2.5365630713322e-11,Bin,9.2,9.3
Idaho,4 wk ahead,percent,2.5365630713322e-11,Bin,9.3,9.4
Idaho,4 wk ahead,percent,2.5365630713322e-11,Bin,9.4,9.5
Idaho,4 wk ahead,percent,2.5365630713322e-11,Bin,9.5,9.6
Idaho,4 wk ahead,percent,2.5365630713322e-11,Bin,9.6,9.7
Idaho,4 wk ahead,percent,2.5365630713322e-11,Bin,9.7,9.8
Idaho,4 wk ahead,percent,2.5365630713322e-11,Bin,9.8,9.9
Idaho,4 wk ahead,percent,2.5365630713322e-11,Bin,9.9,10.0
Idaho,4 wk ahead,percent,2.5365630713322e-11,Bin,10.0,10.1
Idaho,4 wk ahead,percent,2.5365630713322e-11,Bin,10.1,10.2
Idaho,4 wk ahead,percent,2.5365630713322e-11,Bin,10.2,10.3
Idaho,4 wk ahead,percent,2.5365630713322e-11,Bin,10.3,10.4
Idaho,4 wk ahead,percent,2.5365630713322e-11,Bin,10.4,10.5
Idaho,4 wk ahead,percent,2.5365630713322e-11,Bin,10.5,10.6
Idaho,4 wk ahead,percent,2.5365630713322e-11,Bin,10.6,10.7
Idaho,4 wk ahead,percent,2.5365630713322e-11,Bin,10.7,10.8
Idaho,4 wk ahead,percent,2.5365630713322e-11,Bin,10.8,10.9
Idaho,4 wk ahead,percent,2.5365630713322e-11,Bin,10.9,11.0
Idaho,4 wk ahead,percent,2.5365630713322e-11,Bin,11.0,11.1
Idaho,4 wk ahead,percent,2.5365630713322e-11,Bin,11.1,11.2
Idaho,4 wk ahead,percent,2.5365630713322e-11,Bin,11.2,11.3
Idaho,4 wk ahead,percent,2.5365630713322e-11,Bin,11.3,11.4
Idaho,4 wk ahead,percent,2.5365630713322e-11,Bin,11.4,11.5
Idaho,4 wk ahead,percent,2.5365630713322e-11,Bin,11.5,11.6
Idaho,4 wk ahead,percent,2.5365630713322e-11,Bin,11.6,11.7
Idaho,4 wk ahead,percent,2.5365630713322e-11,Bin,11.7,11.8
Idaho,4 wk ahead,percent,2.5365630713322e-11,Bin,11.8,11.9
Idaho,4 wk ahead,percent,2.5365630713322e-11,Bin,11.9,12.0
Idaho,4 wk ahead,percent,2.5365630713322e-11,Bin,12.0,12.1
Idaho,4 wk ahead,percent,2.5365630713322e-11,Bin,12.1,12.2
Idaho,4 wk ahead,percent,2.5365630713322e-11,Bin,12.2,12.3
Idaho,4 wk ahead,percent,2.5365630713322e-11,Bin,12.3,12.4
Idaho,4 wk ahead,percent,2.5365630713322e-11,Bin,12.4,12.5
Idaho,4 wk ahead,percent,2.5365630713322e-11,Bin,12.5,12.6
Idaho,4 wk ahead,percent,2.5365630713322e-11,Bin,12.6,12.7
Idaho,4 wk ahead,percent,2.5365630713322e-11,Bin,12.7,12.8
Idaho,4 wk ahead,percent,2.5365630713322e-11,Bin,12.8,12.9
Idaho,4 wk ahead,percent,2.5365630713322e-11,Bin,12.9,13.0
Idaho,4 wk ahead,percent,2.5365630713322e-11,Bin,13.0,100.0
Idaho,Season peak percentage,percent,6.63992446457327e-13,Bin,0.0,0.1
Idaho,Season peak percentage,percent,1.48382237748151e-12,Bin,0.1,0.2
Idaho,Season peak percentage,percent,1.71111525572731e-12,Bin,0.2,0.3
Idaho,Season peak percentage,percent,1.96296317813541e-12,Bin,0.3,0.4
Idaho,Season peak percentage,percent,2.23984279978571e-12,Bin,0.4,0.5
Idaho,Season peak percentage,percent,2.54263199315381e-12,Bin,0.5,0.6
Idaho,Season peak percentage,percent,2.87102676769502e-12,Bin,0.6,0.7
Idaho,Season peak percentage,percent,3.2252688330349e-12,Bin,0.7,0.8
Idaho,Season peak percentage,percent,3.60422094476095e-12,Bin,0.8,0.9
Idaho,Season peak percentage,percent,4.00716435628331e-12,Bin,0.9,1.0
Idaho,Season peak percentage,percent,4.43221114379431e-12,Bin,1.0,1.1
Idaho,Season peak percentage,percent,4.87740818799139e-12,Bin,1.1,1.2
Idaho,Season peak percentage,percent,5.34014723572125e-12,Bin,1.2,1.3
Idaho,Season peak percentage,percent,5.81734237128026e-12,Bin,1.3,1.4
Idaho,Season peak percentage,percent,6.30552070651457e-12,Bin,1.4,1.5
Idaho,Season peak percentage,percent,6.8007870657848e-12,Bin,1.5,1.6
Idaho,Season peak percentage,percent,7.2988786090031e-12,Bin,1.6,1.7
Idaho,Season peak percentage,percent,7.79525776786924e-12,Bin,1.7,1.8
Idaho,Season peak percentage,percent,8.28526273820395e-12,Bin,1.8,1.9
Idaho,Season peak percentage,percent,8.76403944817192e-12,Bin,1.9,2.0
Idaho,Season peak percentage,percent,9.22678217185547e-12,Bin,2.0,2.1
Idaho,Season peak percentage,percent,9.66887593856521e-12,Bin,2.1,2.2
Idaho,Season peak percentage,percent,1.0085593741029e-11,Bin,2.2,2.3
Idaho,Season peak percentage,percent,1.04730804867655e-11,Bin,2.3,2.4
Idaho,Season peak percentage,percent,1.08271943988801e-11,Bin,2.4,2.5
Idaho,Season peak percentage,percent,1.11448631775008e-11,Bin,2.5,2.6
Idaho,Season peak percentage,percent,1.14233474618413e-11,Bin,2.6,2.7
Idaho,Season peak percentage,percent,1.16605000120739e-11,Bin,2.7,2.8
Idaho,Season peak percentage,percent,1.18548555736498e-11,Bin,2.8,2.9
Idaho,Season peak percentage,percent,1.20059719528774e-11,Bin,2.9,3.0
Idaho,Season peak percentage,percent,1.21133299929466e-11,Bin,3.0,3.1
Idaho,Season peak percentage,percent,1.21783300183548e-11,Bin,3.1,3.2
Idaho,Season peak percentage,percent,1.22015646905994e-11,Bin,3.2,3.3
Idaho,Season peak percentage,percent,1.21858074667664e-11,Bin,3.3,3.4
Idaho,Season peak percentage,percent,1.21329449631648e-11,Bin,3.4,3.5
Idaho,Season peak percentage,percent,1.20465936073464e-11,Bin,3.5,3.6
Idaho,Season peak percentage,percent,1.19298083341819e-11,Bin,3.6,3.7
Idaho,Season peak percentage,percent,0.997999999121451,Bin,3.7,3.8
Idaho,Season peak percentage,percent,1.16209835620663e-11,Bin,3.8,3.9
Idaho,Season peak percentage,percent,1.14371023398163e-11,Bin,3.9,4.0
Idaho,Season peak percentage,percent,1.12390578224754e-11,Bin,4.0,4.1
Idaho,Season peak percentage,percent,1.10311752810461e-11,Bin,4.1,4.2
Idaho,Season peak percentage,percent,1.0817364929092e-11,Bin,4.2,4.3
Idaho,Season peak percentage,percent,1.06015503149e-11,Bin,4.3,4.4
Idaho,Season peak percentage,percent,1.03873497674761e-11,Bin,4.4,4.5
Idaho,Season peak percentage,percent,1.01780343565015e-11,Bin,4.5,4.6
Idaho,Season peak percentage,percent,9.97667870000478e-12,Bin,4.6,4.7
Idaho,Season peak percentage,percent,9.78590393861864e-12,Bin,4.7,4.8
Idaho,Season peak percentage,percent,9.60801919848479e-12,Bin,4.8,4.9
Idaho,Season peak percentage,percent,9.44499116486469e-12,Bin,4.9,5.0
Idaho,Season peak percentage,percent,9.29849350249973e-12,Bin,5.0,5.1
Idaho,Season peak percentage,percent,0.00200000000738542,Bin,5.1,5.2
Idaho,Season peak percentage,percent,9.05969648248539e-12,Bin,5.2,5.3
Idaho,Season peak percentage,percent,8.96904526341816e-12,Bin,5.3,5.4
Idaho,Season peak percentage,percent,8.89831666377143e-12,Bin,5.4,5.5
Idaho,Season peak percentage,percent,8.84757145292154e-12,Bin,5.5,5.6
Idaho,Season peak percentage,percent,8.81675599207795e-12,Bin,5.6,5.7
Idaho,Season peak percentage,percent,8.80570660369742e-12,Bin,5.7,5.8
Idaho,Season peak percentage,percent,8.81376589799859e-12,Bin,5.8,5.9
Idaho,Season peak percentage,percent,8.84050743299599e-12,Bin,5.9,6.0
Idaho,Season peak percentage,percent,8.88483383368296e-12,Bin,6.0,6.1
Idaho,Season peak percentage,percent,8.94583081178251e-12,Bin,6.1,6.2
Idaho,Season peak percentage,percent,9.02217194425059e-12,Bin,6.2,6.3
Idaho,Season peak percentage,percent,9.11236043945869e-12,Bin,6.3,6.4
Idaho,Season peak percentage,percent,9.21468973678979e-12,Bin,6.4,6.5
Idaho,Season peak percentage,percent,9.32727523024044e-12,Bin,6.5,6.6
Idaho,Season peak percentage,percent,9.44783852047645e-12,Bin,6.6,6.7
Idaho,Season peak percentage,percent,9.57408574678962e-12,Bin,6.7,6.8
Idaho,Season peak percentage,percent,9.70329247746655e-12,Bin,6.8,6.9
Idaho,Season peak percentage,percent,9.83264568159161e-12,Bin,6.9,7.0
Idaho,Season peak percentage,percent,9.95912284526863e-12,Bin,7.0,7.1
Idaho,Season peak percentage,percent,1.00794786910256e-11,Bin,7.1,7.2
Idaho,Season peak percentage,percent,1.01904725450237e-11,Bin,7.2,7.3
Idaho,Season peak percentage,percent,1.02886641592189e-11,Bin,7.3,7.4
Idaho,Season peak percentage,percent,1.03707856030762e-11,Bin,7.4,7.5
Idaho,Season peak percentage,percent,1.04333730495745e-11,Bin,7.5,7.6
Idaho,Season peak percentage,percent,1.04735468512286e-11,Bin,7.6,7.7
Idaho,Season peak percentage,percent,1.04879910959526e-11,Bin,7.7,7.8
Idaho,Season peak percentage,percent,1.04745474658261e-11,Bin,7.8,7.9
Idaho,Season peak percentage,percent,1.04303773929939e-11,Bin,7.9,8.0
Idaho,Season peak percentage,percent,1.03542227430586e-11,Bin,8.0,8.1
Idaho,Season peak percentage,percent,1.02442003437438e-11,Bin,8.1,8.2
Idaho,Season peak percentage,percent,1.00999022156398e-11,Bin,8.2,8.3
Idaho,Season peak percentage,percent,9.92088150733728e-12,Bin,8.3,8.4
Idaho,Season peak percentage,percent,9.70753553810775e-12,Bin,8.4,8.5
Idaho,Season peak percentage,percent,9.46086067315751e-12,Bin,8.5,8.6
Idaho,Season peak percentage,percent,9.18241554934311e-12,Bin,8.6,8.7
Idaho,Season peak percentage,percent,8.87408168676908e-12,Bin,8.7,8.8
Idaho,Season peak percentage,percent,8.53878340951588e-12,Bin,8.8,8.9
Idaho,Season peak percentage,percent,8.17923952966049e-12,Bin,8.9,9.0
Idaho,Season peak percentage,percent,7.79908461053008e-12,Bin,9.0,9.1
Idaho,Season peak percentage,percent,7.40192938935e-12,Bin,9.1,9.2
Idaho,Season peak percentage,percent,6.99168058956807e-12,Bin,9.2,9.3
Idaho,Season peak percentage,percent,6.57241927008214e-12,Bin,9.3,9.4
Idaho,Season peak percentage,percent,6.14811409182615e-12,Bin,9.4,9.5
Idaho,Season peak percentage,percent,5.72281074608463e-12,Bin,9.5,9.6
Idaho,Season peak percentage,percent,5.30031580286721e-12,Bin,9.6,9.7
Idaho,Season peak percentage,percent,4.88426039369976e-12,Bin,9.7,9.8
Idaho,Season peak percentage,percent,4.4779396778729e-12,Bin,9.8,9.9
Idaho,Season peak percentage,percent,4.08436214013293e-12,Bin,9.9,10.0
Idaho,Season peak percentage,percent,3.70614997825817e-12,Bin,10.0,10.1
Idaho,Season peak percentage,percent,3.34538718372057e-12,Bin,10.1,10.2
Idaho,Season peak percentage,percent,3.00407334643317e-12,Bin,10.2,10.3
Idaho,Season peak percentage,percent,2.68322178373162e-12,Bin,10.3,10.4
Idaho,Season peak percentage,percent,2.38415351275964e-12,Bin,10.4,10.5
Idaho,Season peak percentage,percent,2.10699137126162e-12,Bin,10.5,10.6
Idaho,Season peak percentage,percent,1.85228369982276e-12,Bin,10.6,10.7
Idaho,Season peak percentage,percent,1.61951973498474e-12,Bin,10.7,10.8
Idaho,Season peak percentage,percent,1.40850044367841e-12,Bin,10.8,10.9
Idaho,Season peak percentage,percent,1.21832507524239e-12,Bin,10.9,11.0
Idaho,Season peak percentage,percent,1.04819602897791e-12,Bin,11.0,11.1
Idaho,Season peak percentage,percent,8.96869793234011e-13,Bin,11.1,11.2
Idaho,Season peak percentage,percent,7.63334085077645e-13,Bin,11.2,11.3
Idaho,Season peak percentage,percent,6.46027336920201e-13,Bin,11.3,11.4
Idaho,Season peak percentage,percent,5.43888426587298e-13,Bin,11.4,11.5
Idaho,Season peak percentage,percent,4.55292694021232e-13,Bin,11.5,11.6
Idaho,Season peak percentage,percent,3.79143075491885e-13,Bin,11.6,11.7
Idaho,Season peak percentage,percent,3.13936819741029e-13,Bin,11.7,11.8
Idaho,Season peak percentage,percent,2.58552933666482e-13,Bin,11.8,11.9
Idaho,Season peak percentage,percent,2.11768979770451e-13,Bin,11.9,12.0
Idaho,Season peak percentage,percent,1.72488928501199e-13,Bin,12.0,12.1
Idaho,Season peak percentage,percent,1.39724775221377e-13,Bin,12.1,12.2
Idaho,Season peak percentage,percent,1.12573163925133e-13,Bin,12.2,12.3
Idaho,Season peak percentage,percent,9.01798976716231e-14,Bin,12.3,12.4
Idaho,Season peak percentage,percent,7.46039679344173e-14,Bin,12.4,12.5
Idaho,Season peak percentage,percent,7.31014725477482e-14,Bin,12.5,12.6
Idaho,Season peak percentage,percent,7.31014725477482e-14,Bin,12.6,12.7
Idaho,Season peak percentage,percent,7.31014725477482e-14,Bin,12.7,12.8
Idaho,Season peak percentage,percent,7.31014725477482e-14,Bin,12.8,12.9
Idaho,Season peak percentage,percent,7.31014725477482e-14,Bin,12.9,13.0
Idaho,Season peak percentage,percent,1.49858018722882e-12,Bin,13.0,100.0
Idaho,Season peak week,week,3.05101548743702e-05,Bin,40.0,41.0
Idaho,Season peak week,week,3.05101548743702e-05,Bin,41.0,42.0
Idaho,Season peak week,week,3.05101548743702e-05,Bin,42.0,43.0
Idaho,Season peak week,week,3.05101548743702e-05,Bin,43.0,44.0
Idaho,Season peak week,week,3.05101548743702e-05,Bin,44.0,45.0
Idaho,Season peak week,week,3.05101548743702e-05,Bin,45.0,46.0
Idaho,Season peak week,week,3.05101548743702e-05,Bin,46.0,47.0
Idaho,Season peak week,week,3.10182994781488e-05,Bin,47.0,48.0
Idaho,Season peak week,week,0.000111382706827903,Bin,48.0,49.0
Idaho,Season peak week,week,0.000518633110403481,Bin,49.0,50.0
Idaho,Season peak week,week,0.00167273648376513,Bin,50.0,51.0
Idaho,Season peak week,week,0.00377465390624035,Bin,51.0,52.0
Idaho,Season peak week,week,0.00604694434929444,Bin,52.0,53.0
Idaho,Season peak week,week,0.00705691040045453,Bin,1.0,2.0
Idaho,Season peak week,week,0.944437351008782,Bin,2.0,3.0
Idaho,Season peak week,week,0.00443650428811996,Bin,3.0,4.0
Idaho,Season peak week,week,0.00255038372151492,Bin,4.0,5.0
Idaho,Season peak week,week,0.0011587362692187,Bin,5.0,6.0
Idaho,Season peak week,week,0.000476439200021528,Bin,6.0,7.0
Idaho,Season peak week,week,0.000533724485063126,Bin,7.0,8.0
Idaho,Season peak week,week,0.00140840922290209,Bin,8.0,9.0
Idaho,Season peak week,week,0.0030788369441738,Bin,9.0,10.0
Idaho,Season peak week,week,0.00489283885458867,Bin,10.0,11.0
Idaho,Season peak week,week,0.00569815384875566,Bin,11.0,12.0
Idaho,Season peak week,week,0.00489296708912212,Bin,12.0,13.0
Idaho,Season peak week,week,0.00307753458573935,Bin,13.0,14.0
Idaho,Season peak week,week,0.00139466902391273,Bin,14.0,15.0
Idaho,Season peak week,week,0.000446487618047644,Bin,15.0,16.0
Idaho,Season peak week,week,9.91875122191532e-05,Bin,16.0,17.0
Idaho,Season peak week,week,2.82962056996327e-05,Bin,17.0,18.0
Idaho,Season peak week,week,2.7840074019937e-05,Bin,18.0,19.0
Idaho,Season peak week,week,0.00190794963349449,Bin,19.0,20.0
Idaho,Season peak week,week,2.7840074019937e-05,Bin,20.0,21.0
Illinois,1 wk ahead,percent,2.97904465836176e-11,Bin,0.0,0.1
Illinois,1 wk ahead,percent,5.95808931672351e-11,Bin,0.1,0.2
Illinois,1 wk ahead,percent,5.95808931672351e-11,Bin,0.2,0.3
Illinois,1 wk ahead,percent,5.95808931672351e-11,Bin,0.3,0.4
Illinois,1 wk ahead,percent,5.95808931672351e-11,Bin,0.4,0.5
Illinois,1 wk ahead,percent,5.95808931672352e-11,Bin,0.5,0.6
Illinois,1 wk ahead,percent,5.95808931672352e-11,Bin,0.6,0.7
Illinois,1 wk ahead,percent,5.95808931672352e-11,Bin,0.7,0.8
Illinois,1 wk ahead,percent,0.00199999992183789,Bin,0.8,0.9
Illinois,1 wk ahead,percent,0.00799999950860889,Bin,0.9,1.0
Illinois,1 wk ahead,percent,0.0279999981311789,Bin,1.0,1.1
Illinois,1 wk ahead,percent,0.159999989117463,Bin,1.1,1.2
Illinois,1 wk ahead,percent,0.347999978508782,Bin,1.2,1.3
Illinois,1 wk ahead,percent,0.303999989579833,Bin,1.3,1.4
Illinois,1 wk ahead,percent,0.110000003275832,Bin,1.4,1.5
Illinois,1 wk ahead,percent,0.0220000018487413,Bin,1.5,1.6
Illinois,1 wk ahead,percent,0.0100000053428664,Bin,1.6,1.7
Illinois,1 wk ahead,percent,0.00600001363666027,Bin,1.7,1.8
Illinois,1 wk ahead,percent,1.13067242067454e-08,Bin,1.8,1.9
Illinois,1 wk ahead,percent,0.00200000241589619,Bin,1.9,2.0
Illinois,1 wk ahead,percent,1.40330667479051e-10,Bin,2.0,2.1
Illinois,1 wk ahead,percent,6.1985356418707e-11,Bin,2.1,2.2
Illinois,1 wk ahead,percent,6.1985356418707e-11,Bin,2.2,2.3
Illinois,1 wk ahead,percent,6.1985356418707e-11,Bin,2.3,2.4
Illinois,1 wk ahead,percent,6.1985356418707e-11,Bin,2.4,2.5
Illinois,1 wk ahead,percent,6.1985356418707e-11,Bin,2.5,2.6
Illinois,1 wk ahead,percent,6.1985356418707e-11,Bin,2.6,2.7
Illinois,1 wk ahead,percent,6.1985356418707e-11,Bin,2.7,2.8
Illinois,1 wk ahead,percent,6.1985356418707e-11,Bin,2.8,2.9
Illinois,1 wk ahead,percent,6.1985356418707e-11,Bin,2.9,3.0
Illinois,1 wk ahead,percent,6.1985356418707e-11,Bin,3.0,3.1
Illinois,1 wk ahead,percent,6.1985356418707e-11,Bin,3.1,3.2
Illinois,1 wk ahead,percent,6.1985356418707e-11,Bin,3.2,3.3
Illinois,1 wk ahead,percent,6.1985356418707e-11,Bin,3.3,3.4
Illinois,1 wk ahead,percent,6.1985356418707e-11,Bin,3.4,3.5
Illinois,1 wk ahead,percent,6.1985356418707e-11,Bin,3.5,3.6
Illinois,1 wk ahead,percent,6.1985356418707e-11,Bin,3.6,3.7
Illinois,1 wk ahead,percent,6.1985356418707e-11,Bin,3.7,3.8
Illinois,1 wk ahead,percent,6.1985356418707e-11,Bin,3.8,3.9
Illinois,1 wk ahead,percent,6.1985356418707e-11,Bin,3.9,4.0
Illinois,1 wk ahead,percent,6.1985356418707e-11,Bin,4.0,4.1
Illinois,1 wk ahead,percent,6.1985356418707e-11,Bin,4.1,4.2
Illinois,1 wk ahead,percent,6.1985356418707e-11,Bin,4.2,4.3
Illinois,1 wk ahead,percent,6.1985356418707e-11,Bin,4.3,4.4
Illinois,1 wk ahead,percent,6.1985356418707e-11,Bin,4.4,4.5
Illinois,1 wk ahead,percent,6.1985356418707e-11,Bin,4.5,4.6
Illinois,1 wk ahead,percent,6.1985356418707e-11,Bin,4.6,4.7
Illinois,1 wk ahead,percent,6.1985356418707e-11,Bin,4.7,4.8
Illinois,1 wk ahead,percent,6.1985356418707e-11,Bin,4.8,4.9
Illinois,1 wk ahead,percent,6.1985356418707e-11,Bin,4.9,5.0
Illinois,1 wk ahead,percent,6.1985356418707e-11,Bin,5.0,5.1
Illinois,1 wk ahead,percent,6.1985356418707e-11,Bin,5.1,5.2
Illinois,1 wk ahead,percent,6.1985356418707e-11,Bin,5.2,5.3
Illinois,1 wk ahead,percent,6.1985356418707e-11,Bin,5.3,5.4
Illinois,1 wk ahead,percent,6.1985356418707e-11,Bin,5.4,5.5
Illinois,1 wk ahead,percent,6.1985356418707e-11,Bin,5.5,5.6
Illinois,1 wk ahead,percent,6.1985356418707e-11,Bin,5.6,5.7
Illinois,1 wk ahead,percent,6.1985356418707e-11,Bin,5.7,5.8
Illinois,1 wk ahead,percent,6.1985356418707e-11,Bin,5.8,5.9
Illinois,1 wk ahead,percent,6.1985356418707e-11,Bin,5.9,6.0
Illinois,1 wk ahead,percent,6.1985356418707e-11,Bin,6.0,6.1
Illinois,1 wk ahead,percent,6.1985356418707e-11,Bin,6.1,6.2
Illinois,1 wk ahead,percent,6.1985356418707e-11,Bin,6.2,6.3
Illinois,1 wk ahead,percent,6.1985356418707e-11,Bin,6.3,6.4
Illinois,1 wk ahead,percent,6.1985356418707e-11,Bin,6.4,6.5
Illinois,1 wk ahead,percent,6.1985356418707e-11,Bin,6.5,6.6
Illinois,1 wk ahead,percent,6.1985356418707e-11,Bin,6.6,6.7
Illinois,1 wk ahead,percent,6.1985356418707e-11,Bin,6.7,6.8
Illinois,1 wk ahead,percent,6.1985356418707e-11,Bin,6.8,6.9
Illinois,1 wk ahead,percent,6.1985356418707e-11,Bin,6.9,7.0
Illinois,1 wk ahead,percent,6.1985356418707e-11,Bin,7.0,7.1
Illinois,1 wk ahead,percent,6.1985356418707e-11,Bin,7.1,7.2
Illinois,1 wk ahead,percent,6.1985356418707e-11,Bin,7.2,7.3
Illinois,1 wk ahead,percent,6.1985356418707e-11,Bin,7.3,7.4
Illinois,1 wk ahead,percent,6.1985356418707e-11,Bin,7.4,7.5
Illinois,1 wk ahead,percent,6.1985356418707e-11,Bin,7.5,7.6
Illinois,1 wk ahead,percent,6.1985356418707e-11,Bin,7.6,7.7
Illinois,1 wk ahead,percent,6.1985356418707e-11,Bin,7.7,7.8
Illinois,1 wk ahead,percent,6.1985356418707e-11,Bin,7.8,7.9
Illinois,1 wk ahead,percent,6.1985356418707e-11,Bin,7.9,8.0
Illinois,1 wk ahead,percent,6.19853564187075e-11,Bin,8.0,8.1
Illinois,1 wk ahead,percent,6.19853564187081e-11,Bin,8.1,8.2
Illinois,1 wk ahead,percent,6.19853564187081e-11,Bin,8.2,8.3
Illinois,1 wk ahead,percent,6.19853564187081e-11,Bin,8.3,8.4
Illinois,1 wk ahead,percent,6.19853564187081e-11,Bin,8.4,8.5
Illinois,1 wk ahead,percent,6.19853564187081e-11,Bin,8.5,8.6
Illinois,1 wk ahead,percent,6.19853564187081e-11,Bin,8.6,8.7
Illinois,1 wk ahead,percent,6.19853564187081e-11,Bin,8.7,8.8
Illinois,1 wk ahead,percent,6.19853564187081e-11,Bin,8.8,8.9
Illinois,1 wk ahead,percent,6.19853564187081e-11,Bin,8.9,9.0
Illinois,1 wk ahead,percent,6.19853564187081e-11,Bin,9.0,9.1
Illinois,1 wk ahead,percent,6.19853564187081e-11,Bin,9.1,9.2
Illinois,1 wk ahead,percent,6.19853564187081e-11,Bin,9.2,9.3
Illinois,1 wk ahead,percent,6.19853564187081e-11,Bin,9.3,9.4
Illinois,1 wk ahead,percent,6.19853564187081e-11,Bin,9.4,9.5
Illinois,1 wk ahead,percent,6.19853564187081e-11,Bin,9.5,9.6
Illinois,1 wk ahead,percent,6.19853564187081e-11,Bin,9.6,9.7
Illinois,1 wk ahead,percent,6.19853564187081e-11,Bin,9.7,9.8
Illinois,1 wk ahead,percent,6.19853564187081e-11,Bin,9.8,9.9
Illinois,1 wk ahead,percent,6.19853564187081e-11,Bin,9.9,10.0
Illinois,1 wk ahead,percent,6.19853564187081e-11,Bin,10.0,10.1
Illinois,1 wk ahead,percent,6.19853564187081e-11,Bin,10.1,10.2
Illinois,1 wk ahead,percent,6.19853564187081e-11,Bin,10.2,10.3
Illinois,1 wk ahead,percent,6.19853564187081e-11,Bin,10.3,10.4
Illinois,1 wk ahead,percent,6.19853564187081e-11,Bin,10.4,10.5
Illinois,1 wk ahead,percent,6.19853564187081e-11,Bin,10.5,10.6
Illinois,1 wk ahead,percent,6.19853564187081e-11,Bin,10.6,10.7
Illinois,1 wk ahead,percent,6.19853564187081e-11,Bin,10.7,10.8
Illinois,1 wk ahead,percent,6.19853564187081e-11,Bin,10.8,10.9
Illinois,1 wk ahead,percent,6.19853564187081e-11,Bin,10.9,11.0
Illinois,1 wk ahead,percent,6.19853564187081e-11,Bin,11.0,11.1
Illinois,1 wk ahead,percent,6.19853564187081e-11,Bin,11.1,11.2
Illinois,1 wk ahead,percent,6.19853564187081e-11,Bin,11.2,11.3
Illinois,1 wk ahead,percent,6.19853564187081e-11,Bin,11.3,11.4
Illinois,1 wk ahead,percent,6.19853564187081e-11,Bin,11.4,11.5
Illinois,1 wk ahead,percent,6.19853564187081e-11,Bin,11.5,11.6
Illinois,1 wk ahead,percent,6.19853564187081e-11,Bin,11.6,11.7
Illinois,1 wk ahead,percent,6.19853564187081e-11,Bin,11.7,11.8
Illinois,1 wk ahead,percent,6.19853564187081e-11,Bin,11.8,11.9
Illinois,1 wk ahead,percent,6.19853564187081e-11,Bin,11.9,12.0
Illinois,1 wk ahead,percent,6.19853564187081e-11,Bin,12.0,12.1
Illinois,1 wk ahead,percent,6.19853564187081e-11,Bin,12.1,12.2
Illinois,1 wk ahead,percent,6.19853564187081e-11,Bin,12.2,12.3
Illinois,1 wk ahead,percent,6.19853564187081e-11,Bin,12.3,12.4
Illinois,1 wk ahead,percent,6.19853564187081e-11,Bin,12.4,12.5
Illinois,1 wk ahead,percent,6.19853564187081e-11,Bin,12.5,12.6
Illinois,1 wk ahead,percent,6.19853564187081e-11,Bin,12.6,12.7
Illinois,1 wk ahead,percent,6.19853564187081e-11,Bin,12.7,12.8
Illinois,1 wk ahead,percent,6.19853564187081e-11,Bin,12.8,12.9
Illinois,1 wk ahead,percent,6.19853564187081e-11,Bin,12.9,13.0
Illinois,1 wk ahead,percent,6.19853564187081e-11,Bin,13.0,100.0
Illinois,2 wk ahead,percent,3.41188932666721e-11,Bin,0.0,0.1
Illinois,2 wk ahead,percent,6.82377865333442e-11,Bin,0.1,0.2
Illinois,2 wk ahead,percent,6.82377865333442e-11,Bin,0.2,0.3
Illinois,2 wk ahead,percent,6.82377865333442e-11,Bin,0.3,0.4
Illinois,2 wk ahead,percent,6.82377865333442e-11,Bin,0.4,0.5
Illinois,2 wk ahead,percent,6.82377865333442e-11,Bin,0.5,0.6
Illinois,2 wk ahead,percent,6.82377865333443e-11,Bin,0.6,0.7
Illinois,2 wk ahead,percent,0.00199999992055707,Bin,0.7,0.8
Illinois,2 wk ahead,percent,0.00199999992055707,Bin,0.8,0.9
Illinois,2 wk ahead,percent,0.0339999975576655,Bin,0.9,1.0
Illinois,2 wk ahead,percent,0.117999991355075,Bin,1.0,1.1
Illinois,2 wk ahead,percent,0.261999980722063,Bin,1.1,1.2
Illinois,2 wk ahead,percent,0.307999977391227,Bin,1.2,1.3
Illinois,2 wk ahead,percent,0.153999991165343,Bin,1.3,1.4
Illinois,2 wk ahead,percent,0.0800000027287574,Bin,1.4,1.5
Illinois,2 wk ahead,percent,0.0260000142564505,Bin,1.5,1.6
Illinois,2 wk ahead,percent,0.0120000186409355,Bin,1.6,1.7
Illinois,2 wk ahead,percent,0.00200000706206184,Bin,1.7,1.8
Illinois,2 wk ahead,percent,4.5656337644866e-10,Bin,1.8,1.9
Illinois,2 wk ahead,percent,2.38321795266554e-09,Bin,1.9,2.0
Illinois,2 wk ahead,percent,6.0310560151892e-09,Bin,2.0,2.1
Illinois,2 wk ahead,percent,1.6027328873668e-09,Bin,2.1,2.2
Illinois,2 wk ahead,percent,8.64641876423915e-11,Bin,2.2,2.3
Illinois,2 wk ahead,percent,7.66270830451663e-11,Bin,2.3,2.4
Illinois,2 wk ahead,percent,7.66270830451663e-11,Bin,2.4,2.5
Illinois,2 wk ahead,percent,7.66270830451663e-11,Bin,2.5,2.6
Illinois,2 wk ahead,percent,7.66270830451663e-11,Bin,2.6,2.7
Illinois,2 wk ahead,percent,7.66270830451663e-11,Bin,2.7,2.8
Illinois,2 wk ahead,percent,7.66270830451663e-11,Bin,2.8,2.9
Illinois,2 wk ahead,percent,7.66270830451663e-11,Bin,2.9,3.0
Illinois,2 wk ahead,percent,7.66270830451663e-11,Bin,3.0,3.1
Illinois,2 wk ahead,percent,7.66270830451663e-11,Bin,3.1,3.2
Illinois,2 wk ahead,percent,7.66270830451663e-11,Bin,3.2,3.3
Illinois,2 wk ahead,percent,7.66270830451663e-11,Bin,3.3,3.4
Illinois,2 wk ahead,percent,7.66270830451663e-11,Bin,3.4,3.5
Illinois,2 wk ahead,percent,7.66270830451663e-11,Bin,3.5,3.6
Illinois,2 wk ahead,percent,7.66270830451663e-11,Bin,3.6,3.7
Illinois,2 wk ahead,percent,7.66270830451663e-11,Bin,3.7,3.8
Illinois,2 wk ahead,percent,7.66270830451663e-11,Bin,3.8,3.9
Illinois,2 wk ahead,percent,7.66270830451663e-11,Bin,3.9,4.0
Illinois,2 wk ahead,percent,7.66270830451663e-11,Bin,4.0,4.1
Illinois,2 wk ahead,percent,7.66270830451663e-11,Bin,4.1,4.2
Illinois,2 wk ahead,percent,7.66270830451663e-11,Bin,4.2,4.3
Illinois,2 wk ahead,percent,7.66270830451663e-11,Bin,4.3,4.4
Illinois,2 wk ahead,percent,7.66270830451663e-11,Bin,4.4,4.5
Illinois,2 wk ahead,percent,7.66270830451663e-11,Bin,4.5,4.6
Illinois,2 wk ahead,percent,7.66270830451663e-11,Bin,4.6,4.7
Illinois,2 wk ahead,percent,7.66270830451663e-11,Bin,4.7,4.8
Illinois,2 wk ahead,percent,7.66270830451663e-11,Bin,4.8,4.9
Illinois,2 wk ahead,percent,7.66270830451663e-11,Bin,4.9,5.0
Illinois,2 wk ahead,percent,7.66270830451663e-11,Bin,5.0,5.1
Illinois,2 wk ahead,percent,7.66270830451663e-11,Bin,5.1,5.2
Illinois,2 wk ahead,percent,7.66270830451663e-11,Bin,5.2,5.3
Illinois,2 wk ahead,percent,7.66270830451663e-11,Bin,5.3,5.4
Illinois,2 wk ahead,percent,7.66270830451663e-11,Bin,5.4,5.5
Illinois,2 wk ahead,percent,7.66270830451663e-11,Bin,5.5,5.6
Illinois,2 wk ahead,percent,7.66270830451663e-11,Bin,5.6,5.7
Illinois,2 wk ahead,percent,7.66270830451663e-11,Bin,5.7,5.8
Illinois,2 wk ahead,percent,7.66270830451663e-11,Bin,5.8,5.9
Illinois,2 wk ahead,percent,7.66270830451663e-11,Bin,5.9,6.0
Illinois,2 wk ahead,percent,7.66270830451663e-11,Bin,6.0,6.1
Illinois,2 wk ahead,percent,7.66270830451663e-11,Bin,6.1,6.2
Illinois,2 wk ahead,percent,7.66270830451663e-11,Bin,6.2,6.3
Illinois,2 wk ahead,percent,7.66270830451663e-11,Bin,6.3,6.4
Illinois,2 wk ahead,percent,7.66270830451663e-11,Bin,6.4,6.5
Illinois,2 wk ahead,percent,7.66270830451663e-11,Bin,6.5,6.6
Illinois,2 wk ahead,percent,7.66270830451663e-11,Bin,6.6,6.7
Illinois,2 wk ahead,percent,7.66270830451663e-11,Bin,6.7,6.8
Illinois,2 wk ahead,percent,7.66270830451663e-11,Bin,6.8,6.9
Illinois,2 wk ahead,percent,7.66270830451663e-11,Bin,6.9,7.0
Illinois,2 wk ahead,percent,7.66270830451663e-11,Bin,7.0,7.1
Illinois,2 wk ahead,percent,7.66270830451663e-11,Bin,7.1,7.2
Illinois,2 wk ahead,percent,7.66270830451663e-11,Bin,7.2,7.3
Illinois,2 wk ahead,percent,7.66270830451663e-11,Bin,7.3,7.4
Illinois,2 wk ahead,percent,7.66270830451663e-11,Bin,7.4,7.5
Illinois,2 wk ahead,percent,7.66270830451663e-11,Bin,7.5,7.6
Illinois,2 wk ahead,percent,7.66270830451663e-11,Bin,7.6,7.7
Illinois,2 wk ahead,percent,7.66270830451663e-11,Bin,7.7,7.8
Illinois,2 wk ahead,percent,7.66270830451663e-11,Bin,7.8,7.9
Illinois,2 wk ahead,percent,7.66270830451663e-11,Bin,7.9,8.0
Illinois,2 wk ahead,percent,7.6627083045167e-11,Bin,8.0,8.1
Illinois,2 wk ahead,percent,7.66270830451677e-11,Bin,8.1,8.2
Illinois,2 wk ahead,percent,7.66270830451677e-11,Bin,8.2,8.3
Illinois,2 wk ahead,percent,7.66270830451677e-11,Bin,8.3,8.4
Illinois,2 wk ahead,percent,7.66270830451677e-11,Bin,8.4,8.5
Illinois,2 wk ahead,percent,7.66270830451677e-11,Bin,8.5,8.6
Illinois,2 wk ahead,percent,7.66270830451677e-11,Bin,8.6,8.7
Illinois,2 wk ahead,percent,7.66270830451677e-11,Bin,8.7,8.8
Illinois,2 wk ahead,percent,7.66270830451677e-11,Bin,8.8,8.9
Illinois,2 wk ahead,percent,7.66270830451677e-11,Bin,8.9,9.0
Illinois,2 wk ahead,percent,7.66270830451677e-11,Bin,9.0,9.1
Illinois,2 wk ahead,percent,7.66270830451677e-11,Bin,9.1,9.2
Illinois,2 wk ahead,percent,7.66270830451677e-11,Bin,9.2,9.3
Illinois,2 wk ahead,percent,7.66270830451677e-11,Bin,9.3,9.4
Illinois,2 wk ahead,percent,7.66270830451677e-11,Bin,9.4,9.5
Illinois,2 wk ahead,percent,7.66270830451677e-11,Bin,9.5,9.6
Illinois,2 wk ahead,percent,7.66270830451677e-11,Bin,9.6,9.7
Illinois,2 wk ahead,percent,7.66270830451677e-11,Bin,9.7,9.8
Illinois,2 wk ahead,percent,7.66270830451677e-11,Bin,9.8,9.9
Illinois,2 wk ahead,percent,7.66270830451677e-11,Bin,9.9,10.0
Illinois,2 wk ahead,percent,7.66270830451677e-11,Bin,10.0,10.1
Illinois,2 wk ahead,percent,7.66270830451677e-11,Bin,10.1,10.2
Illinois,2 wk ahead,percent,7.66270830451677e-11,Bin,10.2,10.3
Illinois,2 wk ahead,percent,7.66270830451677e-11,Bin,10.3,10.4
Illinois,2 wk ahead,percent,7.66270830451677e-11,Bin,10.4,10.5
Illinois,2 wk ahead,percent,7.66270830451677e-11,Bin,10.5,10.6
Illinois,2 wk ahead,percent,7.66270830451677e-11,Bin,10.6,10.7
Illinois,2 wk ahead,percent,7.66270830451677e-11,Bin,10.7,10.8
Illinois,2 wk ahead,percent,7.66270830451677e-11,Bin,10.8,10.9
Illinois,2 wk ahead,percent,7.66270830451677e-11,Bin,10.9,11.0
Illinois,2 wk ahead,percent,7.66270830451677e-11,Bin,11.0,11.1
Illinois,2 wk ahead,percent,7.66270830451677e-11,Bin,11.1,11.2
Illinois,2 wk ahead,percent,7.66270830451677e-11,Bin,11.2,11.3
Illinois,2 wk ahead,percent,7.66270830451677e-11,Bin,11.3,11.4
Illinois,2 wk ahead,percent,7.66270830451677e-11,Bin,11.4,11.5
Illinois,2 wk ahead,percent,7.66270830451677e-11,Bin,11.5,11.6
Illinois,2 wk ahead,percent,7.66270830451677e-11,Bin,11.6,11.7
Illinois,2 wk ahead,percent,7.66270830451677e-11,Bin,11.7,11.8
Illinois,2 wk ahead,percent,7.66270830451677e-11,Bin,11.8,11.9
Illinois,2 wk ahead,percent,7.66270830451677e-11,Bin,11.9,12.0
Illinois,2 wk ahead,percent,7.66270830451677e-11,Bin,12.0,12.1
Illinois,2 wk ahead,percent,7.66270830451677e-11,Bin,12.1,12.2
Illinois,2 wk ahead,percent,7.66270830451677e-11,Bin,12.2,12.3
Illinois,2 wk ahead,percent,7.66270830451677e-11,Bin,12.3,12.4
Illinois,2 wk ahead,percent,7.66270830451677e-11,Bin,12.4,12.5
Illinois,2 wk ahead,percent,7.66270830451677e-11,Bin,12.5,12.6
Illinois,2 wk ahead,percent,7.66270830451677e-11,Bin,12.6,12.7
Illinois,2 wk ahead,percent,7.66270830451677e-11,Bin,12.7,12.8
Illinois,2 wk ahead,percent,7.66270830451677e-11,Bin,12.8,12.9
Illinois,2 wk ahead,percent,7.66270830451677e-11,Bin,12.9,13.0
Illinois,2 wk ahead,percent,7.66270830451677e-11,Bin,13.0,100.0
Illinois,3 wk ahead,percent,5.24233458965334e-11,Bin,0.0,0.1
Illinois,3 wk ahead,percent,1.04846691793067e-10,Bin,0.1,0.2
Illinois,3 wk ahead,percent,1.04846691793067e-10,Bin,0.2,0.3
Illinois,3 wk ahead,percent,1.04846691793067e-10,Bin,0.3,0.4
Illinois,3 wk ahead,percent,1.04846691793067e-10,Bin,0.4,0.5
Illinois,3 wk ahead,percent,1.04846691793067e-10,Bin,0.5,0.6
Illinois,3 wk ahead,percent,1.04846691793067e-10,Bin,0.6,0.7
Illinois,3 wk ahead,percent,1.07331226059446e-10,Bin,0.7,0.8
Illinois,3 wk ahead,percent,0.00799999870908694,Bin,0.8,0.9
Illinois,3 wk ahead,percent,0.0499999912433788,Bin,0.9,1.0
Illinois,3 wk ahead,percent,0.165999970578863,Bin,1.0,1.1
Illinois,3 wk ahead,percent,0.269999955513514,Bin,1.1,1.2
Illinois,3 wk ahead,percent,0.261999965639111,Bin,1.2,1.3
Illinois,3 wk ahead,percent,0.135999999282829,Bin,1.3,1.4
Illinois,3 wk ahead,percent,0.0600000185397615,Bin,1.4,1.5
Illinois,3 wk ahead,percent,0.0320000227053189,Bin,1.5,1.6
Illinois,3 wk ahead,percent,0.010000021760512,Bin,1.6,1.7
Illinois,3 wk ahead,percent,0.00400001657576267,Bin,1.7,1.8
Illinois,3 wk ahead,percent,0.00200001206791238,Bin,1.8,1.9
Illinois,3 wk ahead,percent,8.99366350507035e-09,Bin,1.9,2.0
Illinois,3 wk ahead,percent,5.72095798682442e-09,Bin,2.0,2.1
Illinois,3 wk ahead,percent,2.76464783469519e-09,Bin,2.1,2.2
Illinois,3 wk ahead,percent,9.34873122560556e-10,Bin,2.2,2.3
Illinois,3 wk ahead,percent,2.14009059555315e-10,Bin,2.3,2.4
Illinois,3 wk ahead,percent,7.44800802324517e-11,Bin,2.4,2.5
Illinois,3 wk ahead,percent,7.44573940802077e-11,Bin,2.5,2.6
Illinois,3 wk ahead,percent,7.44573940802077e-11,Bin,2.6,2.7
Illinois,3 wk ahead,percent,7.44573940802077e-11,Bin,2.7,2.8
Illinois,3 wk ahead,percent,7.44573940802077e-11,Bin,2.8,2.9
Illinois,3 wk ahead,percent,7.44573940802077e-11,Bin,2.9,3.0
Illinois,3 wk ahead,percent,7.44573940802077e-11,Bin,3.0,3.1
Illinois,3 wk ahead,percent,7.44573940802077e-11,Bin,3.1,3.2
Illinois,3 wk ahead,percent,7.44573940802077e-11,Bin,3.2,3.3
Illinois,3 wk ahead,percent,7.44573940802077e-11,Bin,3.3,3.4
Illinois,3 wk ahead,percent,7.44573940802077e-11,Bin,3.4,3.5
Illinois,3 wk ahead,percent,7.44573940802077e-11,Bin,3.5,3.6
Illinois,3 wk ahead,percent,7.44573940802077e-11,Bin,3.6,3.7
Illinois,3 wk ahead,percent,7.44573940802077e-11,Bin,3.7,3.8
Illinois,3 wk ahead,percent,7.44573940802077e-11,Bin,3.8,3.9
Illinois,3 wk ahead,percent,7.44573940802077e-11,Bin,3.9,4.0
Illinois,3 wk ahead,percent,7.44573940802077e-11,Bin,4.0,4.1
Illinois,3 wk ahead,percent,7.44573940802077e-11,Bin,4.1,4.2
Illinois,3 wk ahead,percent,7.44573940802077e-11,Bin,4.2,4.3
Illinois,3 wk ahead,percent,7.44573940802077e-11,Bin,4.3,4.4
Illinois,3 wk ahead,percent,7.44573940802077e-11,Bin,4.4,4.5
Illinois,3 wk ahead,percent,7.44573940802077e-11,Bin,4.5,4.6
Illinois,3 wk ahead,percent,7.44573940802077e-11,Bin,4.6,4.7
Illinois,3 wk ahead,percent,7.44573940802077e-11,Bin,4.7,4.8
Illinois,3 wk ahead,percent,7.44573940802077e-11,Bin,4.8,4.9
Illinois,3 wk ahead,percent,7.44573940802077e-11,Bin,4.9,5.0
Illinois,3 wk ahead,percent,7.44573940802077e-11,Bin,5.0,5.1
Illinois,3 wk ahead,percent,7.44573940802077e-11,Bin,5.1,5.2
Illinois,3 wk ahead,percent,7.44573940802077e-11,Bin,5.2,5.3
Illinois,3 wk ahead,percent,7.44573940802077e-11,Bin,5.3,5.4
Illinois,3 wk ahead,percent,7.44573940802077e-11,Bin,5.4,5.5
Illinois,3 wk ahead,percent,7.44573940802077e-11,Bin,5.5,5.6
Illinois,3 wk ahead,percent,7.44573940802077e-11,Bin,5.6,5.7
Illinois,3 wk ahead,percent,7.44573940802077e-11,Bin,5.7,5.8
Illinois,3 wk ahead,percent,7.44573940802077e-11,Bin,5.8,5.9
Illinois,3 wk ahead,percent,7.44573940802077e-11,Bin,5.9,6.0
Illinois,3 wk ahead,percent,7.44573940802077e-11,Bin,6.0,6.1
Illinois,3 wk ahead,percent,7.44573940802077e-11,Bin,6.1,6.2
Illinois,3 wk ahead,percent,7.44573940802077e-11,Bin,6.2,6.3
Illinois,3 wk ahead,percent,7.44573940802077e-11,Bin,6.3,6.4
Illinois,3 wk ahead,percent,7.44573940802077e-11,Bin,6.4,6.5
Illinois,3 wk ahead,percent,7.44573940802077e-11,Bin,6.5,6.6
Illinois,3 wk ahead,percent,7.44573940802077e-11,Bin,6.6,6.7
Illinois,3 wk ahead,percent,7.44573940802077e-11,Bin,6.7,6.8
Illinois,3 wk ahead,percent,7.44573940802077e-11,Bin,6.8,6.9
Illinois,3 wk ahead,percent,7.44573940802077e-11,Bin,6.9,7.0
Illinois,3 wk ahead,percent,7.44573940802077e-11,Bin,7.0,7.1
Illinois,3 wk ahead,percent,7.44573940802077e-11,Bin,7.1,7.2
Illinois,3 wk ahead,percent,7.44573940802077e-11,Bin,7.2,7.3
Illinois,3 wk ahead,percent,7.44573940802077e-11,Bin,7.3,7.4
Illinois,3 wk ahead,percent,7.44573940802077e-11,Bin,7.4,7.5
Illinois,3 wk ahead,percent,7.44573940802077e-11,Bin,7.5,7.6
Illinois,3 wk ahead,percent,7.44573940802077e-11,Bin,7.6,7.7
Illinois,3 wk ahead,percent,7.44573940802077e-11,Bin,7.7,7.8
Illinois,3 wk ahead,percent,7.44573940802077e-11,Bin,7.8,7.9
Illinois,3 wk ahead,percent,7.44573940802077e-11,Bin,7.9,8.0
Illinois,3 wk ahead,percent,7.44573940802083e-11,Bin,8.0,8.1
Illinois,3 wk ahead,percent,7.4457394080209e-11,Bin,8.1,8.2
Illinois,3 wk ahead,percent,7.4457394080209e-11,Bin,8.2,8.3
Illinois,3 wk ahead,percent,7.4457394080209e-11,Bin,8.3,8.4
Illinois,3 wk ahead,percent,7.4457394080209e-11,Bin,8.4,8.5
Illinois,3 wk ahead,percent,7.4457394080209e-11,Bin,8.5,8.6
Illinois,3 wk ahead,percent,7.4457394080209e-11,Bin,8.6,8.7
Illinois,3 wk ahead,percent,7.4457394080209e-11,Bin,8.7,8.8
Illinois,3 wk ahead,percent,7.4457394080209e-11,Bin,8.8,8.9
Illinois,3 wk ahead,percent,7.4457394080209e-11,Bin,8.9,9.0
Illinois,3 wk ahead,percent,7.4457394080209e-11,Bin,9.0,9.1
Illinois,3 wk ahead,percent,7.4457394080209e-11,Bin,9.1,9.2
Illinois,3 wk ahead,percent,7.4457394080209e-11,Bin,9.2,9.3
Illinois,3 wk ahead,percent,7.4457394080209e-11,Bin,9.3,9.4
Illinois,3 wk ahead,percent,7.4457394080209e-11,Bin,9.4,9.5
Illinois,3 wk ahead,percent,7.4457394080209e-11,Bin,9.5,9.6
Illinois,3 wk ahead,percent,7.4457394080209e-11,Bin,9.6,9.7
Illinois,3 wk ahead,percent,7.4457394080209e-11,Bin,9.7,9.8
Illinois,3 wk ahead,percent,7.4457394080209e-11,Bin,9.8,9.9
Illinois,3 wk ahead,percent,7.4457394080209e-11,Bin,9.9,10.0
Illinois,3 wk ahead,percent,7.4457394080209e-11,Bin,10.0,10.1
Illinois,3 wk ahead,percent,7.4457394080209e-11,Bin,10.1,10.2
Illinois,3 wk ahead,percent,7.4457394080209e-11,Bin,10.2,10.3
Illinois,3 wk ahead,percent,7.4457394080209e-11,Bin,10.3,10.4
Illinois,3 wk ahead,percent,7.4457394080209e-11,Bin,10.4,10.5
Illinois,3 wk ahead,percent,7.4457394080209e-11,Bin,10.5,10.6
Illinois,3 wk ahead,percent,7.4457394080209e-11,Bin,10.6,10.7
Illinois,3 wk ahead,percent,7.4457394080209e-11,Bin,10.7,10.8
Illinois,3 wk ahead,percent,7.4457394080209e-11,Bin,10.8,10.9
Illinois,3 wk ahead,percent,7.4457394080209e-11,Bin,10.9,11.0
Illinois,3 wk ahead,percent,7.4457394080209e-11,Bin,11.0,11.1
Illinois,3 wk ahead,percent,7.4457394080209e-11,Bin,11.1,11.2
Illinois,3 wk ahead,percent,7.4457394080209e-11,Bin,11.2,11.3
Illinois,3 wk ahead,percent,7.4457394080209e-11,Bin,11.3,11.4
Illinois,3 wk ahead,percent,7.4457394080209e-11,Bin,11.4,11.5
Illinois,3 wk ahead,percent,7.4457394080209e-11,Bin,11.5,11.6
Illinois,3 wk ahead,percent,7.4457394080209e-11,Bin,11.6,11.7
Illinois,3 wk ahead,percent,7.4457394080209e-11,Bin,11.7,11.8
Illinois,3 wk ahead,percent,7.4457394080209e-11,Bin,11.8,11.9
Illinois,3 wk ahead,percent,7.4457394080209e-11,Bin,11.9,12.0
Illinois,3 wk ahead,percent,7.4457394080209e-11,Bin,12.0,12.1
Illinois,3 wk ahead,percent,7.4457394080209e-11,Bin,12.1,12.2
Illinois,3 wk ahead,percent,7.4457394080209e-11,Bin,12.2,12.3
Illinois,3 wk ahead,percent,7.4457394080209e-11,Bin,12.3,12.4
Illinois,3 wk ahead,percent,7.4457394080209e-11,Bin,12.4,12.5
Illinois,3 wk ahead,percent,7.4457394080209e-11,Bin,12.5,12.6
Illinois,3 wk ahead,percent,7.4457394080209e-11,Bin,12.6,12.7
Illinois,3 wk ahead,percent,7.4457394080209e-11,Bin,12.7,12.8
Illinois,3 wk ahead,percent,7.4457394080209e-11,Bin,12.8,12.9
Illinois,3 wk ahead,percent,7.4457394080209e-11,Bin,12.9,13.0
Illinois,3 wk ahead,percent,7.4457394080209e-11,Bin,13.0,100.0
Illinois,4 wk ahead,percent,1.04043461385903e-10,Bin,0.0,0.1
Illinois,4 wk ahead,percent,2.08086922771806e-10,Bin,0.1,0.2
Illinois,4 wk ahead,percent,2.08086922771806e-10,Bin,0.2,0.3
Illinois,4 wk ahead,percent,2.08086922771806e-10,Bin,0.3,0.4
Illinois,4 wk ahead,percent,2.08086922771806e-10,Bin,0.4,0.5
Illinois,4 wk ahead,percent,2.08086922771806e-10,Bin,0.5,0.6
Illinois,4 wk ahead,percent,0.0019999997884584,Bin,0.6,0.7
Illinois,4 wk ahead,percent,0.0019999997884584,Bin,0.7,0.8
Illinois,4 wk ahead,percent,0.0099999981099443,Bin,0.8,0.9
Illinois,4 wk ahead,percent,0.0619999871996027,Bin,0.9,1.0
Illinois,4 wk ahead,percent,0.165999965521084,Bin,1.0,1.1
Illinois,4 wk ahead,percent,0.257999951996188,Bin,1.1,1.2
Illinois,4 wk ahead,percent,0.235999978630157,Bin,1.2,1.3
Illinois,4 wk ahead,percent,0.144000010534483,Bin,1.3,1.4
Illinois,4 wk ahead,percent,0.0760000243993283,Bin,1.4,1.5
Illinois,4 wk ahead,percent,0.0300000195827292,Bin,1.5,1.6
Illinois,4 wk ahead,percent,0.00800000802466574,Bin,1.6,1.7
Illinois,4 wk ahead,percent,0.00600001595357357,Bin,1.7,1.8
Illinois,4 wk ahead,percent,1.26078538624438e-08,Bin,1.8,1.9
Illinois,4 wk ahead,percent,1.69236228556951e-09,Bin,1.9,2.0
Illinois,4 wk ahead,percent,2.25465159994022e-10,Bin,2.0,2.1
Illinois,4 wk ahead,percent,2.25465159994021e-10,Bin,2.1,2.2
Illinois,4 wk ahead,percent,2.25465159994021e-10,Bin,2.2,2.3
Illinois,4 wk ahead,percent,2.25465159994021e-10,Bin,2.3,2.4
Illinois,4 wk ahead,percent,2.25465159994021e-10,Bin,2.4,2.5
Illinois,4 wk ahead,percent,2.25465159994021e-10,Bin,2.5,2.6
Illinois,4 wk ahead,percent,2.25465159994021e-10,Bin,2.6,2.7
Illinois,4 wk ahead,percent,2.25465159994021e-10,Bin,2.7,2.8
Illinois,4 wk ahead,percent,2.25465159994021e-10,Bin,2.8,2.9
Illinois,4 wk ahead,percent,2.25465159994021e-10,Bin,2.9,3.0
Illinois,4 wk ahead,percent,2.25465159994021e-10,Bin,3.0,3.1
Illinois,4 wk ahead,percent,2.25465159994021e-10,Bin,3.1,3.2
Illinois,4 wk ahead,percent,2.25465159994021e-10,Bin,3.2,3.3
Illinois,4 wk ahead,percent,2.25465159994021e-10,Bin,3.3,3.4
Illinois,4 wk ahead,percent,2.25465159994021e-10,Bin,3.4,3.5
Illinois,4 wk ahead,percent,2.25465159994021e-10,Bin,3.5,3.6
Illinois,4 wk ahead,percent,2.25465159994021e-10,Bin,3.6,3.7
Illinois,4 wk ahead,percent,2.25465159994021e-10,Bin,3.7,3.8
Illinois,4 wk ahead,percent,2.25465159994021e-10,Bin,3.8,3.9
Illinois,4 wk ahead,percent,2.25465159994021e-10,Bin,3.9,4.0
Illinois,4 wk ahead,percent,2.25465159994021e-10,Bin,4.0,4.1
Illinois,4 wk ahead,percent,2.25465159994021e-10,Bin,4.1,4.2
Illinois,4 wk ahead,percent,2.25465159994021e-10,Bin,4.2,4.3
Illinois,4 wk ahead,percent,2.25465159994021e-10,Bin,4.3,4.4
Illinois,4 wk ahead,percent,2.25465159994021e-10,Bin,4.4,4.5
Illinois,4 wk ahead,percent,2.25465159994021e-10,Bin,4.5,4.6
Illinois,4 wk ahead,percent,2.25465159994021e-10,Bin,4.6,4.7
Illinois,4 wk ahead,percent,2.25465159994021e-10,Bin,4.7,4.8
Illinois,4 wk ahead,percent,2.25465159994021e-10,Bin,4.8,4.9
Illinois,4 wk ahead,percent,2.25465159994021e-10,Bin,4.9,5.0
Illinois,4 wk ahead,percent,2.25465159994021e-10,Bin,5.0,5.1
Illinois,4 wk ahead,percent,2.25465159994021e-10,Bin,5.1,5.2
Illinois,4 wk ahead,percent,2.25465159994021e-10,Bin,5.2,5.3
Illinois,4 wk ahead,percent,2.25465159994021e-10,Bin,5.3,5.4
Illinois,4 wk ahead,percent,2.25465159994021e-10,Bin,5.4,5.5
Illinois,4 wk ahead,percent,2.25465159994021e-10,Bin,5.5,5.6
Illinois,4 wk ahead,percent,2.25465159994021e-10,Bin,5.6,5.7
Illinois,4 wk ahead,percent,2.25465159994021e-10,Bin,5.7,5.8
Illinois,4 wk ahead,percent,2.25465159994021e-10,Bin,5.8,5.9
Illinois,4 wk ahead,percent,2.25465159994021e-10,Bin,5.9,6.0
Illinois,4 wk ahead,percent,2.25465159994021e-10,Bin,6.0,6.1
Illinois,4 wk ahead,percent,2.25465159994021e-10,Bin,6.1,6.2
Illinois,4 wk ahead,percent,2.25465159994021e-10,Bin,6.2,6.3
Illinois,4 wk ahead,percent,2.25465159994021e-10,Bin,6.3,6.4
Illinois,4 wk ahead,percent,2.25465159994021e-10,Bin,6.4,6.5
Illinois,4 wk ahead,percent,2.25465159994021e-10,Bin,6.5,6.6
Illinois,4 wk ahead,percent,2.25465159994021e-10,Bin,6.6,6.7
Illinois,4 wk ahead,percent,2.25465159994021e-10,Bin,6.7,6.8
Illinois,4 wk ahead,percent,2.25465159994021e-10,Bin,6.8,6.9
Illinois,4 wk ahead,percent,2.25465159994021e-10,Bin,6.9,7.0
Illinois,4 wk ahead,percent,2.25465159994021e-10,Bin,7.0,7.1
Illinois,4 wk ahead,percent,2.25465159994021e-10,Bin,7.1,7.2
Illinois,4 wk ahead,percent,2.25465159994021e-10,Bin,7.2,7.3
Illinois,4 wk ahead,percent,2.25465159994021e-10,Bin,7.3,7.4
Illinois,4 wk ahead,percent,2.25465159994021e-10,Bin,7.4,7.5
Illinois,4 wk ahead,percent,2.25465159994021e-10,Bin,7.5,7.6
Illinois,4 wk ahead,percent,2.25465159994021e-10,Bin,7.6,7.7
Illinois,4 wk ahead,percent,2.25465159994021e-10,Bin,7.7,7.8
Illinois,4 wk ahead,percent,2.25465159994021e-10,Bin,7.8,7.9
Illinois,4 wk ahead,percent,2.25465159994021e-10,Bin,7.9,8.0
Illinois,4 wk ahead,percent,2.25465159994023e-10,Bin,8.0,8.1
Illinois,4 wk ahead,percent,2.25465159994025e-10,Bin,8.1,8.2
Illinois,4 wk ahead,percent,2.25465159994025e-10,Bin,8.2,8.3
Illinois,4 wk ahead,percent,2.25465159994025e-10,Bin,8.3,8.4
Illinois,4 wk ahead,percent,2.25465159994025e-10,Bin,8.4,8.5
Illinois,4 wk ahead,percent,2.25465159994025e-10,Bin,8.5,8.6
Illinois,4 wk ahead,percent,2.25465159994025e-10,Bin,8.6,8.7
Illinois,4 wk ahead,percent,2.25465159994025e-10,Bin,8.7,8.8
Illinois,4 wk ahead,percent,2.25465159994025e-10,Bin,8.8,8.9
Illinois,4 wk ahead,percent,2.25465159994025e-10,Bin,8.9,9.0
Illinois,4 wk ahead,percent,2.25465159994025e-10,Bin,9.0,9.1
Illinois,4 wk ahead,percent,2.25465159994025e-10,Bin,9.1,9.2
Illinois,4 wk ahead,percent,2.25465159994025e-10,Bin,9.2,9.3
Illinois,4 wk ahead,percent,2.25465159994025e-10,Bin,9.3,9.4
Illinois,4 wk ahead,percent,2.25465159994025e-10,Bin,9.4,9.5
Illinois,4 wk ahead,percent,2.25465159994025e-10,Bin,9.5,9.6
Illinois,4 wk ahead,percent,2.25465159994025e-10,Bin,9.6,9.7
Illinois,4 wk ahead,percent,2.25465159994025e-10,Bin,9.7,9.8
Illinois,4 wk ahead,percent,2.25465159994025e-10,Bin,9.8,9.9
Illinois,4 wk ahead,percent,2.25465159994025e-10,Bin,9.9,10.0
Illinois,4 wk ahead,percent,2.25465159994025e-10,Bin,10.0,10.1
Illinois,4 wk ahead,percent,2.25465159994025e-10,Bin,10.1,10.2
Illinois,4 wk ahead,percent,2.25465159994025e-10,Bin,10.2,10.3
Illinois,4 wk ahead,percent,2.25465159994025e-10,Bin,10.3,10.4
Illinois,4 wk ahead,percent,2.25465159994025e-10,Bin,10.4,10.5
Illinois,4 wk ahead,percent,2.25465159994025e-10,Bin,10.5,10.6
Illinois,4 wk ahead,percent,2.25465159994025e-10,Bin,10.6,10.7
Illinois,4 wk ahead,percent,2.25465159994025e-10,Bin,10.7,10.8
Illinois,4 wk ahead,percent,2.25465159994025e-10,Bin,10.8,10.9
Illinois,4 wk ahead,percent,2.25465159994025e-10,Bin,10.9,11.0
Illinois,4 wk ahead,percent,2.25465159994025e-10,Bin,11.0,11.1
Illinois,4 wk ahead,percent,2.25465159994025e-10,Bin,11.1,11.2
Illinois,4 wk ahead,percent,2.25465159994025e-10,Bin,11.2,11.3
Illinois,4 wk ahead,percent,2.25465159994025e-10,Bin,11.3,11.4
Illinois,4 wk ahead,percent,2.25465159994025e-10,Bin,11.4,11.5
Illinois,4 wk ahead,percent,2.25465159994025e-10,Bin,11.5,11.6
Illinois,4 wk ahead,percent,2.25465159994025e-10,Bin,11.6,11.7
Illinois,4 wk ahead,percent,2.25465159994025e-10,Bin,11.7,11.8
Illinois,4 wk ahead,percent,2.25465159994025e-10,Bin,11.8,11.9
Illinois,4 wk ahead,percent,2.25465159994025e-10,Bin,11.9,12.0
Illinois,4 wk ahead,percent,2.25465159994025e-10,Bin,12.0,12.1
Illinois,4 wk ahead,percent,2.25465159994025e-10,Bin,12.1,12.2
Illinois,4 wk ahead,percent,2.25465159994025e-10,Bin,12.2,12.3
Illinois,4 wk ahead,percent,2.25465159994025e-10,Bin,12.3,12.4
Illinois,4 wk ahead,percent,2.25465159994025e-10,Bin,12.4,12.5
Illinois,4 wk ahead,percent,2.25465159994025e-10,Bin,12.5,12.6
Illinois,4 wk ahead,percent,2.25465159994025e-10,Bin,12.6,12.7
Illinois,4 wk ahead,percent,2.25465159994025e-10,Bin,12.7,12.8
Illinois,4 wk ahead,percent,2.25465159994025e-10,Bin,12.8,12.9
Illinois,4 wk ahead,percent,2.25465159994025e-10,Bin,12.9,13.0
Illinois,4 wk ahead,percent,2.25465159994025e-10,Bin,13.0,100.0
Illinois,Season peak percentage,percent,1.20029063336978e-13,Bin,0.0,0.1
Illinois,Season peak percentage,percent,2.40058126673956e-13,Bin,0.1,0.2
Illinois,Season peak percentage,percent,2.40058126673956e-13,Bin,0.2,0.3
Illinois,Season peak percentage,percent,2.40058126673956e-13,Bin,0.3,0.4
Illinois,Season peak percentage,percent,2.40058126673956e-13,Bin,0.4,0.5
Illinois,Season peak percentage,percent,2.40058126673956e-13,Bin,0.5,0.6
Illinois,Season peak percentage,percent,2.40058126673956e-13,Bin,0.6,0.7
Illinois,Season peak percentage,percent,2.40058126673956e-13,Bin,0.7,0.8
Illinois,Season peak percentage,percent,2.40058126673956e-13,Bin,0.8,0.9
Illinois,Season peak percentage,percent,2.40058126673956e-13,Bin,0.9,1.0
Illinois,Season peak percentage,percent,2.40058126673956e-13,Bin,1.0,1.1
Illinois,Season peak percentage,percent,2.40058126673956e-13,Bin,1.1,1.2
Illinois,Season peak percentage,percent,2.40058126673956e-13,Bin,1.2,1.3
Illinois,Season peak percentage,percent,2.40058126673956e-13,Bin,1.3,1.4
Illinois,Season peak percentage,percent,2.40058126673956e-13,Bin,1.4,1.5
Illinois,Season peak percentage,percent,2.40058126673956e-13,Bin,1.5,1.6
Illinois,Season peak percentage,percent,2.40058126673956e-13,Bin,1.6,1.7
Illinois,Season peak percentage,percent,2.40058126673956e-13,Bin,1.7,1.8
Illinois,Season peak percentage,percent,2.40058126673956e-13,Bin,1.8,1.9
Illinois,Season peak percentage,percent,2.40058126673956e-13,Bin,1.9,2.0
Illinois,Season peak percentage,percent,2.40058126673956e-13,Bin,2.0,2.1
Illinois,Season peak percentage,percent,2.40058126673955e-13,Bin,2.1,2.2
Illinois,Season peak percentage,percent,2.40058126673955e-13,Bin,2.2,2.3
Illinois,Season peak percentage,percent,2.40058126673955e-13,Bin,2.3,2.4
Illinois,Season peak percentage,percent,2.40058126673955e-13,Bin,2.4,2.5
Illinois,Season peak percentage,percent,2.40058126673955e-13,Bin,2.5,2.6
Illinois,Season peak percentage,percent,2.40058126673955e-13,Bin,2.6,2.7
Illinois,Season peak percentage,percent,2.40058126673955e-13,Bin,2.7,2.8
Illinois,Season peak percentage,percent,2.40058126673955e-13,Bin,2.8,2.9
Illinois,Season peak percentage,percent,2.40058126673955e-13,Bin,2.9,3.0
Illinois,Season peak percentage,percent,2.40058126673955e-13,Bin,3.0,3.1
Illinois,Season peak percentage,percent,2.40058126673955e-13,Bin,3.1,3.2
Illinois,Season peak percentage,percent,2.40058126673955e-13,Bin,3.2,3.3
Illinois,Season peak percentage,percent,2.55856140973125e-13,Bin,3.3,3.4
Illinois,Season peak percentage,percent,5.63738068343724e-13,Bin,3.4,3.5
Illinois,Season peak percentage,percent,1.34675312272804e-12,Bin,3.5,3.6
Illinois,Season peak percentage,percent,2.89204783181798e-12,Bin,3.6,3.7
Illinois,Season peak percentage,percent,5.59966750880516e-12,Bin,3.7,3.8
Illinois,Season peak percentage,percent,9.81712987499481e-12,Bin,3.8,3.9
Illinois,Season peak percentage,percent,1.56731090794179e-11,Bin,3.9,4.0
Illinois,Season peak percentage,percent,2.29540475837811e-11,Bin,4.0,4.1
Illinois,Season peak percentage,percent,3.11193190453819e-11,Bin,4.1,4.2
Illinois,Season peak percentage,percent,3.94544196070414e-11,Bin,4.2,4.3
Illinois,Season peak percentage,percent,4.72527780070154e-11,Bin,4.3,4.4
Illinois,Season peak percentage,percent,5.38974376542687e-11,Bin,4.4,4.5
Illinois,Season peak percentage,percent,5.88217390527362e-11,Bin,4.5,4.6
Illinois,Season peak percentage,percent,6.14524043885941e-11,Bin,4.6,4.7
Illinois,Season peak percentage,percent,6.12650614399495e-11,Bin,4.7,4.8
Illinois,Season peak percentage,percent,5.79724982166244e-11,Bin,4.8,4.9
Illinois,Season peak percentage,percent,5.17412139697852e-11,Bin,4.9,5.0
Illinois,Season peak percentage,percent,4.3292534355132e-11,Bin,5.0,5.1
Illinois,Season peak percentage,percent,3.38012568006228e-11,Bin,5.1,5.2
Illinois,Season peak percentage,percent,2.46276015723904e-11,Bin,5.2,5.3
Illinois,Season peak percentage,percent,1.6995283792332e-11,Bin,5.3,5.4
Illinois,Season peak percentage,percent,1.17469897512702e-11,Bin,5.4,5.5
Illinois,Season peak percentage,percent,9.24719955760276e-12,Bin,5.5,5.6
Illinois,Season peak percentage,percent,9.40763979687502e-12,Bin,5.6,5.7
Illinois,Season peak percentage,percent,1.17571509669218e-11,Bin,5.7,5.8
Illinois,Season peak percentage,percent,1.55147297803254e-11,Bin,5.8,5.9
Illinois,Season peak percentage,percent,1.96864192238298e-11,Bin,5.9,6.0
Illinois,Season peak percentage,percent,2.32272950907851e-11,Bin,6.0,6.1
Illinois,Season peak percentage,percent,2.52559480992744e-11,Bin,6.1,6.2
Illinois,Season peak percentage,percent,2.52594086085488e-11,Bin,6.2,6.3
Illinois,Season peak percentage,percent,2.32122144589954e-11,Bin,6.3,6.4
Illinois,Season peak percentage,percent,0.999999999127443,Bin,6.4,6.5
Illinois,Season peak percentage,percent,1.50761496097421e-11,Bin,6.5,6.6
Illinois,Season peak percentage,percent,1.05857036377829e-11,Bin,6.6,6.7
Illinois,Season peak percentage,percent,6.74648943663872e-12,Bin,6.7,6.8
Illinois,Season peak percentage,percent,3.88903231047142e-12,Bin,6.8,6.9
Illinois,Season peak percentage,percent,2.02139178264716e-12,Bin,6.9,7.0
Illinois,Season peak percentage,percent,9.44917558168721e-13,Bin,7.0,7.1
Illinois,Season peak percentage,percent,3.96444012663936e-13,Bin,7.1,7.2
Illinois,Season peak percentage,percent,1.80153321229355e-13,Bin,7.2,7.3
Illinois,Season peak percentage,percent,1.69043292310819e-13,Bin,7.3,7.4
Illinois,Season peak percentage,percent,1.69043292310819e-13,Bin,7.4,7.5
Illinois,Season peak percentage,percent,1.69043292310819e-13,Bin,7.5,7.6
Illinois,Season peak percentage,percent,1.69043292310819e-13,Bin,7.6,7.7
Illinois,Season peak percentage,percent,1.69043292310819e-13,Bin,7.7,7.8
Illinois,Season peak percentage,percent,1.69043292310819e-13,Bin,7.8,7.9
Illinois,Season peak percentage,percent,1.69043292310819e-13,Bin,7.9,8.0
Illinois,Season peak percentage,percent,1.69043292310821e-13,Bin,8.0,8.1
Illinois,Season peak percentage,percent,1.69043292310822e-13,Bin,8.1,8.2
Illinois,Season peak percentage,percent,1.69043292310822e-13,Bin,8.2,8.3
Illinois,Season peak percentage,percent,1.69043292310822e-13,Bin,8.3,8.4
Illinois,Season peak percentage,percent,1.69043292310822e-13,Bin,8.4,8.5
Illinois,Season peak percentage,percent,1.69043292310822e-13,Bin,8.5,8.6
Illinois,Season peak percentage,percent,1.69043292310822e-13,Bin,8.6,8.7
Illinois,Season peak percentage,percent,1.69043292310822e-13,Bin,8.7,8.8
Illinois,Season peak percentage,percent,1.69043292310822e-13,Bin,8.8,8.9
Illinois,Season peak percentage,percent,1.69043292310822e-13,Bin,8.9,9.0
Illinois,Season peak percentage,percent,1.69043292310822e-13,Bin,9.0,9.1
Illinois,Season peak percentage,percent,1.69043292310822e-13,Bin,9.1,9.2
Illinois,Season peak percentage,percent,1.69043292310822e-13,Bin,9.2,9.3
Illinois,Season peak percentage,percent,1.69043292310822e-13,Bin,9.3,9.4
Illinois,Season peak percentage,percent,1.69043292310822e-13,Bin,9.4,9.5
Illinois,Season peak percentage,percent,1.69043292310822e-13,Bin,9.5,9.6
Illinois,Season peak percentage,percent,1.69043292310822e-13,Bin,9.6,9.7
Illinois,Season peak percentage,percent,1.69043292310822e-13,Bin,9.7,9.8
Illinois,Season peak percentage,percent,1.69043292310822e-13,Bin,9.8,9.9
Illinois,Season peak percentage,percent,1.69043292310822e-13,Bin,9.9,10.0
Illinois,Season peak percentage,percent,1.69043292310822e-13,Bin,10.0,10.1
Illinois,Season peak percentage,percent,1.69043292310822e-13,Bin,10.1,10.2
Illinois,Season peak percentage,percent,1.69043292310822e-13,Bin,10.2,10.3
Illinois,Season peak percentage,percent,1.69043292310822e-13,Bin,10.3,10.4
Illinois,Season peak percentage,percent,1.69043292310822e-13,Bin,10.4,10.5
Illinois,Season peak percentage,percent,1.69043292310822e-13,Bin,10.5,10.6
Illinois,Season peak percentage,percent,1.69043292310822e-13,Bin,10.6,10.7
Illinois,Season peak percentage,percent,1.69043292310822e-13,Bin,10.7,10.8
Illinois,Season peak percentage,percent,1.69043292310822e-13,Bin,10.8,10.9
Illinois,Season peak percentage,percent,1.69043292310822e-13,Bin,10.9,11.0
Illinois,Season peak percentage,percent,1.69043292310822e-13,Bin,11.0,11.1
Illinois,Season peak percentage,percent,1.69043292310822e-13,Bin,11.1,11.2
Illinois,Season peak percentage,percent,1.69043292310822e-13,Bin,11.2,11.3
Illinois,Season peak percentage,percent,1.69043292310822e-13,Bin,11.3,11.4
Illinois,Season peak percentage,percent,1.69043292310822e-13,Bin,11.4,11.5
Illinois,Season peak percentage,percent,1.69043292310822e-13,Bin,11.5,11.6
Illinois,Season peak percentage,percent,1.69043292310822e-13,Bin,11.6,11.7
Illinois,Season peak percentage,percent,1.69043292310822e-13,Bin,11.7,11.8
Illinois,Season peak percentage,percent,1.69043292310822e-13,Bin,11.8,11.9
Illinois,Season peak percentage,percent,1.69043292310822e-13,Bin,11.9,12.0
Illinois,Season peak percentage,percent,1.69043292310822e-13,Bin,12.0,12.1
Illinois,Season peak percentage,percent,1.69043292310822e-13,Bin,12.1,12.2
Illinois,Season peak percentage,percent,1.69043292310822e-13,Bin,12.2,12.3
Illinois,Season peak percentage,percent,1.69043292310822e-13,Bin,12.3,12.4
Illinois,Season peak percentage,percent,1.69043292310822e-13,Bin,12.4,12.5
Illinois,Season peak percentage,percent,1.69043292310822e-13,Bin,12.5,12.6
Illinois,Season peak percentage,percent,1.69043292310822e-13,Bin,12.6,12.7
Illinois,Season peak percentage,percent,1.69043292310822e-13,Bin,12.7,12.8
Illinois,Season peak percentage,percent,1.69043292310822e-13,Bin,12.8,12.9
Illinois,Season peak percentage,percent,1.69043292310822e-13,Bin,12.9,13.0
Illinois,Season peak percentage,percent,1.69043292310822e-13,Bin,13.0,100.0
Illinois,Season peak week,week,2.70801674639704e-05,Bin,40.0,41.0
Illinois,Season peak week,week,2.70801674639704e-05,Bin,41.0,42.0
Illinois,Season peak week,week,2.70801674639704e-05,Bin,42.0,43.0
Illinois,Season peak week,week,2.70801674639704e-05,Bin,43.0,44.0
Illinois,Season peak week,week,2.70801674639704e-05,Bin,44.0,45.0
Illinois,Season peak week,week,2.95680428420309e-05,Bin,45.0,46.0
Illinois,Season peak week,week,9.93964771916082e-05,Bin,46.0,47.0
Illinois,Season peak week,week,0.000351318102693599,Bin,47.0,48.0
Illinois,Season peak week,week,0.000972482971214222,Bin,48.0,49.0
Illinois,Season peak week,week,0.00211029240159599,Bin,49.0,50.0
Illinois,Season peak week,week,0.00359214964660765,Bin,50.0,51.0
Illinois,Season peak week,week,0.00480210895927736,Bin,51.0,52.0
Illinois,Season peak week,week,0.945122345924182,Bin,52.0,53.0
Illinois,Season peak week,week,0.00431485562046309,Bin,1.0,2.0
Illinois,Season peak week,week,0.00321241963828042,Bin,2.0,3.0
Illinois,Season peak week,week,0.00256006933903624,Bin,3.0,4.0
Illinois,Season peak week,week,0.00263455205220248,Bin,4.0,5.0
Illinois,Season peak week,week,0.00315189838165606,Bin,5.0,6.0
Illinois,Season peak week,week,0.00369028091271021,Bin,6.0,7.0
Illinois,Season peak week,week,0.00402379278070361,Bin,7.0,8.0
Illinois,Season peak week,week,0.00412770205855776,Bin,8.0,9.0
Illinois,Season peak week,week,0.00401768100785505,Bin,9.0,10.0
Illinois,Season peak week,week,0.00365542503581576,Bin,10.0,11.0
Illinois,Season peak week,week,0.0030015415996472,Bin,11.0,12.0
Illinois,Season peak week,week,0.00213374435221196,Bin,12.0,13.0
Illinois,Season peak week,week,0.00126558397127776,Bin,13.0,14.0
Illinois,Season peak week,week,0.000609064696866586,Bin,14.0,15.0
Illinois,Season peak week,week,0.000233308976219476,Bin,15.0,16.0
Illinois,Season peak week,week,7.02506241491846e-05,Bin,16.0,17.0
Illinois,Season peak week,week,2.20259054185585e-05,Bin,17.0,18.0
Illinois,Season peak week,week,2.0246561334679e-05,Bin,18.0,19.0
Illinois,Season peak week,week,2.0246561334679e-05,Bin,19.0,20.0
Illinois,Season peak week,week,2.0246561334679e-05,Bin,20.0,21.0
Indiana,1 wk ahead,percent,4.10364958119916e-11,Bin,0.0,0.1
Indiana,1 wk ahead,percent,4.2662041629894e-10,Bin,0.1,0.2
Indiana,1 wk ahead,percent,1.81104513697535e-09,Bin,0.2,0.3
Indiana,1 wk ahead,percent,0.00600000376864768,Bin,0.3,0.4
Indiana,1 wk ahead,percent,0.00800000492737249,Bin,0.4,0.5
Indiana,1 wk ahead,percent,4.58477069991344e-09,Bin,0.5,0.6
Indiana,1 wk ahead,percent,0.0220000029341854,Bin,0.6,0.7
Indiana,1 wk ahead,percent,0.0260000055520485,Bin,0.7,0.8
Indiana,1 wk ahead,percent,0.0680000055428386,Bin,0.8,0.9
Indiana,1 wk ahead,percent,0.082000004617411,Bin,0.9,1.0
Indiana,1 wk ahead,percent,0.149999997547295,Bin,1.0,1.1
Indiana,1 wk ahead,percent,0.121999995715217,Bin,1.1,1.2
Indiana,1 wk ahead,percent,0.0999999943507862,Bin,1.2,1.3
Indiana,1 wk ahead,percent,0.105999992894978,Bin,1.3,1.4
Indiana,1 wk ahead,percent,0.0999999931695672,Bin,1.4,1.5
Indiana,1 wk ahead,percent,0.0859999941337682,Bin,1.5,1.6
Indiana,1 wk ahead,percent,0.0119999992302592,Bin,1.6,1.7
Indiana,1 wk ahead,percent,0.0399999973018572,Bin,1.7,1.8
Indiana,1 wk ahead,percent,0.0079999995057452,Bin,1.8,1.9
Indiana,1 wk ahead,percent,0.0199999986792872,Bin,1.9,2.0
Indiana,1 wk ahead,percent,5.67172004869179e-11,Bin,2.0,2.1
Indiana,1 wk ahead,percent,0.0119999992302592,Bin,2.1,2.2
Indiana,1 wk ahead,percent,0.0059999996434882,Bin,2.2,2.3
Indiana,1 wk ahead,percent,0.0159999989547732,Bin,2.3,2.4
Indiana,1 wk ahead,percent,5.67172004869178e-11,Bin,2.4,2.5
Indiana,1 wk ahead,percent,0.0019999999189742,Bin,2.5,2.6
Indiana,1 wk ahead,percent,0.0019999999189742,Bin,2.6,2.7
Indiana,1 wk ahead,percent,5.67172004869178e-11,Bin,2.7,2.8
Indiana,1 wk ahead,percent,0.0019999999189742,Bin,2.8,2.9
Indiana,1 wk ahead,percent,5.67172004869178e-11,Bin,2.9,3.0
Indiana,1 wk ahead,percent,5.67172004869178e-11,Bin,3.0,3.1
Indiana,1 wk ahead,percent,5.67172004869178e-11,Bin,3.1,3.2
Indiana,1 wk ahead,percent,5.67172004869178e-11,Bin,3.2,3.3
Indiana,1 wk ahead,percent,5.67172004869178e-11,Bin,3.3,3.4
Indiana,1 wk ahead,percent,5.67172004869178e-11,Bin,3.4,3.5
Indiana,1 wk ahead,percent,5.67172004869178e-11,Bin,3.5,3.6
Indiana,1 wk ahead,percent,5.67172004869178e-11,Bin,3.6,3.7
Indiana,1 wk ahead,percent,5.67172004869178e-11,Bin,3.7,3.8
Indiana,1 wk ahead,percent,5.67172004869178e-11,Bin,3.8,3.9
Indiana,1 wk ahead,percent,5.67172004869178e-11,Bin,3.9,4.0
Indiana,1 wk ahead,percent,0.0039999997812312,Bin,4.0,4.1
Indiana,1 wk ahead,percent,5.67172004869178e-11,Bin,4.1,4.2
Indiana,1 wk ahead,percent,5.67172004869178e-11,Bin,4.2,4.3
Indiana,1 wk ahead,percent,5.67172004869178e-11,Bin,4.3,4.4
Indiana,1 wk ahead,percent,5.67172004869178e-11,Bin,4.4,4.5
Indiana,1 wk ahead,percent,5.67172004869178e-11,Bin,4.5,4.6
Indiana,1 wk ahead,percent,5.67172004869178e-11,Bin,4.6,4.7
Indiana,1 wk ahead,percent,5.67172004869178e-11,Bin,4.7,4.8
Indiana,1 wk ahead,percent,5.67172004869178e-11,Bin,4.8,4.9
Indiana,1 wk ahead,percent,5.67172004869178e-11,Bin,4.9,5.0
Indiana,1 wk ahead,percent,5.67172004869178e-11,Bin,5.0,5.1
Indiana,1 wk ahead,percent,5.67172004869178e-11,Bin,5.1,5.2
Indiana,1 wk ahead,percent,5.67172004869178e-11,Bin,5.2,5.3
Indiana,1 wk ahead,percent,5.67172004869178e-11,Bin,5.3,5.4
Indiana,1 wk ahead,percent,5.67172004869178e-11,Bin,5.4,5.5
Indiana,1 wk ahead,percent,5.67172004869178e-11,Bin,5.5,5.6
Indiana,1 wk ahead,percent,5.67172004869178e-11,Bin,5.6,5.7
Indiana,1 wk ahead,percent,5.67172004869178e-11,Bin,5.7,5.8
Indiana,1 wk ahead,percent,5.67172004869178e-11,Bin,5.8,5.9
Indiana,1 wk ahead,percent,5.67172004869178e-11,Bin,5.9,6.0
Indiana,1 wk ahead,percent,5.67172004869178e-11,Bin,6.0,6.1
Indiana,1 wk ahead,percent,5.67172004869178e-11,Bin,6.1,6.2
Indiana,1 wk ahead,percent,5.67172004869178e-11,Bin,6.2,6.3
Indiana,1 wk ahead,percent,5.67172004869178e-11,Bin,6.3,6.4
Indiana,1 wk ahead,percent,5.67172004869178e-11,Bin,6.4,6.5
Indiana,1 wk ahead,percent,5.67172004869178e-11,Bin,6.5,6.6
Indiana,1 wk ahead,percent,5.67172004869178e-11,Bin,6.6,6.7
Indiana,1 wk ahead,percent,5.67172004869178e-11,Bin,6.7,6.8
Indiana,1 wk ahead,percent,5.67172004869178e-11,Bin,6.8,6.9
Indiana,1 wk ahead,percent,5.67172004869178e-11,Bin,6.9,7.0
Indiana,1 wk ahead,percent,5.67172004869178e-11,Bin,7.0,7.1
Indiana,1 wk ahead,percent,5.67172004869178e-11,Bin,7.1,7.2
Indiana,1 wk ahead,percent,5.67172004869178e-11,Bin,7.2,7.3
Indiana,1 wk ahead,percent,5.67172004869178e-11,Bin,7.3,7.4
Indiana,1 wk ahead,percent,5.67172004869178e-11,Bin,7.4,7.5
Indiana,1 wk ahead,percent,5.67172004869178e-11,Bin,7.5,7.6
Indiana,1 wk ahead,percent,5.67172004869178e-11,Bin,7.6,7.7
Indiana,1 wk ahead,percent,5.67172004869178e-11,Bin,7.7,7.8
Indiana,1 wk ahead,percent,5.67172004869178e-11,Bin,7.8,7.9
Indiana,1 wk ahead,percent,5.67172004869178e-11,Bin,7.9,8.0
Indiana,1 wk ahead,percent,5.67172004869183e-11,Bin,8.0,8.1
Indiana,1 wk ahead,percent,5.67172004869188e-11,Bin,8.1,8.2
Indiana,1 wk ahead,percent,5.67172004869188e-11,Bin,8.2,8.3
Indiana,1 wk ahead,percent,5.67172004869188e-11,Bin,8.3,8.4
Indiana,1 wk ahead,percent,5.67172004869188e-11,Bin,8.4,8.5
Indiana,1 wk ahead,percent,5.67172004869188e-11,Bin,8.5,8.6
Indiana,1 wk ahead,percent,5.67172004869188e-11,Bin,8.6,8.7
Indiana,1 wk ahead,percent,5.67172004869188e-11,Bin,8.7,8.8
Indiana,1 wk ahead,percent,5.67172004869188e-11,Bin,8.8,8.9
Indiana,1 wk ahead,percent,5.67172004869188e-11,Bin,8.9,9.0
Indiana,1 wk ahead,percent,5.67172004869188e-11,Bin,9.0,9.1
Indiana,1 wk ahead,percent,5.67172004869188e-11,Bin,9.1,9.2
Indiana,1 wk ahead,percent,5.67172004869188e-11,Bin,9.2,9.3
Indiana,1 wk ahead,percent,5.67172004869188e-11,Bin,9.3,9.4
Indiana,1 wk ahead,percent,5.67172004869188e-11,Bin,9.4,9.5
Indiana,1 wk ahead,percent,5.67172004869188e-11,Bin,9.5,9.6
Indiana,1 wk ahead,percent,5.67172004869188e-11,Bin,9.6,9.7
Indiana,1 wk ahead,percent,5.67172004869188e-11,Bin,9.7,9.8
Indiana,1 wk ahead,percent,5.67172004869188e-11,Bin,9.8,9.9
Indiana,1 wk ahead,percent,5.67172004869188e-11,Bin,9.9,10.0
Indiana,1 wk ahead,percent,5.67172004869188e-11,Bin,10.0,10.1
Indiana,1 wk ahead,percent,5.67172004869188e-11,Bin,10.1,10.2
Indiana,1 wk ahead,percent,5.67172004869188e-11,Bin,10.2,10.3
Indiana,1 wk ahead,percent,5.67172004869188e-11,Bin,10.3,10.4
Indiana,1 wk ahead,percent,5.67172004869188e-11,Bin,10.4,10.5
Indiana,1 wk ahead,percent,5.67172004869188e-11,Bin,10.5,10.6
Indiana,1 wk ahead,percent,5.67172004869188e-11,Bin,10.6,10.7
Indiana,1 wk ahead,percent,5.67172004869188e-11,Bin,10.7,10.8
Indiana,1 wk ahead,percent,5.67172004869188e-11,Bin,10.8,10.9
Indiana,1 wk ahead,percent,5.67172004869188e-11,Bin,10.9,11.0
Indiana,1 wk ahead,percent,5.67172004869188e-11,Bin,11.0,11.1
Indiana,1 wk ahead,percent,5.67172004869188e-11,Bin,11.1,11.2
Indiana,1 wk ahead,percent,5.67172004869188e-11,Bin,11.2,11.3
Indiana,1 wk ahead,percent,5.67172004869188e-11,Bin,11.3,11.4
Indiana,1 wk ahead,percent,5.67172004869188e-11,Bin,11.4,11.5
Indiana,1 wk ahead,percent,5.67172004869188e-11,Bin,11.5,11.6
Indiana,1 wk ahead,percent,5.67172004869188e-11,Bin,11.6,11.7
Indiana,1 wk ahead,percent,5.67172004869188e-11,Bin,11.7,11.8
Indiana,1 wk ahead,percent,5.67172004869188e-11,Bin,11.8,11.9
Indiana,1 wk ahead,percent,5.67172004869188e-11,Bin,11.9,12.0
Indiana,1 wk ahead,percent,5.67172004869188e-11,Bin,12.0,12.1
Indiana,1 wk ahead,percent,5.67172004869188e-11,Bin,12.1,12.2
Indiana,1 wk ahead,percent,5.67172004869188e-11,Bin,12.2,12.3
Indiana,1 wk ahead,percent,5.67172004869188e-11,Bin,12.3,12.4
Indiana,1 wk ahead,percent,5.67172004869188e-11,Bin,12.4,12.5
Indiana,1 wk ahead,percent,5.67172004869188e-11,Bin,12.5,12.6
Indiana,1 wk ahead,percent,5.67172004869188e-11,Bin,12.6,12.7
Indiana,1 wk ahead,percent,5.67172004869188e-11,Bin,12.7,12.8
Indiana,1 wk ahead,percent,5.67172004869188e-11,Bin,12.8,12.9
Indiana,1 wk ahead,percent,5.67172004869188e-11,Bin,12.9,13.0
Indiana,1 wk ahead,percent,5.67172004869188e-11,Bin,13.0,100.0
Indiana,2 wk ahead,percent,4.39888622988307e-11,Bin,0.0,0.1
Indiana,2 wk ahead,percent,8.79777245976613e-11,Bin,0.1,0.2
Indiana,2 wk ahead,percent,8.79777245976613e-11,Bin,0.2,0.3
Indiana,2 wk ahead,percent,0.00200000013847464,Bin,0.3,0.4
Indiana,2 wk ahead,percent,0.010000005301118,Bin,0.4,0.5
Indiana,2 wk ahead,percent,0.0200000079507645,Bin,0.5,0.6
Indiana,2 wk ahead,percent,0.0460000081230453,Bin,0.6,0.7
Indiana,2 wk ahead,percent,0.0740000163835462,Bin,0.7,0.8
Indiana,2 wk ahead,percent,0.104000002123595,Bin,0.8,0.9
Indiana,2 wk ahead,percent,0.135999993246099,Bin,0.9,1.0
Indiana,2 wk ahead,percent,0.129999990505712,Bin,1.0,1.1
Indiana,2 wk ahead,percent,0.105999992267117,Bin,1.1,1.2
Indiana,2 wk ahead,percent,0.0919999933008818,Bin,1.2,1.3
Indiana,2 wk ahead,percent,0.0659999952207312,Bin,1.3,1.4
Indiana,2 wk ahead,percent,0.0639999953684119,Bin,1.4,1.5
Indiana,2 wk ahead,percent,0.0379999972882613,Bin,1.5,1.6
Indiana,2 wk ahead,percent,0.021999998469707,Bin,1.6,1.7
Indiana,2 wk ahead,percent,0.0299999978789841,Bin,1.7,1.8
Indiana,2 wk ahead,percent,0.0119999992081106,Bin,1.8,1.9
Indiana,2 wk ahead,percent,0.00599999965115278,Bin,1.9,2.0
Indiana,2 wk ahead,percent,0.00799999950347206,Bin,2.0,2.1
Indiana,2 wk ahead,percent,0.0039999997988335,Bin,2.1,2.2
Indiana,2 wk ahead,percent,0.00199999994651422,Bin,2.2,2.3
Indiana,2 wk ahead,percent,9.41949386325307e-11,Bin,2.3,2.4
Indiana,2 wk ahead,percent,0.00599999965115278,Bin,2.4,2.5
Indiana,2 wk ahead,percent,0.0039999997988335,Bin,2.5,2.6
Indiana,2 wk ahead,percent,0.00199999994651422,Bin,2.6,2.7
Indiana,2 wk ahead,percent,0.0039999997988335,Bin,2.7,2.8
Indiana,2 wk ahead,percent,0.00199999994651422,Bin,2.8,2.9
Indiana,2 wk ahead,percent,0.00199999994651422,Bin,2.9,3.0
Indiana,2 wk ahead,percent,9.41949386325307e-11,Bin,3.0,3.1
Indiana,2 wk ahead,percent,0.00199999994651422,Bin,3.1,3.2
Indiana,2 wk ahead,percent,0.0039999997988335,Bin,3.2,3.3
Indiana,2 wk ahead,percent,9.41949386325307e-11,Bin,3.3,3.4
Indiana,2 wk ahead,percent,9.41949386325307e-11,Bin,3.4,3.5
Indiana,2 wk ahead,percent,0.00199999994651422,Bin,3.5,3.6
Indiana,2 wk ahead,percent,9.41949386325307e-11,Bin,3.6,3.7
Indiana,2 wk ahead,percent,9.41949386325307e-11,Bin,3.7,3.8
Indiana,2 wk ahead,percent,9.41949386325307e-11,Bin,3.8,3.9
Indiana,2 wk ahead,percent,9.41949386325307e-11,Bin,3.9,4.0
Indiana,2 wk ahead,percent,9.41949386325307e-11,Bin,4.0,4.1
Indiana,2 wk ahead,percent,9.41949386325307e-11,Bin,4.1,4.2
Indiana,2 wk ahead,percent,9.41949386325307e-11,Bin,4.2,4.3
Indiana,2 wk ahead,percent,9.41949386325307e-11,Bin,4.3,4.4
Indiana,2 wk ahead,percent,9.41949386325307e-11,Bin,4.4,4.5
Indiana,2 wk ahead,percent,9.41949386325307e-11,Bin,4.5,4.6
Indiana,2 wk ahead,percent,9.41949386325307e-11,Bin,4.6,4.7
Indiana,2 wk ahead,percent,9.41949386325307e-11,Bin,4.7,4.8
Indiana,2 wk ahead,percent,9.41949386325307e-11,Bin,4.8,4.9
Indiana,2 wk ahead,percent,9.41949386325307e-11,Bin,4.9,5.0
Indiana,2 wk ahead,percent,9.41949386325307e-11,Bin,5.0,5.1
Indiana,2 wk ahead,percent,9.41949386325307e-11,Bin,5.1,5.2
Indiana,2 wk ahead,percent,9.41949386325307e-11,Bin,5.2,5.3
Indiana,2 wk ahead,percent,9.41949386325307e-11,Bin,5.3,5.4
Indiana,2 wk ahead,percent,9.41949386325307e-11,Bin,5.4,5.5
Indiana,2 wk ahead,percent,9.41949386325307e-11,Bin,5.5,5.6
Indiana,2 wk ahead,percent,9.41949386325307e-11,Bin,5.6,5.7
Indiana,2 wk ahead,percent,9.41949386325307e-11,Bin,5.7,5.8
Indiana,2 wk ahead,percent,9.41949386325307e-11,Bin,5.8,5.9
Indiana,2 wk ahead,percent,9.41949386325307e-11,Bin,5.9,6.0
Indiana,2 wk ahead,percent,9.41949386325307e-11,Bin,6.0,6.1
Indiana,2 wk ahead,percent,9.41949386325307e-11,Bin,6.1,6.2
Indiana,2 wk ahead,percent,9.41949386325307e-11,Bin,6.2,6.3
Indiana,2 wk ahead,percent,9.41949386325307e-11,Bin,6.3,6.4
Indiana,2 wk ahead,percent,9.41949386325307e-11,Bin,6.4,6.5
Indiana,2 wk ahead,percent,9.41949386325307e-11,Bin,6.5,6.6
Indiana,2 wk ahead,percent,9.41949386325307e-11,Bin,6.6,6.7
Indiana,2 wk ahead,percent,9.41949386325307e-11,Bin,6.7,6.8
Indiana,2 wk ahead,percent,9.41949386325307e-11,Bin,6.8,6.9
Indiana,2 wk ahead,percent,9.41949386325307e-11,Bin,6.9,7.0
Indiana,2 wk ahead,percent,9.41949386325307e-11,Bin,7.0,7.1
Indiana,2 wk ahead,percent,9.41949386325307e-11,Bin,7.1,7.2
Indiana,2 wk ahead,percent,9.41949386325307e-11,Bin,7.2,7.3
Indiana,2 wk ahead,percent,9.41949386325307e-11,Bin,7.3,7.4
Indiana,2 wk ahead,percent,9.41949386325307e-11,Bin,7.4,7.5
Indiana,2 wk ahead,percent,9.41949386325307e-11,Bin,7.5,7.6
Indiana,2 wk ahead,percent,9.41949386325307e-11,Bin,7.6,7.7
Indiana,2 wk ahead,percent,9.41949386325307e-11,Bin,7.7,7.8
Indiana,2 wk ahead,percent,9.41949386325307e-11,Bin,7.8,7.9
Indiana,2 wk ahead,percent,9.41949386325307e-11,Bin,7.9,8.0
Indiana,2 wk ahead,percent,9.41949386325315e-11,Bin,8.0,8.1
Indiana,2 wk ahead,percent,9.41949386325323e-11,Bin,8.1,8.2
Indiana,2 wk ahead,percent,9.41949386325323e-11,Bin,8.2,8.3
Indiana,2 wk ahead,percent,9.41949386325323e-11,Bin,8.3,8.4
Indiana,2 wk ahead,percent,9.41949386325323e-11,Bin,8.4,8.5
Indiana,2 wk ahead,percent,9.41949386325323e-11,Bin,8.5,8.6
Indiana,2 wk ahead,percent,9.41949386325323e-11,Bin,8.6,8.7
Indiana,2 wk ahead,percent,9.41949386325323e-11,Bin,8.7,8.8
Indiana,2 wk ahead,percent,9.41949386325323e-11,Bin,8.8,8.9
Indiana,2 wk ahead,percent,9.41949386325323e-11,Bin,8.9,9.0
Indiana,2 wk ahead,percent,9.41949386325323e-11,Bin,9.0,9.1
Indiana,2 wk ahead,percent,9.41949386325323e-11,Bin,9.1,9.2
Indiana,2 wk ahead,percent,9.41949386325323e-11,Bin,9.2,9.3
Indiana,2 wk ahead,percent,9.41949386325323e-11,Bin,9.3,9.4
Indiana,2 wk ahead,percent,9.41949386325323e-11,Bin,9.4,9.5
Indiana,2 wk ahead,percent,9.41949386325323e-11,Bin,9.5,9.6
Indiana,2 wk ahead,percent,9.41949386325323e-11,Bin,9.6,9.7
Indiana,2 wk ahead,percent,9.41949386325323e-11,Bin,9.7,9.8
Indiana,2 wk ahead,percent,9.41949386325323e-11,Bin,9.8,9.9
Indiana,2 wk ahead,percent,9.41949386325323e-11,Bin,9.9,10.0
Indiana,2 wk ahead,percent,9.41949386325323e-11,Bin,10.0,10.1
Indiana,2 wk ahead,percent,9.41949386325323e-11,Bin,10.1,10.2
Indiana,2 wk ahead,percent,9.41949386325323e-11,Bin,10.2,10.3
Indiana,2 wk ahead,percent,9.41949386325323e-11,Bin,10.3,10.4
Indiana,2 wk ahead,percent,9.41949386325323e-11,Bin,10.4,10.5
Indiana,2 wk ahead,percent,9.41949386325323e-11,Bin,10.5,10.6
Indiana,2 wk ahead,percent,9.41949386325323e-11,Bin,10.6,10.7
Indiana,2 wk ahead,percent,9.41949386325323e-11,Bin,10.7,10.8
Indiana,2 wk ahead,percent,9.41949386325323e-11,Bin,10.8,10.9
Indiana,2 wk ahead,percent,9.41949386325323e-11,Bin,10.9,11.0
Indiana,2 wk ahead,percent,9.41949386325323e-11,Bin,11.0,11.1
Indiana,2 wk ahead,percent,9.41949386325323e-11,Bin,11.1,11.2
Indiana,2 wk ahead,percent,9.41949386325323e-11,Bin,11.2,11.3
Indiana,2 wk ahead,percent,9.41949386325323e-11,Bin,11.3,11.4
Indiana,2 wk ahead,percent,9.41949386325323e-11,Bin,11.4,11.5
Indiana,2 wk ahead,percent,9.41949386325323e-11,Bin,11.5,11.6
Indiana,2 wk ahead,percent,9.41949386325323e-11,Bin,11.6,11.7
Indiana,2 wk ahead,percent,9.41949386325323e-11,Bin,11.7,11.8
Indiana,2 wk ahead,percent,9.41949386325323e-11,Bin,11.8,11.9
Indiana,2 wk ahead,percent,9.41949386325323e-11,Bin,11.9,12.0
Indiana,2 wk ahead,percent,9.41949386325323e-11,Bin,12.0,12.1
Indiana,2 wk ahead,percent,9.41949386325323e-11,Bin,12.1,12.2
Indiana,2 wk ahead,percent,9.41949386325323e-11,Bin,12.2,12.3
Indiana,2 wk ahead,percent,9.41949386325323e-11,Bin,12.3,12.4
Indiana,2 wk ahead,percent,9.41949386325323e-11,Bin,12.4,12.5
Indiana,2 wk ahead,percent,9.41949386325323e-11,Bin,12.5,12.6
Indiana,2 wk ahead,percent,9.41949386325323e-11,Bin,12.6,12.7
Indiana,2 wk ahead,percent,9.41949386325323e-11,Bin,12.7,12.8
Indiana,2 wk ahead,percent,9.41949386325323e-11,Bin,12.8,12.9
Indiana,2 wk ahead,percent,9.41949386325323e-11,Bin,12.9,13.0
Indiana,2 wk ahead,percent,9.41949386325323e-11,Bin,13.0,100.0
Indiana,3 wk ahead,percent,5.65973258644076e-11,Bin,0.0,0.1
Indiana,3 wk ahead,percent,5.24709119081213e-10,Bin,0.1,0.2
Indiana,3 wk ahead,percent,0.00400000269887498,Bin,0.2,0.3
Indiana,3 wk ahead,percent,0.0180000091429318,Bin,0.3,0.4
Indiana,3 wk ahead,percent,0.0360000195152893,Bin,0.4,0.5
Indiana,3 wk ahead,percent,0.0760000176063333,Bin,0.5,0.6
Indiana,3 wk ahead,percent,0.108000003493225,Bin,0.6,0.7
Indiana,3 wk ahead,percent,0.155999982911497,Bin,0.7,0.8
Indiana,3 wk ahead,percent,0.147999976976633,Bin,0.8,0.9
Indiana,3 wk ahead,percent,0.113999979999725,Bin,0.9,1.0
Indiana,3 wk ahead,percent,0.0719999921691801,Bin,1.0,1.1
Indiana,3 wk ahead,percent,0.0680000026370884,Bin,1.1,1.2
Indiana,3 wk ahead,percent,0.0720000049329551,Bin,1.2,1.3
Indiana,3 wk ahead,percent,0.0340000043514021,Bin,1.3,1.4
Indiana,3 wk ahead,percent,0.0179999993843169,Bin,1.4,1.5
Indiana,3 wk ahead,percent,0.0239999953791835,Bin,1.5,1.6
Indiana,3 wk ahead,percent,0.0119999976417514,Bin,1.6,1.7
Indiana,3 wk ahead,percent,0.00999999806256262,Bin,1.7,1.8
Indiana,3 wk ahead,percent,0.00999999806256262,Bin,1.8,1.9
Indiana,3 wk ahead,percent,0.00799999848337383,Bin,1.9,2.0
Indiana,3 wk ahead,percent,0.00399999932499626,Bin,2.0,2.1
Indiana,3 wk ahead,percent,0.00199999974580748,Bin,2.1,2.2
Indiana,3 wk ahead,percent,1.66618696943794e-10,Bin,2.2,2.3
Indiana,3 wk ahead,percent,1.66618696943794e-10,Bin,2.3,2.4
Indiana,3 wk ahead,percent,1.66618696943794e-10,Bin,2.4,2.5
Indiana,3 wk ahead,percent,0.00199999974580748,Bin,2.5,2.6
Indiana,3 wk ahead,percent,1.66618696943794e-10,Bin,2.6,2.7
Indiana,3 wk ahead,percent,1.66618696943794e-10,Bin,2.7,2.8
Indiana,3 wk ahead,percent,1.66618696943794e-10,Bin,2.8,2.9
Indiana,3 wk ahead,percent,1.66618696943794e-10,Bin,2.9,3.0
Indiana,3 wk ahead,percent,1.66618696943794e-10,Bin,3.0,3.1
Indiana,3 wk ahead,percent,1.66618696943794e-10,Bin,3.1,3.2
Indiana,3 wk ahead,percent,1.66618696943794e-10,Bin,3.2,3.3
Indiana,3 wk ahead,percent,0.00199999974580748,Bin,3.3,3.4
Indiana,3 wk ahead,percent,0.00199999974580748,Bin,3.4,3.5
Indiana,3 wk ahead,percent,1.66618696943794e-10,Bin,3.5,3.6
Indiana,3 wk ahead,percent,1.66618696943794e-10,Bin,3.6,3.7
Indiana,3 wk ahead,percent,1.66618696943794e-10,Bin,3.7,3.8
Indiana,3 wk ahead,percent,1.66618696943794e-10,Bin,3.8,3.9
Indiana,3 wk ahead,percent,1.66618696943794e-10,Bin,3.9,4.0
Indiana,3 wk ahead,percent,1.66618696943794e-10,Bin,4.0,4.1
Indiana,3 wk ahead,percent,1.66618696943794e-10,Bin,4.1,4.2
Indiana,3 wk ahead,percent,1.66618696943794e-10,Bin,4.2,4.3
Indiana,3 wk ahead,percent,1.66618696943794e-10,Bin,4.3,4.4
Indiana,3 wk ahead,percent,1.66618696943794e-10,Bin,4.4,4.5
Indiana,3 wk ahead,percent,1.66618696943794e-10,Bin,4.5,4.6
Indiana,3 wk ahead,percent,1.66618696943794e-10,Bin,4.6,4.7
Indiana,3 wk ahead,percent,1.66618696943794e-10,Bin,4.7,4.8
Indiana,3 wk ahead,percent,1.66618696943794e-10,Bin,4.8,4.9
Indiana,3 wk ahead,percent,1.66618696943794e-10,Bin,4.9,5.0
Indiana,3 wk ahead,percent,1.66618696943794e-10,Bin,5.0,5.1
Indiana,3 wk ahead,percent,1.66618696943794e-10,Bin,5.1,5.2
Indiana,3 wk ahead,percent,1.66618696943794e-10,Bin,5.2,5.3
Indiana,3 wk ahead,percent,1.66618696943794e-10,Bin,5.3,5.4
Indiana,3 wk ahead,percent,1.66618696943794e-10,Bin,5.4,5.5
Indiana,3 wk ahead,percent,1.66618696943794e-10,Bin,5.5,5.6
Indiana,3 wk ahead,percent,1.66618696943794e-10,Bin,5.6,5.7
Indiana,3 wk ahead,percent,1.66618696943794e-10,Bin,5.7,5.8
Indiana,3 wk ahead,percent,1.66618696943794e-10,Bin,5.8,5.9
Indiana,3 wk ahead,percent,1.66618696943794e-10,Bin,5.9,6.0
Indiana,3 wk ahead,percent,1.66618696943794e-10,Bin,6.0,6.1
Indiana,3 wk ahead,percent,1.66618696943794e-10,Bin,6.1,6.2
Indiana,3 wk ahead,percent,1.66618696943794e-10,Bin,6.2,6.3
Indiana,3 wk ahead,percent,1.66618696943794e-10,Bin,6.3,6.4
Indiana,3 wk ahead,percent,1.66618696943794e-10,Bin,6.4,6.5
Indiana,3 wk ahead,percent,1.66618696943794e-10,Bin,6.5,6.6
Indiana,3 wk ahead,percent,1.66618696943794e-10,Bin,6.6,6.7
Indiana,3 wk ahead,percent,1.66618696943794e-10,Bin,6.7,6.8
Indiana,3 wk ahead,percent,1.66618696943794e-10,Bin,6.8,6.9
Indiana,3 wk ahead,percent,1.66618696943794e-10,Bin,6.9,7.0
Indiana,3 wk ahead,percent,1.66618696943794e-10,Bin,7.0,7.1
Indiana,3 wk ahead,percent,1.66618696943794e-10,Bin,7.1,7.2
Indiana,3 wk ahead,percent,1.66618696943794e-10,Bin,7.2,7.3
Indiana,3 wk ahead,percent,1.66618696943794e-10,Bin,7.3,7.4
Indiana,3 wk ahead,percent,1.66618696943794e-10,Bin,7.4,7.5
Indiana,3 wk ahead,percent,1.66618696943794e-10,Bin,7.5,7.6
Indiana,3 wk ahead,percent,1.66618696943794e-10,Bin,7.6,7.7
Indiana,3 wk ahead,percent,1.66618696943794e-10,Bin,7.7,7.8
Indiana,3 wk ahead,percent,1.66618696943794e-10,Bin,7.8,7.9
Indiana,3 wk ahead,percent,1.66618696943794e-10,Bin,7.9,8.0
Indiana,3 wk ahead,percent,1.66618696943795e-10,Bin,8.0,8.1
Indiana,3 wk ahead,percent,1.66618696943797e-10,Bin,8.1,8.2
Indiana,3 wk ahead,percent,1.66618696943797e-10,Bin,8.2,8.3
Indiana,3 wk ahead,percent,1.66618696943797e-10,Bin,8.3,8.4
Indiana,3 wk ahead,percent,1.66618696943797e-10,Bin,8.4,8.5
Indiana,3 wk ahead,percent,1.66618696943797e-10,Bin,8.5,8.6
Indiana,3 wk ahead,percent,1.66618696943797e-10,Bin,8.6,8.7
Indiana,3 wk ahead,percent,1.66618696943797e-10,Bin,8.7,8.8
Indiana,3 wk ahead,percent,1.66618696943797e-10,Bin,8.8,8.9
Indiana,3 wk ahead,percent,1.66618696943797e-10,Bin,8.9,9.0
Indiana,3 wk ahead,percent,1.66618696943797e-10,Bin,9.0,9.1
Indiana,3 wk ahead,percent,1.66618696943797e-10,Bin,9.1,9.2
Indiana,3 wk ahead,percent,1.66618696943797e-10,Bin,9.2,9.3
Indiana,3 wk ahead,percent,1.66618696943797e-10,Bin,9.3,9.4
Indiana,3 wk ahead,percent,1.66618696943797e-10,Bin,9.4,9.5
Indiana,3 wk ahead,percent,1.66618696943797e-10,Bin,9.5,9.6
Indiana,3 wk ahead,percent,1.66618696943797e-10,Bin,9.6,9.7
Indiana,3 wk ahead,percent,1.66618696943797e-10,Bin,9.7,9.8
Indiana,3 wk ahead,percent,1.66618696943797e-10,Bin,9.8,9.9
Indiana,3 wk ahead,percent,1.66618696943797e-10,Bin,9.9,10.0
Indiana,3 wk ahead,percent,1.66618696943797e-10,Bin,10.0,10.1
Indiana,3 wk ahead,percent,1.66618696943797e-10,Bin,10.1,10.2
Indiana,3 wk ahead,percent,1.66618696943797e-10,Bin,10.2,10.3
Indiana,3 wk ahead,percent,1.66618696943797e-10,Bin,10.3,10.4
Indiana,3 wk ahead,percent,1.66618696943797e-10,Bin,10.4,10.5
Indiana,3 wk ahead,percent,1.66618696943797e-10,Bin,10.5,10.6
Indiana,3 wk ahead,percent,1.66618696943797e-10,Bin,10.6,10.7
Indiana,3 wk ahead,percent,1.66618696943797e-10,Bin,10.7,10.8
Indiana,3 wk ahead,percent,1.66618696943797e-10,Bin,10.8,10.9
Indiana,3 wk ahead,percent,1.66618696943797e-10,Bin,10.9,11.0
Indiana,3 wk ahead,percent,1.66618696943797e-10,Bin,11.0,11.1
Indiana,3 wk ahead,percent,1.66618696943797e-10,Bin,11.1,11.2
Indiana,3 wk ahead,percent,1.66618696943797e-10,Bin,11.2,11.3
Indiana,3 wk ahead,percent,1.66618696943797e-10,Bin,11.3,11.4
Indiana,3 wk ahead,percent,1.66618696943797e-10,Bin,11.4,11.5
Indiana,3 wk ahead,percent,1.66618696943797e-10,Bin,11.5,11.6
Indiana,3 wk ahead,percent,1.66618696943797e-10,Bin,11.6,11.7
Indiana,3 wk ahead,percent,1.66618696943797e-10,Bin,11.7,11.8
Indiana,3 wk ahead,percent,1.66618696943797e-10,Bin,11.8,11.9
Indiana,3 wk ahead,percent,1.66618696943797e-10,Bin,11.9,12.0
Indiana,3 wk ahead,percent,1.66618696943797e-10,Bin,12.0,12.1
Indiana,3 wk ahead,percent,1.66618696943797e-10,Bin,12.1,12.2
Indiana,3 wk ahead,percent,1.66618696943797e-10,Bin,12.2,12.3
Indiana,3 wk ahead,percent,1.66618696943797e-10,Bin,12.3,12.4
Indiana,3 wk ahead,percent,1.66618696943797e-10,Bin,12.4,12.5
Indiana,3 wk ahead,percent,1.66618696943797e-10,Bin,12.5,12.6
Indiana,3 wk ahead,percent,1.66618696943797e-10,Bin,12.6,12.7
Indiana,3 wk ahead,percent,1.66618696943797e-10,Bin,12.7,12.8
Indiana,3 wk ahead,percent,1.66618696943797e-10,Bin,12.8,12.9
Indiana,3 wk ahead,percent,1.66618696943797e-10,Bin,12.9,13.0
Indiana,3 wk ahead,percent,1.66618696943797e-10,Bin,13.0,100.0
Indiana,4 wk ahead,percent,6.61853676486162e-11,Bin,0.0,0.1
Indiana,4 wk ahead,percent,5.40765009897655e-10,Bin,0.1,0.2
Indiana,4 wk ahead,percent,0.0080000031110592,Bin,0.2,0.3
Indiana,4 wk ahead,percent,0.0360000112694081,Bin,0.3,0.4
Indiana,4 wk ahead,percent,0.0500000260598201,Bin,0.4,0.5
Indiana,4 wk ahead,percent,0.1380000125409,Bin,0.5,0.6
Indiana,4 wk ahead,percent,0.136000005322466,Bin,0.6,0.7
Indiana,4 wk ahead,percent,0.145999988431781,Bin,0.7,0.8
Indiana,4 wk ahead,percent,0.111999982862809,Bin,0.8,0.9
Indiana,4 wk ahead,percent,0.117999981032977,Bin,0.9,1.0
Indiana,4 wk ahead,percent,0.0799999949029572,Bin,1.0,1.1
Indiana,4 wk ahead,percent,0.0460000004340176,Bin,1.1,1.2
Indiana,4 wk ahead,percent,0.0339999961717701,Bin,1.2,1.3
Indiana,4 wk ahead,percent,0.0239999953812934,Bin,1.3,1.4
Indiana,4 wk ahead,percent,0.0319999934310583,Bin,1.4,1.5
Indiana,4 wk ahead,percent,0.00999999804697206,Bin,1.5,1.6
Indiana,4 wk ahead,percent,0.00399999930585764,Bin,1.6,1.7
Indiana,4 wk ahead,percent,0.00799999846660059,Bin,1.7,1.8
Indiana,4 wk ahead,percent,0.00199999972548616,Bin,1.8,1.9
Indiana,4 wk ahead,percent,0.00199999972548616,Bin,1.9,2.0
Indiana,4 wk ahead,percent,0.00399999930585764,Bin,2.0,2.1
Indiana,4 wk ahead,percent,1.45114683682105e-10,Bin,2.1,2.2
Indiana,4 wk ahead,percent,0.00399999930585764,Bin,2.2,2.3
Indiana,4 wk ahead,percent,1.45114683682105e-10,Bin,2.3,2.4
Indiana,4 wk ahead,percent,1.45114683682105e-10,Bin,2.4,2.5
Indiana,4 wk ahead,percent,1.45114683682105e-10,Bin,2.5,2.6
Indiana,4 wk ahead,percent,0.00199999972548616,Bin,2.6,2.7
Indiana,4 wk ahead,percent,1.45114683682105e-10,Bin,2.7,2.8
Indiana,4 wk ahead,percent,1.45114683682105e-10,Bin,2.8,2.9
Indiana,4 wk ahead,percent,0.00399999930585764,Bin,2.9,3.0
Indiana,4 wk ahead,percent,1.45114683682105e-10,Bin,3.0,3.1
Indiana,4 wk ahead,percent,1.45114683682105e-10,Bin,3.1,3.2
Indiana,4 wk ahead,percent,1.45114683682105e-10,Bin,3.2,3.3
Indiana,4 wk ahead,percent,1.45114683682105e-10,Bin,3.3,3.4
Indiana,4 wk ahead,percent,1.45114683682105e-10,Bin,3.4,3.5
Indiana,4 wk ahead,percent,1.45114683682105e-10,Bin,3.5,3.6
Indiana,4 wk ahead,percent,1.45114683682105e-10,Bin,3.6,3.7
Indiana,4 wk ahead,percent,1.45114683682105e-10,Bin,3.7,3.8
Indiana,4 wk ahead,percent,1.45114683682105e-10,Bin,3.8,3.9
Indiana,4 wk ahead,percent,1.45114683682105e-10,Bin,3.9,4.0
Indiana,4 wk ahead,percent,1.45114683682105e-10,Bin,4.0,4.1
Indiana,4 wk ahead,percent,1.45114683682105e-10,Bin,4.1,4.2
Indiana,4 wk ahead,percent,1.45114683682105e-10,Bin,4.2,4.3
Indiana,4 wk ahead,percent,1.45114683682105e-10,Bin,4.3,4.4
Indiana,4 wk ahead,percent,1.45114683682105e-10,Bin,4.4,4.5
Indiana,4 wk ahead,percent,1.45114683682105e-10,Bin,4.5,4.6
Indiana,4 wk ahead,percent,1.45114683682105e-10,Bin,4.6,4.7
Indiana,4 wk ahead,percent,1.45114683682105e-10,Bin,4.7,4.8
Indiana,4 wk ahead,percent,1.45114683682105e-10,Bin,4.8,4.9
Indiana,4 wk ahead,percent,1.45114683682105e-10,Bin,4.9,5.0
Indiana,4 wk ahead,percent,1.45114683682105e-10,Bin,5.0,5.1
Indiana,4 wk ahead,percent,1.45114683682105e-10,Bin,5.1,5.2
Indiana,4 wk ahead,percent,1.45114683682105e-10,Bin,5.2,5.3
Indiana,4 wk ahead,percent,1.45114683682105e-10,Bin,5.3,5.4
Indiana,4 wk ahead,percent,1.45114683682105e-10,Bin,5.4,5.5
Indiana,4 wk ahead,percent,1.45114683682105e-10,Bin,5.5,5.6
Indiana,4 wk ahead,percent,1.45114683682105e-10,Bin,5.6,5.7
Indiana,4 wk ahead,percent,1.45114683682105e-10,Bin,5.7,5.8
Indiana,4 wk ahead,percent,1.45114683682105e-10,Bin,5.8,5.9
Indiana,4 wk ahead,percent,1.45114683682105e-10,Bin,5.9,6.0
Indiana,4 wk ahead,percent,1.45114683682105e-10,Bin,6.0,6.1
Indiana,4 wk ahead,percent,1.45114683682105e-10,Bin,6.1,6.2
Indiana,4 wk ahead,percent,1.45114683682105e-10,Bin,6.2,6.3
Indiana,4 wk ahead,percent,1.45114683682105e-10,Bin,6.3,6.4
Indiana,4 wk ahead,percent,1.45114683682105e-10,Bin,6.4,6.5
Indiana,4 wk ahead,percent,1.45114683682105e-10,Bin,6.5,6.6
Indiana,4 wk ahead,percent,1.45114683682105e-10,Bin,6.6,6.7
Indiana,4 wk ahead,percent,1.45114683682105e-10,Bin,6.7,6.8
Indiana,4 wk ahead,percent,1.45114683682105e-10,Bin,6.8,6.9
Indiana,4 wk ahead,percent,1.45114683682105e-10,Bin,6.9,7.0
Indiana,4 wk ahead,percent,1.45114683682105e-10,Bin,7.0,7.1
Indiana,4 wk ahead,percent,1.45114683682105e-10,Bin,7.1,7.2
Indiana,4 wk ahead,percent,1.45114683682105e-10,Bin,7.2,7.3
Indiana,4 wk ahead,percent,1.45114683682105e-10,Bin,7.3,7.4
Indiana,4 wk ahead,percent,1.45114683682105e-10,Bin,7.4,7.5
Indiana,4 wk ahead,percent,1.45114683682105e-10,Bin,7.5,7.6
Indiana,4 wk ahead,percent,1.45114683682105e-10,Bin,7.6,7.7
Indiana,4 wk ahead,percent,1.45114683682105e-10,Bin,7.7,7.8
Indiana,4 wk ahead,percent,1.45114683682105e-10,Bin,7.8,7.9
Indiana,4 wk ahead,percent,1.45114683682105e-10,Bin,7.9,8.0
Indiana,4 wk ahead,percent,1.45114683682106e-10,Bin,8.0,8.1
Indiana,4 wk ahead,percent,1.45114683682107e-10,Bin,8.1,8.2
Indiana,4 wk ahead,percent,1.45114683682107e-10,Bin,8.2,8.3
Indiana,4 wk ahead,percent,1.45114683682107e-10,Bin,8.3,8.4
Indiana,4 wk ahead,percent,1.45114683682107e-10,Bin,8.4,8.5
Indiana,4 wk ahead,percent,1.45114683682107e-10,Bin,8.5,8.6
Indiana,4 wk ahead,percent,1.45114683682107e-10,Bin,8.6,8.7
Indiana,4 wk ahead,percent,1.45114683682107e-10,Bin,8.7,8.8
Indiana,4 wk ahead,percent,1.45114683682107e-10,Bin,8.8,8.9
Indiana,4 wk ahead,percent,1.45114683682107e-10,Bin,8.9,9.0
Indiana,4 wk ahead,percent,1.45114683682107e-10,Bin,9.0,9.1
Indiana,4 wk ahead,percent,1.45114683682107e-10,Bin,9.1,9.2
Indiana,4 wk ahead,percent,1.45114683682107e-10,Bin,9.2,9.3
Indiana,4 wk ahead,percent,1.45114683682107e-10,Bin,9.3,9.4
Indiana,4 wk ahead,percent,1.45114683682107e-10,Bin,9.4,9.5
Indiana,4 wk ahead,percent,1.45114683682107e-10,Bin,9.5,9.6
Indiana,4 wk ahead,percent,1.45114683682107e-10,Bin,9.6,9.7
Indiana,4 wk ahead,percent,1.45114683682107e-10,Bin,9.7,9.8
Indiana,4 wk ahead,percent,1.45114683682107e-10,Bin,9.8,9.9
Indiana,4 wk ahead,percent,1.45114683682107e-10,Bin,9.9,10.0
Indiana,4 wk ahead,percent,1.45114683682107e-10,Bin,10.0,10.1
Indiana,4 wk ahead,percent,1.45114683682107e-10,Bin,10.1,10.2
Indiana,4 wk ahead,percent,1.45114683682107e-10,Bin,10.2,10.3
Indiana,4 wk ahead,percent,1.45114683682107e-10,Bin,10.3,10.4
Indiana,4 wk ahead,percent,1.45114683682107e-10,Bin,10.4,10.5
Indiana,4 wk ahead,percent,1.45114683682107e-10,Bin,10.5,10.6
Indiana,4 wk ahead,percent,1.45114683682107e-10,Bin,10.6,10.7
Indiana,4 wk ahead,percent,1.45114683682107e-10,Bin,10.7,10.8
Indiana,4 wk ahead,percent,1.45114683682107e-10,Bin,10.8,10.9
Indiana,4 wk ahead,percent,1.45114683682107e-10,Bin,10.9,11.0
Indiana,4 wk ahead,percent,1.45114683682107e-10,Bin,11.0,11.1
Indiana,4 wk ahead,percent,1.45114683682107e-10,Bin,11.1,11.2
Indiana,4 wk ahead,percent,1.45114683682107e-10,Bin,11.2,11.3
Indiana,4 wk ahead,percent,1.45114683682107e-10,Bin,11.3,11.4
Indiana,4 wk ahead,percent,1.45114683682107e-10,Bin,11.4,11.5
Indiana,4 wk ahead,percent,1.45114683682107e-10,Bin,11.5,11.6
Indiana,4 wk ahead,percent,1.45114683682107e-10,Bin,11.6,11.7
Indiana,4 wk ahead,percent,1.45114683682107e-10,Bin,11.7,11.8
Indiana,4 wk ahead,percent,1.45114683682107e-10,Bin,11.8,11.9
Indiana,4 wk ahead,percent,1.45114683682107e-10,Bin,11.9,12.0
Indiana,4 wk ahead,percent,1.45114683682107e-10,Bin,12.0,12.1
Indiana,4 wk ahead,percent,1.45114683682107e-10,Bin,12.1,12.2
Indiana,4 wk ahead,percent,1.45114683682107e-10,Bin,12.2,12.3
Indiana,4 wk ahead,percent,1.45114683682107e-10,Bin,12.3,12.4
Indiana,4 wk ahead,percent,1.45114683682107e-10,Bin,12.4,12.5
Indiana,4 wk ahead,percent,1.45114683682107e-10,Bin,12.5,12.6
Indiana,4 wk ahead,percent,1.45114683682107e-10,Bin,12.6,12.7
Indiana,4 wk ahead,percent,1.45114683682107e-10,Bin,12.7,12.8
Indiana,4 wk ahead,percent,1.45114683682107e-10,Bin,12.8,12.9
Indiana,4 wk ahead,percent,1.45114683682107e-10,Bin,12.9,13.0
Indiana,4 wk ahead,percent,1.45114683682107e-10,Bin,13.0,100.0
Indiana,Season peak percentage,percent,1.98311283092331e-13,Bin,0.0,0.1
Indiana,Season peak percentage,percent,4.60974153804719e-13,Bin,0.1,0.2
Indiana,Season peak percentage,percent,5.58391461109608e-13,Bin,0.2,0.3
Indiana,Season peak percentage,percent,6.70785609681323e-13,Bin,0.3,0.4
Indiana,Season peak percentage,percent,7.9893634265855e-13,Bin,0.4,0.5
Indiana,Season peak percentage,percent,9.43661141420379e-13,Bin,0.5,0.6
Indiana,Season peak percentage,percent,1.1052913951541e-12,Bin,0.6,0.7
Indiana,Season peak percentage,percent,1.28382243956146e-12,Bin,0.7,0.8
Indiana,Season peak percentage,percent,1.47885779052348e-12,Bin,0.8,0.9
Indiana,Season peak percentage,percent,1.68937709072411e-12,Bin,0.9,1.0
Indiana,Season peak percentage,percent,1.91409778751223e-12,Bin,1.0,1.1
Indiana,Season peak percentage,percent,2.15100458137932e-12,Bin,1.1,1.2
Indiana,Season peak percentage,percent,2.39774398081853e-12,Bin,1.2,1.3
Indiana,Season peak percentage,percent,2.65140328131011e-12,Bin,1.3,1.4
Indiana,Season peak percentage,percent,2.9088060833015e-12,Bin,1.4,1.5
Indiana,Season peak percentage,percent,3.16645752651686e-12,Bin,1.5,1.6
Indiana,Season peak percentage,percent,3.42075639151983e-12,Bin,1.6,1.7
Indiana,Season peak percentage,percent,3.66809494063786e-12,Bin,1.7,1.8
Indiana,Season peak percentage,percent,3.90513959979222e-12,Bin,1.8,1.9
Indiana,Season peak percentage,percent,4.12877516959134e-12,Bin,1.9,2.0
Indiana,Season peak percentage,percent,4.33664016595804e-12,Bin,2.0,2.1
Indiana,Season peak percentage,percent,4.52682121229946e-12,Bin,2.1,2.2
Indiana,Season peak percentage,percent,4.69847727154651e-12,Bin,2.2,2.3
Indiana,Season peak percentage,percent,4.85151675918784e-12,Bin,2.3,2.4
Indiana,Season peak percentage,percent,4.98705929003951e-12,Bin,2.4,2.5
Indiana,Season peak percentage,percent,5.10707489192385e-12,Bin,2.5,2.6
Indiana,Season peak percentage,percent,5.21463744670773e-12,Bin,2.6,2.7
Indiana,Season peak percentage,percent,5.31376512624428e-12,Bin,2.7,2.8
Indiana,Season peak percentage,percent,5.40925405852155e-12,Bin,2.8,2.9
Indiana,Season peak percentage,percent,5.50653328939502e-12,Bin,2.9,3.0
Indiana,Season peak percentage,percent,5.61152134243842e-12,Bin,3.0,3.1
Indiana,Season peak percentage,percent,5.73028152367237e-12,Bin,3.1,3.2
Indiana,Season peak percentage,percent,5.86898583651589e-12,Bin,3.2,3.3
Indiana,Season peak percentage,percent,6.0332861835944e-12,Bin,3.3,3.4
Indiana,Season peak percentage,percent,6.22856723704602e-12,Bin,3.4,3.5
Indiana,Season peak percentage,percent,6.45939771733638e-12,Bin,3.5,3.6
Indiana,Season peak percentage,percent,6.72940990741608e-12,Bin,3.6,3.7
Indiana,Season peak percentage,percent,7.04139294040198e-12,Bin,3.7,3.8
Indiana,Season peak percentage,percent,7.39644472827718e-12,Bin,3.8,3.9
Indiana,Season peak percentage,percent,7.79524814159577e-12,Bin,3.9,4.0
Indiana,Season peak percentage,percent,8.23652173426727e-12,Bin,4.0,4.1
Indiana,Season peak percentage,percent,8.71837748420473e-12,Bin,4.1,4.2
Indiana,Season peak percentage,percent,9.23736400340494e-12,Bin,4.2,4.3
Indiana,Season peak percentage,percent,9.78932329830171e-12,Bin,4.3,4.4
Indiana,Season peak percentage,percent,1.036907066487e-11,Bin,4.4,4.5
Indiana,Season peak percentage,percent,1.09707522485129e-11,Bin,4.5,4.6
Indiana,Season peak percentage,percent,1.15879503604969e-11,Bin,4.6,4.7
Indiana,Season peak percentage,percent,1.22137440795343e-11,Bin,4.7,4.8
Indiana,Season peak percentage,percent,1.28410406660392e-11,Bin,4.8,4.9
Indiana,Season peak percentage,percent,1.34626423023512e-11,Bin,4.9,5.0
Indiana,Season peak percentage,percent,1.40712820748479e-11,Bin,5.0,5.1
Indiana,Season peak percentage,percent,1.46599496780716e-11,Bin,5.1,5.2
Indiana,Season peak percentage,percent,1.52217650442502e-11,Bin,5.2,5.3
Indiana,Season peak percentage,percent,1.57503256125131e-11,Bin,5.3,5.4
Indiana,Season peak percentage,percent,1.62395777431514e-11,Bin,5.4,5.5
Indiana,Season peak percentage,percent,1.6683806620761e-11,Bin,5.5,5.6
Indiana,Season peak percentage,percent,1.70780820102664e-11,Bin,5.6,5.7
Indiana,Season peak percentage,percent,1.74175428627611e-11,Bin,5.7,5.8
Indiana,Season peak percentage,percent,1.76989498014089e-11,Bin,5.8,5.9
Indiana,Season peak percentage,percent,1.79183639036914e-11,Bin,5.9,6.0
Indiana,Season peak percentage,percent,1.80735754751971e-11,Bin,6.0,6.1
Indiana,Season peak percentage,percent,1.81625156840024e-11,Bin,6.1,6.2
Indiana,Season peak percentage,percent,1.81842394778179e-11,Bin,6.2,6.3
Indiana,Season peak percentage,percent,1.81384799731039e-11,Bin,6.3,6.4
Indiana,Season peak percentage,percent,1.80255729256958e-11,Bin,6.4,6.5
Indiana,Season peak percentage,percent,1.78471020950497e-11,Bin,6.5,6.6
Indiana,Season peak percentage,percent,1.76050302157615e-11,Bin,6.6,6.7
Indiana,Season peak percentage,percent,1.73030308793459e-11,Bin,6.7,6.8
Indiana,Season peak percentage,percent,1.69445779280131e-11,Bin,6.8,6.9
Indiana,Season peak percentage,percent,1.65349598985983e-11,Bin,6.9,7.0
Indiana,Season peak percentage,percent,1.6079478053339e-11,Bin,7.0,7.1
Indiana,Season peak percentage,percent,1.55845497567575e-11,Bin,7.1,7.2
Indiana,Season peak percentage,percent,1.5056938474761e-11,Bin,7.2,7.3
Indiana,Season peak percentage,percent,1.45037535219189e-11,Bin,7.3,7.4
Indiana,Season peak percentage,percent,1.39323355923432e-11,Bin,7.4,7.5
Indiana,Season peak percentage,percent,1.33499077711329e-11,Bin,7.5,7.6
Indiana,Season peak percentage,percent,1.27635477632008e-11,Bin,7.6,7.7
Indiana,Season peak percentage,percent,1.21798379197447e-11,Bin,7.7,7.8
Indiana,Season peak percentage,percent,1.16046378409089e-11,Bin,7.8,7.9
Indiana,Season peak percentage,percent,1.1043123746035e-11,Bin,7.9,8.0
Indiana,Season peak percentage,percent,1.04994008423614e-11,Bin,8.0,8.1
Indiana,Season peak percentage,percent,9.97657743833188e-12,Bin,8.1,8.2
Indiana,Season peak percentage,percent,9.4766751414568e-12,Bin,8.2,8.3
Indiana,Season peak percentage,percent,9.00050681253666e-12,Bin,8.3,8.4
Indiana,Season peak percentage,percent,0.999999999116428,Bin,8.4,8.5
Indiana,Season peak percentage,percent,8.11847566261147e-12,Bin,8.5,8.6
Indiana,Season peak percentage,percent,7.70988993560864e-12,Bin,8.6,8.7
Indiana,Season peak percentage,percent,7.31989476514081e-12,Bin,8.7,8.8
Indiana,Season peak percentage,percent,6.94601564302855e-12,Bin,8.8,8.9
Indiana,Season peak percentage,percent,6.58535115079013e-12,Bin,8.9,9.0
Indiana,Season peak percentage,percent,6.23518521332781e-12,Bin,9.0,9.1
Indiana,Season peak percentage,percent,5.89299153700642e-12,Bin,9.1,9.2
Indiana,Season peak percentage,percent,5.5566234065828e-12,Bin,9.2,9.3
Indiana,Season peak percentage,percent,5.22448460874158e-12,Bin,9.3,9.4
Indiana,Season peak percentage,percent,4.89550681016906e-12,Bin,9.4,9.5
Indiana,Season peak percentage,percent,4.56926653908433e-12,Bin,9.5,9.6
Indiana,Season peak percentage,percent,4.24589641955258e-12,Bin,9.6,9.7
Indiana,Season peak percentage,percent,3.92612337412781e-12,Bin,9.7,9.8
Indiana,Season peak percentage,percent,3.61108153386136e-12,Bin,9.8,9.9
Indiana,Season peak percentage,percent,3.30232166809204e-12,Bin,9.9,10.0
Indiana,Season peak percentage,percent,3.00161030727892e-12,Bin,10.0,10.1
Indiana,Season peak percentage,percent,2.71081382095209e-12,Bin,10.1,10.2
Indiana,Season peak percentage,percent,2.43186672104552e-12,Bin,10.2,10.3
Indiana,Season peak percentage,percent,2.16646513059924e-12,Bin,10.3,10.4
Indiana,Season peak percentage,percent,1.91628056156058e-12,Bin,10.4,10.5
Indiana,Season peak percentage,percent,1.68251937394434e-12,Bin,10.5,10.6
Indiana,Season peak percentage,percent,1.46626484649222e-12,Bin,10.6,10.7
Indiana,Season peak percentage,percent,1.26797182261143e-12,Bin,10.7,10.8
Indiana,Season peak percentage,percent,1.08801844496457e-12,Bin,10.8,10.9
Indiana,Season peak percentage,percent,9.26259706660503e-13,Bin,10.9,11.0
Indiana,Season peak percentage,percent,7.82277784253028e-13,Bin,11.0,11.1
Indiana,Season peak percentage,percent,6.55415240272094e-13,Bin,11.1,11.2
Indiana,Season peak percentage,percent,5.44607126183878e-13,Bin,11.2,11.3
Indiana,Season peak percentage,percent,4.48896861766607e-13,Bin,11.3,11.4
Indiana,Season peak percentage,percent,3.66945428230268e-13,Bin,11.4,11.5
Indiana,Season peak percentage,percent,2.97520725480182e-13,Bin,11.5,11.6
Indiana,Season peak percentage,percent,2.39194940744375e-13,Bin,11.6,11.7
Indiana,Season peak percentage,percent,1.9072816444041e-13,Bin,11.7,11.8
Indiana,Season peak percentage,percent,1.50806019761304e-13,Bin,11.8,11.9
Indiana,Season peak percentage,percent,1.18247139614424e-13,Bin,11.9,12.0
Indiana,Season peak percentage,percent,9.19509302403287e-14,Bin,12.0,12.1
Indiana,Season peak percentage,percent,7.08881618898359e-14,Bin,12.1,12.2
Indiana,Season peak percentage,percent,5.42077776424828e-14,Bin,12.2,12.3
Indiana,Season peak percentage,percent,4.74538334791582e-14,Bin,12.3,12.4
Indiana,Season peak percentage,percent,4.74538334791582e-14,Bin,12.4,12.5
Indiana,Season peak percentage,percent,4.74538334791582e-14,Bin,12.5,12.6
Indiana,Season peak percentage,percent,4.74538334791582e-14,Bin,12.6,12.7
Indiana,Season peak percentage,percent,4.74538334791582e-14,Bin,12.7,12.8
Indiana,Season peak percentage,percent,4.74538334791582e-14,Bin,12.8,12.9
Indiana,Season peak percentage,percent,4.74538334791582e-14,Bin,12.9,13.0
Indiana,Season peak percentage,percent,4.74538334791582e-14,Bin,13.0,100.0
Indiana,Season peak week,week,5.70930274874428e-05,Bin,40.0,41.0
Indiana,Season peak week,week,5.70930274874428e-05,Bin,41.0,42.0
Indiana,Season peak week,week,5.70930274874428e-05,Bin,42.0,43.0
Indiana,Season peak week,week,5.70930274874428e-05,Bin,43.0,44.0
Indiana,Season peak week,week,5.70930274874428e-05,Bin,44.0,45.0
Indiana,Season peak week,week,5.70930274874428e-05,Bin,45.0,46.0
Indiana,Season peak week,week,7.07039674384681e-05,Bin,46.0,47.0
Indiana,Season peak week,week,0.000238190886321214,Bin,47.0,48.0
Indiana,Season peak week,week,0.000714742805826204,Bin,48.0,49.0
Indiana,Season peak week,week,0.00168166667315075,Bin,49.0,50.0
Indiana,Season peak week,week,0.00310784516385649,Bin,50.0,51.0
Indiana,Season peak week,week,0.00453109511081064,Bin,51.0,52.0
Indiana,Season peak week,week,0.00527070943018061,Bin,52.0,53.0
Indiana,Season peak week,week,0.00503099024677592,Bin,1.0,2.0
Indiana,Season peak week,week,0.00419616306350614,Bin,2.0,3.0
Indiana,Season peak week,week,0.00340412650389204,Bin,3.0,4.0
Indiana,Season peak week,week,0.0029744501171836,Bin,4.0,5.0
Indiana,Season peak week,week,0.00285103480458436,Bin,5.0,6.0
Indiana,Season peak week,week,0.942947183498045,Bin,6.0,7.0
Indiana,Season peak week,week,0.00304529537304315,Bin,7.0,8.0
Indiana,Season peak week,week,0.00331196012696768,Bin,8.0,9.0
Indiana,Season peak week,week,0.00362132184751251,Bin,9.0,10.0
Indiana,Season peak week,week,0.00373969755256864,Bin,10.0,11.0
Indiana,Season peak week,week,0.00340206945787433,Bin,11.0,12.0
Indiana,Season peak week,week,0.00259272557819786,Bin,12.0,13.0
Indiana,Season peak week,week,0.0016089650068864,Bin,13.0,14.0
Indiana,Season peak week,week,0.000801404938410807,Bin,14.0,15.0
Indiana,Season peak week,week,0.000318070256627151,Bin,15.0,16.0
Indiana,Season peak week,week,0.000100182637297949,Bin,16.0,17.0
Indiana,Season peak week,week,2.84433445375301e-05,Bin,17.0,18.0
Indiana,Season peak week,week,2.28011478599254e-05,Bin,18.0,19.0
Indiana,Season peak week,week,2.28011478599254e-05,Bin,19.0,20.0
Indiana,Season peak week,week,2.28011478599254e-05,Bin,20.0,21.0
Iowa,1 wk ahead,percent,0.0040000003389678,Bin,0.0,0.1
Iowa,1 wk ahead,percent,0.0800000061423859,Bin,0.1,0.2
Iowa,1 wk ahead,percent,0.415999996014527,Bin,0.2,0.3
Iowa,1 wk ahead,percent,0.299999994416019,Bin,0.3,0.4
Iowa,1 wk ahead,percent,0.115999998295131,Bin,0.4,0.5
Iowa,1 wk ahead,percent,0.0599999964467684,Bin,0.5,0.6
Iowa,1 wk ahead,percent,0.0139999991157919,Bin,0.6,0.7
Iowa,1 wk ahead,percent,0.00399999980450694,Bin,0.7,0.8
Iowa,1 wk ahead,percent,0.00199999994224994,Bin,0.8,0.9
Iowa,1 wk ahead,percent,0.00199999994224994,Bin,0.9,1.0
Iowa,1 wk ahead,percent,7.99929370258961e-11,Bin,1.0,1.1
Iowa,1 wk ahead,percent,0.00199999994224994,Bin,1.1,1.2
Iowa,1 wk ahead,percent,7.99929370258961e-11,Bin,1.2,1.3
Iowa,1 wk ahead,percent,7.99929370258961e-11,Bin,1.3,1.4
Iowa,1 wk ahead,percent,7.99929370258961e-11,Bin,1.4,1.5
Iowa,1 wk ahead,percent,7.99929370258961e-11,Bin,1.5,1.6
Iowa,1 wk ahead,percent,7.99929370258961e-11,Bin,1.6,1.7
Iowa,1 wk ahead,percent,7.99929370258961e-11,Bin,1.7,1.8
Iowa,1 wk ahead,percent,7.99929370258961e-11,Bin,1.8,1.9
Iowa,1 wk ahead,percent,7.99929370258961e-11,Bin,1.9,2.0
Iowa,1 wk ahead,percent,7.99929370258959e-11,Bin,2.0,2.1
Iowa,1 wk ahead,percent,7.99929370258957e-11,Bin,2.1,2.2
Iowa,1 wk ahead,percent,7.99929370258957e-11,Bin,2.2,2.3
Iowa,1 wk ahead,percent,7.99929370258957e-11,Bin,2.3,2.4
Iowa,1 wk ahead,percent,7.99929370258957e-11,Bin,2.4,2.5
Iowa,1 wk ahead,percent,7.99929370258957e-11,Bin,2.5,2.6
Iowa,1 wk ahead,percent,7.99929370258957e-11,Bin,2.6,2.7
Iowa,1 wk ahead,percent,7.99929370258957e-11,Bin,2.7,2.8
Iowa,1 wk ahead,percent,7.99929370258957e-11,Bin,2.8,2.9
Iowa,1 wk ahead,percent,7.99929370258957e-11,Bin,2.9,3.0
Iowa,1 wk ahead,percent,7.99929370258957e-11,Bin,3.0,3.1
Iowa,1 wk ahead,percent,7.99929370258957e-11,Bin,3.1,3.2
Iowa,1 wk ahead,percent,7.99929370258957e-11,Bin,3.2,3.3
Iowa,1 wk ahead,percent,7.99929370258957e-11,Bin,3.3,3.4
Iowa,1 wk ahead,percent,7.99929370258957e-11,Bin,3.4,3.5
Iowa,1 wk ahead,percent,7.99929370258957e-11,Bin,3.5,3.6
Iowa,1 wk ahead,percent,7.99929370258957e-11,Bin,3.6,3.7
Iowa,1 wk ahead,percent,7.99929370258957e-11,Bin,3.7,3.8
Iowa,1 wk ahead,percent,7.99929370258957e-11,Bin,3.8,3.9
Iowa,1 wk ahead,percent,7.99929370258957e-11,Bin,3.9,4.0
Iowa,1 wk ahead,percent,7.99929370258957e-11,Bin,4.0,4.1
Iowa,1 wk ahead,percent,7.99929370258957e-11,Bin,4.1,4.2
Iowa,1 wk ahead,percent,7.99929370258957e-11,Bin,4.2,4.3
Iowa,1 wk ahead,percent,7.99929370258957e-11,Bin,4.3,4.4
Iowa,1 wk ahead,percent,7.99929370258957e-11,Bin,4.4,4.5
Iowa,1 wk ahead,percent,7.99929370258957e-11,Bin,4.5,4.6
Iowa,1 wk ahead,percent,7.99929370258957e-11,Bin,4.6,4.7
Iowa,1 wk ahead,percent,7.99929370258957e-11,Bin,4.7,4.8
Iowa,1 wk ahead,percent,7.99929370258957e-11,Bin,4.8,4.9
Iowa,1 wk ahead,percent,7.99929370258957e-11,Bin,4.9,5.0
Iowa,1 wk ahead,percent,7.99929370258957e-11,Bin,5.0,5.1
Iowa,1 wk ahead,percent,7.99929370258957e-11,Bin,5.1,5.2
Iowa,1 wk ahead,percent,7.99929370258957e-11,Bin,5.2,5.3
Iowa,1 wk ahead,percent,7.99929370258957e-11,Bin,5.3,5.4
Iowa,1 wk ahead,percent,7.99929370258957e-11,Bin,5.4,5.5
Iowa,1 wk ahead,percent,7.99929370258957e-11,Bin,5.5,5.6
Iowa,1 wk ahead,percent,7.99929370258957e-11,Bin,5.6,5.7
Iowa,1 wk ahead,percent,7.99929370258957e-11,Bin,5.7,5.8
Iowa,1 wk ahead,percent,7.99929370258957e-11,Bin,5.8,5.9
Iowa,1 wk ahead,percent,7.99929370258957e-11,Bin,5.9,6.0
Iowa,1 wk ahead,percent,7.99929370258957e-11,Bin,6.0,6.1
Iowa,1 wk ahead,percent,7.99929370258957e-11,Bin,6.1,6.2
Iowa,1 wk ahead,percent,7.99929370258957e-11,Bin,6.2,6.3
Iowa,1 wk ahead,percent,7.99929370258957e-11,Bin,6.3,6.4
Iowa,1 wk ahead,percent,7.99929370258957e-11,Bin,6.4,6.5
Iowa,1 wk ahead,percent,7.99929370258957e-11,Bin,6.5,6.6
Iowa,1 wk ahead,percent,7.99929370258957e-11,Bin,6.6,6.7
Iowa,1 wk ahead,percent,7.99929370258957e-11,Bin,6.7,6.8
Iowa,1 wk ahead,percent,7.99929370258957e-11,Bin,6.8,6.9
Iowa,1 wk ahead,percent,7.99929370258957e-11,Bin,6.9,7.0
Iowa,1 wk ahead,percent,7.99929370258957e-11,Bin,7.0,7.1
Iowa,1 wk ahead,percent,7.99929370258957e-11,Bin,7.1,7.2
Iowa,1 wk ahead,percent,7.99929370258957e-11,Bin,7.2,7.3
Iowa,1 wk ahead,percent,7.99929370258957e-11,Bin,7.3,7.4
Iowa,1 wk ahead,percent,7.99929370258957e-11,Bin,7.4,7.5
Iowa,1 wk ahead,percent,7.99929370258957e-11,Bin,7.5,7.6
Iowa,1 wk ahead,percent,7.99929370258957e-11,Bin,7.6,7.7
Iowa,1 wk ahead,percent,7.99929370258957e-11,Bin,7.7,7.8
Iowa,1 wk ahead,percent,7.99929370258957e-11,Bin,7.8,7.9
Iowa,1 wk ahead,percent,7.99929370258957e-11,Bin,7.9,8.0
Iowa,1 wk ahead,percent,7.99929370258964e-11,Bin,8.0,8.1
Iowa,1 wk ahead,percent,7.99929370258972e-11,Bin,8.1,8.2
Iowa,1 wk ahead,percent,7.99929370258972e-11,Bin,8.2,8.3
Iowa,1 wk ahead,percent,7.99929370258972e-11,Bin,8.3,8.4
Iowa,1 wk ahead,percent,7.99929370258972e-11,Bin,8.4,8.5
Iowa,1 wk ahead,percent,7.99929370258972e-11,Bin,8.5,8.6
Iowa,1 wk ahead,percent,7.99929370258972e-11,Bin,8.6,8.7
Iowa,1 wk ahead,percent,7.99929370258972e-11,Bin,8.7,8.8
Iowa,1 wk ahead,percent,7.99929370258972e-11,Bin,8.8,8.9
Iowa,1 wk ahead,percent,7.99929370258972e-11,Bin,8.9,9.0
Iowa,1 wk ahead,percent,7.99929370258972e-11,Bin,9.0,9.1
Iowa,1 wk ahead,percent,7.99929370258972e-11,Bin,9.1,9.2
Iowa,1 wk ahead,percent,7.99929370258972e-11,Bin,9.2,9.3
Iowa,1 wk ahead,percent,7.99929370258972e-11,Bin,9.3,9.4
Iowa,1 wk ahead,percent,7.99929370258972e-11,Bin,9.4,9.5
Iowa,1 wk ahead,percent,7.99929370258972e-11,Bin,9.5,9.6
Iowa,1 wk ahead,percent,7.99929370258972e-11,Bin,9.6,9.7
Iowa,1 wk ahead,percent,7.99929370258972e-11,Bin,9.7,9.8
Iowa,1 wk ahead,percent,7.99929370258972e-11,Bin,9.8,9.9
Iowa,1 wk ahead,percent,7.99929370258972e-11,Bin,9.9,10.0
Iowa,1 wk ahead,percent,7.99929370258972e-11,Bin,10.0,10.1
Iowa,1 wk ahead,percent,7.99929370258972e-11,Bin,10.1,10.2
Iowa,1 wk ahead,percent,7.99929370258972e-11,Bin,10.2,10.3
Iowa,1 wk ahead,percent,7.99929370258972e-11,Bin,10.3,10.4
Iowa,1 wk ahead,percent,7.99929370258972e-11,Bin,10.4,10.5
Iowa,1 wk ahead,percent,7.99929370258972e-11,Bin,10.5,10.6
Iowa,1 wk ahead,percent,7.99929370258972e-11,Bin,10.6,10.7
Iowa,1 wk ahead,percent,7.99929370258972e-11,Bin,10.7,10.8
Iowa,1 wk ahead,percent,7.99929370258972e-11,Bin,10.8,10.9
Iowa,1 wk ahead,percent,7.99929370258972e-11,Bin,10.9,11.0
Iowa,1 wk ahead,percent,7.99929370258972e-11,Bin,11.0,11.1
Iowa,1 wk ahead,percent,7.99929370258972e-11,Bin,11.1,11.2
Iowa,1 wk ahead,percent,7.99929370258972e-11,Bin,11.2,11.3
Iowa,1 wk ahead,percent,7.99929370258972e-11,Bin,11.3,11.4
Iowa,1 wk ahead,percent,7.99929370258972e-11,Bin,11.4,11.5
Iowa,1 wk ahead,percent,7.99929370258972e-11,Bin,11.5,11.6
Iowa,1 wk ahead,percent,7.99929370258972e-11,Bin,11.6,11.7
Iowa,1 wk ahead,percent,7.99929370258972e-11,Bin,11.7,11.8
Iowa,1 wk ahead,percent,7.99929370258972e-11,Bin,11.8,11.9
Iowa,1 wk ahead,percent,7.99929370258972e-11,Bin,11.9,12.0
Iowa,1 wk ahead,percent,7.99929370258972e-11,Bin,12.0,12.1
Iowa,1 wk ahead,percent,7.99929370258972e-11,Bin,12.1,12.2
Iowa,1 wk ahead,percent,7.99929370258972e-11,Bin,12.2,12.3
Iowa,1 wk ahead,percent,7.99929370258972e-11,Bin,12.3,12.4
Iowa,1 wk ahead,percent,7.99929370258972e-11,Bin,12.4,12.5
Iowa,1 wk ahead,percent,7.99929370258972e-11,Bin,12.5,12.6
Iowa,1 wk ahead,percent,7.99929370258972e-11,Bin,12.6,12.7
Iowa,1 wk ahead,percent,7.99929370258972e-11,Bin,12.7,12.8
Iowa,1 wk ahead,percent,7.99929370258972e-11,Bin,12.8,12.9
Iowa,1 wk ahead,percent,7.99929370258972e-11,Bin,12.9,13.0
Iowa,1 wk ahead,percent,7.99929370258972e-11,Bin,13.0,100.0
Iowa,2 wk ahead,percent,0.00200000219209421,Bin,0.0,0.1
Iowa,2 wk ahead,percent,0.170000008412335,Bin,0.1,0.2
Iowa,2 wk ahead,percent,0.455999989861024,Bin,0.2,0.3
Iowa,2 wk ahead,percent,0.241999995797619,Bin,0.3,0.4
Iowa,2 wk ahead,percent,0.0679999987155971,Bin,0.4,0.5
Iowa,2 wk ahead,percent,0.0319999977925594,Bin,0.5,0.6
Iowa,2 wk ahead,percent,0.0139999990417868,Bin,0.6,0.7
Iowa,2 wk ahead,percent,0.00799999948482897,Bin,0.7,0.8
Iowa,2 wk ahead,percent,0.00399999978019041,Bin,0.8,0.9
Iowa,2 wk ahead,percent,7.55518476696796e-11,Bin,0.9,1.0
Iowa,2 wk ahead,percent,7.55518476696796e-11,Bin,1.0,1.1
Iowa,2 wk ahead,percent,7.55518476696796e-11,Bin,1.1,1.2
Iowa,2 wk ahead,percent,0.00199999992787113,Bin,1.2,1.3
Iowa,2 wk ahead,percent,7.55518476696796e-11,Bin,1.3,1.4
Iowa,2 wk ahead,percent,7.55518476696796e-11,Bin,1.4,1.5
Iowa,2 wk ahead,percent,0.00199999992787113,Bin,1.5,1.6
Iowa,2 wk ahead,percent,7.55518476696796e-11,Bin,1.6,1.7
Iowa,2 wk ahead,percent,7.55518476696796e-11,Bin,1.7,1.8
Iowa,2 wk ahead,percent,7.55518476696796e-11,Bin,1.8,1.9
Iowa,2 wk ahead,percent,7.55518476696796e-11,Bin,1.9,2.0
Iowa,2 wk ahead,percent,7.55518476696794e-11,Bin,2.0,2.1
Iowa,2 wk ahead,percent,7.55518476696792e-11,Bin,2.1,2.2
Iowa,2 wk ahead,percent,7.55518476696792e-11,Bin,2.2,2.3
Iowa,2 wk ahead,percent,7.55518476696792e-11,Bin,2.3,2.4
Iowa,2 wk ahead,percent,7.55518476696792e-11,Bin,2.4,2.5
Iowa,2 wk ahead,percent,7.55518476696792e-11,Bin,2.5,2.6
Iowa,2 wk ahead,percent,7.55518476696792e-11,Bin,2.6,2.7
Iowa,2 wk ahead,percent,7.55518476696792e-11,Bin,2.7,2.8
Iowa,2 wk ahead,percent,7.55518476696792e-11,Bin,2.8,2.9
Iowa,2 wk ahead,percent,7.55518476696792e-11,Bin,2.9,3.0
Iowa,2 wk ahead,percent,7.55518476696792e-11,Bin,3.0,3.1
Iowa,2 wk ahead,percent,7.55518476696792e-11,Bin,3.1,3.2
Iowa,2 wk ahead,percent,7.55518476696792e-11,Bin,3.2,3.3
Iowa,2 wk ahead,percent,7.55518476696792e-11,Bin,3.3,3.4
Iowa,2 wk ahead,percent,7.55518476696792e-11,Bin,3.4,3.5
Iowa,2 wk ahead,percent,7.55518476696792e-11,Bin,3.5,3.6
Iowa,2 wk ahead,percent,7.55518476696792e-11,Bin,3.6,3.7
Iowa,2 wk ahead,percent,7.55518476696792e-11,Bin,3.7,3.8
Iowa,2 wk ahead,percent,7.55518476696792e-11,Bin,3.8,3.9
Iowa,2 wk ahead,percent,7.55518476696792e-11,Bin,3.9,4.0
Iowa,2 wk ahead,percent,7.55518476696792e-11,Bin,4.0,4.1
Iowa,2 wk ahead,percent,7.55518476696792e-11,Bin,4.1,4.2
Iowa,2 wk ahead,percent,7.55518476696792e-11,Bin,4.2,4.3
Iowa,2 wk ahead,percent,7.55518476696792e-11,Bin,4.3,4.4
Iowa,2 wk ahead,percent,7.55518476696792e-11,Bin,4.4,4.5
Iowa,2 wk ahead,percent,7.55518476696792e-11,Bin,4.5,4.6
Iowa,2 wk ahead,percent,7.55518476696792e-11,Bin,4.6,4.7
Iowa,2 wk ahead,percent,7.55518476696792e-11,Bin,4.7,4.8
Iowa,2 wk ahead,percent,7.55518476696792e-11,Bin,4.8,4.9
Iowa,2 wk ahead,percent,7.55518476696792e-11,Bin,4.9,5.0
Iowa,2 wk ahead,percent,7.55518476696792e-11,Bin,5.0,5.1
Iowa,2 wk ahead,percent,7.55518476696792e-11,Bin,5.1,5.2
Iowa,2 wk ahead,percent,7.55518476696792e-11,Bin,5.2,5.3
Iowa,2 wk ahead,percent,7.55518476696792e-11,Bin,5.3,5.4
Iowa,2 wk ahead,percent,7.55518476696792e-11,Bin,5.4,5.5
Iowa,2 wk ahead,percent,7.55518476696792e-11,Bin,5.5,5.6
Iowa,2 wk ahead,percent,7.55518476696792e-11,Bin,5.6,5.7
Iowa,2 wk ahead,percent,7.55518476696792e-11,Bin,5.7,5.8
Iowa,2 wk ahead,percent,7.55518476696792e-11,Bin,5.8,5.9
Iowa,2 wk ahead,percent,7.55518476696792e-11,Bin,5.9,6.0
Iowa,2 wk ahead,percent,7.55518476696792e-11,Bin,6.0,6.1
Iowa,2 wk ahead,percent,7.55518476696792e-11,Bin,6.1,6.2
Iowa,2 wk ahead,percent,7.55518476696792e-11,Bin,6.2,6.3
Iowa,2 wk ahead,percent,7.55518476696792e-11,Bin,6.3,6.4
Iowa,2 wk ahead,percent,7.55518476696792e-11,Bin,6.4,6.5
Iowa,2 wk ahead,percent,7.55518476696792e-11,Bin,6.5,6.6
Iowa,2 wk ahead,percent,7.55518476696792e-11,Bin,6.6,6.7
Iowa,2 wk ahead,percent,7.55518476696792e-11,Bin,6.7,6.8
Iowa,2 wk ahead,percent,7.55518476696792e-11,Bin,6.8,6.9
Iowa,2 wk ahead,percent,7.55518476696792e-11,Bin,6.9,7.0
Iowa,2 wk ahead,percent,7.55518476696792e-11,Bin,7.0,7.1
Iowa,2 wk ahead,percent,7.55518476696792e-11,Bin,7.1,7.2
Iowa,2 wk ahead,percent,7.55518476696792e-11,Bin,7.2,7.3
Iowa,2 wk ahead,percent,7.55518476696792e-11,Bin,7.3,7.4
Iowa,2 wk ahead,percent,7.55518476696792e-11,Bin,7.4,7.5
Iowa,2 wk ahead,percent,7.55518476696792e-11,Bin,7.5,7.6
Iowa,2 wk ahead,percent,7.55518476696792e-11,Bin,7.6,7.7
Iowa,2 wk ahead,percent,7.55518476696792e-11,Bin,7.7,7.8
Iowa,2 wk ahead,percent,7.55518476696792e-11,Bin,7.8,7.9
Iowa,2 wk ahead,percent,7.55518476696792e-11,Bin,7.9,8.0
Iowa,2 wk ahead,percent,7.55518476696799e-11,Bin,8.0,8.1
Iowa,2 wk ahead,percent,7.55518476696806e-11,Bin,8.1,8.2
Iowa,2 wk ahead,percent,7.55518476696806e-11,Bin,8.2,8.3
Iowa,2 wk ahead,percent,7.55518476696806e-11,Bin,8.3,8.4
Iowa,2 wk ahead,percent,7.55518476696806e-11,Bin,8.4,8.5
Iowa,2 wk ahead,percent,7.55518476696806e-11,Bin,8.5,8.6
Iowa,2 wk ahead,percent,7.55518476696806e-11,Bin,8.6,8.7
Iowa,2 wk ahead,percent,7.55518476696806e-11,Bin,8.7,8.8
Iowa,2 wk ahead,percent,7.55518476696806e-11,Bin,8.8,8.9
Iowa,2 wk ahead,percent,7.55518476696806e-11,Bin,8.9,9.0
Iowa,2 wk ahead,percent,7.55518476696806e-11,Bin,9.0,9.1
Iowa,2 wk ahead,percent,7.55518476696806e-11,Bin,9.1,9.2
Iowa,2 wk ahead,percent,7.55518476696806e-11,Bin,9.2,9.3
Iowa,2 wk ahead,percent,7.55518476696806e-11,Bin,9.3,9.4
Iowa,2 wk ahead,percent,7.55518476696806e-11,Bin,9.4,9.5
Iowa,2 wk ahead,percent,7.55518476696806e-11,Bin,9.5,9.6
Iowa,2 wk ahead,percent,7.55518476696806e-11,Bin,9.6,9.7
Iowa,2 wk ahead,percent,7.55518476696806e-11,Bin,9.7,9.8
Iowa,2 wk ahead,percent,7.55518476696806e-11,Bin,9.8,9.9
Iowa,2 wk ahead,percent,7.55518476696806e-11,Bin,9.9,10.0
Iowa,2 wk ahead,percent,7.55518476696806e-11,Bin,10.0,10.1
Iowa,2 wk ahead,percent,7.55518476696806e-11,Bin,10.1,10.2
Iowa,2 wk ahead,percent,7.55518476696806e-11,Bin,10.2,10.3
Iowa,2 wk ahead,percent,7.55518476696806e-11,Bin,10.3,10.4
Iowa,2 wk ahead,percent,7.55518476696806e-11,Bin,10.4,10.5
Iowa,2 wk ahead,percent,7.55518476696806e-11,Bin,10.5,10.6
Iowa,2 wk ahead,percent,7.55518476696806e-11,Bin,10.6,10.7
Iowa,2 wk ahead,percent,7.55518476696806e-11,Bin,10.7,10.8
Iowa,2 wk ahead,percent,7.55518476696806e-11,Bin,10.8,10.9
Iowa,2 wk ahead,percent,7.55518476696806e-11,Bin,10.9,11.0
Iowa,2 wk ahead,percent,7.55518476696806e-11,Bin,11.0,11.1
Iowa,2 wk ahead,percent,7.55518476696806e-11,Bin,11.1,11.2
Iowa,2 wk ahead,percent,7.55518476696806e-11,Bin,11.2,11.3
Iowa,2 wk ahead,percent,7.55518476696806e-11,Bin,11.3,11.4
Iowa,2 wk ahead,percent,7.55518476696806e-11,Bin,11.4,11.5
Iowa,2 wk ahead,percent,7.55518476696806e-11,Bin,11.5,11.6
Iowa,2 wk ahead,percent,7.55518476696806e-11,Bin,11.6,11.7
Iowa,2 wk ahead,percent,7.55518476696806e-11,Bin,11.7,11.8
Iowa,2 wk ahead,percent,7.55518476696806e-11,Bin,11.8,11.9
Iowa,2 wk ahead,percent,7.55518476696806e-11,Bin,11.9,12.0
Iowa,2 wk ahead,percent,7.55518476696806e-11,Bin,12.0,12.1
Iowa,2 wk ahead,percent,7.55518476696806e-11,Bin,12.1,12.2
Iowa,2 wk ahead,percent,7.55518476696806e-11,Bin,12.2,12.3
Iowa,2 wk ahead,percent,7.55518476696806e-11,Bin,12.3,12.4
Iowa,2 wk ahead,percent,7.55518476696806e-11,Bin,12.4,12.5
Iowa,2 wk ahead,percent,7.55518476696806e-11,Bin,12.5,12.6
Iowa,2 wk ahead,percent,7.55518476696806e-11,Bin,12.6,12.7
Iowa,2 wk ahead,percent,7.55518476696806e-11,Bin,12.7,12.8
Iowa,2 wk ahead,percent,7.55518476696806e-11,Bin,12.8,12.9
Iowa,2 wk ahead,percent,7.55518476696806e-11,Bin,12.9,13.0
Iowa,2 wk ahead,percent,7.55518476696806e-11,Bin,13.0,100.0
Iowa,3 wk ahead,percent,0.00600001849360508,Bin,0.0,0.1
Iowa,3 wk ahead,percent,0.322000025629137,Bin,0.1,0.2
Iowa,3 wk ahead,percent,0.429999950678415,Bin,0.2,0.3
Iowa,3 wk ahead,percent,0.153999984684424,Bin,0.3,0.4
Iowa,3 wk ahead,percent,0.0519999949557403,Bin,0.4,0.5
Iowa,3 wk ahead,percent,0.013999997317284,Bin,0.5,0.6
Iowa,3 wk ahead,percent,0.0059999990005289,Bin,0.6,0.7
Iowa,3 wk ahead,percent,0.00399999942134011,Bin,0.7,0.8
Iowa,3 wk ahead,percent,0.00799999857971768,Bin,0.8,0.9
Iowa,3 wk ahead,percent,2.62962544833195e-10,Bin,0.9,1.0
Iowa,3 wk ahead,percent,0.00199999984215133,Bin,1.0,1.1
Iowa,3 wk ahead,percent,0.00199999984215133,Bin,1.1,1.2
Iowa,3 wk ahead,percent,2.62962544833195e-10,Bin,1.2,1.3
Iowa,3 wk ahead,percent,2.62962544833195e-10,Bin,1.3,1.4
Iowa,3 wk ahead,percent,2.62962544833195e-10,Bin,1.4,1.5
Iowa,3 wk ahead,percent,2.62962544833195e-10,Bin,1.5,1.6
Iowa,3 wk ahead,percent,2.62962544833195e-10,Bin,1.6,1.7
Iowa,3 wk ahead,percent,2.62962544833195e-10,Bin,1.7,1.8
Iowa,3 wk ahead,percent,2.62962544833195e-10,Bin,1.8,1.9
Iowa,3 wk ahead,percent,2.62962544833195e-10,Bin,1.9,2.0
Iowa,3 wk ahead,percent,2.62962544833194e-10,Bin,2.0,2.1
Iowa,3 wk ahead,percent,2.62962544833194e-10,Bin,2.1,2.2
Iowa,3 wk ahead,percent,2.62962544833194e-10,Bin,2.2,2.3
Iowa,3 wk ahead,percent,2.62962544833194e-10,Bin,2.3,2.4
Iowa,3 wk ahead,percent,2.62962544833194e-10,Bin,2.4,2.5
Iowa,3 wk ahead,percent,2.62962544833194e-10,Bin,2.5,2.6
Iowa,3 wk ahead,percent,2.62962544833194e-10,Bin,2.6,2.7
Iowa,3 wk ahead,percent,2.62962544833194e-10,Bin,2.7,2.8
Iowa,3 wk ahead,percent,2.62962544833194e-10,Bin,2.8,2.9
Iowa,3 wk ahead,percent,2.62962544833194e-10,Bin,2.9,3.0
Iowa,3 wk ahead,percent,2.62962544833194e-10,Bin,3.0,3.1
Iowa,3 wk ahead,percent,2.62962544833194e-10,Bin,3.1,3.2
Iowa,3 wk ahead,percent,2.62962544833194e-10,Bin,3.2,3.3
Iowa,3 wk ahead,percent,2.62962544833194e-10,Bin,3.3,3.4
Iowa,3 wk ahead,percent,2.62962544833194e-10,Bin,3.4,3.5
Iowa,3 wk ahead,percent,2.62962544833194e-10,Bin,3.5,3.6
Iowa,3 wk ahead,percent,2.62962544833194e-10,Bin,3.6,3.7
Iowa,3 wk ahead,percent,2.62962544833194e-10,Bin,3.7,3.8
Iowa,3 wk ahead,percent,2.62962544833194e-10,Bin,3.8,3.9
Iowa,3 wk ahead,percent,2.62962544833194e-10,Bin,3.9,4.0
Iowa,3 wk ahead,percent,2.62962544833194e-10,Bin,4.0,4.1
Iowa,3 wk ahead,percent,2.62962544833194e-10,Bin,4.1,4.2
Iowa,3 wk ahead,percent,2.62962544833194e-10,Bin,4.2,4.3
Iowa,3 wk ahead,percent,2.62962544833194e-10,Bin,4.3,4.4
Iowa,3 wk ahead,percent,2.62962544833194e-10,Bin,4.4,4.5
Iowa,3 wk ahead,percent,2.62962544833194e-10,Bin,4.5,4.6
Iowa,3 wk ahead,percent,2.62962544833194e-10,Bin,4.6,4.7
Iowa,3 wk ahead,percent,2.62962544833194e-10,Bin,4.7,4.8
Iowa,3 wk ahead,percent,2.62962544833194e-10,Bin,4.8,4.9
Iowa,3 wk ahead,percent,2.62962544833194e-10,Bin,4.9,5.0
Iowa,3 wk ahead,percent,2.62962544833194e-10,Bin,5.0,5.1
Iowa,3 wk ahead,percent,2.62962544833194e-10,Bin,5.1,5.2
Iowa,3 wk ahead,percent,2.62962544833194e-10,Bin,5.2,5.3
Iowa,3 wk ahead,percent,2.62962544833194e-10,Bin,5.3,5.4
Iowa,3 wk ahead,percent,2.62962544833194e-10,Bin,5.4,5.5
Iowa,3 wk ahead,percent,2.62962544833194e-10,Bin,5.5,5.6
Iowa,3 wk ahead,percent,2.62962544833194e-10,Bin,5.6,5.7
Iowa,3 wk ahead,percent,2.62962544833194e-10,Bin,5.7,5.8
Iowa,3 wk ahead,percent,2.62962544833194e-10,Bin,5.8,5.9
Iowa,3 wk ahead,percent,2.62962544833194e-10,Bin,5.9,6.0
Iowa,3 wk ahead,percent,2.62962544833194e-10,Bin,6.0,6.1
Iowa,3 wk ahead,percent,2.62962544833194e-10,Bin,6.1,6.2
Iowa,3 wk ahead,percent,2.62962544833194e-10,Bin,6.2,6.3
Iowa,3 wk ahead,percent,2.62962544833194e-10,Bin,6.3,6.4
Iowa,3 wk ahead,percent,2.62962544833194e-10,Bin,6.4,6.5
Iowa,3 wk ahead,percent,2.62962544833194e-10,Bin,6.5,6.6
Iowa,3 wk ahead,percent,2.62962544833194e-10,Bin,6.6,6.7
Iowa,3 wk ahead,percent,2.62962544833194e-10,Bin,6.7,6.8
Iowa,3 wk ahead,percent,2.62962544833194e-10,Bin,6.8,6.9
Iowa,3 wk ahead,percent,2.62962544833194e-10,Bin,6.9,7.0
Iowa,3 wk ahead,percent,2.62962544833194e-10,Bin,7.0,7.1
Iowa,3 wk ahead,percent,2.62962544833194e-10,Bin,7.1,7.2
Iowa,3 wk ahead,percent,2.62962544833194e-10,Bin,7.2,7.3
Iowa,3 wk ahead,percent,2.62962544833194e-10,Bin,7.3,7.4
Iowa,3 wk ahead,percent,2.62962544833194e-10,Bin,7.4,7.5
Iowa,3 wk ahead,percent,2.62962544833194e-10,Bin,7.5,7.6
Iowa,3 wk ahead,percent,2.62962544833194e-10,Bin,7.6,7.7
Iowa,3 wk ahead,percent,2.62962544833194e-10,Bin,7.7,7.8
Iowa,3 wk ahead,percent,2.62962544833194e-10,Bin,7.8,7.9
Iowa,3 wk ahead,percent,2.62962544833194e-10,Bin,7.9,8.0
Iowa,3 wk ahead,percent,2.62962544833196e-10,Bin,8.0,8.1
Iowa,3 wk ahead,percent,2.62962544833198e-10,Bin,8.1,8.2
Iowa,3 wk ahead,percent,2.62962544833198e-10,Bin,8.2,8.3
Iowa,3 wk ahead,percent,2.62962544833198e-10,Bin,8.3,8.4
Iowa,3 wk ahead,percent,2.62962544833198e-10,Bin,8.4,8.5
Iowa,3 wk ahead,percent,2.62962544833198e-10,Bin,8.5,8.6
Iowa,3 wk ahead,percent,2.62962544833198e-10,Bin,8.6,8.7
Iowa,3 wk ahead,percent,2.62962544833198e-10,Bin,8.7,8.8
Iowa,3 wk ahead,percent,2.62962544833198e-10,Bin,8.8,8.9
Iowa,3 wk ahead,percent,2.62962544833198e-10,Bin,8.9,9.0
Iowa,3 wk ahead,percent,2.62962544833198e-10,Bin,9.0,9.1
Iowa,3 wk ahead,percent,2.62962544833198e-10,Bin,9.1,9.2
Iowa,3 wk ahead,percent,2.62962544833198e-10,Bin,9.2,9.3
Iowa,3 wk ahead,percent,2.62962544833198e-10,Bin,9.3,9.4
Iowa,3 wk ahead,percent,2.62962544833198e-10,Bin,9.4,9.5
Iowa,3 wk ahead,percent,2.62962544833198e-10,Bin,9.5,9.6
Iowa,3 wk ahead,percent,2.62962544833198e-10,Bin,9.6,9.7
Iowa,3 wk ahead,percent,2.62962544833198e-10,Bin,9.7,9.8
Iowa,3 wk ahead,percent,2.62962544833198e-10,Bin,9.8,9.9
Iowa,3 wk ahead,percent,2.62962544833198e-10,Bin,9.9,10.0
Iowa,3 wk ahead,percent,2.62962544833198e-10,Bin,10.0,10.1
Iowa,3 wk ahead,percent,2.62962544833198e-10,Bin,10.1,10.2
Iowa,3 wk ahead,percent,2.62962544833198e-10,Bin,10.2,10.3
Iowa,3 wk ahead,percent,2.62962544833198e-10,Bin,10.3,10.4
Iowa,3 wk ahead,percent,2.62962544833198e-10,Bin,10.4,10.5
Iowa,3 wk ahead,percent,2.62962544833198e-10,Bin,10.5,10.6
Iowa,3 wk ahead,percent,2.62962544833198e-10,Bin,10.6,10.7
Iowa,3 wk ahead,percent,2.62962544833198e-10,Bin,10.7,10.8
Iowa,3 wk ahead,percent,2.62962544833198e-10,Bin,10.8,10.9
Iowa,3 wk ahead,percent,2.62962544833198e-10,Bin,10.9,11.0
Iowa,3 wk ahead,percent,2.62962544833198e-10,Bin,11.0,11.1
Iowa,3 wk ahead,percent,2.62962544833198e-10,Bin,11.1,11.2
Iowa,3 wk ahead,percent,2.62962544833198e-10,Bin,11.2,11.3
Iowa,3 wk ahead,percent,2.62962544833198e-10,Bin,11.3,11.4
Iowa,3 wk ahead,percent,2.62962544833198e-10,Bin,11.4,11.5
Iowa,3 wk ahead,percent,2.62962544833198e-10,Bin,11.5,11.6
Iowa,3 wk ahead,percent,2.62962544833198e-10,Bin,11.6,11.7
Iowa,3 wk ahead,percent,2.62962544833198e-10,Bin,11.7,11.8
Iowa,3 wk ahead,percent,2.62962544833198e-10,Bin,11.8,11.9
Iowa,3 wk ahead,percent,2.62962544833198e-10,Bin,11.9,12.0
Iowa,3 wk ahead,percent,2.62962544833198e-10,Bin,12.0,12.1
Iowa,3 wk ahead,percent,2.62962544833198e-10,Bin,12.1,12.2
Iowa,3 wk ahead,percent,2.62962544833198e-10,Bin,12.2,12.3
Iowa,3 wk ahead,percent,2.62962544833198e-10,Bin,12.3,12.4
Iowa,3 wk ahead,percent,2.62962544833198e-10,Bin,12.4,12.5
Iowa,3 wk ahead,percent,2.62962544833198e-10,Bin,12.5,12.6
Iowa,3 wk ahead,percent,2.62962544833198e-10,Bin,12.6,12.7
Iowa,3 wk ahead,percent,2.62962544833198e-10,Bin,12.7,12.8
Iowa,3 wk ahead,percent,2.62962544833198e-10,Bin,12.8,12.9
Iowa,3 wk ahead,percent,2.62962544833198e-10,Bin,12.9,13.0
Iowa,3 wk ahead,percent,2.62962544833198e-10,Bin,13.0,100.0
Iowa,4 wk ahead,percent,0.0120000095307605,Bin,0.0,0.1
Iowa,4 wk ahead,percent,0.403999983187488,Bin,0.1,0.2
Iowa,4 wk ahead,percent,0.393999937022504,Bin,0.2,0.3
Iowa,4 wk ahead,percent,0.121999975263003,Bin,0.3,0.4
Iowa,4 wk ahead,percent,0.0379999928874015,Bin,0.4,0.5
Iowa,4 wk ahead,percent,0.0159999975033152,Bin,0.5,0.6
Iowa,4 wk ahead,percent,0.00400000002108637,Bin,0.6,0.7
Iowa,4 wk ahead,percent,0.00799999918182932,Bin,0.7,0.8
Iowa,4 wk ahead,percent,0.00200000044071489,Bin,0.8,0.9
Iowa,4 wk ahead,percent,8.60343413003119e-10,Bin,0.9,1.0
Iowa,4 wk ahead,percent,8.60343413003119e-10,Bin,1.0,1.1
Iowa,4 wk ahead,percent,8.60343413003119e-10,Bin,1.1,1.2
Iowa,4 wk ahead,percent,8.60343413003119e-10,Bin,1.2,1.3
Iowa,4 wk ahead,percent,8.60343413003119e-10,Bin,1.3,1.4
Iowa,4 wk ahead,percent,8.60343413003119e-10,Bin,1.4,1.5
Iowa,4 wk ahead,percent,8.60343413003119e-10,Bin,1.5,1.6
Iowa,4 wk ahead,percent,8.60343413003119e-10,Bin,1.6,1.7
Iowa,4 wk ahead,percent,8.60343413003119e-10,Bin,1.7,1.8
Iowa,4 wk ahead,percent,8.60343413003119e-10,Bin,1.8,1.9
Iowa,4 wk ahead,percent,8.60343413003119e-10,Bin,1.9,2.0
Iowa,4 wk ahead,percent,8.60343413003117e-10,Bin,2.0,2.1
Iowa,4 wk ahead,percent,8.60343413003115e-10,Bin,2.1,2.2
Iowa,4 wk ahead,percent,8.60343413003115e-10,Bin,2.2,2.3
Iowa,4 wk ahead,percent,8.60343413003115e-10,Bin,2.3,2.4
Iowa,4 wk ahead,percent,8.60343413003115e-10,Bin,2.4,2.5
Iowa,4 wk ahead,percent,8.60343413003115e-10,Bin,2.5,2.6
Iowa,4 wk ahead,percent,8.60343413003115e-10,Bin,2.6,2.7
Iowa,4 wk ahead,percent,8.60343413003115e-10,Bin,2.7,2.8
Iowa,4 wk ahead,percent,8.60343413003115e-10,Bin,2.8,2.9
Iowa,4 wk ahead,percent,8.60343413003115e-10,Bin,2.9,3.0
Iowa,4 wk ahead,percent,8.60343413003115e-10,Bin,3.0,3.1
Iowa,4 wk ahead,percent,8.60343413003115e-10,Bin,3.1,3.2
Iowa,4 wk ahead,percent,8.60343413003115e-10,Bin,3.2,3.3
Iowa,4 wk ahead,percent,8.60343413003115e-10,Bin,3.3,3.4
Iowa,4 wk ahead,percent,8.60343413003115e-10,Bin,3.4,3.5
Iowa,4 wk ahead,percent,8.60343413003115e-10,Bin,3.5,3.6
Iowa,4 wk ahead,percent,8.60343413003115e-10,Bin,3.6,3.7
Iowa,4 wk ahead,percent,8.60343413003115e-10,Bin,3.7,3.8
Iowa,4 wk ahead,percent,8.60343413003115e-10,Bin,3.8,3.9
Iowa,4 wk ahead,percent,8.60343413003115e-10,Bin,3.9,4.0
Iowa,4 wk ahead,percent,8.60343413003115e-10,Bin,4.0,4.1
Iowa,4 wk ahead,percent,8.60343413003115e-10,Bin,4.1,4.2
Iowa,4 wk ahead,percent,8.60343413003115e-10,Bin,4.2,4.3
Iowa,4 wk ahead,percent,8.60343413003115e-10,Bin,4.3,4.4
Iowa,4 wk ahead,percent,8.60343413003115e-10,Bin,4.4,4.5
Iowa,4 wk ahead,percent,8.60343413003115e-10,Bin,4.5,4.6
Iowa,4 wk ahead,percent,8.60343413003115e-10,Bin,4.6,4.7
Iowa,4 wk ahead,percent,8.60343413003115e-10,Bin,4.7,4.8
Iowa,4 wk ahead,percent,8.60343413003115e-10,Bin,4.8,4.9
Iowa,4 wk ahead,percent,8.60343413003115e-10,Bin,4.9,5.0
Iowa,4 wk ahead,percent,8.60343413003115e-10,Bin,5.0,5.1
Iowa,4 wk ahead,percent,8.60343413003115e-10,Bin,5.1,5.2
Iowa,4 wk ahead,percent,8.60343413003115e-10,Bin,5.2,5.3
Iowa,4 wk ahead,percent,8.60343413003115e-10,Bin,5.3,5.4
Iowa,4 wk ahead,percent,8.60343413003115e-10,Bin,5.4,5.5
Iowa,4 wk ahead,percent,8.60343413003115e-10,Bin,5.5,5.6
Iowa,4 wk ahead,percent,8.60343413003115e-10,Bin,5.6,5.7
Iowa,4 wk ahead,percent,8.60343413003115e-10,Bin,5.7,5.8
Iowa,4 wk ahead,percent,8.60343413003115e-10,Bin,5.8,5.9
Iowa,4 wk ahead,percent,8.60343413003115e-10,Bin,5.9,6.0
Iowa,4 wk ahead,percent,8.60343413003115e-10,Bin,6.0,6.1
Iowa,4 wk ahead,percent,8.60343413003115e-10,Bin,6.1,6.2
Iowa,4 wk ahead,percent,8.60343413003115e-10,Bin,6.2,6.3
Iowa,4 wk ahead,percent,8.60343413003115e-10,Bin,6.3,6.4
Iowa,4 wk ahead,percent,8.60343413003115e-10,Bin,6.4,6.5
Iowa,4 wk ahead,percent,8.60343413003115e-10,Bin,6.5,6.6
Iowa,4 wk ahead,percent,8.60343413003115e-10,Bin,6.6,6.7
Iowa,4 wk ahead,percent,8.60343413003115e-10,Bin,6.7,6.8
Iowa,4 wk ahead,percent,8.60343413003115e-10,Bin,6.8,6.9
Iowa,4 wk ahead,percent,8.60343413003115e-10,Bin,6.9,7.0
Iowa,4 wk ahead,percent,8.60343413003115e-10,Bin,7.0,7.1
Iowa,4 wk ahead,percent,8.60343413003115e-10,Bin,7.1,7.2
Iowa,4 wk ahead,percent,8.60343413003115e-10,Bin,7.2,7.3
Iowa,4 wk ahead,percent,8.60343413003115e-10,Bin,7.3,7.4
Iowa,4 wk ahead,percent,8.60343413003115e-10,Bin,7.4,7.5
Iowa,4 wk ahead,percent,8.60343413003115e-10,Bin,7.5,7.6
Iowa,4 wk ahead,percent,8.60343413003115e-10,Bin,7.6,7.7
Iowa,4 wk ahead,percent,8.60343413003115e-10,Bin,7.7,7.8
Iowa,4 wk ahead,percent,8.60343413003115e-10,Bin,7.8,7.9
Iowa,4 wk ahead,percent,8.60343413003115e-10,Bin,7.9,8.0
Iowa,4 wk ahead,percent,8.60343413003123e-10,Bin,8.0,8.1
Iowa,4 wk ahead,percent,8.60343413003131e-10,Bin,8.1,8.2
Iowa,4 wk ahead,percent,8.60343413003131e-10,Bin,8.2,8.3
Iowa,4 wk ahead,percent,8.60343413003131e-10,Bin,8.3,8.4
Iowa,4 wk ahead,percent,8.60343413003131e-10,Bin,8.4,8.5
Iowa,4 wk ahead,percent,8.60343413003131e-10,Bin,8.5,8.6
Iowa,4 wk ahead,percent,8.60343413003131e-10,Bin,8.6,8.7
Iowa,4 wk ahead,percent,8.60343413003131e-10,Bin,8.7,8.8
Iowa,4 wk ahead,percent,8.60343413003131e-10,Bin,8.8,8.9
Iowa,4 wk ahead,percent,8.60343413003131e-10,Bin,8.9,9.0
Iowa,4 wk ahead,percent,8.60343413003131e-10,Bin,9.0,9.1
Iowa,4 wk ahead,percent,8.60343413003131e-10,Bin,9.1,9.2
Iowa,4 wk ahead,percent,8.60343413003131e-10,Bin,9.2,9.3
Iowa,4 wk ahead,percent,8.60343413003131e-10,Bin,9.3,9.4
Iowa,4 wk ahead,percent,8.60343413003131e-10,Bin,9.4,9.5
Iowa,4 wk ahead,percent,8.60343413003131e-10,Bin,9.5,9.6
Iowa,4 wk ahead,percent,8.60343413003131e-10,Bin,9.6,9.7
Iowa,4 wk ahead,percent,8.60343413003131e-10,Bin,9.7,9.8
Iowa,4 wk ahead,percent,8.60343413003131e-10,Bin,9.8,9.9
Iowa,4 wk ahead,percent,8.60343413003131e-10,Bin,9.9,10.0
Iowa,4 wk ahead,percent,8.60343413003131e-10,Bin,10.0,10.1
Iowa,4 wk ahead,percent,8.60343413003131e-10,Bin,10.1,10.2
Iowa,4 wk ahead,percent,8.60343413003131e-10,Bin,10.2,10.3
Iowa,4 wk ahead,percent,8.60343413003131e-10,Bin,10.3,10.4
Iowa,4 wk ahead,percent,8.60343413003131e-10,Bin,10.4,10.5
Iowa,4 wk ahead,percent,8.60343413003131e-10,Bin,10.5,10.6
Iowa,4 wk ahead,percent,8.60343413003131e-10,Bin,10.6,10.7
Iowa,4 wk ahead,percent,8.60343413003131e-10,Bin,10.7,10.8
Iowa,4 wk ahead,percent,8.60343413003131e-10,Bin,10.8,10.9
Iowa,4 wk ahead,percent,8.60343413003131e-10,Bin,10.9,11.0
Iowa,4 wk ahead,percent,8.60343413003131e-10,Bin,11.0,11.1
Iowa,4 wk ahead,percent,8.60343413003131e-10,Bin,11.1,11.2
Iowa,4 wk ahead,percent,8.60343413003131e-10,Bin,11.2,11.3
Iowa,4 wk ahead,percent,8.60343413003131e-10,Bin,11.3,11.4
Iowa,4 wk ahead,percent,8.60343413003131e-10,Bin,11.4,11.5
Iowa,4 wk ahead,percent,8.60343413003131e-10,Bin,11.5,11.6
Iowa,4 wk ahead,percent,8.60343413003131e-10,Bin,11.6,11.7
Iowa,4 wk ahead,percent,8.60343413003131e-10,Bin,11.7,11.8
Iowa,4 wk ahead,percent,8.60343413003131e-10,Bin,11.8,11.9
Iowa,4 wk ahead,percent,8.60343413003131e-10,Bin,11.9,12.0
Iowa,4 wk ahead,percent,8.60343413003131e-10,Bin,12.0,12.1
Iowa,4 wk ahead,percent,8.60343413003131e-10,Bin,12.1,12.2
Iowa,4 wk ahead,percent,8.60343413003131e-10,Bin,12.2,12.3
Iowa,4 wk ahead,percent,8.60343413003131e-10,Bin,12.3,12.4
Iowa,4 wk ahead,percent,8.60343413003131e-10,Bin,12.4,12.5
Iowa,4 wk ahead,percent,8.60343413003131e-10,Bin,12.5,12.6
Iowa,4 wk ahead,percent,8.60343413003131e-10,Bin,12.6,12.7
Iowa,4 wk ahead,percent,8.60343413003131e-10,Bin,12.7,12.8
Iowa,4 wk ahead,percent,8.60343413003131e-10,Bin,12.8,12.9
Iowa,4 wk ahead,percent,8.60343413003131e-10,Bin,12.9,13.0
Iowa,4 wk ahead,percent,8.60343413003131e-10,Bin,13.0,100.0
Iowa,Season peak percentage,percent,5.16598608680506e-12,Bin,0.0,0.1
Iowa,Season peak percentage,percent,1.08743938591434e-11,Bin,0.1,0.2
Iowa,Season peak percentage,percent,1.15984141402633e-11,Bin,0.2,0.3
Iowa,Season peak percentage,percent,1.23186194845933e-11,Bin,0.3,0.4
Iowa,Season peak percentage,percent,1.30295120457039e-11,Bin,0.4,0.5
Iowa,Season peak percentage,percent,1.37254078458881e-11,Bin,0.5,0.6
Iowa,Season peak percentage,percent,1.44010027747614e-11,Bin,0.6,0.7
Iowa,Season peak percentage,percent,1.50511359347586e-11,Bin,0.7,0.8
Iowa,Season peak percentage,percent,1.5670553385235e-11,Bin,0.8,0.9
Iowa,Season peak percentage,percent,1.62548122698263e-11,Bin,0.9,1.0
Iowa,Season peak percentage,percent,1.67999984655326e-11,Bin,1.0,1.1
Iowa,Season peak percentage,percent,1.7302154602788e-11,Bin,1.1,1.2
Iowa,Season peak percentage,percent,1.77582920953215e-11,Bin,1.2,1.3
Iowa,Season peak percentage,percent,1.81662692154081e-11,Bin,1.3,1.4
Iowa,Season peak percentage,percent,1.85239801178437e-11,Bin,1.4,1.5
Iowa,Season peak percentage,percent,1.88301923252314e-11,Bin,1.5,1.6
Iowa,Season peak percentage,percent,1.90847403166474e-11,Bin,1.6,1.7
Iowa,Season peak percentage,percent,1.92873815852691e-11,Bin,1.7,1.8
Iowa,Season peak percentage,percent,1.94386106191225e-11,Bin,1.8,1.9
Iowa,Season peak percentage,percent,1.95399503274591e-11,Bin,1.9,2.0
Iowa,Season peak percentage,percent,1.95927117992649e-11,Bin,2.0,2.1
Iowa,Season peak percentage,percent,1.95986778247303e-11,Bin,2.1,2.2
Iowa,Season peak percentage,percent,1.95604881499039e-11,Bin,2.2,2.3
Iowa,Season peak percentage,percent,1.94804374135184e-11,Bin,2.3,2.4
Iowa,Season peak percentage,percent,1.93609377588001e-11,Bin,2.4,2.5
Iowa,Season peak percentage,percent,1.92051001206779e-11,Bin,2.5,2.6
Iowa,Season peak percentage,percent,1.9015521854015e-11,Bin,2.6,2.7
Iowa,Season peak percentage,percent,1.87946219012745e-11,Bin,2.7,2.8
Iowa,Season peak percentage,percent,1.85453275333207e-11,Bin,2.8,2.9
Iowa,Season peak percentage,percent,1.82700578387511e-11,Bin,2.9,3.0
Iowa,Season peak percentage,percent,1.7970814066849e-11,Bin,3.0,3.1
Iowa,Season peak percentage,percent,1.76498795110938e-11,Bin,3.1,3.2
Iowa,Season peak percentage,percent,1.73091640249099e-11,Bin,3.2,3.3
Iowa,Season peak percentage,percent,1.69501144748494e-11,Bin,3.3,3.4
Iowa,Season peak percentage,percent,1.65742755993174e-11,Bin,3.4,3.5
Iowa,Season peak percentage,percent,1.6182947258772e-11,Bin,3.5,3.6
Iowa,Season peak percentage,percent,1.5777071172098e-11,Bin,3.6,3.7
Iowa,Season peak percentage,percent,0.999999999123238,Bin,3.7,3.8
Iowa,Season peak percentage,percent,1.49254949226074e-11,Bin,3.8,3.9
Iowa,Season peak percentage,percent,1.44813127641885e-11,Bin,3.9,4.0
Iowa,Season peak percentage,percent,1.4025810798063e-11,Bin,4.0,4.1
Iowa,Season peak percentage,percent,1.35597458753753e-11,Bin,4.1,4.2
Iowa,Season peak percentage,percent,1.30837714254282e-11,Bin,4.2,4.3
Iowa,Season peak percentage,percent,1.25986956151274e-11,Bin,4.3,4.4
Iowa,Season peak percentage,percent,1.21054570705056e-11,Bin,4.4,4.5
Iowa,Season peak percentage,percent,1.16050104436203e-11,Bin,4.5,4.6
Iowa,Season peak percentage,percent,1.10984877663314e-11,Bin,4.6,4.7
Iowa,Season peak percentage,percent,1.05872132690056e-11,Bin,4.7,4.8
Iowa,Season peak percentage,percent,1.00725860057818e-11,Bin,4.8,4.9
Iowa,Season peak percentage,percent,9.55617422312486e-12,Bin,4.9,5.0
Iowa,Season peak percentage,percent,9.03969542001187e-12,Bin,5.0,5.1
Iowa,Season peak percentage,percent,8.52495553973942e-12,Bin,5.1,5.2
Iowa,Season peak percentage,percent,8.01390085689196e-12,Bin,5.2,5.3
Iowa,Season peak percentage,percent,7.5084765726395e-12,Bin,5.3,5.4
Iowa,Season peak percentage,percent,7.0106663919638e-12,Bin,5.4,5.5
Iowa,Season peak percentage,percent,6.52256947614822e-12,Bin,5.5,5.6
Iowa,Season peak percentage,percent,6.04607598259932e-12,Bin,5.6,5.7
Iowa,Season peak percentage,percent,5.58303498307816e-12,Bin,5.7,5.8
Iowa,Season peak percentage,percent,5.13537183443933e-12,Bin,5.8,5.9
Iowa,Season peak percentage,percent,4.7046078209465e-12,Bin,5.9,6.0
Iowa,Season peak percentage,percent,4.29213528734945e-12,Bin,6.0,6.1
Iowa,Season peak percentage,percent,3.89940825655396e-12,Bin,6.1,6.2
Iowa,Season peak percentage,percent,3.52732579393483e-12,Bin,6.2,6.3
Iowa,Season peak percentage,percent,3.17661141990845e-12,Bin,6.3,6.4
Iowa,Season peak percentage,percent,2.8480338627142e-12,Bin,6.4,6.5
Iowa,Season peak percentage,percent,2.54177893733663e-12,Bin,6.5,6.6
Iowa,Season peak percentage,percent,2.25783252126009e-12,Bin,6.6,6.7
Iowa,Season peak percentage,percent,1.99622160905376e-12,Bin,6.7,6.8
Iowa,Season peak percentage,percent,1.7565127786418e-12,Bin,6.8,6.9
Iowa,Season peak percentage,percent,1.53799445111984e-12,Bin,6.9,7.0
Iowa,Season peak percentage,percent,1.34008048950465e-12,Bin,7.0,7.1
Iowa,Season peak percentage,percent,1.16190876750129e-12,Bin,7.1,7.2
Iowa,Season peak percentage,percent,1.00229001676741e-12,Bin,7.2,7.3
Iowa,Season peak percentage,percent,8.6018997039402e-13,Bin,7.3,7.4
Iowa,Season peak percentage,percent,7.34539725591523e-13,Bin,7.4,7.5
Iowa,Season peak percentage,percent,6.2395996568233e-13,Bin,7.5,7.6
Iowa,Season peak percentage,percent,5.27228848600641e-13,Bin,7.6,7.7
Iowa,Season peak percentage,percent,4.43218312803627e-13,Bin,7.7,7.8
Iowa,Season peak percentage,percent,3.70597974722359e-13,Bin,7.8,7.9
Iowa,Season peak percentage,percent,3.08198569065456e-13,Bin,7.9,8.0
Iowa,Season peak percentage,percent,2.54976899256953e-13,Bin,8.0,8.1
Iowa,Season peak percentage,percent,2.09793862020869e-13,Bin,8.1,8.2
Iowa,Season peak percentage,percent,1.71661602926697e-13,Bin,8.2,8.3
Iowa,Season peak percentage,percent,1.39724007797432e-13,Bin,8.3,8.4
Iowa,Season peak percentage,percent,1.13097843029851e-13,Bin,8.4,8.5
Iowa,Season peak percentage,percent,9.10281654411154e-14,Bin,8.5,8.6
Iowa,Season peak percentage,percent,7.28786180645545e-14,Bin,8.6,8.7
Iowa,Season peak percentage,percent,5.80200618162481e-14,Bin,8.7,8.8
Iowa,Season peak percentage,percent,4.75426524105922e-14,Bin,8.8,8.9
Iowa,Season peak percentage,percent,4.64128415679923e-14,Bin,8.9,9.0
Iowa,Season peak percentage,percent,4.64128415679923e-14,Bin,9.0,9.1
Iowa,Season peak percentage,percent,4.64128415679923e-14,Bin,9.1,9.2
Iowa,Season peak percentage,percent,4.64128415679923e-14,Bin,9.2,9.3
Iowa,Season peak percentage,percent,4.64128415679923e-14,Bin,9.3,9.4
Iowa,Season peak percentage,percent,4.64128415679923e-14,Bin,9.4,9.5
Iowa,Season peak percentage,percent,4.64128415679923e-14,Bin,9.5,9.6
Iowa,Season peak percentage,percent,4.64128415679923e-14,Bin,9.6,9.7
Iowa,Season peak percentage,percent,4.64128415679923e-14,Bin,9.7,9.8
Iowa,Season peak percentage,percent,4.64128415679923e-14,Bin,9.8,9.9
Iowa,Season peak percentage,percent,4.64128415679923e-14,Bin,9.9,10.0
Iowa,Season peak percentage,percent,4.64128415679923e-14,Bin,10.0,10.1
Iowa,Season peak percentage,percent,4.64128415679923e-14,Bin,10.1,10.2
Iowa,Season peak percentage,percent,4.64128415679923e-14,Bin,10.2,10.3
Iowa,Season peak percentage,percent,4.64128415679923e-14,Bin,10.3,10.4
Iowa,Season peak percentage,percent,4.64128415679923e-14,Bin,10.4,10.5
Iowa,Season peak percentage,percent,4.64128415679923e-14,Bin,10.5,10.6
Iowa,Season peak percentage,percent,4.64128415679923e-14,Bin,10.6,10.7
Iowa,Season peak percentage,percent,4.64128415679923e-14,Bin,10.7,10.8
Iowa,Season peak percentage,percent,4.64128415679923e-14,Bin,10.8,10.9
Iowa,Season peak percentage,percent,4.64128415679923e-14,Bin,10.9,11.0
Iowa,Season peak percentage,percent,4.64128415679923e-14,Bin,11.0,11.1
Iowa,Season peak percentage,percent,4.64128415679923e-14,Bin,11.1,11.2
Iowa,Season peak percentage,percent,4.64128415679923e-14,Bin,11.2,11.3
Iowa,Season peak percentage,percent,4.64128415679923e-14,Bin,11.3,11.4
Iowa,Season peak percentage,percent,4.64128415679923e-14,Bin,11.4,11.5
Iowa,Season peak percentage,percent,4.64128415679923e-14,Bin,11.5,11.6
Iowa,Season peak percentage,percent,4.64128415679923e-14,Bin,11.6,11.7
Iowa,Season peak percentage,percent,4.64128415679923e-14,Bin,11.7,11.8
Iowa,Season peak percentage,percent,4.64128415679923e-14,Bin,11.8,11.9
Iowa,Season peak percentage,percent,4.64128415679923e-14,Bin,11.9,12.0
Iowa,Season peak percentage,percent,4.64128415679923e-14,Bin,12.0,12.1
Iowa,Season peak percentage,percent,4.64128415679923e-14,Bin,12.1,12.2
Iowa,Season peak percentage,percent,4.64128415679923e-14,Bin,12.2,12.3
Iowa,Season peak percentage,percent,4.64128415679923e-14,Bin,12.3,12.4
Iowa,Season peak percentage,percent,4.64128415679923e-14,Bin,12.4,12.5
Iowa,Season peak percentage,percent,4.64128415679923e-14,Bin,12.5,12.6
Iowa,Season peak percentage,percent,4.64128415679923e-14,Bin,12.6,12.7
Iowa,Season peak percentage,percent,4.64128415679923e-14,Bin,12.7,12.8
Iowa,Season peak percentage,percent,4.64128415679923e-14,Bin,12.8,12.9
Iowa,Season peak percentage,percent,4.64128415679923e-14,Bin,12.9,13.0
Iowa,Season peak percentage,percent,4.64128415679923e-14,Bin,13.0,100.0
Iowa,Season peak week,week,1.58120722086083e-05,Bin,40.0,41.0
Iowa,Season peak week,week,1.58120722086083e-05,Bin,41.0,42.0
Iowa,Season peak week,week,1.58120722086083e-05,Bin,42.0,43.0
Iowa,Season peak week,week,1.58120722086083e-05,Bin,43.0,44.0
Iowa,Season peak week,week,1.58120722086083e-05,Bin,44.0,45.0
Iowa,Season peak week,week,3.38334678572192e-05,Bin,45.0,46.0
Iowa,Season peak week,week,0.000115161004332119,Bin,46.0,47.0
Iowa,Season peak week,week,0.000325578979445744,Bin,47.0,48.0
Iowa,Season peak week,week,0.000770656089330119,Bin,48.0,49.0
Iowa,Season peak week,week,0.00154369191101608,Bin,49.0,50.0
Iowa,Season peak week,week,0.00265088989518645,Bin,50.0,51.0
Iowa,Season peak week,week,0.00396096992565327,Bin,51.0,52.0
Iowa,Season peak week,week,0.00522905472772559,Bin,52.0,53.0
Iowa,Season peak week,week,0.00618710703677266,Bin,1.0,2.0
Iowa,Season peak week,week,0.00664636235753501,Bin,2.0,3.0
Iowa,Season peak week,week,0.0065571830129431,Bin,3.0,4.0
Iowa,Season peak week,week,0.946056593702733,Bin,4.0,5.0
Iowa,Season peak week,week,0.0051419754637343,Bin,5.0,6.0
Iowa,Season peak week,week,0.00416616141280881,Bin,6.0,7.0
Iowa,Season peak week,week,0.00324411724890137,Bin,7.0,8.0
Iowa,Season peak week,week,0.00247131242344159,Bin,8.0,9.0
Iowa,Season peak week,week,0.00184226550833103,Bin,9.0,10.0
Iowa,Season peak week,week,0.00130279976037952,Bin,10.0,11.0
Iowa,Season peak week,week,0.000832301366422531,Bin,11.0,12.0
Iowa,Season peak week,week,0.000459823229752352,Bin,12.0,13.0
Iowa,Season peak week,week,0.000213404157152715,Bin,13.0,14.0
Iowa,Season peak week,week,8.18230507694478e-05,Bin,14.0,15.0
Iowa,Season peak week,week,2.5693715196848e-05,Bin,15.0,16.0
Iowa,Season peak week,week,1.24360383070503e-05,Bin,16.0,17.0
Iowa,Season peak week,week,1.24360383070503e-05,Bin,17.0,18.0
Iowa,Season peak week,week,1.24360383070503e-05,Bin,18.0,19.0
Iowa,Season peak week,week,1.24360383070503e-05,Bin,19.0,20.0
Iowa,Season peak week,week,1.24360383070503e-05,Bin,20.0,21.0
Kansas,1 wk ahead,percent,5.33899263025674e-10,Bin,0.0,0.1
Kansas,1 wk ahead,percent,0.00800000156874065,Bin,0.1,0.2
Kansas,1 wk ahead,percent,0.00800000352141339,Bin,0.2,0.3
Kansas,1 wk ahead,percent,0.0100000054241269,Bin,0.3,0.4
Kansas,1 wk ahead,percent,0.0240000056635861,Bin,0.4,0.5
Kansas,1 wk ahead,percent,0.0320000049255468,Bin,0.5,0.6
Kansas,1 wk ahead,percent,0.0800000003722937,Bin,0.6,0.7
Kansas,1 wk ahead,percent,0.133999995392494,Bin,0.7,0.8
Kansas,1 wk ahead,percent,0.0979999974629084,Bin,0.8,0.9
Kansas,1 wk ahead,percent,0.139999994820467,Bin,0.9,1.0
Kansas,1 wk ahead,percent,0.111999996687438,Bin,1.0,1.1
Kansas,1 wk ahead,percent,0.0679999988229642,Bin,1.1,1.2
Kansas,1 wk ahead,percent,0.077999996910237,Bin,1.2,1.3
Kansas,1 wk ahead,percent,0.0339999992147918,Bin,1.3,1.4
Kansas,1 wk ahead,percent,0.0299999995193695,Bin,1.4,1.5
Kansas,1 wk ahead,percent,0.0559999980645456,Bin,1.5,1.6
Kansas,1 wk ahead,percent,0.0299999998803109,Bin,1.6,1.7
Kansas,1 wk ahead,percent,0.018000000236941,Bin,1.7,1.8
Kansas,1 wk ahead,percent,0.0139999998570589,Bin,1.8,1.9
Kansas,1 wk ahead,percent,0.0139999993694066,Bin,1.9,2.0
Kansas,1 wk ahead,percent,9.88805057506833e-11,Bin,2.0,2.1
Kansas,1 wk ahead,percent,2.64345041081726e-11,Bin,2.1,2.2
Kansas,1 wk ahead,percent,2.25009423744584e-11,Bin,2.2,2.3
Kansas,1 wk ahead,percent,2.25009423744584e-11,Bin,2.3,2.4
Kansas,1 wk ahead,percent,2.25009423744584e-11,Bin,2.4,2.5
Kansas,1 wk ahead,percent,0.00199999988475794,Bin,2.5,2.6
Kansas,1 wk ahead,percent,2.25009423744584e-11,Bin,2.6,2.7
Kansas,1 wk ahead,percent,2.25009423744584e-11,Bin,2.7,2.8
Kansas,1 wk ahead,percent,2.25009423744584e-11,Bin,2.8,2.9
Kansas,1 wk ahead,percent,2.25009423744584e-11,Bin,2.9,3.0
Kansas,1 wk ahead,percent,2.25009423744584e-11,Bin,3.0,3.1
Kansas,1 wk ahead,percent,2.25009423744584e-11,Bin,3.1,3.2
Kansas,1 wk ahead,percent,2.25009423744584e-11,Bin,3.2,3.3
Kansas,1 wk ahead,percent,2.25009423744584e-11,Bin,3.3,3.4
Kansas,1 wk ahead,percent,0.00399999974701494,Bin,3.4,3.5
Kansas,1 wk ahead,percent,2.25009423744584e-11,Bin,3.5,3.6
Kansas,1 wk ahead,percent,2.25009423744584e-11,Bin,3.6,3.7
Kansas,1 wk ahead,percent,2.25009423744584e-11,Bin,3.7,3.8
Kansas,1 wk ahead,percent,2.25009423744584e-11,Bin,3.8,3.9
Kansas,1 wk ahead,percent,0.00399999974701494,Bin,3.9,4.0
Kansas,1 wk ahead,percent,2.25009423744584e-11,Bin,4.0,4.1
Kansas,1 wk ahead,percent,2.25009423744584e-11,Bin,4.1,4.2
Kansas,1 wk ahead,percent,2.25009423744584e-11,Bin,4.2,4.3
Kansas,1 wk ahead,percent,2.25009423744584e-11,Bin,4.3,4.4
Kansas,1 wk ahead,percent,2.25009423744584e-11,Bin,4.4,4.5
Kansas,1 wk ahead,percent,2.25009423744584e-11,Bin,4.5,4.6
Kansas,1 wk ahead,percent,2.25009423744584e-11,Bin,4.6,4.7
Kansas,1 wk ahead,percent,2.25009423744584e-11,Bin,4.7,4.8
Kansas,1 wk ahead,percent,2.25009423744584e-11,Bin,4.8,4.9
Kansas,1 wk ahead,percent,2.25009423744584e-11,Bin,4.9,5.0
Kansas,1 wk ahead,percent,2.25009423744584e-11,Bin,5.0,5.1
Kansas,1 wk ahead,percent,2.25009423744584e-11,Bin,5.1,5.2
Kansas,1 wk ahead,percent,2.25009423744584e-11,Bin,5.2,5.3
Kansas,1 wk ahead,percent,2.25009423744584e-11,Bin,5.3,5.4
Kansas,1 wk ahead,percent,2.25009423744584e-11,Bin,5.4,5.5
Kansas,1 wk ahead,percent,2.25009423744584e-11,Bin,5.5,5.6
Kansas,1 wk ahead,percent,0.00199999988475794,Bin,5.6,5.7
Kansas,1 wk ahead,percent,2.25009423744584e-11,Bin,5.7,5.8
Kansas,1 wk ahead,percent,2.25009423744584e-11,Bin,5.8,5.9
Kansas,1 wk ahead,percent,2.25009423744584e-11,Bin,5.9,6.0
Kansas,1 wk ahead,percent,2.25009423744584e-11,Bin,6.0,6.1
Kansas,1 wk ahead,percent,2.25009423744584e-11,Bin,6.1,6.2
Kansas,1 wk ahead,percent,2.25009423744584e-11,Bin,6.2,6.3
Kansas,1 wk ahead,percent,2.25009423744584e-11,Bin,6.3,6.4
Kansas,1 wk ahead,percent,2.25009423744584e-11,Bin,6.4,6.5
Kansas,1 wk ahead,percent,2.25009423744584e-11,Bin,6.5,6.6
Kansas,1 wk ahead,percent,2.25009423744584e-11,Bin,6.6,6.7
Kansas,1 wk ahead,percent,2.25009423744584e-11,Bin,6.7,6.8
Kansas,1 wk ahead,percent,2.25009423744584e-11,Bin,6.8,6.9
Kansas,1 wk ahead,percent,2.25009423744584e-11,Bin,6.9,7.0
Kansas,1 wk ahead,percent,2.25009423744584e-11,Bin,7.0,7.1
Kansas,1 wk ahead,percent,2.25009423744584e-11,Bin,7.1,7.2
Kansas,1 wk ahead,percent,2.25009423744584e-11,Bin,7.2,7.3
Kansas,1 wk ahead,percent,2.25009423744584e-11,Bin,7.3,7.4
Kansas,1 wk ahead,percent,2.25009423744584e-11,Bin,7.4,7.5
Kansas,1 wk ahead,percent,2.25009423744584e-11,Bin,7.5,7.6
Kansas,1 wk ahead,percent,2.25009423744584e-11,Bin,7.6,7.7
Kansas,1 wk ahead,percent,2.25009423744584e-11,Bin,7.7,7.8
Kansas,1 wk ahead,percent,2.25009423744584e-11,Bin,7.8,7.9
Kansas,1 wk ahead,percent,2.25009423744584e-11,Bin,7.9,8.0
Kansas,1 wk ahead,percent,2.25009423744586e-11,Bin,8.0,8.1
Kansas,1 wk ahead,percent,2.25009423744588e-11,Bin,8.1,8.2
Kansas,1 wk ahead,percent,2.25009423744588e-11,Bin,8.2,8.3
Kansas,1 wk ahead,percent,2.25009423744588e-11,Bin,8.3,8.4
Kansas,1 wk ahead,percent,2.25009423744588e-11,Bin,8.4,8.5
Kansas,1 wk ahead,percent,2.25009423744588e-11,Bin,8.5,8.6
Kansas,1 wk ahead,percent,2.25009423744588e-11,Bin,8.6,8.7
Kansas,1 wk ahead,percent,2.25009423744588e-11,Bin,8.7,8.8
Kansas,1 wk ahead,percent,2.25009423744588e-11,Bin,8.8,8.9
Kansas,1 wk ahead,percent,2.25009423744588e-11,Bin,8.9,9.0
Kansas,1 wk ahead,percent,2.25009423744588e-11,Bin,9.0,9.1
Kansas,1 wk ahead,percent,2.25009423744588e-11,Bin,9.1,9.2
Kansas,1 wk ahead,percent,2.25009423744588e-11,Bin,9.2,9.3
Kansas,1 wk ahead,percent,2.25009423744588e-11,Bin,9.3,9.4
Kansas,1 wk ahead,percent,2.25009423744588e-11,Bin,9.4,9.5
Kansas,1 wk ahead,percent,2.25009423744588e-11,Bin,9.5,9.6
Kansas,1 wk ahead,percent,2.25009423744588e-11,Bin,9.6,9.7
Kansas,1 wk ahead,percent,2.25009423744588e-11,Bin,9.7,9.8
Kansas,1 wk ahead,percent,2.25009423744588e-11,Bin,9.8,9.9
Kansas,1 wk ahead,percent,2.25009423744588e-11,Bin,9.9,10.0
Kansas,1 wk ahead,percent,2.25009423744588e-11,Bin,10.0,10.1
Kansas,1 wk ahead,percent,2.25009423744588e-11,Bin,10.1,10.2
Kansas,1 wk ahead,percent,2.25009423744588e-11,Bin,10.2,10.3
Kansas,1 wk ahead,percent,2.25009423744588e-11,Bin,10.3,10.4
Kansas,1 wk ahead,percent,2.25009423744588e-11,Bin,10.4,10.5
Kansas,1 wk ahead,percent,2.25009423744588e-11,Bin,10.5,10.6
Kansas,1 wk ahead,percent,2.25009423744588e-11,Bin,10.6,10.7
Kansas,1 wk ahead,percent,2.25009423744588e-11,Bin,10.7,10.8
Kansas,1 wk ahead,percent,2.25009423744588e-11,Bin,10.8,10.9
Kansas,1 wk ahead,percent,2.25009423744588e-11,Bin,10.9,11.0
Kansas,1 wk ahead,percent,2.25009423744588e-11,Bin,11.0,11.1
Kansas,1 wk ahead,percent,2.25009423744588e-11,Bin,11.1,11.2
Kansas,1 wk ahead,percent,2.25009423744588e-11,Bin,11.2,11.3
Kansas,1 wk ahead,percent,2.25009423744588e-11,Bin,11.3,11.4
Kansas,1 wk ahead,percent,2.25009423744588e-11,Bin,11.4,11.5
Kansas,1 wk ahead,percent,2.25009423744588e-11,Bin,11.5,11.6
Kansas,1 wk ahead,percent,2.25009423744588e-11,Bin,11.6,11.7
Kansas,1 wk ahead,percent,2.25009423744588e-11,Bin,11.7,11.8
Kansas,1 wk ahead,percent,2.25009423744588e-11,Bin,11.8,11.9
Kansas,1 wk ahead,percent,2.25009423744588e-11,Bin,11.9,12.0
Kansas,1 wk ahead,percent,2.25009423744588e-11,Bin,12.0,12.1
Kansas,1 wk ahead,percent,2.25009423744588e-11,Bin,12.1,12.2
Kansas,1 wk ahead,percent,2.25009423744588e-11,Bin,12.2,12.3
Kansas,1 wk ahead,percent,2.25009423744588e-11,Bin,12.3,12.4
Kansas,1 wk ahead,percent,2.25009423744588e-11,Bin,12.4,12.5
Kansas,1 wk ahead,percent,2.25009423744588e-11,Bin,12.5,12.6
Kansas,1 wk ahead,percent,2.25009423744588e-11,Bin,12.6,12.7
Kansas,1 wk ahead,percent,2.25009423744588e-11,Bin,12.7,12.8
Kansas,1 wk ahead,percent,2.25009423744588e-11,Bin,12.8,12.9
Kansas,1 wk ahead,percent,2.25009423744588e-11,Bin,12.9,13.0
Kansas,1 wk ahead,percent,2.25009423744588e-11,Bin,13.0,100.0
Kansas,2 wk ahead,percent,8.47203433728446e-10,Bin,0.0,0.1
Kansas,2 wk ahead,percent,0.00400000301704778,Bin,0.1,0.2
Kansas,2 wk ahead,percent,0.00800000530893522,Bin,0.2,0.3
Kansas,2 wk ahead,percent,0.0260000059957034,Bin,0.3,0.4
Kansas,2 wk ahead,percent,0.0320000062332084,Bin,0.4,0.5
Kansas,2 wk ahead,percent,0.056000004189019,Bin,0.5,0.6
Kansas,2 wk ahead,percent,0.0980000008361588,Bin,0.6,0.7
Kansas,2 wk ahead,percent,0.125999998858305,Bin,0.7,0.8
Kansas,2 wk ahead,percent,0.133999997806597,Bin,0.8,0.9
Kansas,2 wk ahead,percent,0.127999996474657,Bin,0.9,1.0
Kansas,2 wk ahead,percent,0.0739999979974777,Bin,1.0,1.1
Kansas,2 wk ahead,percent,0.0659999966122748,Bin,1.1,1.2
Kansas,2 wk ahead,percent,0.0439999972093907,Bin,1.2,1.3
Kansas,2 wk ahead,percent,0.0459999967030329,Bin,1.3,1.4
Kansas,2 wk ahead,percent,0.0419999969294576,Bin,1.4,1.5
Kansas,2 wk ahead,percent,0.0159999988491319,Bin,1.5,1.6
Kansas,2 wk ahead,percent,0.0299999978153669,Bin,1.6,1.7
Kansas,2 wk ahead,percent,0.0219999984060898,Bin,1.7,1.8
Kansas,2 wk ahead,percent,0.00599999958753554,Bin,1.8,1.9
Kansas,2 wk ahead,percent,0.0099999992921741,Bin,1.9,2.0
Kansas,2 wk ahead,percent,0.00199999988289698,Bin,2.0,2.1
Kansas,2 wk ahead,percent,3.05777027987e-11,Bin,2.1,2.2
Kansas,2 wk ahead,percent,0.00399999973521626,Bin,2.2,2.3
Kansas,2 wk ahead,percent,0.00599999958753554,Bin,2.3,2.4
Kansas,2 wk ahead,percent,0.00199999988289698,Bin,2.4,2.5
Kansas,2 wk ahead,percent,3.05777027987e-11,Bin,2.5,2.6
Kansas,2 wk ahead,percent,0.00199999988289698,Bin,2.6,2.7
Kansas,2 wk ahead,percent,0.00599999958753554,Bin,2.7,2.8
Kansas,2 wk ahead,percent,3.05777027987e-11,Bin,2.8,2.9
Kansas,2 wk ahead,percent,3.05777027987e-11,Bin,2.9,3.0
Kansas,2 wk ahead,percent,3.05777027987e-11,Bin,3.0,3.1
Kansas,2 wk ahead,percent,3.05777027987e-11,Bin,3.1,3.2
Kansas,2 wk ahead,percent,3.05777027987e-11,Bin,3.2,3.3
Kansas,2 wk ahead,percent,3.05777027987e-11,Bin,3.3,3.4
Kansas,2 wk ahead,percent,3.05777027987e-11,Bin,3.4,3.5
Kansas,2 wk ahead,percent,3.05777027987e-11,Bin,3.5,3.6
Kansas,2 wk ahead,percent,0.00199999988289698,Bin,3.6,3.7
Kansas,2 wk ahead,percent,3.05777027987e-11,Bin,3.7,3.8
Kansas,2 wk ahead,percent,3.05777027987e-11,Bin,3.8,3.9
Kansas,2 wk ahead,percent,3.05777027987e-11,Bin,3.9,4.0
Kansas,2 wk ahead,percent,3.05777027987e-11,Bin,4.0,4.1
Kansas,2 wk ahead,percent,3.05777027987e-11,Bin,4.1,4.2
Kansas,2 wk ahead,percent,3.05777027987e-11,Bin,4.2,4.3
Kansas,2 wk ahead,percent,3.05777027987e-11,Bin,4.3,4.4
Kansas,2 wk ahead,percent,3.05777027987e-11,Bin,4.4,4.5
Kansas,2 wk ahead,percent,3.05777027987e-11,Bin,4.5,4.6
Kansas,2 wk ahead,percent,0.00199999988289698,Bin,4.6,4.7
Kansas,2 wk ahead,percent,3.05777027987e-11,Bin,4.7,4.8
Kansas,2 wk ahead,percent,3.05777027987e-11,Bin,4.8,4.9
Kansas,2 wk ahead,percent,3.05777027987e-11,Bin,4.9,5.0
Kansas,2 wk ahead,percent,3.05777027987e-11,Bin,5.0,5.1
Kansas,2 wk ahead,percent,0.00199999988289698,Bin,5.1,5.2
Kansas,2 wk ahead,percent,3.05777027987e-11,Bin,5.2,5.3
Kansas,2 wk ahead,percent,3.05777027987e-11,Bin,5.3,5.4
Kansas,2 wk ahead,percent,3.05777027987e-11,Bin,5.4,5.5
Kansas,2 wk ahead,percent,0.00199999988289698,Bin,5.5,5.6
Kansas,2 wk ahead,percent,3.05777027987e-11,Bin,5.6,5.7
Kansas,2 wk ahead,percent,3.05777027987e-11,Bin,5.7,5.8
Kansas,2 wk ahead,percent,3.05777027987e-11,Bin,5.8,5.9
Kansas,2 wk ahead,percent,3.05777027987e-11,Bin,5.9,6.0
Kansas,2 wk ahead,percent,3.05777027987e-11,Bin,6.0,6.1
Kansas,2 wk ahead,percent,3.05777027987e-11,Bin,6.1,6.2
Kansas,2 wk ahead,percent,3.05777027987e-11,Bin,6.2,6.3
Kansas,2 wk ahead,percent,3.05777027987e-11,Bin,6.3,6.4
Kansas,2 wk ahead,percent,3.05777027987e-11,Bin,6.4,6.5
Kansas,2 wk ahead,percent,0.00199999988289698,Bin,6.5,6.6
Kansas,2 wk ahead,percent,3.05777027987e-11,Bin,6.6,6.7
Kansas,2 wk ahead,percent,3.05777027987e-11,Bin,6.7,6.8
Kansas,2 wk ahead,percent,3.05777027987e-11,Bin,6.8,6.9
Kansas,2 wk ahead,percent,3.05777027987e-11,Bin,6.9,7.0
Kansas,2 wk ahead,percent,3.05777027987e-11,Bin,7.0,7.1
Kansas,2 wk ahead,percent,3.05777027987e-11,Bin,7.1,7.2
Kansas,2 wk ahead,percent,3.05777027987e-11,Bin,7.2,7.3
Kansas,2 wk ahead,percent,3.05777027987e-11,Bin,7.3,7.4
Kansas,2 wk ahead,percent,3.05777027987e-11,Bin,7.4,7.5
Kansas,2 wk ahead,percent,3.05777027987e-11,Bin,7.5,7.6
Kansas,2 wk ahead,percent,3.05777027987e-11,Bin,7.6,7.7
Kansas,2 wk ahead,percent,3.05777027987e-11,Bin,7.7,7.8
Kansas,2 wk ahead,percent,3.05777027987e-11,Bin,7.8,7.9
Kansas,2 wk ahead,percent,3.05777027987e-11,Bin,7.9,8.0
Kansas,2 wk ahead,percent,3.05777027987003e-11,Bin,8.0,8.1
Kansas,2 wk ahead,percent,3.05777027987006e-11,Bin,8.1,8.2
Kansas,2 wk ahead,percent,3.05777027987006e-11,Bin,8.2,8.3
Kansas,2 wk ahead,percent,3.05777027987006e-11,Bin,8.3,8.4
Kansas,2 wk ahead,percent,3.05777027987006e-11,Bin,8.4,8.5
Kansas,2 wk ahead,percent,3.05777027987006e-11,Bin,8.5,8.6
Kansas,2 wk ahead,percent,3.05777027987006e-11,Bin,8.6,8.7
Kansas,2 wk ahead,percent,3.05777027987006e-11,Bin,8.7,8.8
Kansas,2 wk ahead,percent,3.05777027987006e-11,Bin,8.8,8.9
Kansas,2 wk ahead,percent,3.05777027987006e-11,Bin,8.9,9.0
Kansas,2 wk ahead,percent,3.05777027987006e-11,Bin,9.0,9.1
Kansas,2 wk ahead,percent,3.05777027987006e-11,Bin,9.1,9.2
Kansas,2 wk ahead,percent,3.05777027987006e-11,Bin,9.2,9.3
Kansas,2 wk ahead,percent,3.05777027987006e-11,Bin,9.3,9.4
Kansas,2 wk ahead,percent,3.05777027987006e-11,Bin,9.4,9.5
Kansas,2 wk ahead,percent,3.05777027987006e-11,Bin,9.5,9.6
Kansas,2 wk ahead,percent,3.05777027987006e-11,Bin,9.6,9.7
Kansas,2 wk ahead,percent,3.05777027987006e-11,Bin,9.7,9.8
Kansas,2 wk ahead,percent,3.05777027987006e-11,Bin,9.8,9.9
Kansas,2 wk ahead,percent,3.05777027987006e-11,Bin,9.9,10.0
Kansas,2 wk ahead,percent,3.05777027987006e-11,Bin,10.0,10.1
Kansas,2 wk ahead,percent,3.05777027987006e-11,Bin,10.1,10.2
Kansas,2 wk ahead,percent,3.05777027987006e-11,Bin,10.2,10.3
Kansas,2 wk ahead,percent,3.05777027987006e-11,Bin,10.3,10.4
Kansas,2 wk ahead,percent,3.05777027987006e-11,Bin,10.4,10.5
Kansas,2 wk ahead,percent,3.05777027987006e-11,Bin,10.5,10.6
Kansas,2 wk ahead,percent,3.05777027987006e-11,Bin,10.6,10.7
Kansas,2 wk ahead,percent,3.05777027987006e-11,Bin,10.7,10.8
Kansas,2 wk ahead,percent,3.05777027987006e-11,Bin,10.8,10.9
Kansas,2 wk ahead,percent,3.05777027987006e-11,Bin,10.9,11.0
Kansas,2 wk ahead,percent,3.05777027987006e-11,Bin,11.0,11.1
Kansas,2 wk ahead,percent,3.05777027987006e-11,Bin,11.1,11.2
Kansas,2 wk ahead,percent,3.05777027987006e-11,Bin,11.2,11.3
Kansas,2 wk ahead,percent,3.05777027987006e-11,Bin,11.3,11.4
Kansas,2 wk ahead,percent,3.05777027987006e-11,Bin,11.4,11.5
Kansas,2 wk ahead,percent,3.05777027987006e-11,Bin,11.5,11.6
Kansas,2 wk ahead,percent,3.05777027987006e-11,Bin,11.6,11.7
Kansas,2 wk ahead,percent,3.05777027987006e-11,Bin,11.7,11.8
Kansas,2 wk ahead,percent,3.05777027987006e-11,Bin,11.8,11.9
Kansas,2 wk ahead,percent,3.05777027987006e-11,Bin,11.9,12.0
Kansas,2 wk ahead,percent,3.05777027987006e-11,Bin,12.0,12.1
Kansas,2 wk ahead,percent,3.05777027987006e-11,Bin,12.1,12.2
Kansas,2 wk ahead,percent,3.05777027987006e-11,Bin,12.2,12.3
Kansas,2 wk ahead,percent,3.05777027987006e-11,Bin,12.3,12.4
Kansas,2 wk ahead,percent,3.05777027987006e-11,Bin,12.4,12.5
Kansas,2 wk ahead,percent,3.05777027987006e-11,Bin,12.5,12.6
Kansas,2 wk ahead,percent,3.05777027987006e-11,Bin,12.6,12.7
Kansas,2 wk ahead,percent,3.05777027987006e-11,Bin,12.7,12.8
Kansas,2 wk ahead,percent,3.05777027987006e-11,Bin,12.8,12.9
Kansas,2 wk ahead,percent,3.05777027987006e-11,Bin,12.9,13.0
Kansas,2 wk ahead,percent,3.05777027987006e-11,Bin,13.0,100.0
Kansas,3 wk ahead,percent,4.32231322982203e-10,Bin,0.0,0.1
Kansas,3 wk ahead,percent,0.0180000035275436,Bin,0.1,0.2
Kansas,3 wk ahead,percent,0.0300000209635459,Bin,0.2,0.3
Kansas,3 wk ahead,percent,0.062000016732972,Bin,0.3,0.4
Kansas,3 wk ahead,percent,0.0979999906459598,Bin,0.4,0.5
Kansas,3 wk ahead,percent,0.139999987150978,Bin,0.5,0.6
Kansas,3 wk ahead,percent,0.158000008906596,Bin,0.6,0.7
Kansas,3 wk ahead,percent,0.116000007818493,Bin,0.7,0.8
Kansas,3 wk ahead,percent,0.0779999997821428,Bin,0.8,0.9
Kansas,3 wk ahead,percent,0.0899999894281062,Bin,0.9,1.0
Kansas,3 wk ahead,percent,0.0459999915796364,Bin,1.0,1.1
Kansas,3 wk ahead,percent,0.0359999925719486,Bin,1.1,1.2
Kansas,3 wk ahead,percent,0.0419999913091137,Bin,1.2,1.3
Kansas,3 wk ahead,percent,0.0339999929923586,Bin,1.3,1.4
Kansas,3 wk ahead,percent,0.0139999972004708,Bin,1.4,1.5
Kansas,3 wk ahead,percent,0.00399999930452685,Bin,1.5,1.6
Kansas,3 wk ahead,percent,0.00599999888371563,Bin,1.6,1.7
Kansas,3 wk ahead,percent,0.00799999846290442,Bin,1.7,1.8
Kansas,3 wk ahead,percent,0.00199999972533806,Bin,1.8,1.9
Kansas,3 wk ahead,percent,0.00599999888371563,Bin,1.9,2.0
Kansas,3 wk ahead,percent,1.46149280763584e-10,Bin,2.0,2.1
Kansas,3 wk ahead,percent,1.46149280763584e-10,Bin,2.1,2.2
Kansas,3 wk ahead,percent,0.00199999972533806,Bin,2.2,2.3
Kansas,3 wk ahead,percent,0.00199999972533806,Bin,2.3,2.4
Kansas,3 wk ahead,percent,0.00399999930452685,Bin,2.4,2.5
Kansas,3 wk ahead,percent,1.46149280763584e-10,Bin,2.5,2.6
Kansas,3 wk ahead,percent,1.46149280763584e-10,Bin,2.6,2.7
Kansas,3 wk ahead,percent,1.46149280763584e-10,Bin,2.7,2.8
Kansas,3 wk ahead,percent,1.46149280763584e-10,Bin,2.8,2.9
Kansas,3 wk ahead,percent,1.46149280763584e-10,Bin,2.9,3.0
Kansas,3 wk ahead,percent,1.46149280763584e-10,Bin,3.0,3.1
Kansas,3 wk ahead,percent,1.46149280763584e-10,Bin,3.1,3.2
Kansas,3 wk ahead,percent,1.46149280763584e-10,Bin,3.2,3.3
Kansas,3 wk ahead,percent,1.46149280763584e-10,Bin,3.3,3.4
Kansas,3 wk ahead,percent,1.46149280763584e-10,Bin,3.4,3.5
Kansas,3 wk ahead,percent,1.46149280763584e-10,Bin,3.5,3.6
Kansas,3 wk ahead,percent,1.46149280763584e-10,Bin,3.6,3.7
Kansas,3 wk ahead,percent,1.46149280763584e-10,Bin,3.7,3.8
Kansas,3 wk ahead,percent,1.46149280763584e-10,Bin,3.8,3.9
Kansas,3 wk ahead,percent,1.46149280763584e-10,Bin,3.9,4.0
Kansas,3 wk ahead,percent,0.00199999972533806,Bin,4.0,4.1
Kansas,3 wk ahead,percent,1.46149280763584e-10,Bin,4.1,4.2
Kansas,3 wk ahead,percent,1.46149280763584e-10,Bin,4.2,4.3
Kansas,3 wk ahead,percent,0.00199999972533806,Bin,4.3,4.4
Kansas,3 wk ahead,percent,1.46149280763584e-10,Bin,4.4,4.5
Kansas,3 wk ahead,percent,1.46149280763584e-10,Bin,4.5,4.6
Kansas,3 wk ahead,percent,1.46149280763584e-10,Bin,4.6,4.7
Kansas,3 wk ahead,percent,1.46149280763584e-10,Bin,4.7,4.8
Kansas,3 wk ahead,percent,1.46149280763584e-10,Bin,4.8,4.9
Kansas,3 wk ahead,percent,1.46149280763584e-10,Bin,4.9,5.0
Kansas,3 wk ahead,percent,1.46149280763584e-10,Bin,5.0,5.1
Kansas,3 wk ahead,percent,1.46149280763584e-10,Bin,5.1,5.2
Kansas,3 wk ahead,percent,1.46149280763584e-10,Bin,5.2,5.3
Kansas,3 wk ahead,percent,1.46149280763584e-10,Bin,5.3,5.4
Kansas,3 wk ahead,percent,1.46149280763584e-10,Bin,5.4,5.5
Kansas,3 wk ahead,percent,1.46149280763584e-10,Bin,5.5,5.6
Kansas,3 wk ahead,percent,1.46149280763584e-10,Bin,5.6,5.7
Kansas,3 wk ahead,percent,1.46149280763584e-10,Bin,5.7,5.8
Kansas,3 wk ahead,percent,1.46149280763584e-10,Bin,5.8,5.9
Kansas,3 wk ahead,percent,1.46149280763584e-10,Bin,5.9,6.0
Kansas,3 wk ahead,percent,1.46149280763584e-10,Bin,6.0,6.1
Kansas,3 wk ahead,percent,1.46149280763584e-10,Bin,6.1,6.2
Kansas,3 wk ahead,percent,1.46149280763584e-10,Bin,6.2,6.3
Kansas,3 wk ahead,percent,1.46149280763584e-10,Bin,6.3,6.4
Kansas,3 wk ahead,percent,1.46149280763584e-10,Bin,6.4,6.5
Kansas,3 wk ahead,percent,1.46149280763584e-10,Bin,6.5,6.6
Kansas,3 wk ahead,percent,1.46149280763584e-10,Bin,6.6,6.7
Kansas,3 wk ahead,percent,1.46149280763584e-10,Bin,6.7,6.8
Kansas,3 wk ahead,percent,1.46149280763584e-10,Bin,6.8,6.9
Kansas,3 wk ahead,percent,1.46149280763584e-10,Bin,6.9,7.0
Kansas,3 wk ahead,percent,1.46149280763584e-10,Bin,7.0,7.1
Kansas,3 wk ahead,percent,1.46149280763584e-10,Bin,7.1,7.2
Kansas,3 wk ahead,percent,1.46149280763584e-10,Bin,7.2,7.3
Kansas,3 wk ahead,percent,1.46149280763584e-10,Bin,7.3,7.4
Kansas,3 wk ahead,percent,1.46149280763584e-10,Bin,7.4,7.5
Kansas,3 wk ahead,percent,1.46149280763584e-10,Bin,7.5,7.6
Kansas,3 wk ahead,percent,1.46149280763584e-10,Bin,7.6,7.7
Kansas,3 wk ahead,percent,1.46149280763584e-10,Bin,7.7,7.8
Kansas,3 wk ahead,percent,1.46149280763584e-10,Bin,7.8,7.9
Kansas,3 wk ahead,percent,1.46149280763584e-10,Bin,7.9,8.0
Kansas,3 wk ahead,percent,1.46149280763585e-10,Bin,8.0,8.1
Kansas,3 wk ahead,percent,1.46149280763587e-10,Bin,8.1,8.2
Kansas,3 wk ahead,percent,1.46149280763587e-10,Bin,8.2,8.3
Kansas,3 wk ahead,percent,1.46149280763587e-10,Bin,8.3,8.4
Kansas,3 wk ahead,percent,1.46149280763587e-10,Bin,8.4,8.5
Kansas,3 wk ahead,percent,1.46149280763587e-10,Bin,8.5,8.6
Kansas,3 wk ahead,percent,1.46149280763587e-10,Bin,8.6,8.7
Kansas,3 wk ahead,percent,1.46149280763587e-10,Bin,8.7,8.8
Kansas,3 wk ahead,percent,1.46149280763587e-10,Bin,8.8,8.9
Kansas,3 wk ahead,percent,1.46149280763587e-10,Bin,8.9,9.0
Kansas,3 wk ahead,percent,1.46149280763587e-10,Bin,9.0,9.1
Kansas,3 wk ahead,percent,1.46149280763587e-10,Bin,9.1,9.2
Kansas,3 wk ahead,percent,1.46149280763587e-10,Bin,9.2,9.3
Kansas,3 wk ahead,percent,1.46149280763587e-10,Bin,9.3,9.4
Kansas,3 wk ahead,percent,1.46149280763587e-10,Bin,9.4,9.5
Kansas,3 wk ahead,percent,1.46149280763587e-10,Bin,9.5,9.6
Kansas,3 wk ahead,percent,1.46149280763587e-10,Bin,9.6,9.7
Kansas,3 wk ahead,percent,1.46149280763587e-10,Bin,9.7,9.8
Kansas,3 wk ahead,percent,1.46149280763587e-10,Bin,9.8,9.9
Kansas,3 wk ahead,percent,1.46149280763587e-10,Bin,9.9,10.0
Kansas,3 wk ahead,percent,1.46149280763587e-10,Bin,10.0,10.1
Kansas,3 wk ahead,percent,1.46149280763587e-10,Bin,10.1,10.2
Kansas,3 wk ahead,percent,1.46149280763587e-10,Bin,10.2,10.3
Kansas,3 wk ahead,percent,1.46149280763587e-10,Bin,10.3,10.4
Kansas,3 wk ahead,percent,1.46149280763587e-10,Bin,10.4,10.5
Kansas,3 wk ahead,percent,1.46149280763587e-10,Bin,10.5,10.6
Kansas,3 wk ahead,percent,1.46149280763587e-10,Bin,10.6,10.7
Kansas,3 wk ahead,percent,1.46149280763587e-10,Bin,10.7,10.8
Kansas,3 wk ahead,percent,1.46149280763587e-10,Bin,10.8,10.9
Kansas,3 wk ahead,percent,1.46149280763587e-10,Bin,10.9,11.0
Kansas,3 wk ahead,percent,1.46149280763587e-10,Bin,11.0,11.1
Kansas,3 wk ahead,percent,1.46149280763587e-10,Bin,11.1,11.2
Kansas,3 wk ahead,percent,1.46149280763587e-10,Bin,11.2,11.3
Kansas,3 wk ahead,percent,1.46149280763587e-10,Bin,11.3,11.4
Kansas,3 wk ahead,percent,1.46149280763587e-10,Bin,11.4,11.5
Kansas,3 wk ahead,percent,1.46149280763587e-10,Bin,11.5,11.6
Kansas,3 wk ahead,percent,1.46149280763587e-10,Bin,11.6,11.7
Kansas,3 wk ahead,percent,1.46149280763587e-10,Bin,11.7,11.8
Kansas,3 wk ahead,percent,1.46149280763587e-10,Bin,11.8,11.9
Kansas,3 wk ahead,percent,1.46149280763587e-10,Bin,11.9,12.0
Kansas,3 wk ahead,percent,1.46149280763587e-10,Bin,12.0,12.1
Kansas,3 wk ahead,percent,1.46149280763587e-10,Bin,12.1,12.2
Kansas,3 wk ahead,percent,1.46149280763587e-10,Bin,12.2,12.3
Kansas,3 wk ahead,percent,1.46149280763587e-10,Bin,12.3,12.4
Kansas,3 wk ahead,percent,1.46149280763587e-10,Bin,12.4,12.5
Kansas,3 wk ahead,percent,1.46149280763587e-10,Bin,12.5,12.6
Kansas,3 wk ahead,percent,1.46149280763587e-10,Bin,12.6,12.7
Kansas,3 wk ahead,percent,1.46149280763587e-10,Bin,12.7,12.8
Kansas,3 wk ahead,percent,1.46149280763587e-10,Bin,12.8,12.9
Kansas,3 wk ahead,percent,1.46149280763587e-10,Bin,12.9,13.0
Kansas,3 wk ahead,percent,1.46149280763587e-10,Bin,13.0,100.0
Kansas,4 wk ahead,percent,3.41217716264669e-09,Bin,0.0,0.1
Kansas,4 wk ahead,percent,0.0180000143779516,Bin,0.1,0.2
Kansas,4 wk ahead,percent,0.0520000231480412,Bin,0.2,0.3
Kansas,4 wk ahead,percent,0.116000011792305,Bin,0.3,0.4
Kansas,4 wk ahead,percent,0.116000004653444,Bin,0.4,0.5
Kansas,4 wk ahead,percent,0.135999997263791,Bin,0.5,0.6
Kansas,4 wk ahead,percent,0.149999992539298,Bin,0.6,0.7
Kansas,4 wk ahead,percent,0.125999989853883,Bin,0.7,0.8
Kansas,4 wk ahead,percent,0.0899999875354433,Bin,0.8,0.9
Kansas,4 wk ahead,percent,0.0519999903880753,Bin,0.9,1.0
Kansas,4 wk ahead,percent,0.0479999900943484,Bin,1.0,1.1
Kansas,4 wk ahead,percent,0.0219999955097813,Bin,1.1,1.2
Kansas,4 wk ahead,percent,0.0199999959294099,Bin,1.2,1.3
Kansas,4 wk ahead,percent,0.00199999970606657,Bin,1.3,1.4
Kansas,4 wk ahead,percent,0.007999998447181,Bin,1.4,1.5
Kansas,4 wk ahead,percent,0.007999998447181,Bin,1.5,1.6
Kansas,4 wk ahead,percent,0.011999997607924,Bin,1.6,1.7
Kansas,4 wk ahead,percent,0.00599999886680952,Bin,1.7,1.8
Kansas,4 wk ahead,percent,1.25695095495668e-10,Bin,1.8,1.9
Kansas,4 wk ahead,percent,0.00599999886680952,Bin,1.9,2.0
Kansas,4 wk ahead,percent,0.00399999928643805,Bin,2.0,2.1
Kansas,4 wk ahead,percent,1.25695095495667e-10,Bin,2.1,2.2
Kansas,4 wk ahead,percent,0.00199999970606657,Bin,2.2,2.3
Kansas,4 wk ahead,percent,0.00199999970606657,Bin,2.3,2.4
Kansas,4 wk ahead,percent,0.00399999928643805,Bin,2.4,2.5
Kansas,4 wk ahead,percent,1.25695095495667e-10,Bin,2.5,2.6
Kansas,4 wk ahead,percent,1.25695095495667e-10,Bin,2.6,2.7
Kansas,4 wk ahead,percent,1.25695095495667e-10,Bin,2.7,2.8
Kansas,4 wk ahead,percent,1.25695095495667e-10,Bin,2.8,2.9
Kansas,4 wk ahead,percent,1.25695095495667e-10,Bin,2.9,3.0
Kansas,4 wk ahead,percent,1.25695095495667e-10,Bin,3.0,3.1
Kansas,4 wk ahead,percent,1.25695095495667e-10,Bin,3.1,3.2
Kansas,4 wk ahead,percent,1.25695095495667e-10,Bin,3.2,3.3
Kansas,4 wk ahead,percent,1.25695095495667e-10,Bin,3.3,3.4
Kansas,4 wk ahead,percent,1.25695095495667e-10,Bin,3.4,3.5
Kansas,4 wk ahead,percent,1.25695095495667e-10,Bin,3.5,3.6
Kansas,4 wk ahead,percent,1.25695095495667e-10,Bin,3.6,3.7
Kansas,4 wk ahead,percent,1.25695095495667e-10,Bin,3.7,3.8
Kansas,4 wk ahead,percent,1.25695095495667e-10,Bin,3.8,3.9
Kansas,4 wk ahead,percent,1.25695095495667e-10,Bin,3.9,4.0
Kansas,4 wk ahead,percent,1.25695095495667e-10,Bin,4.0,4.1
Kansas,4 wk ahead,percent,1.25695095495667e-10,Bin,4.1,4.2
Kansas,4 wk ahead,percent,1.25695095495667e-10,Bin,4.2,4.3
Kansas,4 wk ahead,percent,1.25695095495667e-10,Bin,4.3,4.4
Kansas,4 wk ahead,percent,1.25695095495667e-10,Bin,4.4,4.5
Kansas,4 wk ahead,percent,1.25695095495667e-10,Bin,4.5,4.6
Kansas,4 wk ahead,percent,1.25695095495667e-10,Bin,4.6,4.7
Kansas,4 wk ahead,percent,1.25695095495667e-10,Bin,4.7,4.8
Kansas,4 wk ahead,percent,1.25695095495667e-10,Bin,4.8,4.9
Kansas,4 wk ahead,percent,1.25695095495667e-10,Bin,4.9,5.0
Kansas,4 wk ahead,percent,1.25695095495667e-10,Bin,5.0,5.1
Kansas,4 wk ahead,percent,1.25695095495667e-10,Bin,5.1,5.2
Kansas,4 wk ahead,percent,1.25695095495667e-10,Bin,5.2,5.3
Kansas,4 wk ahead,percent,1.25695095495667e-10,Bin,5.3,5.4
Kansas,4 wk ahead,percent,1.25695095495667e-10,Bin,5.4,5.5
Kansas,4 wk ahead,percent,1.25695095495667e-10,Bin,5.5,5.6
Kansas,4 wk ahead,percent,1.25695095495667e-10,Bin,5.6,5.7
Kansas,4 wk ahead,percent,1.25695095495667e-10,Bin,5.7,5.8
Kansas,4 wk ahead,percent,1.25695095495667e-10,Bin,5.8,5.9
Kansas,4 wk ahead,percent,1.25695095495667e-10,Bin,5.9,6.0
Kansas,4 wk ahead,percent,1.25695095495667e-10,Bin,6.0,6.1
Kansas,4 wk ahead,percent,1.25695095495667e-10,Bin,6.1,6.2
Kansas,4 wk ahead,percent,1.25695095495667e-10,Bin,6.2,6.3
Kansas,4 wk ahead,percent,1.25695095495667e-10,Bin,6.3,6.4
Kansas,4 wk ahead,percent,1.25695095495667e-10,Bin,6.4,6.5
Kansas,4 wk ahead,percent,1.25695095495667e-10,Bin,6.5,6.6
Kansas,4 wk ahead,percent,1.25695095495667e-10,Bin,6.6,6.7
Kansas,4 wk ahead,percent,1.25695095495667e-10,Bin,6.7,6.8
Kansas,4 wk ahead,percent,1.25695095495667e-10,Bin,6.8,6.9
Kansas,4 wk ahead,percent,1.25695095495667e-10,Bin,6.9,7.0
Kansas,4 wk ahead,percent,1.25695095495667e-10,Bin,7.0,7.1
Kansas,4 wk ahead,percent,1.25695095495667e-10,Bin,7.1,7.2
Kansas,4 wk ahead,percent,1.25695095495667e-10,Bin,7.2,7.3
Kansas,4 wk ahead,percent,1.25695095495667e-10,Bin,7.3,7.4
Kansas,4 wk ahead,percent,1.25695095495667e-10,Bin,7.4,7.5
Kansas,4 wk ahead,percent,1.25695095495667e-10,Bin,7.5,7.6
Kansas,4 wk ahead,percent,1.25695095495667e-10,Bin,7.6,7.7
Kansas,4 wk ahead,percent,1.25695095495667e-10,Bin,7.7,7.8
Kansas,4 wk ahead,percent,1.25695095495667e-10,Bin,7.8,7.9
Kansas,4 wk ahead,percent,1.25695095495667e-10,Bin,7.9,8.0
Kansas,4 wk ahead,percent,1.25695095495668e-10,Bin,8.0,8.1
Kansas,4 wk ahead,percent,1.25695095495669e-10,Bin,8.1,8.2
Kansas,4 wk ahead,percent,1.25695095495669e-10,Bin,8.2,8.3
Kansas,4 wk ahead,percent,1.25695095495669e-10,Bin,8.3,8.4
Kansas,4 wk ahead,percent,1.25695095495669e-10,Bin,8.4,8.5
Kansas,4 wk ahead,percent,1.25695095495669e-10,Bin,8.5,8.6
Kansas,4 wk ahead,percent,1.25695095495669e-10,Bin,8.6,8.7
Kansas,4 wk ahead,percent,1.25695095495669e-10,Bin,8.7,8.8
Kansas,4 wk ahead,percent,1.25695095495669e-10,Bin,8.8,8.9
Kansas,4 wk ahead,percent,1.25695095495669e-10,Bin,8.9,9.0
Kansas,4 wk ahead,percent,1.25695095495669e-10,Bin,9.0,9.1
Kansas,4 wk ahead,percent,1.25695095495669e-10,Bin,9.1,9.2
Kansas,4 wk ahead,percent,1.25695095495669e-10,Bin,9.2,9.3
Kansas,4 wk ahead,percent,1.25695095495669e-10,Bin,9.3,9.4
Kansas,4 wk ahead,percent,1.25695095495669e-10,Bin,9.4,9.5
Kansas,4 wk ahead,percent,1.25695095495669e-10,Bin,9.5,9.6
Kansas,4 wk ahead,percent,1.25695095495669e-10,Bin,9.6,9.7
Kansas,4 wk ahead,percent,1.25695095495669e-10,Bin,9.7,9.8
Kansas,4 wk ahead,percent,1.25695095495669e-10,Bin,9.8,9.9
Kansas,4 wk ahead,percent,1.25695095495669e-10,Bin,9.9,10.0
Kansas,4 wk ahead,percent,1.25695095495669e-10,Bin,10.0,10.1
Kansas,4 wk ahead,percent,1.25695095495669e-10,Bin,10.1,10.2
Kansas,4 wk ahead,percent,1.25695095495669e-10,Bin,10.2,10.3
Kansas,4 wk ahead,percent,1.25695095495669e-10,Bin,10.3,10.4
Kansas,4 wk ahead,percent,1.25695095495669e-10,Bin,10.4,10.5
Kansas,4 wk ahead,percent,1.25695095495669e-10,Bin,10.5,10.6
Kansas,4 wk ahead,percent,1.25695095495669e-10,Bin,10.6,10.7
Kansas,4 wk ahead,percent,1.25695095495669e-10,Bin,10.7,10.8
Kansas,4 wk ahead,percent,1.25695095495669e-10,Bin,10.8,10.9
Kansas,4 wk ahead,percent,1.25695095495669e-10,Bin,10.9,11.0
Kansas,4 wk ahead,percent,1.25695095495669e-10,Bin,11.0,11.1
Kansas,4 wk ahead,percent,1.25695095495669e-10,Bin,11.1,11.2
Kansas,4 wk ahead,percent,1.25695095495669e-10,Bin,11.2,11.3
Kansas,4 wk ahead,percent,1.25695095495669e-10,Bin,11.3,11.4
Kansas,4 wk ahead,percent,1.25695095495669e-10,Bin,11.4,11.5
Kansas,4 wk ahead,percent,1.25695095495669e-10,Bin,11.5,11.6
Kansas,4 wk ahead,percent,1.25695095495669e-10,Bin,11.6,11.7
Kansas,4 wk ahead,percent,1.25695095495669e-10,Bin,11.7,11.8
Kansas,4 wk ahead,percent,1.25695095495669e-10,Bin,11.8,11.9
Kansas,4 wk ahead,percent,1.25695095495669e-10,Bin,11.9,12.0
Kansas,4 wk ahead,percent,1.25695095495669e-10,Bin,12.0,12.1
Kansas,4 wk ahead,percent,1.25695095495669e-10,Bin,12.1,12.2
Kansas,4 wk ahead,percent,1.25695095495669e-10,Bin,12.2,12.3
Kansas,4 wk ahead,percent,1.25695095495669e-10,Bin,12.3,12.4
Kansas,4 wk ahead,percent,1.25695095495669e-10,Bin,12.4,12.5
Kansas,4 wk ahead,percent,1.25695095495669e-10,Bin,12.5,12.6
Kansas,4 wk ahead,percent,1.25695095495669e-10,Bin,12.6,12.7
Kansas,4 wk ahead,percent,1.25695095495669e-10,Bin,12.7,12.8
Kansas,4 wk ahead,percent,1.25695095495669e-10,Bin,12.8,12.9
Kansas,4 wk ahead,percent,1.25695095495669e-10,Bin,12.9,13.0
Kansas,4 wk ahead,percent,1.25695095495669e-10,Bin,13.0,100.0
Kansas,Season peak percentage,percent,6.11922157546719e-13,Bin,0.0,0.1
Kansas,Season peak percentage,percent,1.33941649021617e-12,Bin,0.1,0.2
Kansas,Season peak percentage,percent,1.50555185873068e-12,Bin,0.2,0.3
Kansas,Season peak percentage,percent,1.68642280818288e-12,Bin,0.3,0.4
Kansas,Season peak percentage,percent,1.88254727734563e-12,Bin,0.4,0.5
Kansas,Season peak percentage,percent,2.09450277997635e-12,Bin,0.5,0.6
Kansas,Season peak percentage,percent,2.32224160754929e-12,Bin,0.6,0.7
Kansas,Season peak percentage,percent,2.56609858056576e-12,Bin,0.7,0.8
Kansas,Season peak percentage,percent,2.82614924263287e-12,Bin,0.8,0.9
Kansas,Season peak percentage,percent,3.1019023559311e-12,Bin,0.9,1.0
Kansas,Season peak percentage,percent,3.3932921148165e-12,Bin,1.0,1.1
Kansas,Season peak percentage,percent,3.69979899598268e-12,Bin,1.1,1.2
Kansas,Season peak percentage,percent,4.02047273232182e-12,Bin,1.2,1.3
Kansas,Season peak percentage,percent,4.35466250982439e-12,Bin,1.3,1.4
Kansas,Season peak percentage,percent,4.70120048531724e-12,Bin,1.4,1.5
Kansas,Season peak percentage,percent,5.05872586470296e-12,Bin,1.5,1.6
Kansas,Season peak percentage,percent,5.42595960905918e-12,Bin,1.6,1.7
Kansas,Season peak percentage,percent,5.80114003931487e-12,Bin,1.7,1.8
Kansas,Season peak percentage,percent,6.18255352600313e-12,Bin,1.8,1.9
Kansas,Season peak percentage,percent,6.56828651671818e-12,Bin,1.9,2.0
Kansas,Season peak percentage,percent,6.95630008703784e-12,Bin,2.0,2.1
Kansas,Season peak percentage,percent,7.34447743490727e-12,Bin,2.1,2.2
Kansas,Season peak percentage,percent,7.73064056311884e-12,Bin,2.2,2.3
Kansas,Season peak percentage,percent,8.11263715129313e-12,Bin,2.3,2.4
Kansas,Season peak percentage,percent,8.48806249098652e-12,Bin,2.4,2.5
Kansas,Season peak percentage,percent,8.8548974646743e-12,Bin,2.5,2.6
Kansas,Season peak percentage,percent,9.21104524262483e-12,Bin,2.6,2.7
Kansas,Season peak percentage,percent,9.55412459913884e-12,Bin,2.7,2.8
Kansas,Season peak percentage,percent,9.8825441451216e-12,Bin,2.8,2.9
Kansas,Season peak percentage,percent,1.01944941702598e-11,Bin,2.9,3.0
Kansas,Season peak percentage,percent,1.04879232533481e-11,Bin,3.0,3.1
Kansas,Season peak percentage,percent,1.07618889697245e-11,Bin,3.1,3.2
Kansas,Season peak percentage,percent,1.10149726249656e-11,Bin,3.2,3.3
Kansas,Season peak percentage,percent,1.12459732235581e-11,Bin,3.3,3.4
Kansas,Season peak percentage,percent,1.14544145752267e-11,Bin,3.4,3.5
Kansas,Season peak percentage,percent,1.16394205286919e-11,Bin,3.5,3.6
Kansas,Season peak percentage,percent,1.18008532502282e-11,Bin,3.6,3.7
Kansas,Season peak percentage,percent,1.19385611091378e-11,Bin,3.7,3.8
Kansas,Season peak percentage,percent,1.20524571929445e-11,Bin,3.8,3.9
Kansas,Season peak percentage,percent,1.21431988493861e-11,Bin,3.9,4.0
Kansas,Season peak percentage,percent,1.22109033520107e-11,Bin,4.0,4.1
Kansas,Season peak percentage,percent,1.22562963456276e-11,Bin,4.1,4.2
Kansas,Season peak percentage,percent,1.22804713821577e-11,Bin,4.2,4.3
Kansas,Season peak percentage,percent,1.22838392518657e-11,Bin,4.3,4.4
Kansas,Season peak percentage,percent,1.2267623996918e-11,Bin,4.4,4.5
Kansas,Season peak percentage,percent,1.22331052647055e-11,Bin,4.5,4.6
Kansas,Season peak percentage,percent,1.21809906487123e-11,Bin,4.6,4.7
Kansas,Season peak percentage,percent,1.21126693285699e-11,Bin,4.7,4.8
Kansas,Season peak percentage,percent,1.20293823285898e-11,Bin,4.8,4.9
Kansas,Season peak percentage,percent,1.19319669566056e-11,Bin,4.9,5.0
Kansas,Season peak percentage,percent,1.18218291916075e-11,Bin,5.0,5.1
Kansas,Season peak percentage,percent,1.16999719107513e-11,Bin,5.1,5.2
Kansas,Season peak percentage,percent,1.15673865670176e-11,Bin,5.2,5.3
Kansas,Season peak percentage,percent,1.14252313991461e-11,Bin,5.3,5.4
Kansas,Season peak percentage,percent,1.12743023136917e-11,Bin,5.4,5.5
Kansas,Season peak percentage,percent,1.11156393885478e-11,Bin,5.5,5.6
Kansas,Season peak percentage,percent,1.09501431887947e-11,Bin,5.6,5.7
Kansas,Season peak percentage,percent,1.07785051619036e-11,Bin,5.7,5.8
Kansas,Season peak percentage,percent,1.06016875653347e-11,Bin,5.8,5.9
Kansas,Season peak percentage,percent,1.0420438673442e-11,Bin,5.9,6.0
Kansas,Season peak percentage,percent,1.02354463449633e-11,Bin,6.0,6.1
Kansas,Season peak percentage,percent,1.00475570746686e-11,Bin,6.1,6.2
Kansas,Season peak percentage,percent,9.85748210705868e-12,Bin,6.2,6.3
Kansas,Season peak percentage,percent,9.66593215972945e-12,Bin,6.3,6.4
Kansas,Season peak percentage,percent,9.4736892749034e-12,Bin,6.4,6.5
Kansas,Season peak percentage,percent,9.28147503088442e-12,Bin,6.5,6.6
Kansas,Season peak percentage,percent,9.09003416434519e-12,Bin,6.6,6.7
Kansas,Season peak percentage,percent,8.90009118457951e-12,Bin,6.7,6.8
Kansas,Season peak percentage,percent,8.71239006525814e-12,Bin,6.8,6.9
Kansas,Season peak percentage,percent,8.52762472166951e-12,Bin,6.9,7.0
Kansas,Season peak percentage,percent,8.34648663032667e-12,Bin,7.0,7.1
Kansas,Season peak percentage,percent,8.1696519811576e-12,Bin,7.1,7.2
Kansas,Season peak percentage,percent,7.99766419991307e-12,Bin,7.2,7.3
Kansas,Season peak percentage,percent,7.83116532361192e-12,Bin,7.3,7.4
Kansas,Season peak percentage,percent,7.67060027022847e-12,Bin,7.4,7.5
Kansas,Season peak percentage,percent,7.5163024657663e-12,Bin,7.5,7.6
Kansas,Season peak percentage,percent,7.36878540170816e-12,Bin,7.6,7.7
Kansas,Season peak percentage,percent,7.22814875238343e-12,Bin,7.7,7.8
Kansas,Season peak percentage,percent,7.09447432135749e-12,Bin,7.8,7.9
Kansas,Season peak percentage,percent,6.96797645110252e-12,Bin,7.9,8.0
Kansas,Season peak percentage,percent,6.84842588607113e-12,Bin,8.0,8.1
Kansas,Season peak percentage,percent,6.73560885437436e-12,Bin,8.1,8.2
Kansas,Season peak percentage,percent,6.62939950493053e-12,Bin,8.2,8.3
Kansas,Season peak percentage,percent,6.52923466848535e-12,Bin,8.3,8.4
Kansas,Season peak percentage,percent,6.43465412187715e-12,Bin,8.4,8.5
Kansas,Season peak percentage,percent,6.34514300992372e-12,Bin,8.5,8.6
Kansas,Season peak percentage,percent,6.25994294059155e-12,Bin,8.6,8.7
Kansas,Season peak percentage,percent,6.17838548234248e-12,Bin,8.7,8.8
Kansas,Season peak percentage,percent,6.09966493691616e-12,Bin,8.8,8.9
Kansas,Season peak percentage,percent,6.02294760711106e-12,Bin,8.9,9.0
Kansas,Season peak percentage,percent,5.94741412456468e-12,Bin,9.0,9.1
Kansas,Season peak percentage,percent,5.87219183976883e-12,Bin,9.1,9.2
Kansas,Season peak percentage,percent,5.79644415810121e-12,Bin,9.2,9.3
Kansas,Season peak percentage,percent,5.7193274529591e-12,Bin,9.3,9.4
Kansas,Season peak percentage,percent,5.64009441919624e-12,Bin,9.4,9.5
Kansas,Season peak percentage,percent,5.55798944455611e-12,Bin,9.5,9.6
Kansas,Season peak percentage,percent,5.47230119720325e-12,Bin,9.6,9.7
Kansas,Season peak percentage,percent,5.38251931142946e-12,Bin,9.7,9.8
Kansas,Season peak percentage,percent,5.28807426614385e-12,Bin,9.8,9.9
Kansas,Season peak percentage,percent,5.18852568696389e-12,Bin,9.9,10.0
Kansas,Season peak percentage,percent,5.08363064187515e-12,Bin,10.0,10.1
Kansas,Season peak percentage,percent,4.97308457358064e-12,Bin,10.1,10.2
Kansas,Season peak percentage,percent,4.85681281145873e-12,Bin,10.2,10.3
Kansas,Season peak percentage,percent,4.73480912913957e-12,Bin,10.3,10.4
Kansas,Season peak percentage,percent,4.60711228309497e-12,Bin,10.4,10.5
Kansas,Season peak percentage,percent,4.47398206100191e-12,Bin,10.5,10.6
Kansas,Season peak percentage,percent,4.33562177068354e-12,Bin,10.6,10.7
Kansas,Season peak percentage,percent,4.19243948967456e-12,Bin,10.7,10.8
Kansas,Season peak percentage,percent,4.04491690678326e-12,Bin,10.8,10.9
Kansas,Season peak percentage,percent,3.89346275419747e-12,Bin,10.9,11.0
Kansas,Season peak percentage,percent,3.73874005990454e-12,Bin,11.0,11.1
Kansas,Season peak percentage,percent,3.58136853605375e-12,Bin,11.1,11.2
Kansas,Season peak percentage,percent,3.42195666925332e-12,Bin,11.2,11.3
Kansas,Season peak percentage,percent,3.26124527964974e-12,Bin,11.3,11.4
Kansas,Season peak percentage,percent,3.0999248023492e-12,Bin,11.4,11.5
Kansas,Season peak percentage,percent,2.93870778411588e-12,Bin,11.5,11.6
Kansas,Season peak percentage,percent,0.999999999110658,Bin,11.6,11.7
Kansas,Season peak percentage,percent,2.61938415329873e-12,Bin,11.7,11.8
Kansas,Season peak percentage,percent,2.46266535942199e-12,Bin,11.8,11.9
Kansas,Season peak percentage,percent,2.30873080906761e-12,Bin,11.9,12.0
Kansas,Season peak percentage,percent,2.15820524400883e-12,Bin,12.0,12.1
Kansas,Season peak percentage,percent,2.01163791339496e-12,Bin,12.1,12.2
Kansas,Season peak percentage,percent,1.86948846578716e-12,Bin,12.2,12.3
Kansas,Season peak percentage,percent,1.73227248976073e-12,Bin,12.3,12.4
Kansas,Season peak percentage,percent,1.60028690987878e-12,Bin,12.4,12.5
Kansas,Season peak percentage,percent,1.47389325504574e-12,Bin,12.5,12.6
Kansas,Season peak percentage,percent,1.35338545794998e-12,Bin,12.6,12.7
Kansas,Season peak percentage,percent,1.23885604006469e-12,Bin,12.7,12.8
Kansas,Season peak percentage,percent,1.13054231791875e-12,Bin,12.8,12.9
Kansas,Season peak percentage,percent,1.02852075282775e-12,Bin,12.9,13.0
Kansas,Season peak percentage,percent,7.73105871036459e-12,Bin,13.0,100.0
Kansas,Season peak week,week,2.11695934933805e-05,Bin,40.0,41.0
Kansas,Season peak week,week,2.11695934933805e-05,Bin,41.0,42.0
Kansas,Season peak week,week,2.11695934933805e-05,Bin,42.0,43.0
Kansas,Season peak week,week,2.11695934933805e-05,Bin,43.0,44.0
Kansas,Season peak week,week,2.11695934933805e-05,Bin,44.0,45.0
Kansas,Season peak week,week,3.22741242931568e-05,Bin,45.0,46.0
Kansas,Season peak week,week,0.000100172398457268,Bin,46.0,47.0
Kansas,Season peak week,week,0.000270347689478377,Bin,47.0,48.0
Kansas,Season peak week,week,0.000621856189226815,Bin,48.0,49.0
Kansas,Season peak week,week,0.00122049969366502,Bin,49.0,50.0
Kansas,Season peak week,week,0.00204836913572964,Bin,50.0,51.0
Kansas,Season peak week,week,0.0029533888562563,Bin,51.0,52.0
Kansas,Season peak week,week,0.00369507563924414,Bin,52.0,53.0
Kansas,Season peak week,week,0.00409469613935676,Bin,1.0,2.0
Kansas,Season peak week,week,0.00417247130699446,Bin,2.0,3.0
Kansas,Season peak week,week,0.0041265078096786,Bin,3.0,4.0
Kansas,Season peak week,week,0.00415649514243417,Bin,4.0,5.0
Kansas,Season peak week,week,0.00430479151258337,Bin,5.0,6.0
Kansas,Season peak week,week,0.00446355129290342,Bin,6.0,7.0
Kansas,Season peak week,week,0.944557771907767,Bin,7.0,8.0
Kansas,Season peak week,week,0.00436050383651315,Bin,8.0,9.0
Kansas,Season peak week,week,0.00402327696045474,Bin,9.0,10.0
Kansas,Season peak week,week,0.00348704239704734,Bin,10.0,11.0
Kansas,Season peak week,week,0.00277428303842983,Bin,11.0,12.0
Kansas,Season peak week,week,0.00197596409114632,Bin,12.0,13.0
Kansas,Season peak week,week,0.00123413277281297,Bin,13.0,14.0
Kansas,Season peak week,week,0.000666287820778416,Bin,14.0,15.0
Kansas,Season peak week,week,0.000308144622666033,Bin,15.0,16.0
Kansas,Season peak week,week,0.00012141781317511,Bin,16.0,17.0
Kansas,Season peak week,week,4.1465629262983e-05,Bin,17.0,18.0
Kansas,Season peak week,week,2.77880707257889e-05,Bin,18.0,19.0
Kansas,Season peak week,week,2.77880707257889e-05,Bin,19.0,20.0
Kansas,Season peak week,week,2.77880707257889e-05,Bin,20.0,21.0
Kentucky,1 wk ahead,percent,0.00400000284174814,Bin,0.0,0.1
Kentucky,1 wk ahead,percent,0.0200000087274502,Bin,0.1,0.2
Kentucky,1 wk ahead,percent,0.0200000107685542,Bin,0.2,0.3
Kentucky,1 wk ahead,percent,0.0700000053091563,Bin,0.3,0.4
Kentucky,1 wk ahead,percent,0.0840000019005058,Bin,0.4,0.5
Kentucky,1 wk ahead,percent,0.121999998006309,Bin,0.5,0.6
Kentucky,1 wk ahead,percent,0.111999997928393,Bin,0.6,0.7
Kentucky,1 wk ahead,percent,0.173999992723206,Bin,0.7,0.8
Kentucky,1 wk ahead,percent,0.103999995935016,Bin,0.8,0.9
Kentucky,1 wk ahead,percent,0.0839999954992998,Bin,0.9,1.0
Kentucky,1 wk ahead,percent,0.0299999982268075,Bin,1.0,1.1
Kentucky,1 wk ahead,percent,0.0419999971527086,Bin,1.1,1.2
Kentucky,1 wk ahead,percent,0.027999998106973,Bin,1.2,1.3
Kentucky,1 wk ahead,percent,0.011999999208917,Bin,1.3,1.4
Kentucky,1 wk ahead,percent,0.025999998244716,Bin,1.4,1.5
Kentucky,1 wk ahead,percent,0.011999999208917,Bin,1.5,1.6
Kentucky,1 wk ahead,percent,0.00399999975988902,Bin,1.6,1.7
Kentucky,1 wk ahead,percent,3.53750176788778e-11,Bin,1.7,1.8
Kentucky,1 wk ahead,percent,0.00399999975988902,Bin,1.8,1.9
Kentucky,1 wk ahead,percent,3.53750176788778e-11,Bin,1.9,2.0
Kentucky,1 wk ahead,percent,3.53750176788777e-11,Bin,2.0,2.1
Kentucky,1 wk ahead,percent,3.53750176788777e-11,Bin,2.1,2.2
Kentucky,1 wk ahead,percent,0.00399999975988902,Bin,2.2,2.3
Kentucky,1 wk ahead,percent,0.00199999989763202,Bin,2.3,2.4
Kentucky,1 wk ahead,percent,3.53750176788777e-11,Bin,2.4,2.5
Kentucky,1 wk ahead,percent,0.00199999989763202,Bin,2.5,2.6
Kentucky,1 wk ahead,percent,0.00399999975988902,Bin,2.6,2.7
Kentucky,1 wk ahead,percent,0.00399999975988902,Bin,2.7,2.8
Kentucky,1 wk ahead,percent,3.53750176788777e-11,Bin,2.8,2.9
Kentucky,1 wk ahead,percent,3.53750176788777e-11,Bin,2.9,3.0
Kentucky,1 wk ahead,percent,3.53750176788777e-11,Bin,3.0,3.1
Kentucky,1 wk ahead,percent,0.00199999989763202,Bin,3.1,3.2
Kentucky,1 wk ahead,percent,3.53750176788777e-11,Bin,3.2,3.3
Kentucky,1 wk ahead,percent,3.53750176788777e-11,Bin,3.3,3.4
Kentucky,1 wk ahead,percent,0.00199999989763202,Bin,3.4,3.5
Kentucky,1 wk ahead,percent,3.53750176788777e-11,Bin,3.5,3.6
Kentucky,1 wk ahead,percent,3.53750176788777e-11,Bin,3.6,3.7
Kentucky,1 wk ahead,percent,3.53750176788777e-11,Bin,3.7,3.8
Kentucky,1 wk ahead,percent,0.00399999975988902,Bin,3.8,3.9
Kentucky,1 wk ahead,percent,3.53750176788777e-11,Bin,3.9,4.0
Kentucky,1 wk ahead,percent,0.00199999989763202,Bin,4.0,4.1
Kentucky,1 wk ahead,percent,3.53750176788777e-11,Bin,4.1,4.2
Kentucky,1 wk ahead,percent,3.53750176788777e-11,Bin,4.2,4.3
Kentucky,1 wk ahead,percent,3.53750176788777e-11,Bin,4.3,4.4
Kentucky,1 wk ahead,percent,3.53750176788777e-11,Bin,4.4,4.5
Kentucky,1 wk ahead,percent,3.53750176788777e-11,Bin,4.5,4.6
Kentucky,1 wk ahead,percent,3.53750176788777e-11,Bin,4.6,4.7
Kentucky,1 wk ahead,percent,3.53750176788777e-11,Bin,4.7,4.8
Kentucky,1 wk ahead,percent,3.53750176788777e-11,Bin,4.8,4.9
Kentucky,1 wk ahead,percent,3.53750176788777e-11,Bin,4.9,5.0
Kentucky,1 wk ahead,percent,3.53750176788777e-11,Bin,5.0,5.1
Kentucky,1 wk ahead,percent,3.53750176788777e-11,Bin,5.1,5.2
Kentucky,1 wk ahead,percent,3.53750176788777e-11,Bin,5.2,5.3
Kentucky,1 wk ahead,percent,0.00199999989763202,Bin,5.3,5.4
Kentucky,1 wk ahead,percent,3.53750176788777e-11,Bin,5.4,5.5
Kentucky,1 wk ahead,percent,3.53750176788777e-11,Bin,5.5,5.6
Kentucky,1 wk ahead,percent,3.53750176788777e-11,Bin,5.6,5.7
Kentucky,1 wk ahead,percent,3.53750176788777e-11,Bin,5.7,5.8
Kentucky,1 wk ahead,percent,3.53750176788777e-11,Bin,5.8,5.9
Kentucky,1 wk ahead,percent,0.00399999975988902,Bin,5.9,6.0
Kentucky,1 wk ahead,percent,3.53750176788777e-11,Bin,6.0,6.1
Kentucky,1 wk ahead,percent,3.53750176788777e-11,Bin,6.1,6.2
Kentucky,1 wk ahead,percent,3.53750176788777e-11,Bin,6.2,6.3
Kentucky,1 wk ahead,percent,3.53750176788777e-11,Bin,6.3,6.4
Kentucky,1 wk ahead,percent,3.53750176788777e-11,Bin,6.4,6.5
Kentucky,1 wk ahead,percent,3.53750176788777e-11,Bin,6.5,6.6
Kentucky,1 wk ahead,percent,3.53750176788777e-11,Bin,6.6,6.7
Kentucky,1 wk ahead,percent,3.53750176788777e-11,Bin,6.7,6.8
Kentucky,1 wk ahead,percent,3.53750176788777e-11,Bin,6.8,6.9
Kentucky,1 wk ahead,percent,3.53750176788777e-11,Bin,6.9,7.0
Kentucky,1 wk ahead,percent,3.53750176788777e-11,Bin,7.0,7.1
Kentucky,1 wk ahead,percent,3.53750176788777e-11,Bin,7.1,7.2
Kentucky,1 wk ahead,percent,3.53750176788777e-11,Bin,7.2,7.3
Kentucky,1 wk ahead,percent,0.00999999934666002,Bin,7.3,7.4
Kentucky,1 wk ahead,percent,3.53750176788777e-11,Bin,7.4,7.5
Kentucky,1 wk ahead,percent,3.53750176788777e-11,Bin,7.5,7.6
Kentucky,1 wk ahead,percent,3.53750176788777e-11,Bin,7.6,7.7
Kentucky,1 wk ahead,percent,3.53750176788777e-11,Bin,7.7,7.8
Kentucky,1 wk ahead,percent,3.53750176788777e-11,Bin,7.8,7.9
Kentucky,1 wk ahead,percent,3.53750176788777e-11,Bin,7.9,8.0
Kentucky,1 wk ahead,percent,3.5375017678878e-11,Bin,8.0,8.1
Kentucky,1 wk ahead,percent,3.53750176788783e-11,Bin,8.1,8.2
Kentucky,1 wk ahead,percent,3.53750176788783e-11,Bin,8.2,8.3
Kentucky,1 wk ahead,percent,3.53750176788783e-11,Bin,8.3,8.4
Kentucky,1 wk ahead,percent,3.53750176788783e-11,Bin,8.4,8.5
Kentucky,1 wk ahead,percent,3.53750176788783e-11,Bin,8.5,8.6
Kentucky,1 wk ahead,percent,3.53750176788783e-11,Bin,8.6,8.7
Kentucky,1 wk ahead,percent,3.53750176788783e-11,Bin,8.7,8.8
Kentucky,1 wk ahead,percent,3.53750176788783e-11,Bin,8.8,8.9
Kentucky,1 wk ahead,percent,3.53750176788783e-11,Bin,8.9,9.0
Kentucky,1 wk ahead,percent,3.53750176788783e-11,Bin,9.0,9.1
Kentucky,1 wk ahead,percent,3.53750176788783e-11,Bin,9.1,9.2
Kentucky,1 wk ahead,percent,3.53750176788783e-11,Bin,9.2,9.3
Kentucky,1 wk ahead,percent,3.53750176788783e-11,Bin,9.3,9.4
Kentucky,1 wk ahead,percent,3.53750176788783e-11,Bin,9.4,9.5
Kentucky,1 wk ahead,percent,3.53750176788783e-11,Bin,9.5,9.6
Kentucky,1 wk ahead,percent,3.53750176788783e-11,Bin,9.6,9.7
Kentucky,1 wk ahead,percent,3.53750176788783e-11,Bin,9.7,9.8
Kentucky,1 wk ahead,percent,3.53750176788783e-11,Bin,9.8,9.9
Kentucky,1 wk ahead,percent,3.53750176788783e-11,Bin,9.9,10.0
Kentucky,1 wk ahead,percent,0.00399999975988902,Bin,10.0,10.1
Kentucky,1 wk ahead,percent,3.53750176788783e-11,Bin,10.1,10.2
Kentucky,1 wk ahead,percent,3.53750176788783e-11,Bin,10.2,10.3
Kentucky,1 wk ahead,percent,3.53750176788783e-11,Bin,10.3,10.4
Kentucky,1 wk ahead,percent,3.53750176788783e-11,Bin,10.4,10.5
Kentucky,1 wk ahead,percent,3.53750176788783e-11,Bin,10.5,10.6
Kentucky,1 wk ahead,percent,3.53750176788783e-11,Bin,10.6,10.7
Kentucky,1 wk ahead,percent,3.53750176788783e-11,Bin,10.7,10.8
Kentucky,1 wk ahead,percent,3.53750176788783e-11,Bin,10.8,10.9
Kentucky,1 wk ahead,percent,3.53750176788783e-11,Bin,10.9,11.0
Kentucky,1 wk ahead,percent,3.53750176788783e-11,Bin,11.0,11.1
Kentucky,1 wk ahead,percent,3.53750176788783e-11,Bin,11.1,11.2
Kentucky,1 wk ahead,percent,3.53750176788783e-11,Bin,11.2,11.3
Kentucky,1 wk ahead,percent,3.53750176788783e-11,Bin,11.3,11.4
Kentucky,1 wk ahead,percent,3.53750176788783e-11,Bin,11.4,11.5
Kentucky,1 wk ahead,percent,3.53750176788783e-11,Bin,11.5,11.6
Kentucky,1 wk ahead,percent,3.53750176788783e-11,Bin,11.6,11.7
Kentucky,1 wk ahead,percent,3.53750176788783e-11,Bin,11.7,11.8
Kentucky,1 wk ahead,percent,3.53750176788783e-11,Bin,11.8,11.9
Kentucky,1 wk ahead,percent,3.53750176788783e-11,Bin,11.9,12.0
Kentucky,1 wk ahead,percent,3.53750176788783e-11,Bin,12.0,12.1
Kentucky,1 wk ahead,percent,3.53750176788783e-11,Bin,12.1,12.2
Kentucky,1 wk ahead,percent,3.53750176788783e-11,Bin,12.2,12.3
Kentucky,1 wk ahead,percent,3.53750176788783e-11,Bin,12.3,12.4
Kentucky,1 wk ahead,percent,3.53750176788783e-11,Bin,12.4,12.5
Kentucky,1 wk ahead,percent,3.53750176788783e-11,Bin,12.5,12.6
Kentucky,1 wk ahead,percent,3.53750176788783e-11,Bin,12.6,12.7
Kentucky,1 wk ahead,percent,3.53750176788783e-11,Bin,12.7,12.8
Kentucky,1 wk ahead,percent,3.53750176788783e-11,Bin,12.8,12.9
Kentucky,1 wk ahead,percent,3.53750176788783e-11,Bin,12.9,13.0
Kentucky,1 wk ahead,percent,0.00199999989763202,Bin,13.0,100.0
Kentucky,2 wk ahead,percent,0.00800001126026454,Bin,0.0,0.1
Kentucky,2 wk ahead,percent,0.0320000229237884,Bin,0.1,0.2
Kentucky,2 wk ahead,percent,0.0840000013427226,Bin,0.2,0.3
Kentucky,2 wk ahead,percent,0.133999997202892,Bin,0.3,0.4
Kentucky,2 wk ahead,percent,0.13999999272708,Bin,0.4,0.5
Kentucky,2 wk ahead,percent,0.1339999966815,Bin,0.5,0.6
Kentucky,2 wk ahead,percent,0.109999993527728,Bin,0.6,0.7
Kentucky,2 wk ahead,percent,0.0959999929982275,Bin,0.7,0.8
Kentucky,2 wk ahead,percent,0.0659999952133815,Bin,0.8,0.9
Kentucky,2 wk ahead,percent,0.0279999980193152,Bin,0.9,1.0
Kentucky,2 wk ahead,percent,0.0219999984623574,Bin,1.0,1.1
Kentucky,2 wk ahead,percent,0.0179999987577188,Bin,1.1,1.2
Kentucky,2 wk ahead,percent,0.0199999986100381,Bin,1.2,1.3
Kentucky,2 wk ahead,percent,0.00799999949612242,Bin,1.3,1.4
Kentucky,2 wk ahead,percent,0.00599999964380314,Bin,1.4,1.5
Kentucky,2 wk ahead,percent,0.00799999949612242,Bin,1.5,1.6
Kentucky,2 wk ahead,percent,0.00199999993916458,Bin,1.6,1.7
Kentucky,2 wk ahead,percent,0.00599999964380314,Bin,1.7,1.8
Kentucky,2 wk ahead,percent,0.00599999964380314,Bin,1.8,1.9
Kentucky,2 wk ahead,percent,0.00599999964380314,Bin,1.9,2.0
Kentucky,2 wk ahead,percent,0.00399999979148386,Bin,2.0,2.1
Kentucky,2 wk ahead,percent,0.00399999979148386,Bin,2.1,2.2
Kentucky,2 wk ahead,percent,0.00199999993916458,Bin,2.2,2.3
Kentucky,2 wk ahead,percent,0.00199999993916458,Bin,2.3,2.4
Kentucky,2 wk ahead,percent,0.00199999993916458,Bin,2.4,2.5
Kentucky,2 wk ahead,percent,8.68452971450088e-11,Bin,2.5,2.6
Kentucky,2 wk ahead,percent,8.68452971450088e-11,Bin,2.6,2.7
Kentucky,2 wk ahead,percent,0.00399999979148386,Bin,2.7,2.8
Kentucky,2 wk ahead,percent,0.00199999993916458,Bin,2.8,2.9
Kentucky,2 wk ahead,percent,0.00199999993916458,Bin,2.9,3.0
Kentucky,2 wk ahead,percent,0.00199999993916458,Bin,3.0,3.1
Kentucky,2 wk ahead,percent,0.00399999979148386,Bin,3.1,3.2
Kentucky,2 wk ahead,percent,8.68452971450088e-11,Bin,3.2,3.3
Kentucky,2 wk ahead,percent,0.00199999993916458,Bin,3.3,3.4
Kentucky,2 wk ahead,percent,8.68452971450088e-11,Bin,3.4,3.5
Kentucky,2 wk ahead,percent,8.68452971450088e-11,Bin,3.5,3.6
Kentucky,2 wk ahead,percent,8.68452971450088e-11,Bin,3.6,3.7
Kentucky,2 wk ahead,percent,8.68452971450088e-11,Bin,3.7,3.8
Kentucky,2 wk ahead,percent,0.00399999979148386,Bin,3.8,3.9
Kentucky,2 wk ahead,percent,0.00199999993916458,Bin,3.9,4.0
Kentucky,2 wk ahead,percent,0.00199999993916458,Bin,4.0,4.1
Kentucky,2 wk ahead,percent,8.68452971450088e-11,Bin,4.1,4.2
Kentucky,2 wk ahead,percent,8.68452971450088e-11,Bin,4.2,4.3
Kentucky,2 wk ahead,percent,8.68452971450088e-11,Bin,4.3,4.4
Kentucky,2 wk ahead,percent,8.68452971450088e-11,Bin,4.4,4.5
Kentucky,2 wk ahead,percent,0.00199999993916458,Bin,4.5,4.6
Kentucky,2 wk ahead,percent,0.00199999993916458,Bin,4.6,4.7
Kentucky,2 wk ahead,percent,0.00399999979148386,Bin,4.7,4.8
Kentucky,2 wk ahead,percent,8.68452971450088e-11,Bin,4.8,4.9
Kentucky,2 wk ahead,percent,8.68452971450088e-11,Bin,4.9,5.0
Kentucky,2 wk ahead,percent,8.68452971450088e-11,Bin,5.0,5.1
Kentucky,2 wk ahead,percent,0.00199999993916458,Bin,5.1,5.2
Kentucky,2 wk ahead,percent,8.68452971450088e-11,Bin,5.2,5.3
Kentucky,2 wk ahead,percent,8.68452971450088e-11,Bin,5.3,5.4
Kentucky,2 wk ahead,percent,0.00199999993916458,Bin,5.4,5.5
Kentucky,2 wk ahead,percent,0.00199999993916458,Bin,5.5,5.6
Kentucky,2 wk ahead,percent,8.68452971450088e-11,Bin,5.6,5.7
Kentucky,2 wk ahead,percent,8.68452971450088e-11,Bin,5.7,5.8
Kentucky,2 wk ahead,percent,0.00199999993916458,Bin,5.8,5.9
Kentucky,2 wk ahead,percent,0.00199999993916458,Bin,5.9,6.0
Kentucky,2 wk ahead,percent,8.68452971450088e-11,Bin,6.0,6.1
Kentucky,2 wk ahead,percent,8.68452971450088e-11,Bin,6.1,6.2
Kentucky,2 wk ahead,percent,8.68452971450088e-11,Bin,6.2,6.3
Kentucky,2 wk ahead,percent,8.68452971450088e-11,Bin,6.3,6.4
Kentucky,2 wk ahead,percent,8.68452971450088e-11,Bin,6.4,6.5
Kentucky,2 wk ahead,percent,8.68452971450088e-11,Bin,6.5,6.6
Kentucky,2 wk ahead,percent,8.68452971450088e-11,Bin,6.6,6.7
Kentucky,2 wk ahead,percent,8.68452971450088e-11,Bin,6.7,6.8
Kentucky,2 wk ahead,percent,8.68452971450088e-11,Bin,6.8,6.9
Kentucky,2 wk ahead,percent,8.68452971450088e-11,Bin,6.9,7.0
Kentucky,2 wk ahead,percent,8.68452971450088e-11,Bin,7.0,7.1
Kentucky,2 wk ahead,percent,0.00199999993916458,Bin,7.1,7.2
Kentucky,2 wk ahead,percent,8.68452971450088e-11,Bin,7.2,7.3
Kentucky,2 wk ahead,percent,8.68452971450088e-11,Bin,7.3,7.4
Kentucky,2 wk ahead,percent,8.68452971450088e-11,Bin,7.4,7.5
Kentucky,2 wk ahead,percent,8.68452971450088e-11,Bin,7.5,7.6
Kentucky,2 wk ahead,percent,8.68452971450088e-11,Bin,7.6,7.7
Kentucky,2 wk ahead,percent,8.68452971450088e-11,Bin,7.7,7.8
Kentucky,2 wk ahead,percent,8.68452971450088e-11,Bin,7.8,7.9
Kentucky,2 wk ahead,percent,8.68452971450088e-11,Bin,7.9,8.0
Kentucky,2 wk ahead,percent,8.68452971450095e-11,Bin,8.0,8.1
Kentucky,2 wk ahead,percent,0.00199999993916458,Bin,8.1,8.2
Kentucky,2 wk ahead,percent,8.68452971450103e-11,Bin,8.2,8.3
Kentucky,2 wk ahead,percent,0.00199999993916458,Bin,8.3,8.4
Kentucky,2 wk ahead,percent,8.68452971450103e-11,Bin,8.4,8.5
Kentucky,2 wk ahead,percent,8.68452971450103e-11,Bin,8.5,8.6
Kentucky,2 wk ahead,percent,8.68452971450103e-11,Bin,8.6,8.7
Kentucky,2 wk ahead,percent,8.68452971450103e-11,Bin,8.7,8.8
Kentucky,2 wk ahead,percent,8.68452971450103e-11,Bin,8.8,8.9
Kentucky,2 wk ahead,percent,8.68452971450103e-11,Bin,8.9,9.0
Kentucky,2 wk ahead,percent,8.68452971450103e-11,Bin,9.0,9.1
Kentucky,2 wk ahead,percent,8.68452971450103e-11,Bin,9.1,9.2
Kentucky,2 wk ahead,percent,8.68452971450103e-11,Bin,9.2,9.3
Kentucky,2 wk ahead,percent,8.68452971450103e-11,Bin,9.3,9.4
Kentucky,2 wk ahead,percent,8.68452971450103e-11,Bin,9.4,9.5
Kentucky,2 wk ahead,percent,8.68452971450103e-11,Bin,9.5,9.6
Kentucky,2 wk ahead,percent,8.68452971450103e-11,Bin,9.6,9.7
Kentucky,2 wk ahead,percent,8.68452971450103e-11,Bin,9.7,9.8
Kentucky,2 wk ahead,percent,8.68452971450103e-11,Bin,9.8,9.9
Kentucky,2 wk ahead,percent,8.68452971450103e-11,Bin,9.9,10.0
Kentucky,2 wk ahead,percent,8.68452971450103e-11,Bin,10.0,10.1
Kentucky,2 wk ahead,percent,8.68452971450103e-11,Bin,10.1,10.2
Kentucky,2 wk ahead,percent,8.68452971450103e-11,Bin,10.2,10.3
Kentucky,2 wk ahead,percent,8.68452971450103e-11,Bin,10.3,10.4
Kentucky,2 wk ahead,percent,8.68452971450103e-11,Bin,10.4,10.5
Kentucky,2 wk ahead,percent,8.68452971450103e-11,Bin,10.5,10.6
Kentucky,2 wk ahead,percent,8.68452971450103e-11,Bin,10.6,10.7
Kentucky,2 wk ahead,percent,8.68452971450103e-11,Bin,10.7,10.8
Kentucky,2 wk ahead,percent,8.68452971450103e-11,Bin,10.8,10.9
Kentucky,2 wk ahead,percent,8.68452971450103e-11,Bin,10.9,11.0
Kentucky,2 wk ahead,percent,8.68452971450103e-11,Bin,11.0,11.1
Kentucky,2 wk ahead,percent,8.68452971450103e-11,Bin,11.1,11.2
Kentucky,2 wk ahead,percent,8.68452971450103e-11,Bin,11.2,11.3
Kentucky,2 wk ahead,percent,8.68452971450103e-11,Bin,11.3,11.4
Kentucky,2 wk ahead,percent,8.68452971450103e-11,Bin,11.4,11.5
Kentucky,2 wk ahead,percent,8.68452971450103e-11,Bin,11.5,11.6
Kentucky,2 wk ahead,percent,8.68452971450103e-11,Bin,11.6,11.7
Kentucky,2 wk ahead,percent,8.68452971450103e-11,Bin,11.7,11.8
Kentucky,2 wk ahead,percent,8.68452971450103e-11,Bin,11.8,11.9
Kentucky,2 wk ahead,percent,8.68452971450103e-11,Bin,11.9,12.0
Kentucky,2 wk ahead,percent,8.68452971450103e-11,Bin,12.0,12.1
Kentucky,2 wk ahead,percent,8.68452971450103e-11,Bin,12.1,12.2
Kentucky,2 wk ahead,percent,8.68452971450103e-11,Bin,12.2,12.3
Kentucky,2 wk ahead,percent,8.68452971450103e-11,Bin,12.3,12.4
Kentucky,2 wk ahead,percent,8.68452971450103e-11,Bin,12.4,12.5
Kentucky,2 wk ahead,percent,8.68452971450103e-11,Bin,12.5,12.6
Kentucky,2 wk ahead,percent,8.68452971450103e-11,Bin,12.6,12.7
Kentucky,2 wk ahead,percent,8.68452971450103e-11,Bin,12.7,12.8
Kentucky,2 wk ahead,percent,8.68452971450103e-11,Bin,12.8,12.9
Kentucky,2 wk ahead,percent,8.68452971450103e-11,Bin,12.9,13.0
Kentucky,2 wk ahead,percent,0.00399999979148386,Bin,13.0,100.0
Kentucky,3 wk ahead,percent,0.0120000406186336,Bin,0.0,0.1
Kentucky,3 wk ahead,percent,0.0700000514697965,Bin,0.1,0.2
Kentucky,3 wk ahead,percent,0.100000007514822,Bin,0.2,0.3
Kentucky,3 wk ahead,percent,0.141999981870172,Bin,0.3,0.4
Kentucky,3 wk ahead,percent,0.113999991912297,Bin,0.4,0.5
Kentucky,3 wk ahead,percent,0.103999988329946,Bin,0.5,0.6
Kentucky,3 wk ahead,percent,0.0899999813809135,Bin,0.6,0.7
Kentucky,3 wk ahead,percent,0.0579999880733512,Bin,0.7,0.8
Kentucky,3 wk ahead,percent,0.0359999927022746,Bin,0.8,0.9
Kentucky,3 wk ahead,percent,0.031999993543897,Bin,0.9,1.0
Kentucky,3 wk ahead,percent,0.0379999922814634,Bin,1.0,1.1
Kentucky,3 wk ahead,percent,0.0239999952271419,Bin,1.1,1.2
Kentucky,3 wk ahead,percent,0.013999997331198,Bin,1.2,1.3
Kentucky,3 wk ahead,percent,0.0279999943855195,Bin,1.3,1.4
Kentucky,3 wk ahead,percent,0.0119999977520092,Bin,1.4,1.5
Kentucky,3 wk ahead,percent,0.00599999901444283,Bin,1.5,1.6
Kentucky,3 wk ahead,percent,0.0159999969103868,Bin,1.6,1.7
Kentucky,3 wk ahead,percent,0.00799999859363161,Bin,1.7,1.8
Kentucky,3 wk ahead,percent,0.0119999977520092,Bin,1.8,1.9
Kentucky,3 wk ahead,percent,0.00399999943525405,Bin,1.9,2.0
Kentucky,3 wk ahead,percent,0.00199999985606526,Bin,2.0,2.1
Kentucky,3 wk ahead,percent,0.00799999859363161,Bin,2.1,2.2
Kentucky,3 wk ahead,percent,0.00399999943525405,Bin,2.2,2.3
Kentucky,3 wk ahead,percent,0.00799999859363161,Bin,2.3,2.4
Kentucky,3 wk ahead,percent,2.76876479125989e-10,Bin,2.4,2.5
Kentucky,3 wk ahead,percent,2.76876479125989e-10,Bin,2.5,2.6
Kentucky,3 wk ahead,percent,0.00199999985606526,Bin,2.6,2.7
Kentucky,3 wk ahead,percent,2.76876479125989e-10,Bin,2.7,2.8
Kentucky,3 wk ahead,percent,0.00199999985606526,Bin,2.8,2.9
Kentucky,3 wk ahead,percent,0.00599999901444283,Bin,2.9,3.0
Kentucky,3 wk ahead,percent,0.00199999985606526,Bin,3.0,3.1
Kentucky,3 wk ahead,percent,0.00199999985606526,Bin,3.1,3.2
Kentucky,3 wk ahead,percent,0.00199999985606526,Bin,3.2,3.3
Kentucky,3 wk ahead,percent,0.00399999943525405,Bin,3.3,3.4
Kentucky,3 wk ahead,percent,0.00399999943525405,Bin,3.4,3.5
Kentucky,3 wk ahead,percent,0.00399999943525405,Bin,3.5,3.6
Kentucky,3 wk ahead,percent,2.76876479125989e-10,Bin,3.6,3.7
Kentucky,3 wk ahead,percent,2.76876479125989e-10,Bin,3.7,3.8
Kentucky,3 wk ahead,percent,2.76876479125989e-10,Bin,3.8,3.9
Kentucky,3 wk ahead,percent,2.76876479125989e-10,Bin,3.9,4.0
Kentucky,3 wk ahead,percent,0.00199999985606526,Bin,4.0,4.1
Kentucky,3 wk ahead,percent,2.76876479125989e-10,Bin,4.1,4.2
Kentucky,3 wk ahead,percent,2.76876479125989e-10,Bin,4.2,4.3
Kentucky,3 wk ahead,percent,2.76876479125989e-10,Bin,4.3,4.4
Kentucky,3 wk ahead,percent,0.00199999985606526,Bin,4.4,4.5
Kentucky,3 wk ahead,percent,0.00199999985606526,Bin,4.5,4.6
Kentucky,3 wk ahead,percent,2.76876479125989e-10,Bin,4.6,4.7
Kentucky,3 wk ahead,percent,2.76876479125989e-10,Bin,4.7,4.8
Kentucky,3 wk ahead,percent,0.00199999985606526,Bin,4.8,4.9
Kentucky,3 wk ahead,percent,2.76876479125989e-10,Bin,4.9,5.0
Kentucky,3 wk ahead,percent,2.76876479125989e-10,Bin,5.0,5.1
Kentucky,3 wk ahead,percent,2.76876479125989e-10,Bin,5.1,5.2
Kentucky,3 wk ahead,percent,2.76876479125989e-10,Bin,5.2,5.3
Kentucky,3 wk ahead,percent,2.76876479125989e-10,Bin,5.3,5.4
Kentucky,3 wk ahead,percent,2.76876479125989e-10,Bin,5.4,5.5
Kentucky,3 wk ahead,percent,0.00199999985606526,Bin,5.5,5.6
Kentucky,3 wk ahead,percent,2.76876479125989e-10,Bin,5.6,5.7
Kentucky,3 wk ahead,percent,2.76876479125989e-10,Bin,5.7,5.8
Kentucky,3 wk ahead,percent,2.76876479125989e-10,Bin,5.8,5.9
Kentucky,3 wk ahead,percent,2.76876479125989e-10,Bin,5.9,6.0
Kentucky,3 wk ahead,percent,2.76876479125989e-10,Bin,6.0,6.1
Kentucky,3 wk ahead,percent,0.00199999985606526,Bin,6.1,6.2
Kentucky,3 wk ahead,percent,2.76876479125989e-10,Bin,6.2,6.3
Kentucky,3 wk ahead,percent,2.76876479125989e-10,Bin,6.3,6.4
Kentucky,3 wk ahead,percent,2.76876479125989e-10,Bin,6.4,6.5
Kentucky,3 wk ahead,percent,2.76876479125989e-10,Bin,6.5,6.6
Kentucky,3 wk ahead,percent,2.76876479125989e-10,Bin,6.6,6.7
Kentucky,3 wk ahead,percent,2.76876479125989e-10,Bin,6.7,6.8
Kentucky,3 wk ahead,percent,2.76876479125989e-10,Bin,6.8,6.9
Kentucky,3 wk ahead,percent,2.76876479125989e-10,Bin,6.9,7.0
Kentucky,3 wk ahead,percent,0.00199999985606526,Bin,7.0,7.1
Kentucky,3 wk ahead,percent,0.00199999985606526,Bin,7.1,7.2
Kentucky,3 wk ahead,percent,2.76876479125989e-10,Bin,7.2,7.3
Kentucky,3 wk ahead,percent,2.76876479125989e-10,Bin,7.3,7.4
Kentucky,3 wk ahead,percent,2.76876479125989e-10,Bin,7.4,7.5
Kentucky,3 wk ahead,percent,2.76876479125989e-10,Bin,7.5,7.6
Kentucky,3 wk ahead,percent,2.76876479125989e-10,Bin,7.6,7.7
Kentucky,3 wk ahead,percent,2.76876479125989e-10,Bin,7.7,7.8
Kentucky,3 wk ahead,percent,2.76876479125989e-10,Bin,7.8,7.9
Kentucky,3 wk ahead,percent,2.76876479125989e-10,Bin,7.9,8.0
Kentucky,3 wk ahead,percent,2.76876479125991e-10,Bin,8.0,8.1
Kentucky,3 wk ahead,percent,2.76876479125994e-10,Bin,8.1,8.2
Kentucky,3 wk ahead,percent,2.76876479125994e-10,Bin,8.2,8.3
Kentucky,3 wk ahead,percent,0.00199999985606526,Bin,8.3,8.4
Kentucky,3 wk ahead,percent,2.76876479125994e-10,Bin,8.4,8.5
Kentucky,3 wk ahead,percent,2.76876479125994e-10,Bin,8.5,8.6
Kentucky,3 wk ahead,percent,2.76876479125994e-10,Bin,8.6,8.7
Kentucky,3 wk ahead,percent,2.76876479125994e-10,Bin,8.7,8.8
Kentucky,3 wk ahead,percent,0.00199999985606526,Bin,8.8,8.9
Kentucky,3 wk ahead,percent,2.76876479125994e-10,Bin,8.9,9.0
Kentucky,3 wk ahead,percent,2.76876479125994e-10,Bin,9.0,9.1
Kentucky,3 wk ahead,percent,2.76876479125994e-10,Bin,9.1,9.2
Kentucky,3 wk ahead,percent,2.76876479125994e-10,Bin,9.2,9.3
Kentucky,3 wk ahead,percent,2.76876479125994e-10,Bin,9.3,9.4
Kentucky,3 wk ahead,percent,2.76876479125994e-10,Bin,9.4,9.5
Kentucky,3 wk ahead,percent,2.76876479125994e-10,Bin,9.5,9.6
Kentucky,3 wk ahead,percent,2.76876479125994e-10,Bin,9.6,9.7
Kentucky,3 wk ahead,percent,2.76876479125994e-10,Bin,9.7,9.8
Kentucky,3 wk ahead,percent,0.00199999985606526,Bin,9.8,9.9
Kentucky,3 wk ahead,percent,2.76876479125994e-10,Bin,9.9,10.0
Kentucky,3 wk ahead,percent,0.00199999985606526,Bin,10.0,10.1
Kentucky,3 wk ahead,percent,2.76876479125994e-10,Bin,10.1,10.2
Kentucky,3 wk ahead,percent,2.76876479125994e-10,Bin,10.2,10.3
Kentucky,3 wk ahead,percent,2.76876479125994e-10,Bin,10.3,10.4
Kentucky,3 wk ahead,percent,2.76876479125994e-10,Bin,10.4,10.5
Kentucky,3 wk ahead,percent,0.00199999985606526,Bin,10.5,10.6
Kentucky,3 wk ahead,percent,2.76876479125994e-10,Bin,10.6,10.7
Kentucky,3 wk ahead,percent,2.76876479125994e-10,Bin,10.7,10.8
Kentucky,3 wk ahead,percent,2.76876479125994e-10,Bin,10.8,10.9
Kentucky,3 wk ahead,percent,2.76876479125994e-10,Bin,10.9,11.0
Kentucky,3 wk ahead,percent,2.76876479125994e-10,Bin,11.0,11.1
Kentucky,3 wk ahead,percent,0.00199999985606526,Bin,11.1,11.2
Kentucky,3 wk ahead,percent,2.76876479125994e-10,Bin,11.2,11.3
Kentucky,3 wk ahead,percent,2.76876479125994e-10,Bin,11.3,11.4
Kentucky,3 wk ahead,percent,2.76876479125994e-10,Bin,11.4,11.5
Kentucky,3 wk ahead,percent,2.76876479125994e-10,Bin,11.5,11.6
Kentucky,3 wk ahead,percent,2.76876479125994e-10,Bin,11.6,11.7
Kentucky,3 wk ahead,percent,2.76876479125994e-10,Bin,11.7,11.8
Kentucky,3 wk ahead,percent,2.76876479125994e-10,Bin,11.8,11.9
Kentucky,3 wk ahead,percent,2.76876479125994e-10,Bin,11.9,12.0
Kentucky,3 wk ahead,percent,2.76876479125994e-10,Bin,12.0,12.1
Kentucky,3 wk ahead,percent,2.76876479125994e-10,Bin,12.1,12.2
Kentucky,3 wk ahead,percent,2.76876479125994e-10,Bin,12.2,12.3
Kentucky,3 wk ahead,percent,2.76876479125994e-10,Bin,12.3,12.4
Kentucky,3 wk ahead,percent,2.76876479125994e-10,Bin,12.4,12.5
Kentucky,3 wk ahead,percent,2.76876479125994e-10,Bin,12.5,12.6
Kentucky,3 wk ahead,percent,2.76876479125994e-10,Bin,12.6,12.7
Kentucky,3 wk ahead,percent,2.76876479125994e-10,Bin,12.7,12.8
Kentucky,3 wk ahead,percent,2.76876479125994e-10,Bin,12.8,12.9
Kentucky,3 wk ahead,percent,2.76876479125994e-10,Bin,12.9,13.0
Kentucky,3 wk ahead,percent,0.00199999985606526,Bin,13.0,100.0
Kentucky,4 wk ahead,percent,0.0340000452344486,Bin,0.0,0.1
Kentucky,4 wk ahead,percent,0.158000042233285,Bin,0.1,0.2
Kentucky,4 wk ahead,percent,0.173999981028077,Bin,0.2,0.3
Kentucky,4 wk ahead,percent,0.157999973864938,Bin,0.3,0.4
Kentucky,4 wk ahead,percent,0.0939999980135805,Bin,0.4,0.5
Kentucky,4 wk ahead,percent,0.0799999837515927,Bin,0.5,0.6
Kentucky,4 wk ahead,percent,0.0519999894035622,Bin,0.6,0.7
Kentucky,4 wk ahead,percent,0.0379999923409619,Bin,0.7,0.8
Kentucky,4 wk ahead,percent,0.0199999961176186,Bin,0.8,0.9
Kentucky,4 wk ahead,percent,0.0279999944391045,Bin,0.9,1.0
Kentucky,4 wk ahead,percent,0.0199999961176186,Bin,1.0,1.1
Kentucky,4 wk ahead,percent,0.00399999947464683,Bin,1.1,1.2
Kentucky,4 wk ahead,percent,0.0139999973765042,Bin,1.2,1.3
Kentucky,4 wk ahead,percent,0.00999999821576126,Bin,1.3,1.4
Kentucky,4 wk ahead,percent,0.0159999969568757,Bin,1.4,1.5
Kentucky,4 wk ahead,percent,0.0059999990550183,Bin,1.5,1.6
Kentucky,4 wk ahead,percent,0.0119999977961327,Bin,1.6,1.7
Kentucky,4 wk ahead,percent,0.0059999990550183,Bin,1.7,1.8
Kentucky,4 wk ahead,percent,3.13903874521466e-10,Bin,1.8,1.9
Kentucky,4 wk ahead,percent,0.00799999863538978,Bin,1.9,2.0
Kentucky,4 wk ahead,percent,0.0059999990550183,Bin,2.0,2.1
Kentucky,4 wk ahead,percent,0.00399999947464683,Bin,2.1,2.2
Kentucky,4 wk ahead,percent,0.00399999947464683,Bin,2.2,2.3
Kentucky,4 wk ahead,percent,0.00399999947464683,Bin,2.3,2.4
Kentucky,4 wk ahead,percent,0.00199999989427535,Bin,2.4,2.5
Kentucky,4 wk ahead,percent,0.00199999989427535,Bin,2.5,2.6
Kentucky,4 wk ahead,percent,0.00399999947464683,Bin,2.6,2.7
Kentucky,4 wk ahead,percent,3.13903874521465e-10,Bin,2.7,2.8
Kentucky,4 wk ahead,percent,0.00399999947464683,Bin,2.8,2.9
Kentucky,4 wk ahead,percent,0.00199999989427535,Bin,2.9,3.0
Kentucky,4 wk ahead,percent,0.00399999947464683,Bin,3.0,3.1
Kentucky,4 wk ahead,percent,3.13903874521465e-10,Bin,3.1,3.2
Kentucky,4 wk ahead,percent,0.00199999989427535,Bin,3.2,3.3
Kentucky,4 wk ahead,percent,3.13903874521465e-10,Bin,3.3,3.4
Kentucky,4 wk ahead,percent,0.00199999989427535,Bin,3.4,3.5
Kentucky,4 wk ahead,percent,3.13903874521465e-10,Bin,3.5,3.6
Kentucky,4 wk ahead,percent,0.00199999989427535,Bin,3.6,3.7
Kentucky,4 wk ahead,percent,0.00199999989427535,Bin,3.7,3.8
Kentucky,4 wk ahead,percent,0.0059999990550183,Bin,3.8,3.9
Kentucky,4 wk ahead,percent,3.13903874521465e-10,Bin,3.9,4.0
Kentucky,4 wk ahead,percent,3.13903874521465e-10,Bin,4.0,4.1
Kentucky,4 wk ahead,percent,0.00199999989427535,Bin,4.1,4.2
Kentucky,4 wk ahead,percent,3.13903874521465e-10,Bin,4.2,4.3
Kentucky,4 wk ahead,percent,3.13903874521465e-10,Bin,4.3,4.4
Kentucky,4 wk ahead,percent,3.13903874521465e-10,Bin,4.4,4.5
Kentucky,4 wk ahead,percent,0.00199999989427535,Bin,4.5,4.6
Kentucky,4 wk ahead,percent,3.13903874521465e-10,Bin,4.6,4.7
Kentucky,4 wk ahead,percent,0.00199999989427535,Bin,4.7,4.8
Kentucky,4 wk ahead,percent,3.13903874521465e-10,Bin,4.8,4.9
Kentucky,4 wk ahead,percent,0.00199999989427535,Bin,4.9,5.0
Kentucky,4 wk ahead,percent,3.13903874521465e-10,Bin,5.0,5.1
Kentucky,4 wk ahead,percent,3.13903874521465e-10,Bin,5.1,5.2
Kentucky,4 wk ahead,percent,3.13903874521465e-10,Bin,5.2,5.3
Kentucky,4 wk ahead,percent,3.13903874521465e-10,Bin,5.3,5.4
Kentucky,4 wk ahead,percent,3.13903874521465e-10,Bin,5.4,5.5
Kentucky,4 wk ahead,percent,3.13903874521465e-10,Bin,5.5,5.6
Kentucky,4 wk ahead,percent,3.13903874521465e-10,Bin,5.6,5.7
Kentucky,4 wk ahead,percent,0.00199999989427535,Bin,5.7,5.8
Kentucky,4 wk ahead,percent,3.13903874521465e-10,Bin,5.8,5.9
Kentucky,4 wk ahead,percent,3.13903874521465e-10,Bin,5.9,6.0
Kentucky,4 wk ahead,percent,3.13903874521465e-10,Bin,6.0,6.1
Kentucky,4 wk ahead,percent,3.13903874521465e-10,Bin,6.1,6.2
Kentucky,4 wk ahead,percent,3.13903874521465e-10,Bin,6.2,6.3
Kentucky,4 wk ahead,percent,3.13903874521465e-10,Bin,6.3,6.4
Kentucky,4 wk ahead,percent,3.13903874521465e-10,Bin,6.4,6.5
Kentucky,4 wk ahead,percent,3.13903874521465e-10,Bin,6.5,6.6
Kentucky,4 wk ahead,percent,3.13903874521465e-10,Bin,6.6,6.7
Kentucky,4 wk ahead,percent,0.00199999989427535,Bin,6.7,6.8
Kentucky,4 wk ahead,percent,3.13903874521465e-10,Bin,6.8,6.9
Kentucky,4 wk ahead,percent,3.13903874521465e-10,Bin,6.9,7.0
Kentucky,4 wk ahead,percent,3.13903874521465e-10,Bin,7.0,7.1
Kentucky,4 wk ahead,percent,3.13903874521465e-10,Bin,7.1,7.2
Kentucky,4 wk ahead,percent,3.13903874521465e-10,Bin,7.2,7.3
Kentucky,4 wk ahead,percent,3.13903874521465e-10,Bin,7.3,7.4
Kentucky,4 wk ahead,percent,3.13903874521465e-10,Bin,7.4,7.5
Kentucky,4 wk ahead,percent,3.13903874521465e-10,Bin,7.5,7.6
Kentucky,4 wk ahead,percent,3.13903874521465e-10,Bin,7.6,7.7
Kentucky,4 wk ahead,percent,3.13903874521465e-10,Bin,7.7,7.8
Kentucky,4 wk ahead,percent,3.13903874521465e-10,Bin,7.8,7.9
Kentucky,4 wk ahead,percent,3.13903874521465e-10,Bin,7.9,8.0
Kentucky,4 wk ahead,percent,3.13903874521467e-10,Bin,8.0,8.1
Kentucky,4 wk ahead,percent,3.1390387452147e-10,Bin,8.1,8.2
Kentucky,4 wk ahead,percent,0.00199999989427535,Bin,8.2,8.3
Kentucky,4 wk ahead,percent,3.1390387452147e-10,Bin,8.3,8.4
Kentucky,4 wk ahead,percent,3.1390387452147e-10,Bin,8.4,8.5
Kentucky,4 wk ahead,percent,3.1390387452147e-10,Bin,8.5,8.6
Kentucky,4 wk ahead,percent,3.1390387452147e-10,Bin,8.6,8.7
Kentucky,4 wk ahead,percent,0.00199999989427535,Bin,8.7,8.8
Kentucky,4 wk ahead,percent,3.1390387452147e-10,Bin,8.8,8.9
Kentucky,4 wk ahead,percent,3.1390387452147e-10,Bin,8.9,9.0
Kentucky,4 wk ahead,percent,3.1390387452147e-10,Bin,9.0,9.1
Kentucky,4 wk ahead,percent,3.1390387452147e-10,Bin,9.1,9.2
Kentucky,4 wk ahead,percent,3.1390387452147e-10,Bin,9.2,9.3
Kentucky,4 wk ahead,percent,3.1390387452147e-10,Bin,9.3,9.4
Kentucky,4 wk ahead,percent,3.1390387452147e-10,Bin,9.4,9.5
Kentucky,4 wk ahead,percent,3.1390387452147e-10,Bin,9.5,9.6
Kentucky,4 wk ahead,percent,3.1390387452147e-10,Bin,9.6,9.7
Kentucky,4 wk ahead,percent,3.1390387452147e-10,Bin,9.7,9.8
Kentucky,4 wk ahead,percent,3.1390387452147e-10,Bin,9.8,9.9
Kentucky,4 wk ahead,percent,3.1390387452147e-10,Bin,9.9,10.0
Kentucky,4 wk ahead,percent,3.1390387452147e-10,Bin,10.0,10.1
Kentucky,4 wk ahead,percent,3.1390387452147e-10,Bin,10.1,10.2
Kentucky,4 wk ahead,percent,3.1390387452147e-10,Bin,10.2,10.3
Kentucky,4 wk ahead,percent,3.1390387452147e-10,Bin,10.3,10.4
Kentucky,4 wk ahead,percent,3.1390387452147e-10,Bin,10.4,10.5
Kentucky,4 wk ahead,percent,3.1390387452147e-10,Bin,10.5,10.6
Kentucky,4 wk ahead,percent,3.1390387452147e-10,Bin,10.6,10.7
Kentucky,4 wk ahead,percent,3.1390387452147e-10,Bin,10.7,10.8
Kentucky,4 wk ahead,percent,3.1390387452147e-10,Bin,10.8,10.9
Kentucky,4 wk ahead,percent,3.1390387452147e-10,Bin,10.9,11.0
Kentucky,4 wk ahead,percent,3.1390387452147e-10,Bin,11.0,11.1
Kentucky,4 wk ahead,percent,3.1390387452147e-10,Bin,11.1,11.2
Kentucky,4 wk ahead,percent,3.1390387452147e-10,Bin,11.2,11.3
Kentucky,4 wk ahead,percent,3.1390387452147e-10,Bin,11.3,11.4
Kentucky,4 wk ahead,percent,3.1390387452147e-10,Bin,11.4,11.5
Kentucky,4 wk ahead,percent,3.1390387452147e-10,Bin,11.5,11.6
Kentucky,4 wk ahead,percent,3.1390387452147e-10,Bin,11.6,11.7
Kentucky,4 wk ahead,percent,3.1390387452147e-10,Bin,11.7,11.8
Kentucky,4 wk ahead,percent,3.1390387452147e-10,Bin,11.8,11.9
Kentucky,4 wk ahead,percent,3.1390387452147e-10,Bin,11.9,12.0
Kentucky,4 wk ahead,percent,3.1390387452147e-10,Bin,12.0,12.1
Kentucky,4 wk ahead,percent,3.1390387452147e-10,Bin,12.1,12.2
Kentucky,4 wk ahead,percent,3.1390387452147e-10,Bin,12.2,12.3
Kentucky,4 wk ahead,percent,3.1390387452147e-10,Bin,12.3,12.4
Kentucky,4 wk ahead,percent,3.1390387452147e-10,Bin,12.4,12.5
Kentucky,4 wk ahead,percent,3.1390387452147e-10,Bin,12.5,12.6
Kentucky,4 wk ahead,percent,3.1390387452147e-10,Bin,12.6,12.7
Kentucky,4 wk ahead,percent,3.1390387452147e-10,Bin,12.7,12.8
Kentucky,4 wk ahead,percent,3.1390387452147e-10,Bin,12.8,12.9
Kentucky,4 wk ahead,percent,3.1390387452147e-10,Bin,12.9,13.0
Kentucky,4 wk ahead,percent,0.00199999989427535,Bin,13.0,100.0
Kentucky,Season peak percentage,percent,2.87395105854289e-12,Bin,0.0,0.1
Kentucky,Season peak percentage,percent,6.30766249172609e-12,Bin,0.1,0.2
Kentucky,Season peak percentage,percent,7.08943952718737e-12,Bin,0.2,0.3
Kentucky,Season peak percentage,percent,7.91033806863661e-12,Bin,0.3,0.4
Kentucky,Season peak percentage,percent,8.76581782871568e-12,Bin,0.4,0.5
Kentucky,Season peak percentage,percent,9.65115337462306e-12,Bin,0.5,0.6
Kentucky,Season peak percentage,percent,1.05615112935536e-11,Bin,0.6,0.7
Kentucky,Season peak percentage,percent,1.14918642536911e-11,Bin,0.7,0.8
Kentucky,Season peak percentage,percent,1.24367056030539e-11,Bin,0.8,0.9
Kentucky,Season peak percentage,percent,1.33903294203575e-11,Bin,0.9,1.0
Kentucky,Season peak percentage,percent,1.43466565760046e-11,Bin,1.0,1.1
Kentucky,Season peak percentage,percent,1.52990924830814e-11,Bin,1.1,1.2
Kentucky,Season peak percentage,percent,1.62405691658915e-11,Bin,1.2,1.3
Kentucky,Season peak percentage,percent,1.71636033274722e-11,Bin,1.3,1.4
Kentucky,Season peak percentage,percent,1.80602217673035e-11,Bin,1.4,1.5
Kentucky,Season peak percentage,percent,1.89221816853563e-11,Bin,1.5,1.6
Kentucky,Season peak percentage,percent,1.97410423672648e-11,Bin,1.6,1.7
Kentucky,Season peak percentage,percent,2.05085271311607e-11,Bin,1.7,1.8
Kentucky,Season peak percentage,percent,2.12162978972135e-11,Bin,1.8,1.9
Kentucky,Season peak percentage,percent,2.18561228271172e-11,Bin,1.9,2.0
Kentucky,Season peak percentage,percent,2.24203385479295e-11,Bin,2.0,2.1
Kentucky,Season peak percentage,percent,2.29016881324035e-11,Bin,2.1,2.2
Kentucky,Season peak percentage,percent,2.32930452329344e-11,Bin,2.2,2.3
Kentucky,Season peak percentage,percent,2.35870872640067e-11,Bin,2.3,2.4
Kentucky,Season peak percentage,percent,2.37776903167222e-11,Bin,2.4,2.5
Kentucky,Season peak percentage,percent,2.38589190754255e-11,Bin,2.5,2.6
Kentucky,Season peak percentage,percent,2.38249269948189e-11,Bin,2.6,2.7
Kentucky,Season peak percentage,percent,2.36702105005105e-11,Bin,2.7,2.8
Kentucky,Season peak percentage,percent,2.33913577597768e-11,Bin,2.8,2.9
Kentucky,Season peak percentage,percent,2.29858192180669e-11,Bin,2.9,3.0
Kentucky,Season peak percentage,percent,2.24523321131173e-11,Bin,3.0,3.1
Kentucky,Season peak percentage,percent,2.17921687137722e-11,Bin,3.1,3.2
Kentucky,Season peak percentage,percent,2.10096595589484e-11,Bin,3.2,3.3
Kentucky,Season peak percentage,percent,2.01118097671172e-11,Bin,3.3,3.4
Kentucky,Season peak percentage,percent,1.91082035278502e-11,Bin,3.4,3.5
Kentucky,Season peak percentage,percent,1.80120092547666e-11,Bin,3.5,3.6
Kentucky,Season peak percentage,percent,1.6839038772136e-11,Bin,3.6,3.7
Kentucky,Season peak percentage,percent,1.56074203669237e-11,Bin,3.7,3.8
Kentucky,Season peak percentage,percent,1.43367988294912e-11,Bin,3.8,3.9
Kentucky,Season peak percentage,percent,1.30480225160776e-11,Bin,3.9,4.0
Kentucky,Season peak percentage,percent,1.17620140405016e-11,Bin,4.0,4.1
Kentucky,Season peak percentage,percent,1.04988209172013e-11,Bin,4.1,4.2
Kentucky,Season peak percentage,percent,9.2771609044915e-12,Bin,4.2,4.3
Kentucky,Season peak percentage,percent,8.11366750437676e-12,Bin,4.3,4.4
Kentucky,Season peak percentage,percent,7.0217439866569e-12,Bin,4.4,4.5
Kentucky,Season peak percentage,percent,6.01185751162715e-12,Bin,4.5,4.6
Kentucky,Season peak percentage,percent,5.09146952721256e-12,Bin,4.6,4.7
Kentucky,Season peak percentage,percent,4.26487722789693e-12,Bin,4.7,4.8
Kentucky,Season peak percentage,percent,3.53269382369864e-12,Bin,4.8,4.9
Kentucky,Season peak percentage,percent,2.89318821342486e-12,Bin,4.9,5.0
Kentucky,Season peak percentage,percent,2.34266135518359e-12,Bin,5.0,5.1
Kentucky,Season peak percentage,percent,1.8752994877233e-12,Bin,5.1,5.2
Kentucky,Season peak percentage,percent,1.48380556142466e-12,Bin,5.2,5.3
Kentucky,Season peak percentage,percent,1.16039894750891e-12,Bin,5.3,5.4
Kentucky,Season peak percentage,percent,8.97137123935606e-13,Bin,5.4,5.5
Kentucky,Season peak percentage,percent,6.85695041597292e-13,Bin,5.5,5.6
Kentucky,Season peak percentage,percent,5.18209698521321e-13,Bin,5.6,5.7
Kentucky,Season peak percentage,percent,3.87535965204598e-13,Bin,5.7,5.8
Kentucky,Season peak percentage,percent,2.87356182960393e-13,Bin,5.8,5.9
Kentucky,Season peak percentage,percent,2.11974783843763e-13,Bin,5.9,6.0
Kentucky,Season peak percentage,percent,1.56619483897668e-13,Bin,6.0,6.1
Kentucky,Season peak percentage,percent,1.17493813936019e-13,Bin,6.1,6.2
Kentucky,Season peak percentage,percent,9.16528608557178e-14,Bin,6.2,6.3
Kentucky,Season peak percentage,percent,7.69446898641683e-14,Bin,6.3,6.4
Kentucky,Season peak percentage,percent,7.19580252395496e-14,Bin,6.4,6.5
Kentucky,Season peak percentage,percent,7.60461862211466e-14,Bin,6.5,6.6
Kentucky,Season peak percentage,percent,8.92141919778312e-14,Bin,6.6,6.7
Kentucky,Season peak percentage,percent,1.12095249179494e-13,Bin,6.7,6.8
Kentucky,Season peak percentage,percent,1.45840609083591e-13,Bin,6.8,6.9
Kentucky,Season peak percentage,percent,1.92152724387311e-13,Bin,6.9,7.0
Kentucky,Season peak percentage,percent,2.5321316949081e-13,Bin,7.0,7.1
Kentucky,Season peak percentage,percent,3.31529076121896e-13,Bin,7.1,7.2
Kentucky,Season peak percentage,percent,4.2979047299305e-13,Bin,7.2,7.3
Kentucky,Season peak percentage,percent,5.5085510261237e-13,Bin,7.3,7.4
Kentucky,Season peak percentage,percent,6.97647882117241e-13,Bin,7.4,7.5
Kentucky,Season peak percentage,percent,8.72593069874719e-13,Bin,7.5,7.6
Kentucky,Season peak percentage,percent,1.07761985491988e-12,Bin,7.6,7.7
Kentucky,Season peak percentage,percent,1.31399727858475e-12,Bin,7.7,7.8
Kentucky,Season peak percentage,percent,1.58204542417022e-12,Bin,7.8,7.9
Kentucky,Season peak percentage,percent,1.8805007069067e-12,Bin,7.9,8.0
Kentucky,Season peak percentage,percent,2.20678178109904e-12,Bin,8.0,8.1
Kentucky,Season peak percentage,percent,2.55676739336746e-12,Bin,8.1,8.2
Kentucky,Season peak percentage,percent,2.92461554977754e-12,Bin,8.2,8.3
Kentucky,Season peak percentage,percent,3.30280691063803e-12,Bin,8.3,8.4
Kentucky,Season peak percentage,percent,3.68246249423019e-12,Bin,8.4,8.5
Kentucky,Season peak percentage,percent,4.05354687317898e-12,Bin,8.5,8.6
Kentucky,Season peak percentage,percent,4.4052632038746e-12,Bin,8.6,8.7
Kentucky,Season peak percentage,percent,4.72656758861325e-12,Bin,8.7,8.8
Kentucky,Season peak percentage,percent,5.00688469220118e-12,Bin,8.8,8.9
Kentucky,Season peak percentage,percent,5.23636794273791e-12,Bin,8.9,9.0
Kentucky,Season peak percentage,percent,5.40663081341458e-12,Bin,9.0,9.1
Kentucky,Season peak percentage,percent,5.51142610102605e-12,Bin,9.1,9.2
Kentucky,Season peak percentage,percent,5.54691130768091e-12,Bin,9.2,9.3
Kentucky,Season peak percentage,percent,5.51166682267032e-12,Bin,9.3,9.4
Kentucky,Season peak percentage,percent,5.40667936437511e-12,Bin,9.4,9.5
Kentucky,Season peak percentage,percent,5.23632055227467e-12,Bin,9.5,9.6
Kentucky,Season peak percentage,percent,5.00694883736928e-12,Bin,9.6,9.7
Kentucky,Season peak percentage,percent,4.72669878318428e-12,Bin,9.7,9.8
Kentucky,Season peak percentage,percent,4.40526876756815e-12,Bin,9.8,9.9
Kentucky,Season peak percentage,percent,4.0535418976971e-12,Bin,9.9,10.0
Kentucky,Season peak percentage,percent,3.68248855693734e-12,Bin,10.0,10.1
Kentucky,Season peak percentage,percent,3.3028152489533e-12,Bin,10.1,10.2
Kentucky,Season peak percentage,percent,2.92462635446463e-12,Bin,10.2,10.3
Kentucky,Season peak percentage,percent,2.55680406836179e-12,Bin,10.3,10.4
Kentucky,Season peak percentage,percent,2.20677126191887e-12,Bin,10.4,10.5
Kentucky,Season peak percentage,percent,1.8804635981006e-12,Bin,10.5,10.6
Kentucky,Season peak percentage,percent,1.58203758688742e-12,Bin,10.6,10.7
Kentucky,Season peak percentage,percent,1.3140172573434e-12,Bin,10.7,10.8
Kentucky,Season peak percentage,percent,1.07746633502936e-12,Bin,10.8,10.9
Kentucky,Season peak percentage,percent,8.72307057935411e-13,Bin,10.9,11.0
Kentucky,Season peak percentage,percent,6.97253064318315e-13,Bin,11.0,11.1
Kentucky,Season peak percentage,percent,5.50212015104316e-13,Bin,11.1,11.2
Kentucky,Season peak percentage,percent,4.28638480308197e-13,Bin,11.2,11.3
Kentucky,Season peak percentage,percent,3.29694278203847e-13,Bin,11.3,11.4
Kentucky,Season peak percentage,percent,2.50401877615252e-13,Bin,11.4,11.5
Kentucky,Season peak percentage,percent,1.87741609117736e-13,Bin,11.5,11.6
Kentucky,Season peak percentage,percent,1.38958909773681e-13,Bin,11.6,11.7
Kentucky,Season peak percentage,percent,1.01544477569973e-13,Bin,11.7,11.8
Kentucky,Season peak percentage,percent,7.32895401517693e-14,Bin,11.8,11.9
Kentucky,Season peak percentage,percent,6.24773016621397e-14,Bin,11.9,12.0
Kentucky,Season peak percentage,percent,6.24773016621397e-14,Bin,12.0,12.1
Kentucky,Season peak percentage,percent,6.24773016621397e-14,Bin,12.1,12.2
Kentucky,Season peak percentage,percent,6.24773016621397e-14,Bin,12.2,12.3
Kentucky,Season peak percentage,percent,0.983999999122216,Bin,12.3,12.4
Kentucky,Season peak percentage,percent,6.24773016621397e-14,Bin,12.4,12.5
Kentucky,Season peak percentage,percent,6.24773016621397e-14,Bin,12.5,12.6
Kentucky,Season peak percentage,percent,6.24773016621397e-14,Bin,12.6,12.7
Kentucky,Season peak percentage,percent,6.24773016621397e-14,Bin,12.7,12.8
Kentucky,Season peak percentage,percent,6.24773016621397e-14,Bin,12.8,12.9
Kentucky,Season peak percentage,percent,6.24773016621397e-14,Bin,12.9,13.0
Kentucky,Season peak percentage,percent,0.0159999999857886,Bin,13.0,100.0
Kentucky,Season peak week,week,2.52786713799608e-05,Bin,40.0,41.0
Kentucky,Season peak week,week,2.52786713799608e-05,Bin,41.0,42.0
Kentucky,Season peak week,week,2.52786713799608e-05,Bin,42.0,43.0
Kentucky,Season peak week,week,2.52786713799608e-05,Bin,43.0,44.0
Kentucky,Season peak week,week,2.52786713799608e-05,Bin,44.0,45.0
Kentucky,Season peak week,week,2.52786713799608e-05,Bin,45.0,46.0
Kentucky,Season peak week,week,2.52786713799608e-05,Bin,46.0,47.0
Kentucky,Season peak week,week,5.08116037142248e-05,Bin,47.0,48.0
Kentucky,Season peak week,week,0.000164005571990036,Bin,48.0,49.0
Kentucky,Season peak week,week,0.000432193609970693,Bin,49.0,50.0
Kentucky,Season peak week,week,0.00093382176271545,Bin,50.0,51.0
Kentucky,Season peak week,week,0.00166634017908925,Bin,51.0,52.0
Kentucky,Season peak week,week,0.0024856410100294,Bin,52.0,53.0
Kentucky,Season peak week,week,0.00316519710472739,Bin,1.0,2.0
Kentucky,Season peak week,week,0.937924453474541,Bin,2.0,3.0
Kentucky,Season peak week,week,0.00376405950975362,Bin,3.0,4.0
Kentucky,Season peak week,week,0.00397788665163951,Bin,4.0,5.0
Kentucky,Season peak week,week,0.00438366583348024,Bin,5.0,6.0
Kentucky,Season peak week,week,0.00495812919326579,Bin,6.0,7.0
Kentucky,Season peak week,week,0.005486456150848,Bin,7.0,8.0
Kentucky,Season peak week,week,0.00570352652271547,Bin,8.0,9.0
Kentucky,Season peak week,week,0.00544565103369182,Bin,9.0,10.0
Kentucky,Season peak week,week,0.00471346555784163,Bin,10.0,11.0
Kentucky,Season peak week,week,0.00365188603944876,Bin,11.0,12.0
Kentucky,Season peak week,week,0.00249337671955552,Bin,12.0,13.0
Kentucky,Season peak week,week,0.00147468458785564,Bin,13.0,14.0
Kentucky,Season peak week,week,0.000743564939965718,Bin,14.0,15.0
Kentucky,Season peak week,week,0.000315496474900091,Bin,15.0,16.0
Kentucky,Season peak week,week,0.000111531826115018,Bin,16.0,17.0
Kentucky,Season peak week,week,3.26186378368734e-05,Bin,17.0,18.0
Kentucky,Season peak week,week,0.00191486176821612,Bin,18.0,19.0
Kentucky,Season peak week,week,0.00191486176821612,Bin,19.0,20.0
Kentucky,Season peak week,week,0.00191486176821612,Bin,20.0,21.0
Louisiana,1 wk ahead,percent,0,Bin,0.0,0.1
Louisiana,1 wk ahead,percent,0,Bin,0.1,0.2
Louisiana,1 wk ahead,percent,0,Bin,0.2,0.3
Louisiana,1 wk ahead,percent,0,Bin,0.3,0.4
Louisiana,1 wk ahead,percent,0,Bin,0.4,0.5
Louisiana,1 wk ahead,percent,0,Bin,0.5,0.6
Louisiana,1 wk ahead,percent,0,Bin,0.6,0.7
Louisiana,1 wk ahead,percent,0,Bin,0.7,0.8
Louisiana,1 wk ahead,percent,0,Bin,0.8,0.9
Louisiana,1 wk ahead,percent,0,Bin,0.9,1.0
Louisiana,1 wk ahead,percent,0,Bin,1.0,1.1
Louisiana,1 wk ahead,percent,0,Bin,1.1,1.2
Louisiana,1 wk ahead,percent,0,Bin,1.2,1.3
Louisiana,1 wk ahead,percent,0,Bin,1.3,1.4
Louisiana,1 wk ahead,percent,0,Bin,1.4,1.5
Louisiana,1 wk ahead,percent,0.031999997796112,Bin,1.5,1.6
Louisiana,1 wk ahead,percent,0.01999999862257,Bin,1.6,1.7
Louisiana,1 wk ahead,percent,0.021999998484827,Bin,1.7,1.8
Louisiana,1 wk ahead,percent,0.133999990771219,Bin,1.8,1.9
Louisiana,1 wk ahead,percent,0.153999989393789,Bin,1.9,2.0
Louisiana,1 wk ahead,percent,0.243999983195354,Bin,2.0,2.1
Louisiana,1 wk ahead,percent,0.111999992286392,Bin,2.1,2.2
Louisiana,1 wk ahead,percent,0.125999991322191,Bin,2.2,2.3
Louisiana,1 wk ahead,percent,0.113999992148649,Bin,2.3,2.4
Louisiana,1 wk ahead,percent,0.023999998347084,Bin,2.4,2.5
Louisiana,1 wk ahead,percent,0.007999999449028,Bin,2.5,2.6
Louisiana,1 wk ahead,percent,0.009999999311285,Bin,2.6,2.7
Louisiana,1 wk ahead,percent,0,Bin,2.7,2.8
Louisiana,1 wk ahead,percent,0,Bin,2.8,2.9
Louisiana,1 wk ahead,percent,0,Bin,2.9,3.0
Louisiana,1 wk ahead,percent,0,Bin,3.0,3.1
Louisiana,1 wk ahead,percent,0,Bin,3.1,3.2
Louisiana,1 wk ahead,percent,0,Bin,3.2,3.3
Louisiana,1 wk ahead,percent,0,Bin,3.3,3.4
Louisiana,1 wk ahead,percent,0,Bin,3.4,3.5
Louisiana,1 wk ahead,percent,0,Bin,3.5,3.6
Louisiana,1 wk ahead,percent,0,Bin,3.6,3.7
Louisiana,1 wk ahead,percent,0,Bin,3.7,3.8
Louisiana,1 wk ahead,percent,0,Bin,3.8,3.9
Louisiana,1 wk ahead,percent,0,Bin,3.9,4.0
Louisiana,1 wk ahead,percent,0,Bin,4.0,4.1
Louisiana,1 wk ahead,percent,0,Bin,4.1,4.2
Louisiana,1 wk ahead,percent,0,Bin,4.2,4.3
Louisiana,1 wk ahead,percent,0,Bin,4.3,4.4
Louisiana,1 wk ahead,percent,0,Bin,4.4,4.5
Louisiana,1 wk ahead,percent,0,Bin,4.5,4.6
Louisiana,1 wk ahead,percent,0,Bin,4.6,4.7
Louisiana,1 wk ahead,percent,0,Bin,4.7,4.8
Louisiana,1 wk ahead,percent,0,Bin,4.8,4.9
Louisiana,1 wk ahead,percent,0,Bin,4.9,5.0
Louisiana,1 wk ahead,percent,0,Bin,5.0,5.1
Louisiana,1 wk ahead,percent,0,Bin,5.1,5.2
Louisiana,1 wk ahead,percent,0,Bin,5.2,5.3
Louisiana,1 wk ahead,percent,0,Bin,5.3,5.4
Louisiana,1 wk ahead,percent,0,Bin,5.4,5.5
Louisiana,1 wk ahead,percent,0,Bin,5.5,5.6
Louisiana,1 wk ahead,percent,0,Bin,5.6,5.7
Louisiana,1 wk ahead,percent,0,Bin,5.7,5.8
Louisiana,1 wk ahead,percent,0,Bin,5.8,5.9
Louisiana,1 wk ahead,percent,0,Bin,5.9,6.0
Louisiana,1 wk ahead,percent,0,Bin,6.0,6.1
Louisiana,1 wk ahead,percent,0,Bin,6.1,6.2
Louisiana,1 wk ahead,percent,0,Bin,6.2,6.3
Louisiana,1 wk ahead,percent,0,Bin,6.3,6.4
Louisiana,1 wk ahead,percent,0,Bin,6.4,6.5
Louisiana,1 wk ahead,percent,0,Bin,6.5,6.6
Louisiana,1 wk ahead,percent,0,Bin,6.6,6.7
Louisiana,1 wk ahead,percent,0,Bin,6.7,6.8
Louisiana,1 wk ahead,percent,0,Bin,6.8,6.9
Louisiana,1 wk ahead,percent,0,Bin,6.9,7.0
Louisiana,1 wk ahead,percent,0,Bin,7.0,7.1
Louisiana,1 wk ahead,percent,0,Bin,7.1,7.2
Louisiana,1 wk ahead,percent,0,Bin,7.2,7.3
Louisiana,1 wk ahead,percent,0,Bin,7.3,7.4
Louisiana,1 wk ahead,percent,0,Bin,7.4,7.5
Louisiana,1 wk ahead,percent,0,Bin,7.5,7.6
Louisiana,1 wk ahead,percent,0,Bin,7.6,7.7
Louisiana,1 wk ahead,percent,0,Bin,7.7,7.8
Louisiana,1 wk ahead,percent,0,Bin,7.8,7.9
Louisiana,1 wk ahead,percent,0,Bin,7.9,8.0
Louisiana,1 wk ahead,percent,0,Bin,8.0,8.1
Louisiana,1 wk ahead,percent,0,Bin,8.1,8.2
Louisiana,1 wk ahead,percent,0,Bin,8.2,8.3
Louisiana,1 wk ahead,percent,0,Bin,8.3,8.4
Louisiana,1 wk ahead,percent,0,Bin,8.4,8.5
Louisiana,1 wk ahead,percent,0,Bin,8.5,8.6
Louisiana,1 wk ahead,percent,0,Bin,8.6,8.7
Louisiana,1 wk ahead,percent,0,Bin,8.7,8.8
Louisiana,1 wk ahead,percent,0,Bin,8.8,8.9
Louisiana,1 wk ahead,percent,0,Bin,8.9,9.0
Louisiana,1 wk ahead,percent,0,Bin,9.0,9.1
Louisiana,1 wk ahead,percent,0,Bin,9.1,9.2
Louisiana,1 wk ahead,percent,0,Bin,9.2,9.3
Louisiana,1 wk ahead,percent,0,Bin,9.3,9.4
Louisiana,1 wk ahead,percent,0,Bin,9.4,9.5
Louisiana,1 wk ahead,percent,0,Bin,9.5,9.6
Louisiana,1 wk ahead,percent,0,Bin,9.6,9.7
Louisiana,1 wk ahead,percent,0,Bin,9.7,9.8
Louisiana,1 wk ahead,percent,0,Bin,9.8,9.9
Louisiana,1 wk ahead,percent,0,Bin,9.9,10.0
Louisiana,1 wk ahead,percent,0,Bin,10.0,10.1
Louisiana,1 wk ahead,percent,0,Bin,10.1,10.2
Louisiana,1 wk ahead,percent,0,Bin,10.2,10.3
Louisiana,1 wk ahead,percent,0,Bin,10.3,10.4
Louisiana,1 wk ahead,percent,0,Bin,10.4,10.5
Louisiana,1 wk ahead,percent,0,Bin,10.5,10.6
Louisiana,1 wk ahead,percent,0,Bin,10.6,10.7
Louisiana,1 wk ahead,percent,0,Bin,10.7,10.8
Louisiana,1 wk ahead,percent,0,Bin,10.8,10.9
Louisiana,1 wk ahead,percent,0,Bin,10.9,11.0
Louisiana,1 wk ahead,percent,0,Bin,11.0,11.1
Louisiana,1 wk ahead,percent,0,Bin,11.1,11.2
Louisiana,1 wk ahead,percent,0,Bin,11.2,11.3
Louisiana,1 wk ahead,percent,0,Bin,11.3,11.4
Louisiana,1 wk ahead,percent,0,Bin,11.4,11.5
Louisiana,1 wk ahead,percent,0,Bin,11.5,11.6
Louisiana,1 wk ahead,percent,0,Bin,11.6,11.7
Louisiana,1 wk ahead,percent,0,Bin,11.7,11.8
Louisiana,1 wk ahead,percent,0,Bin,11.8,11.9
Louisiana,1 wk ahead,percent,0,Bin,11.9,12.0
Louisiana,1 wk ahead,percent,0,Bin,12.0,12.1
Louisiana,1 wk ahead,percent,0,Bin,12.1,12.2
Louisiana,1 wk ahead,percent,0,Bin,12.2,12.3
Louisiana,1 wk ahead,percent,0,Bin,12.3,12.4
Louisiana,1 wk ahead,percent,0,Bin,12.4,12.5
Louisiana,1 wk ahead,percent,0,Bin,12.5,12.6
Louisiana,1 wk ahead,percent,0,Bin,12.6,12.7
Louisiana,1 wk ahead,percent,0,Bin,12.7,12.8
Louisiana,1 wk ahead,percent,0,Bin,12.8,12.9
Louisiana,1 wk ahead,percent,0,Bin,12.9,13.0
Louisiana,1 wk ahead,percent,0,Bin,13.0,100.0
Louisiana,2 wk ahead,percent,0,Bin,0.0,0.1
Louisiana,2 wk ahead,percent,0,Bin,0.1,0.2
Louisiana,2 wk ahead,percent,0,Bin,0.2,0.3
Louisiana,2 wk ahead,percent,0,Bin,0.3,0.4
Louisiana,2 wk ahead,percent,0,Bin,0.4,0.5
Louisiana,2 wk ahead,percent,0,Bin,0.5,0.6
Louisiana,2 wk ahead,percent,0,Bin,0.6,0.7
Louisiana,2 wk ahead,percent,0,Bin,0.7,0.8
Louisiana,2 wk ahead,percent,0,Bin,0.8,0.9
Louisiana,2 wk ahead,percent,0,Bin,0.9,1.0
Louisiana,2 wk ahead,percent,0,Bin,1.0,1.1
Louisiana,2 wk ahead,percent,0,Bin,1.1,1.2
Louisiana,2 wk ahead,percent,0,Bin,1.2,1.3
Louisiana,2 wk ahead,percent,0.0159999988185542,Bin,1.3,1.4
Louisiana,2 wk ahead,percent,0.0119999991139157,Bin,1.4,1.5
Louisiana,2 wk ahead,percent,0.049999996307982,Bin,1.5,1.6
Louisiana,2 wk ahead,percent,0.0979999927636447,Bin,1.6,1.7
Louisiana,2 wk ahead,percent,0.099999992615964,Bin,1.7,1.8
Louisiana,2 wk ahead,percent,0.141999989514669,Bin,1.8,1.9
Louisiana,2 wk ahead,percent,0.169999987447139,Bin,1.9,2.0
Louisiana,2 wk ahead,percent,0.105999992172922,Bin,2.0,2.1
Louisiana,2 wk ahead,percent,0.103999992320603,Bin,2.1,2.2
Louisiana,2 wk ahead,percent,0.0799999940927712,Bin,2.2,2.3
Louisiana,2 wk ahead,percent,0.0379999971940663,Bin,2.3,2.4
Louisiana,2 wk ahead,percent,0.0439999967510242,Bin,2.4,2.5
Louisiana,2 wk ahead,percent,0.0159999988185542,Bin,2.5,2.6
Louisiana,2 wk ahead,percent,0.013999998966235,Bin,2.6,2.7
Louisiana,2 wk ahead,percent,0.00199999985231928,Bin,2.7,2.8
Louisiana,2 wk ahead,percent,0.00399999970463856,Bin,2.8,2.9
Louisiana,2 wk ahead,percent,0.00199999985231928,Bin,2.9,3.0
Louisiana,2 wk ahead,percent,0,Bin,3.0,3.1
Louisiana,2 wk ahead,percent,0,Bin,3.1,3.2
Louisiana,2 wk ahead,percent,0.00199999985231928,Bin,3.2,3.3
Louisiana,2 wk ahead,percent,0,Bin,3.3,3.4
Louisiana,2 wk ahead,percent,0,Bin,3.4,3.5
Louisiana,2 wk ahead,percent,0,Bin,3.5,3.6
Louisiana,2 wk ahead,percent,0,Bin,3.6,3.7
Louisiana,2 wk ahead,percent,0,Bin,3.7,3.8
Louisiana,2 wk ahead,percent,0,Bin,3.8,3.9
Louisiana,2 wk ahead,percent,0,Bin,3.9,4.0
Louisiana,2 wk ahead,percent,0,Bin,4.0,4.1
Louisiana,2 wk ahead,percent,0,Bin,4.1,4.2
Louisiana,2 wk ahead,percent,0,Bin,4.2,4.3
Louisiana,2 wk ahead,percent,0,Bin,4.3,4.4
Louisiana,2 wk ahead,percent,0,Bin,4.4,4.5
Louisiana,2 wk ahead,percent,0,Bin,4.5,4.6
Louisiana,2 wk ahead,percent,0,Bin,4.6,4.7
Louisiana,2 wk ahead,percent,0,Bin,4.7,4.8
Louisiana,2 wk ahead,percent,0,Bin,4.8,4.9
Louisiana,2 wk ahead,percent,0,Bin,4.9,5.0
Louisiana,2 wk ahead,percent,0,Bin,5.0,5.1
Louisiana,2 wk ahead,percent,0,Bin,5.1,5.2
Louisiana,2 wk ahead,percent,0,Bin,5.2,5.3
Louisiana,2 wk ahead,percent,0,Bin,5.3,5.4
Louisiana,2 wk ahead,percent,0,Bin,5.4,5.5
Louisiana,2 wk ahead,percent,0,Bin,5.5,5.6
Louisiana,2 wk ahead,percent,0,Bin,5.6,5.7
Louisiana,2 wk ahead,percent,0,Bin,5.7,5.8
Louisiana,2 wk ahead,percent,0,Bin,5.8,5.9
Louisiana,2 wk ahead,percent,0,Bin,5.9,6.0
Louisiana,2 wk ahead,percent,0,Bin,6.0,6.1
Louisiana,2 wk ahead,percent,0,Bin,6.1,6.2
Louisiana,2 wk ahead,percent,0,Bin,6.2,6.3
Louisiana,2 wk ahead,percent,0,Bin,6.3,6.4
Louisiana,2 wk ahead,percent,0,Bin,6.4,6.5
Louisiana,2 wk ahead,percent,0,Bin,6.5,6.6
Louisiana,2 wk ahead,percent,0,Bin,6.6,6.7
Louisiana,2 wk ahead,percent,0,Bin,6.7,6.8
Louisiana,2 wk ahead,percent,0,Bin,6.8,6.9
Louisiana,2 wk ahead,percent,0,Bin,6.9,7.0
Louisiana,2 wk ahead,percent,0,Bin,7.0,7.1
Louisiana,2 wk ahead,percent,0,Bin,7.1,7.2
Louisiana,2 wk ahead,percent,0,Bin,7.2,7.3
Louisiana,2 wk ahead,percent,0,Bin,7.3,7.4
Louisiana,2 wk ahead,percent,0,Bin,7.4,7.5
Louisiana,2 wk ahead,percent,0,Bin,7.5,7.6
Louisiana,2 wk ahead,percent,0,Bin,7.6,7.7
Louisiana,2 wk ahead,percent,0,Bin,7.7,7.8
Louisiana,2 wk ahead,percent,0,Bin,7.8,7.9
Louisiana,2 wk ahead,percent,0,Bin,7.9,8.0
Louisiana,2 wk ahead,percent,0,Bin,8.0,8.1
Louisiana,2 wk ahead,percent,0,Bin,8.1,8.2
Louisiana,2 wk ahead,percent,0,Bin,8.2,8.3
Louisiana,2 wk ahead,percent,0,Bin,8.3,8.4
Louisiana,2 wk ahead,percent,0,Bin,8.4,8.5
Louisiana,2 wk ahead,percent,0,Bin,8.5,8.6
Louisiana,2 wk ahead,percent,0,Bin,8.6,8.7
Louisiana,2 wk ahead,percent,0,Bin,8.7,8.8
Louisiana,2 wk ahead,percent,0,Bin,8.8,8.9
Louisiana,2 wk ahead,percent,0,Bin,8.9,9.0
Louisiana,2 wk ahead,percent,0,Bin,9.0,9.1
Louisiana,2 wk ahead,percent,0,Bin,9.1,9.2
Louisiana,2 wk ahead,percent,0,Bin,9.2,9.3
Louisiana,2 wk ahead,percent,0,Bin,9.3,9.4
Louisiana,2 wk ahead,percent,0,Bin,9.4,9.5
Louisiana,2 wk ahead,percent,0,Bin,9.5,9.6
Louisiana,2 wk ahead,percent,0,Bin,9.6,9.7
Louisiana,2 wk ahead,percent,0,Bin,9.7,9.8
Louisiana,2 wk ahead,percent,0,Bin,9.8,9.9
Louisiana,2 wk ahead,percent,0,Bin,9.9,10.0
Louisiana,2 wk ahead,percent,0,Bin,10.0,10.1
Louisiana,2 wk ahead,percent,0,Bin,10.1,10.2
Louisiana,2 wk ahead,percent,0,Bin,10.2,10.3
Louisiana,2 wk ahead,percent,0,Bin,10.3,10.4
Louisiana,2 wk ahead,percent,0,Bin,10.4,10.5
Louisiana,2 wk ahead,percent,0,Bin,10.5,10.6
Louisiana,2 wk ahead,percent,0,Bin,10.6,10.7
Louisiana,2 wk ahead,percent,0,Bin,10.7,10.8
Louisiana,2 wk ahead,percent,0,Bin,10.8,10.9
Louisiana,2 wk ahead,percent,0,Bin,10.9,11.0
Louisiana,2 wk ahead,percent,0,Bin,11.0,11.1
Louisiana,2 wk ahead,percent,0,Bin,11.1,11.2
Louisiana,2 wk ahead,percent,0,Bin,11.2,11.3
Louisiana,2 wk ahead,percent,0,Bin,11.3,11.4
Louisiana,2 wk ahead,percent,0,Bin,11.4,11.5
Louisiana,2 wk ahead,percent,0,Bin,11.5,11.6
Louisiana,2 wk ahead,percent,0,Bin,11.6,11.7
Louisiana,2 wk ahead,percent,0,Bin,11.7,11.8
Louisiana,2 wk ahead,percent,0,Bin,11.8,11.9
Louisiana,2 wk ahead,percent,0,Bin,11.9,12.0
Louisiana,2 wk ahead,percent,0,Bin,12.0,12.1
Louisiana,2 wk ahead,percent,0,Bin,12.1,12.2
Louisiana,2 wk ahead,percent,0,Bin,12.2,12.3
Louisiana,2 wk ahead,percent,0,Bin,12.3,12.4
Louisiana,2 wk ahead,percent,0,Bin,12.4,12.5
Louisiana,2 wk ahead,percent,0,Bin,12.5,12.6
Louisiana,2 wk ahead,percent,0,Bin,12.6,12.7
Louisiana,2 wk ahead,percent,0,Bin,12.7,12.8
Louisiana,2 wk ahead,percent,0,Bin,12.8,12.9
Louisiana,2 wk ahead,percent,0,Bin,12.9,13.0
Louisiana,2 wk ahead,percent,0,Bin,13.0,100.0
Louisiana,3 wk ahead,percent,0,Bin,0.0,0.1
Louisiana,3 wk ahead,percent,0,Bin,0.1,0.2
Louisiana,3 wk ahead,percent,0,Bin,0.2,0.3
Louisiana,3 wk ahead,percent,0,Bin,0.3,0.4
Louisiana,3 wk ahead,percent,0,Bin,0.4,0.5
Louisiana,3 wk ahead,percent,0,Bin,0.5,0.6
Louisiana,3 wk ahead,percent,0,Bin,0.6,0.7
Louisiana,3 wk ahead,percent,0,Bin,0.7,0.8
Louisiana,3 wk ahead,percent,0,Bin,0.8,0.9
Louisiana,3 wk ahead,percent,0.00199999957918878,Bin,0.9,1.0
Louisiana,3 wk ahead,percent,0.00799999831675514,Bin,1.0,1.1
Louisiana,3 wk ahead,percent,0.0219999953710766,Bin,1.1,1.2
Louisiana,3 wk ahead,percent,0.0259999945294542,Bin,1.2,1.3
Louisiana,3 wk ahead,percent,0.0579999877964747,Bin,1.3,1.4
Louisiana,3 wk ahead,percent,0.0859999819051177,Bin,1.4,1.5
Louisiana,3 wk ahead,percent,0.0859999819051177,Bin,1.5,1.6
Louisiana,3 wk ahead,percent,0.123999973909705,Bin,1.6,1.7
Louisiana,3 wk ahead,percent,0.111999976434572,Bin,1.7,1.8
Louisiana,3 wk ahead,percent,0.0999999789594392,Bin,1.8,1.9
Louisiana,3 wk ahead,percent,0.0899999810634953,Bin,1.9,2.0
Louisiana,3 wk ahead,percent,0.0779999835883626,Bin,2.0,2.1
Louisiana,3 wk ahead,percent,0.0619999869548523,Bin,2.1,2.2
Louisiana,3 wk ahead,percent,0.0519999890589084,Bin,2.2,2.3
Louisiana,3 wk ahead,percent,0.0379999920045869,Bin,2.3,2.4
Louisiana,3 wk ahead,percent,0.0119999974751327,Bin,2.4,2.5
Louisiana,3 wk ahead,percent,0.0199999957918878,Bin,2.5,2.6
Louisiana,3 wk ahead,percent,0.00599999873756635,Bin,2.6,2.7
Louisiana,3 wk ahead,percent,0.00599999873756635,Bin,2.7,2.8
Louisiana,3 wk ahead,percent,0.00399999915837757,Bin,2.8,2.9
Louisiana,3 wk ahead,percent,0,Bin,2.9,3.0
Louisiana,3 wk ahead,percent,0.00199999957918878,Bin,3.0,3.1
Louisiana,3 wk ahead,percent,0.00399999915837757,Bin,3.1,3.2
Louisiana,3 wk ahead,percent,0,Bin,3.2,3.3
Louisiana,3 wk ahead,percent,0,Bin,3.3,3.4
Louisiana,3 wk ahead,percent,0,Bin,3.4,3.5
Louisiana,3 wk ahead,percent,0,Bin,3.5,3.6
Louisiana,3 wk ahead,percent,0.00199999957918878,Bin,3.6,3.7
Louisiana,3 wk ahead,percent,0,Bin,3.7,3.8
Louisiana,3 wk ahead,percent,0,Bin,3.8,3.9
Louisiana,3 wk ahead,percent,0,Bin,3.9,4.0
Louisiana,3 wk ahead,percent,0,Bin,4.0,4.1
Louisiana,3 wk ahead,percent,0,Bin,4.1,4.2
Louisiana,3 wk ahead,percent,0,Bin,4.2,4.3
Louisiana,3 wk ahead,percent,0,Bin,4.3,4.4
Louisiana,3 wk ahead,percent,0,Bin,4.4,4.5
Louisiana,3 wk ahead,percent,0,Bin,4.5,4.6
Louisiana,3 wk ahead,percent,0,Bin,4.6,4.7
Louisiana,3 wk ahead,percent,0,Bin,4.7,4.8
Louisiana,3 wk ahead,percent,0,Bin,4.8,4.9
Louisiana,3 wk ahead,percent,0,Bin,4.9,5.0
Louisiana,3 wk ahead,percent,0,Bin,5.0,5.1
Louisiana,3 wk ahead,percent,0,Bin,5.1,5.2
Louisiana,3 wk ahead,percent,0,Bin,5.2,5.3
Louisiana,3 wk ahead,percent,0,Bin,5.3,5.4
Louisiana,3 wk ahead,percent,0,Bin,5.4,5.5
Louisiana,3 wk ahead,percent,0,Bin,5.5,5.6
Louisiana,3 wk ahead,percent,0,Bin,5.6,5.7
Louisiana,3 wk ahead,percent,0,Bin,5.7,5.8
Louisiana,3 wk ahead,percent,0,Bin,5.8,5.9
Louisiana,3 wk ahead,percent,0,Bin,5.9,6.0
Louisiana,3 wk ahead,percent,0,Bin,6.0,6.1
Louisiana,3 wk ahead,percent,0,Bin,6.1,6.2
Louisiana,3 wk ahead,percent,0,Bin,6.2,6.3
Louisiana,3 wk ahead,percent,0,Bin,6.3,6.4
Louisiana,3 wk ahead,percent,0,Bin,6.4,6.5
Louisiana,3 wk ahead,percent,0,Bin,6.5,6.6
Louisiana,3 wk ahead,percent,0,Bin,6.6,6.7
Louisiana,3 wk ahead,percent,0,Bin,6.7,6.8
Louisiana,3 wk ahead,percent,0,Bin,6.8,6.9
Louisiana,3 wk ahead,percent,0,Bin,6.9,7.0
Louisiana,3 wk ahead,percent,0,Bin,7.0,7.1
Louisiana,3 wk ahead,percent,0,Bin,7.1,7.2
Louisiana,3 wk ahead,percent,0,Bin,7.2,7.3
Louisiana,3 wk ahead,percent,0,Bin,7.3,7.4
Louisiana,3 wk ahead,percent,0,Bin,7.4,7.5
Louisiana,3 wk ahead,percent,0,Bin,7.5,7.6
Louisiana,3 wk ahead,percent,0,Bin,7.6,7.7
Louisiana,3 wk ahead,percent,0,Bin,7.7,7.8
Louisiana,3 wk ahead,percent,0,Bin,7.8,7.9
Louisiana,3 wk ahead,percent,0,Bin,7.9,8.0
Louisiana,3 wk ahead,percent,0,Bin,8.0,8.1
Louisiana,3 wk ahead,percent,0,Bin,8.1,8.2
Louisiana,3 wk ahead,percent,0,Bin,8.2,8.3
Louisiana,3 wk ahead,percent,0,Bin,8.3,8.4
Louisiana,3 wk ahead,percent,0,Bin,8.4,8.5
Louisiana,3 wk ahead,percent,0,Bin,8.5,8.6
Louisiana,3 wk ahead,percent,0,Bin,8.6,8.7
Louisiana,3 wk ahead,percent,0,Bin,8.7,8.8
Louisiana,3 wk ahead,percent,0,Bin,8.8,8.9
Louisiana,3 wk ahead,percent,0,Bin,8.9,9.0
Louisiana,3 wk ahead,percent,0,Bin,9.0,9.1
Louisiana,3 wk ahead,percent,0,Bin,9.1,9.2
Louisiana,3 wk ahead,percent,0,Bin,9.2,9.3
Louisiana,3 wk ahead,percent,0,Bin,9.3,9.4
Louisiana,3 wk ahead,percent,0,Bin,9.4,9.5
Louisiana,3 wk ahead,percent,0,Bin,9.5,9.6
Louisiana,3 wk ahead,percent,0,Bin,9.6,9.7
Louisiana,3 wk ahead,percent,0,Bin,9.7,9.8
Louisiana,3 wk ahead,percent,0,Bin,9.8,9.9
Louisiana,3 wk ahead,percent,0,Bin,9.9,10.0
Louisiana,3 wk ahead,percent,0,Bin,10.0,10.1
Louisiana,3 wk ahead,percent,0,Bin,10.1,10.2
Louisiana,3 wk ahead,percent,0,Bin,10.2,10.3
Louisiana,3 wk ahead,percent,0,Bin,10.3,10.4
Louisiana,3 wk ahead,percent,0,Bin,10.4,10.5
Louisiana,3 wk ahead,percent,0,Bin,10.5,10.6
Louisiana,3 wk ahead,percent,0,Bin,10.6,10.7
Louisiana,3 wk ahead,percent,0,Bin,10.7,10.8
Louisiana,3 wk ahead,percent,0,Bin,10.8,10.9
Louisiana,3 wk ahead,percent,0,Bin,10.9,11.0
Louisiana,3 wk ahead,percent,0,Bin,11.0,11.1
Louisiana,3 wk ahead,percent,0,Bin,11.1,11.2
Louisiana,3 wk ahead,percent,0,Bin,11.2,11.3
Louisiana,3 wk ahead,percent,0,Bin,11.3,11.4
Louisiana,3 wk ahead,percent,0,Bin,11.4,11.5
Louisiana,3 wk ahead,percent,0,Bin,11.5,11.6
Louisiana,3 wk ahead,percent,0,Bin,11.6,11.7
Louisiana,3 wk ahead,percent,0,Bin,11.7,11.8
Louisiana,3 wk ahead,percent,0,Bin,11.8,11.9
Louisiana,3 wk ahead,percent,0,Bin,11.9,12.0
Louisiana,3 wk ahead,percent,0,Bin,12.0,12.1
Louisiana,3 wk ahead,percent,0,Bin,12.1,12.2
Louisiana,3 wk ahead,percent,0,Bin,12.2,12.3
Louisiana,3 wk ahead,percent,0,Bin,12.3,12.4
Louisiana,3 wk ahead,percent,0,Bin,12.4,12.5
Louisiana,3 wk ahead,percent,0,Bin,12.5,12.6
Louisiana,3 wk ahead,percent,0,Bin,12.6,12.7
Louisiana,3 wk ahead,percent,0,Bin,12.7,12.8
Louisiana,3 wk ahead,percent,0,Bin,12.8,12.9
Louisiana,3 wk ahead,percent,0,Bin,12.9,13.0
Louisiana,3 wk ahead,percent,0,Bin,13.0,100.0
Louisiana,4 wk ahead,percent,0,Bin,0.0,0.1
Louisiana,4 wk ahead,percent,0,Bin,0.1,0.2
Louisiana,4 wk ahead,percent,0,Bin,0.2,0.3
Louisiana,4 wk ahead,percent,0,Bin,0.3,0.4
Louisiana,4 wk ahead,percent,0,Bin,0.4,0.5
Louisiana,4 wk ahead,percent,0,Bin,0.5,0.6
Louisiana,4 wk ahead,percent,0,Bin,0.6,0.7
Louisiana,4 wk ahead,percent,0.00199999958037148,Bin,0.7,0.8
Louisiana,4 wk ahead,percent,0.00199999958037148,Bin,0.8,0.9
Louisiana,4 wk ahead,percent,0.00599999874111443,Bin,0.9,1.0
Louisiana,4 wk ahead,percent,0.0219999953840862,Bin,1.0,1.1
Louisiana,4 wk ahead,percent,0.041999991187801,Bin,1.1,1.2
Louisiana,4 wk ahead,percent,0.0519999890896584,Bin,1.2,1.3
Louisiana,4 wk ahead,percent,0.0659999861522587,Bin,1.3,1.4
Louisiana,4 wk ahead,percent,0.083999982375602,Bin,1.4,1.5
Louisiana,4 wk ahead,percent,0.111999976500803,Bin,1.5,1.6
Louisiana,4 wk ahead,percent,0.101999978598945,Bin,1.6,1.7
Louisiana,4 wk ahead,percent,0.0939999802774594,Bin,1.7,1.8
Louisiana,4 wk ahead,percent,0.0939999802774594,Bin,1.8,1.9
Louisiana,4 wk ahead,percent,0.0779999836344876,Bin,1.9,2.0
Louisiana,4 wk ahead,percent,0.0759999840541161,Bin,2.0,2.1
Louisiana,4 wk ahead,percent,0.0359999924466866,Bin,2.1,2.2
Louisiana,4 wk ahead,percent,0.041999991187801,Bin,2.2,2.3
Louisiana,4 wk ahead,percent,0.0159999966429718,Bin,2.3,2.4
Louisiana,4 wk ahead,percent,0.0219999953840862,Bin,2.4,2.5
Louisiana,4 wk ahead,percent,0.00999999790185738,Bin,2.5,2.6
Louisiana,4 wk ahead,percent,0.00999999790185738,Bin,2.6,2.7
Louisiana,4 wk ahead,percent,0.0119999974822289,Bin,2.7,2.8
Louisiana,4 wk ahead,percent,0.00199999958037148,Bin,2.8,2.9
Louisiana,4 wk ahead,percent,0.00399999916074295,Bin,2.9,3.0
Louisiana,4 wk ahead,percent,0.00199999958037148,Bin,3.0,3.1
Louisiana,4 wk ahead,percent,0.00599999874111443,Bin,3.1,3.2
Louisiana,4 wk ahead,percent,0.00199999958037148,Bin,3.2,3.3
Louisiana,4 wk ahead,percent,0.00199999958037148,Bin,3.3,3.4
Louisiana,4 wk ahead,percent,0,Bin,3.4,3.5
Louisiana,4 wk ahead,percent,0,Bin,3.5,3.6
Louisiana,4 wk ahead,percent,0,Bin,3.6,3.7
Louisiana,4 wk ahead,percent,0,Bin,3.7,3.8
Louisiana,4 wk ahead,percent,0,Bin,3.8,3.9
Louisiana,4 wk ahead,percent,0,Bin,3.9,4.0
Louisiana,4 wk ahead,percent,0,Bin,4.0,4.1
Louisiana,4 wk ahead,percent,0.00199999958037148,Bin,4.1,4.2
Louisiana,4 wk ahead,percent,0,Bin,4.2,4.3
Louisiana,4 wk ahead,percent,0,Bin,4.3,4.4
Louisiana,4 wk ahead,percent,0,Bin,4.4,4.5
Louisiana,4 wk ahead,percent,0,Bin,4.5,4.6
Louisiana,4 wk ahead,percent,0,Bin,4.6,4.7
Louisiana,4 wk ahead,percent,0,Bin,4.7,4.8
Louisiana,4 wk ahead,percent,0,Bin,4.8,4.9
Louisiana,4 wk ahead,percent,0,Bin,4.9,5.0
Louisiana,4 wk ahead,percent,0,Bin,5.0,5.1
Louisiana,4 wk ahead,percent,0,Bin,5.1,5.2
Louisiana,4 wk ahead,percent,0,Bin,5.2,5.3
Louisiana,4 wk ahead,percent,0,Bin,5.3,5.4
Louisiana,4 wk ahead,percent,0,Bin,5.4,5.5
Louisiana,4 wk ahead,percent,0,Bin,5.5,5.6
Louisiana,4 wk ahead,percent,0,Bin,5.6,5.7
Louisiana,4 wk ahead,percent,0,Bin,5.7,5.8
Louisiana,4 wk ahead,percent,0,Bin,5.8,5.9
Louisiana,4 wk ahead,percent,0,Bin,5.9,6.0
Louisiana,4 wk ahead,percent,0,Bin,6.0,6.1
Louisiana,4 wk ahead,percent,0,Bin,6.1,6.2
Louisiana,4 wk ahead,percent,0,Bin,6.2,6.3
Louisiana,4 wk ahead,percent,0,Bin,6.3,6.4
Louisiana,4 wk ahead,percent,0,Bin,6.4,6.5
Louisiana,4 wk ahead,percent,0,Bin,6.5,6.6
Louisiana,4 wk ahead,percent,0,Bin,6.6,6.7
Louisiana,4 wk ahead,percent,0,Bin,6.7,6.8
Louisiana,4 wk ahead,percent,0,Bin,6.8,6.9
Louisiana,4 wk ahead,percent,0,Bin,6.9,7.0
Louisiana,4 wk ahead,percent,0,Bin,7.0,7.1
Louisiana,4 wk ahead,percent,0,Bin,7.1,7.2
Louisiana,4 wk ahead,percent,0,Bin,7.2,7.3
Louisiana,4 wk ahead,percent,0,Bin,7.3,7.4
Louisiana,4 wk ahead,percent,0,Bin,7.4,7.5
Louisiana,4 wk ahead,percent,0,Bin,7.5,7.6
Louisiana,4 wk ahead,percent,0,Bin,7.6,7.7
Louisiana,4 wk ahead,percent,0,Bin,7.7,7.8
Louisiana,4 wk ahead,percent,0,Bin,7.8,7.9
Louisiana,4 wk ahead,percent,0,Bin,7.9,8.0
Louisiana,4 wk ahead,percent,0,Bin,8.0,8.1
Louisiana,4 wk ahead,percent,0,Bin,8.1,8.2
Louisiana,4 wk ahead,percent,0,Bin,8.2,8.3
Louisiana,4 wk ahead,percent,0,Bin,8.3,8.4
Louisiana,4 wk ahead,percent,0,Bin,8.4,8.5
Louisiana,4 wk ahead,percent,0,Bin,8.5,8.6
Louisiana,4 wk ahead,percent,0,Bin,8.6,8.7
Louisiana,4 wk ahead,percent,0,Bin,8.7,8.8
Louisiana,4 wk ahead,percent,0,Bin,8.8,8.9
Louisiana,4 wk ahead,percent,0,Bin,8.9,9.0
Louisiana,4 wk ahead,percent,0,Bin,9.0,9.1
Louisiana,4 wk ahead,percent,0,Bin,9.1,9.2
Louisiana,4 wk ahead,percent,0,Bin,9.2,9.3
Louisiana,4 wk ahead,percent,0,Bin,9.3,9.4
Louisiana,4 wk ahead,percent,0,Bin,9.4,9.5
Louisiana,4 wk ahead,percent,0,Bin,9.5,9.6
Louisiana,4 wk ahead,percent,0,Bin,9.6,9.7
Louisiana,4 wk ahead,percent,0,Bin,9.7,9.8
Louisiana,4 wk ahead,percent,0,Bin,9.8,9.9
Louisiana,4 wk ahead,percent,0,Bin,9.9,10.0
Louisiana,4 wk ahead,percent,0,Bin,10.0,10.1
Louisiana,4 wk ahead,percent,0,Bin,10.1,10.2
Louisiana,4 wk ahead,percent,0,Bin,10.2,10.3
Louisiana,4 wk ahead,percent,0,Bin,10.3,10.4
Louisiana,4 wk ahead,percent,0,Bin,10.4,10.5
Louisiana,4 wk ahead,percent,0,Bin,10.5,10.6
Louisiana,4 wk ahead,percent,0,Bin,10.6,10.7
Louisiana,4 wk ahead,percent,0,Bin,10.7,10.8
Louisiana,4 wk ahead,percent,0,Bin,10.8,10.9
Louisiana,4 wk ahead,percent,0,Bin,10.9,11.0
Louisiana,4 wk ahead,percent,0,Bin,11.0,11.1
Louisiana,4 wk ahead,percent,0,Bin,11.1,11.2
Louisiana,4 wk ahead,percent,0,Bin,11.2,11.3
Louisiana,4 wk ahead,percent,0,Bin,11.3,11.4
Louisiana,4 wk ahead,percent,0,Bin,11.4,11.5
Louisiana,4 wk ahead,percent,0,Bin,11.5,11.6
Louisiana,4 wk ahead,percent,0,Bin,11.6,11.7
Louisiana,4 wk ahead,percent,0,Bin,11.7,11.8
Louisiana,4 wk ahead,percent,0,Bin,11.8,11.9
Louisiana,4 wk ahead,percent,0,Bin,11.9,12.0
Louisiana,4 wk ahead,percent,0,Bin,12.0,12.1
Louisiana,4 wk ahead,percent,0,Bin,12.1,12.2
Louisiana,4 wk ahead,percent,0,Bin,12.2,12.3
Louisiana,4 wk ahead,percent,0,Bin,12.3,12.4
Louisiana,4 wk ahead,percent,0,Bin,12.4,12.5
Louisiana,4 wk ahead,percent,0,Bin,12.5,12.6
Louisiana,4 wk ahead,percent,0,Bin,12.6,12.7
Louisiana,4 wk ahead,percent,0,Bin,12.7,12.8
Louisiana,4 wk ahead,percent,0,Bin,12.8,12.9
Louisiana,4 wk ahead,percent,0,Bin,12.9,13.0
Louisiana,4 wk ahead,percent,0,Bin,13.0,100.0
Louisiana,Season peak percentage,percent,0,Bin,0.0,0.1
Louisiana,Season peak percentage,percent,0,Bin,0.1,0.2
Louisiana,Season peak percentage,percent,0,Bin,0.2,0.3
Louisiana,Season peak percentage,percent,0,Bin,0.3,0.4
Louisiana,Season peak percentage,percent,0,Bin,0.4,0.5
Louisiana,Season peak percentage,percent,0,Bin,0.5,0.6
Louisiana,Season peak percentage,percent,0,Bin,0.6,0.7
Louisiana,Season peak percentage,percent,0,Bin,0.7,0.8
Louisiana,Season peak percentage,percent,0,Bin,0.8,0.9
Louisiana,Season peak percentage,percent,0,Bin,0.9,1.0
Louisiana,Season peak percentage,percent,0,Bin,1.0,1.1
Louisiana,Season peak percentage,percent,0,Bin,1.1,1.2
Louisiana,Season peak percentage,percent,0,Bin,1.2,1.3
Louisiana,Season peak percentage,percent,0,Bin,1.3,1.4
Louisiana,Season peak percentage,percent,0,Bin,1.4,1.5
Louisiana,Season peak percentage,percent,0,Bin,1.5,1.6
Louisiana,Season peak percentage,percent,0,Bin,1.6,1.7
Louisiana,Season peak percentage,percent,0,Bin,1.7,1.8
Louisiana,Season peak percentage,percent,0,Bin,1.8,1.9
Louisiana,Season peak percentage,percent,0,Bin,1.9,2.0
Louisiana,Season peak percentage,percent,0,Bin,2.0,2.1
Louisiana,Season peak percentage,percent,0,Bin,2.1,2.2
Louisiana,Season peak percentage,percent,0,Bin,2.2,2.3
Louisiana,Season peak percentage,percent,0,Bin,2.3,2.4
Louisiana,Season peak percentage,percent,0,Bin,2.4,2.5
Louisiana,Season peak percentage,percent,0,Bin,2.5,2.6
Louisiana,Season peak percentage,percent,0,Bin,2.6,2.7
Louisiana,Season peak percentage,percent,0,Bin,2.7,2.8
Louisiana,Season peak percentage,percent,0,Bin,2.8,2.9
Louisiana,Season peak percentage,percent,0,Bin,2.9,3.0
Louisiana,Season peak percentage,percent,0,Bin,3.0,3.1
Louisiana,Season peak percentage,percent,0,Bin,3.1,3.2
Louisiana,Season peak percentage,percent,0,Bin,3.2,3.3
Louisiana,Season peak percentage,percent,0,Bin,3.3,3.4
Louisiana,Season peak percentage,percent,0,Bin,3.4,3.5
Louisiana,Season peak percentage,percent,0,Bin,3.5,3.6
Louisiana,Season peak percentage,percent,0,Bin,3.6,3.7
Louisiana,Season peak percentage,percent,0,Bin,3.7,3.8
Louisiana,Season peak percentage,percent,0,Bin,3.8,3.9
Louisiana,Season peak percentage,percent,0,Bin,3.9,4.0
Louisiana,Season peak percentage,percent,0,Bin,4.0,4.1
Louisiana,Season peak percentage,percent,0,Bin,4.1,4.2
Louisiana,Season peak percentage,percent,0,Bin,4.2,4.3
Louisiana,Season peak percentage,percent,0,Bin,4.3,4.4
Louisiana,Season peak percentage,percent,0,Bin,4.4,4.5
Louisiana,Season peak percentage,percent,0,Bin,4.5,4.6
Louisiana,Season peak percentage,percent,0,Bin,4.6,4.7
Louisiana,Season peak percentage,percent,0,Bin,4.7,4.8
Louisiana,Season peak percentage,percent,0,Bin,4.8,4.9
Louisiana,Season peak percentage,percent,0,Bin,4.9,5.0
Louisiana,Season peak percentage,percent,0,Bin,5.0,5.1
Louisiana,Season peak percentage,percent,0,Bin,5.1,5.2
Louisiana,Season peak percentage,percent,0,Bin,5.2,5.3
Louisiana,Season peak percentage,percent,0,Bin,5.3,5.4
Louisiana,Season peak percentage,percent,0,Bin,5.4,5.5
Louisiana,Season peak percentage,percent,0,Bin,5.5,5.6
Louisiana,Season peak percentage,percent,0,Bin,5.6,5.7
Louisiana,Season peak percentage,percent,0,Bin,5.7,5.8
Louisiana,Season peak percentage,percent,0,Bin,5.8,5.9
Louisiana,Season peak percentage,percent,0,Bin,5.9,6.0
Louisiana,Season peak percentage,percent,0,Bin,6.0,6.1
Louisiana,Season peak percentage,percent,0,Bin,6.1,6.2
Louisiana,Season peak percentage,percent,0,Bin,6.2,6.3
Louisiana,Season peak percentage,percent,0,Bin,6.3,6.4
Louisiana,Season peak percentage,percent,0,Bin,6.4,6.5
Louisiana,Season peak percentage,percent,0,Bin,6.5,6.6
Louisiana,Season peak percentage,percent,0,Bin,6.6,6.7
Louisiana,Season peak percentage,percent,0,Bin,6.7,6.8
Louisiana,Season peak percentage,percent,0,Bin,6.8,6.9
Louisiana,Season peak percentage,percent,0,Bin,6.9,7.0
Louisiana,Season peak percentage,percent,0,Bin,7.0,7.1
Louisiana,Season peak percentage,percent,0,Bin,7.1,7.2
Louisiana,Season peak percentage,percent,0,Bin,7.2,7.3
Louisiana,Season peak percentage,percent,0,Bin,7.3,7.4
Louisiana,Season peak percentage,percent,0,Bin,7.4,7.5
Louisiana,Season peak percentage,percent,0,Bin,7.5,7.6
Louisiana,Season peak percentage,percent,0,Bin,7.6,7.7
Louisiana,Season peak percentage,percent,0,Bin,7.7,7.8
Louisiana,Season peak percentage,percent,0,Bin,7.8,7.9
Louisiana,Season peak percentage,percent,0,Bin,7.9,8.0
Louisiana,Season peak percentage,percent,0,Bin,8.0,8.1
Louisiana,Season peak percentage,percent,0,Bin,8.1,8.2
Louisiana,Season peak percentage,percent,0,Bin,8.2,8.3
Louisiana,Season peak percentage,percent,0,Bin,8.3,8.4
Louisiana,Season peak percentage,percent,0,Bin,8.4,8.5
Louisiana,Season peak percentage,percent,0,Bin,8.5,8.6
Louisiana,Season peak percentage,percent,0,Bin,8.6,8.7
Louisiana,Season peak percentage,percent,0,Bin,8.7,8.8
Louisiana,Season peak percentage,percent,0,Bin,8.8,8.9
Louisiana,Season peak percentage,percent,0,Bin,8.9,9.0
Louisiana,Season peak percentage,percent,0,Bin,9.0,9.1
Louisiana,Season peak percentage,percent,0,Bin,9.1,9.2
Louisiana,Season peak percentage,percent,0,Bin,9.2,9.3
Louisiana,Season peak percentage,percent,0,Bin,9.3,9.4
Louisiana,Season peak percentage,percent,0,Bin,9.4,9.5
Louisiana,Season peak percentage,percent,0,Bin,9.5,9.6
Louisiana,Season peak percentage,percent,0,Bin,9.6,9.7
Louisiana,Season peak percentage,percent,0,Bin,9.7,9.8
Louisiana,Season peak percentage,percent,0,Bin,9.8,9.9
Louisiana,Season peak percentage,percent,0,Bin,9.9,10.0
Louisiana,Season peak percentage,percent,0,Bin,10.0,10.1
Louisiana,Season peak percentage,percent,0,Bin,10.1,10.2
Louisiana,Season peak percentage,percent,0,Bin,10.2,10.3
Louisiana,Season peak percentage,percent,0,Bin,10.3,10.4
Louisiana,Season peak percentage,percent,0,Bin,10.4,10.5
Louisiana,Season peak percentage,percent,0,Bin,10.5,10.6
Louisiana,Season peak percentage,percent,0,Bin,10.6,10.7
Louisiana,Season peak percentage,percent,0,Bin,10.7,10.8
Louisiana,Season peak percentage,percent,0,Bin,10.8,10.9
Louisiana,Season peak percentage,percent,0,Bin,10.9,11.0
Louisiana,Season peak percentage,percent,0,Bin,11.0,11.1
Louisiana,Season peak percentage,percent,0,Bin,11.1,11.2
Louisiana,Season peak percentage,percent,0.99999999910788,Bin,11.2,11.3
Louisiana,Season peak percentage,percent,0,Bin,11.3,11.4
Louisiana,Season peak percentage,percent,0,Bin,11.4,11.5
Louisiana,Season peak percentage,percent,0,Bin,11.5,11.6
Louisiana,Season peak percentage,percent,0,Bin,11.6,11.7
Louisiana,Season peak percentage,percent,0,Bin,11.7,11.8
Louisiana,Season peak percentage,percent,0,Bin,11.8,11.9
Louisiana,Season peak percentage,percent,0,Bin,11.9,12.0
Louisiana,Season peak percentage,percent,0,Bin,12.0,12.1
Louisiana,Season peak percentage,percent,0,Bin,12.1,12.2
Louisiana,Season peak percentage,percent,0,Bin,12.2,12.3
Louisiana,Season peak percentage,percent,0,Bin,12.3,12.4
Louisiana,Season peak percentage,percent,0,Bin,12.4,12.5
Louisiana,Season peak percentage,percent,0,Bin,12.5,12.6
Louisiana,Season peak percentage,percent,0,Bin,12.6,12.7
Louisiana,Season peak percentage,percent,0,Bin,12.7,12.8
Louisiana,Season peak percentage,percent,0,Bin,12.8,12.9
Louisiana,Season peak percentage,percent,0,Bin,12.9,13.0
Louisiana,Season peak percentage,percent,0,Bin,13.0,100.0
Louisiana,Season peak week,week,0,Bin,40.0,41.0
Louisiana,Season peak week,week,0,Bin,41.0,42.0
Louisiana,Season peak week,week,0,Bin,42.0,43.0
Louisiana,Season peak week,week,0,Bin,43.0,44.0
Louisiana,Season peak week,week,0,Bin,44.0,45.0
Louisiana,Season peak week,week,0,Bin,45.0,46.0
Louisiana,Season peak week,week,0,Bin,46.0,47.0
Louisiana,Season peak week,week,0,Bin,47.0,48.0
Louisiana,Season peak week,week,0,Bin,48.0,49.0
Louisiana,Season peak week,week,0,Bin,49.0,50.0
Louisiana,Season peak week,week,0,Bin,50.0,51.0
Louisiana,Season peak week,week,0,Bin,51.0,52.0
Louisiana,Season peak week,week,0.940054779737275,Bin,52.0,53.0
Louisiana,Season peak week,week,0,Bin,1.0,2.0
Louisiana,Season peak week,week,0,Bin,2.0,3.0
Louisiana,Season peak week,week,0,Bin,3.0,4.0
Louisiana,Season peak week,week,0,Bin,4.0,5.0
Louisiana,Season peak week,week,0,Bin,5.0,6.0
Louisiana,Season peak week,week,0,Bin,6.0,7.0
Louisiana,Season peak week,week,0,Bin,7.0,8.0
Louisiana,Season peak week,week,0,Bin,8.0,9.0
Louisiana,Season peak week,week,0,Bin,9.0,10.0
Louisiana,Season peak week,week,0,Bin,10.0,11.0
Louisiana,Season peak week,week,0,Bin,11.0,12.0
Louisiana,Season peak week,week,0,Bin,12.0,13.0
Louisiana,Season peak week,week,0,Bin,13.0,14.0
Louisiana,Season peak week,week,0,Bin,14.0,15.0
Louisiana,Season peak week,week,0,Bin,15.0,16.0
Louisiana,Season peak week,week,0,Bin,16.0,17.0
Louisiana,Season peak week,week,0,Bin,17.0,18.0
Louisiana,Season peak week,week,0,Bin,18.0,19.0
Louisiana,Season peak week,week,0,Bin,19.0,20.0
Louisiana,Season peak week,week,0,Bin,20.0,21.0
Maine,1 wk ahead,percent,2.45266071569302e-11,Bin,0.0,0.1
Maine,1 wk ahead,percent,0.00599999966550377,Bin,0.1,0.2
Maine,1 wk ahead,percent,0.0399999982083438,Bin,0.2,0.3
Maine,1 wk ahead,percent,0.153999993242532,Bin,0.3,0.4
Maine,1 wk ahead,percent,0.377999979554545,Bin,0.4,0.5
Maine,1 wk ahead,percent,0.209999990722216,Bin,0.5,0.6
Maine,1 wk ahead,percent,0.139999993724583,Bin,0.6,0.7
Maine,1 wk ahead,percent,0.0460000029552096,Bin,0.7,0.8
Maine,1 wk ahead,percent,0.0120000113540941,Bin,0.8,0.9
Maine,1 wk ahead,percent,0.0120000106921429,Bin,0.9,1.0
Maine,1 wk ahead,percent,4.09018609849692e-09,Bin,1.0,1.1
Maine,1 wk ahead,percent,2.99977189610703e-09,Bin,1.1,1.2
Maine,1 wk ahead,percent,0.00200000435792431,Bin,1.2,1.3
Maine,1 wk ahead,percent,1.89500016319111e-09,Bin,1.3,1.4
Maine,1 wk ahead,percent,2.01061371744642e-10,Bin,1.4,1.5
Maine,1 wk ahead,percent,5.44168910940988e-11,Bin,1.5,1.6
Maine,1 wk ahead,percent,5.44168910940988e-11,Bin,1.6,1.7
Maine,1 wk ahead,percent,5.44168910940988e-11,Bin,1.7,1.8
Maine,1 wk ahead,percent,5.44168910940988e-11,Bin,1.8,1.9
Maine,1 wk ahead,percent,5.44168910940988e-11,Bin,1.9,2.0
Maine,1 wk ahead,percent,5.44168910940987e-11,Bin,2.0,2.1
Maine,1 wk ahead,percent,5.44168910940986e-11,Bin,2.1,2.2
Maine,1 wk ahead,percent,5.44168910940986e-11,Bin,2.2,2.3
Maine,1 wk ahead,percent,5.44168910940986e-11,Bin,2.3,2.4
Maine,1 wk ahead,percent,5.44168910940986e-11,Bin,2.4,2.5
Maine,1 wk ahead,percent,5.44168910940986e-11,Bin,2.5,2.6
Maine,1 wk ahead,percent,5.44168910940986e-11,Bin,2.6,2.7
Maine,1 wk ahead,percent,5.44168910940986e-11,Bin,2.7,2.8
Maine,1 wk ahead,percent,5.44168910940986e-11,Bin,2.8,2.9
Maine,1 wk ahead,percent,5.44168910940986e-11,Bin,2.9,3.0
Maine,1 wk ahead,percent,5.44168910940986e-11,Bin,3.0,3.1
Maine,1 wk ahead,percent,5.44168910940986e-11,Bin,3.1,3.2
Maine,1 wk ahead,percent,5.44168910940986e-11,Bin,3.2,3.3
Maine,1 wk ahead,percent,5.44168910940986e-11,Bin,3.3,3.4
Maine,1 wk ahead,percent,5.44168910940986e-11,Bin,3.4,3.5
Maine,1 wk ahead,percent,5.44168910940986e-11,Bin,3.5,3.6
Maine,1 wk ahead,percent,5.44168910940986e-11,Bin,3.6,3.7
Maine,1 wk ahead,percent,5.44168910940986e-11,Bin,3.7,3.8
Maine,1 wk ahead,percent,5.44168910940986e-11,Bin,3.8,3.9
Maine,1 wk ahead,percent,5.44168910940986e-11,Bin,3.9,4.0
Maine,1 wk ahead,percent,5.44168910940986e-11,Bin,4.0,4.1
Maine,1 wk ahead,percent,5.44168910940986e-11,Bin,4.1,4.2
Maine,1 wk ahead,percent,5.44168910940986e-11,Bin,4.2,4.3
Maine,1 wk ahead,percent,5.44168910940986e-11,Bin,4.3,4.4
Maine,1 wk ahead,percent,5.44168910940986e-11,Bin,4.4,4.5
Maine,1 wk ahead,percent,5.44168910940986e-11,Bin,4.5,4.6
Maine,1 wk ahead,percent,5.44168910940986e-11,Bin,4.6,4.7
Maine,1 wk ahead,percent,5.44168910940986e-11,Bin,4.7,4.8
Maine,1 wk ahead,percent,5.44168910940986e-11,Bin,4.8,4.9
Maine,1 wk ahead,percent,5.44168910940986e-11,Bin,4.9,5.0
Maine,1 wk ahead,percent,5.44168910940986e-11,Bin,5.0,5.1
Maine,1 wk ahead,percent,5.44168910940986e-11,Bin,5.1,5.2
Maine,1 wk ahead,percent,5.44168910940986e-11,Bin,5.2,5.3
Maine,1 wk ahead,percent,5.44168910940986e-11,Bin,5.3,5.4
Maine,1 wk ahead,percent,5.44168910940986e-11,Bin,5.4,5.5
Maine,1 wk ahead,percent,5.44168910940986e-11,Bin,5.5,5.6
Maine,1 wk ahead,percent,5.44168910940986e-11,Bin,5.6,5.7
Maine,1 wk ahead,percent,5.44168910940986e-11,Bin,5.7,5.8
Maine,1 wk ahead,percent,5.44168910940986e-11,Bin,5.8,5.9
Maine,1 wk ahead,percent,5.44168910940986e-11,Bin,5.9,6.0
Maine,1 wk ahead,percent,5.44168910940986e-11,Bin,6.0,6.1
Maine,1 wk ahead,percent,5.44168910940986e-11,Bin,6.1,6.2
Maine,1 wk ahead,percent,5.44168910940986e-11,Bin,6.2,6.3
Maine,1 wk ahead,percent,5.44168910940986e-11,Bin,6.3,6.4
Maine,1 wk ahead,percent,5.44168910940986e-11,Bin,6.4,6.5
Maine,1 wk ahead,percent,5.44168910940986e-11,Bin,6.5,6.6
Maine,1 wk ahead,percent,5.44168910940986e-11,Bin,6.6,6.7
Maine,1 wk ahead,percent,5.44168910940986e-11,Bin,6.7,6.8
Maine,1 wk ahead,percent,5.44168910940986e-11,Bin,6.8,6.9
Maine,1 wk ahead,percent,5.44168910940986e-11,Bin,6.9,7.0
Maine,1 wk ahead,percent,5.44168910940986e-11,Bin,7.0,7.1
Maine,1 wk ahead,percent,5.44168910940986e-11,Bin,7.1,7.2
Maine,1 wk ahead,percent,5.44168910940986e-11,Bin,7.2,7.3
Maine,1 wk ahead,percent,5.44168910940986e-11,Bin,7.3,7.4
Maine,1 wk ahead,percent,5.44168910940986e-11,Bin,7.4,7.5
Maine,1 wk ahead,percent,5.44168910940986e-11,Bin,7.5,7.6
Maine,1 wk ahead,percent,5.44168910940986e-11,Bin,7.6,7.7
Maine,1 wk ahead,percent,5.44168910940986e-11,Bin,7.7,7.8
Maine,1 wk ahead,percent,5.44168910940986e-11,Bin,7.8,7.9
Maine,1 wk ahead,percent,5.44168910940986e-11,Bin,7.9,8.0
Maine,1 wk ahead,percent,5.4416891094099e-11,Bin,8.0,8.1
Maine,1 wk ahead,percent,5.44168910940995e-11,Bin,8.1,8.2
Maine,1 wk ahead,percent,5.44168910940995e-11,Bin,8.2,8.3
Maine,1 wk ahead,percent,5.44168910940995e-11,Bin,8.3,8.4
Maine,1 wk ahead,percent,5.44168910940995e-11,Bin,8.4,8.5
Maine,1 wk ahead,percent,5.44168910940995e-11,Bin,8.5,8.6
Maine,1 wk ahead,percent,5.44168910940995e-11,Bin,8.6,8.7
Maine,1 wk ahead,percent,5.44168910940995e-11,Bin,8.7,8.8
Maine,1 wk ahead,percent,5.44168910940995e-11,Bin,8.8,8.9
Maine,1 wk ahead,percent,5.44168910940995e-11,Bin,8.9,9.0
Maine,1 wk ahead,percent,5.44168910940995e-11,Bin,9.0,9.1
Maine,1 wk ahead,percent,5.44168910940995e-11,Bin,9.1,9.2
Maine,1 wk ahead,percent,5.44168910940995e-11,Bin,9.2,9.3
Maine,1 wk ahead,percent,5.44168910940995e-11,Bin,9.3,9.4
Maine,1 wk ahead,percent,5.44168910940995e-11,Bin,9.4,9.5
Maine,1 wk ahead,percent,5.44168910940995e-11,Bin,9.5,9.6
Maine,1 wk ahead,percent,5.44168910940995e-11,Bin,9.6,9.7
Maine,1 wk ahead,percent,5.44168910940995e-11,Bin,9.7,9.8
Maine,1 wk ahead,percent,5.44168910940995e-11,Bin,9.8,9.9
Maine,1 wk ahead,percent,5.44168910940995e-11,Bin,9.9,10.0
Maine,1 wk ahead,percent,5.44168910940995e-11,Bin,10.0,10.1
Maine,1 wk ahead,percent,5.44168910940995e-11,Bin,10.1,10.2
Maine,1 wk ahead,percent,5.44168910940995e-11,Bin,10.2,10.3
Maine,1 wk ahead,percent,5.44168910940995e-11,Bin,10.3,10.4
Maine,1 wk ahead,percent,5.44168910940995e-11,Bin,10.4,10.5
Maine,1 wk ahead,percent,5.44168910940995e-11,Bin,10.5,10.6
Maine,1 wk ahead,percent,5.44168910940995e-11,Bin,10.6,10.7
Maine,1 wk ahead,percent,5.44168910940995e-11,Bin,10.7,10.8
Maine,1 wk ahead,percent,5.44168910940995e-11,Bin,10.8,10.9
Maine,1 wk ahead,percent,5.44168910940995e-11,Bin,10.9,11.0
Maine,1 wk ahead,percent,5.44168910940995e-11,Bin,11.0,11.1
Maine,1 wk ahead,percent,5.44168910940995e-11,Bin,11.1,11.2
Maine,1 wk ahead,percent,5.44168910940995e-11,Bin,11.2,11.3
Maine,1 wk ahead,percent,5.44168910940995e-11,Bin,11.3,11.4
Maine,1 wk ahead,percent,5.44168910940995e-11,Bin,11.4,11.5
Maine,1 wk ahead,percent,5.44168910940995e-11,Bin,11.5,11.6
Maine,1 wk ahead,percent,5.44168910940995e-11,Bin,11.6,11.7
Maine,1 wk ahead,percent,5.44168910940995e-11,Bin,11.7,11.8
Maine,1 wk ahead,percent,5.44168910940995e-11,Bin,11.8,11.9
Maine,1 wk ahead,percent,5.44168910940995e-11,Bin,11.9,12.0
Maine,1 wk ahead,percent,5.44168910940995e-11,Bin,12.0,12.1
Maine,1 wk ahead,percent,5.44168910940995e-11,Bin,12.1,12.2
Maine,1 wk ahead,percent,5.44168910940995e-11,Bin,12.2,12.3
Maine,1 wk ahead,percent,5.44168910940995e-11,Bin,12.3,12.4
Maine,1 wk ahead,percent,5.44168910940995e-11,Bin,12.4,12.5
Maine,1 wk ahead,percent,5.44168910940995e-11,Bin,12.5,12.6
Maine,1 wk ahead,percent,5.44168910940995e-11,Bin,12.6,12.7
Maine,1 wk ahead,percent,5.44168910940995e-11,Bin,12.7,12.8
Maine,1 wk ahead,percent,5.44168910940995e-11,Bin,12.8,12.9
Maine,1 wk ahead,percent,5.44168910940995e-11,Bin,12.9,13.0
Maine,1 wk ahead,percent,5.44168910940995e-11,Bin,13.0,100.0
Maine,2 wk ahead,percent,3.02727530943675e-11,Bin,0.0,0.1
Maine,2 wk ahead,percent,0.00799999947092437,Bin,0.1,0.2
Maine,2 wk ahead,percent,0.0199999988061247,Bin,0.2,0.3
Maine,2 wk ahead,percent,0.16399998938996,Bin,0.3,0.4
Maine,2 wk ahead,percent,0.249999985974598,Bin,0.4,0.5
Maine,2 wk ahead,percent,0.243999989773667,Bin,0.5,0.6
Maine,2 wk ahead,percent,0.169999996752746,Bin,0.6,0.7
Maine,2 wk ahead,percent,0.0600000049626226,Bin,0.7,0.8
Maine,2 wk ahead,percent,0.050000006067335,Bin,0.8,0.9
Maine,2 wk ahead,percent,0.0120000092485825,Bin,0.9,1.0
Maine,2 wk ahead,percent,0.0100000074931127,Bin,1.0,1.1
Maine,2 wk ahead,percent,0.00600000382665084,Bin,1.1,1.2
Maine,2 wk ahead,percent,0.00200000113823788,Bin,1.2,1.3
Maine,2 wk ahead,percent,0.00200000006817061,Bin,1.3,1.4
Maine,2 wk ahead,percent,0.00199999991338489,Bin,1.4,1.5
Maine,2 wk ahead,percent,6.1065606488598e-11,Bin,1.5,1.6
Maine,2 wk ahead,percent,6.1065606488598e-11,Bin,1.6,1.7
Maine,2 wk ahead,percent,6.1065606488598e-11,Bin,1.7,1.8
Maine,2 wk ahead,percent,6.1065606488598e-11,Bin,1.8,1.9
Maine,2 wk ahead,percent,6.1065606488598e-11,Bin,1.9,2.0
Maine,2 wk ahead,percent,6.10656064885978e-11,Bin,2.0,2.1
Maine,2 wk ahead,percent,6.10656064885977e-11,Bin,2.1,2.2
Maine,2 wk ahead,percent,6.10656064885977e-11,Bin,2.2,2.3
Maine,2 wk ahead,percent,6.10656064885977e-11,Bin,2.3,2.4
Maine,2 wk ahead,percent,6.10656064885977e-11,Bin,2.4,2.5
Maine,2 wk ahead,percent,6.10656064885977e-11,Bin,2.5,2.6
Maine,2 wk ahead,percent,6.10656064885977e-11,Bin,2.6,2.7
Maine,2 wk ahead,percent,6.10656064885977e-11,Bin,2.7,2.8
Maine,2 wk ahead,percent,6.10656064885977e-11,Bin,2.8,2.9
Maine,2 wk ahead,percent,6.10656064885977e-11,Bin,2.9,3.0
Maine,2 wk ahead,percent,6.10656064885977e-11,Bin,3.0,3.1
Maine,2 wk ahead,percent,6.10656064885977e-11,Bin,3.1,3.2
Maine,2 wk ahead,percent,6.10656064885977e-11,Bin,3.2,3.3
Maine,2 wk ahead,percent,6.10656064885977e-11,Bin,3.3,3.4
Maine,2 wk ahead,percent,6.10656064885977e-11,Bin,3.4,3.5
Maine,2 wk ahead,percent,6.10656064885977e-11,Bin,3.5,3.6
Maine,2 wk ahead,percent,6.10656064885977e-11,Bin,3.6,3.7
Maine,2 wk ahead,percent,6.10656064885977e-11,Bin,3.7,3.8
Maine,2 wk ahead,percent,6.10656064885977e-11,Bin,3.8,3.9
Maine,2 wk ahead,percent,6.10656064885977e-11,Bin,3.9,4.0
Maine,2 wk ahead,percent,6.10656064885977e-11,Bin,4.0,4.1
Maine,2 wk ahead,percent,6.10656064885977e-11,Bin,4.1,4.2
Maine,2 wk ahead,percent,6.10656064885977e-11,Bin,4.2,4.3
Maine,2 wk ahead,percent,6.10656064885977e-11,Bin,4.3,4.4
Maine,2 wk ahead,percent,6.10656064885977e-11,Bin,4.4,4.5
Maine,2 wk ahead,percent,6.10656064885977e-11,Bin,4.5,4.6
Maine,2 wk ahead,percent,6.10656064885977e-11,Bin,4.6,4.7
Maine,2 wk ahead,percent,6.10656064885977e-11,Bin,4.7,4.8
Maine,2 wk ahead,percent,6.10656064885977e-11,Bin,4.8,4.9
Maine,2 wk ahead,percent,6.10656064885977e-11,Bin,4.9,5.0
Maine,2 wk ahead,percent,6.10656064885977e-11,Bin,5.0,5.1
Maine,2 wk ahead,percent,6.10656064885977e-11,Bin,5.1,5.2
Maine,2 wk ahead,percent,6.10656064885977e-11,Bin,5.2,5.3
Maine,2 wk ahead,percent,6.10656064885977e-11,Bin,5.3,5.4
Maine,2 wk ahead,percent,6.10656064885977e-11,Bin,5.4,5.5
Maine,2 wk ahead,percent,6.10656064885977e-11,Bin,5.5,5.6
Maine,2 wk ahead,percent,6.10656064885977e-11,Bin,5.6,5.7
Maine,2 wk ahead,percent,6.10656064885977e-11,Bin,5.7,5.8
Maine,2 wk ahead,percent,6.10656064885977e-11,Bin,5.8,5.9
Maine,2 wk ahead,percent,6.10656064885977e-11,Bin,5.9,6.0
Maine,2 wk ahead,percent,6.10656064885977e-11,Bin,6.0,6.1
Maine,2 wk ahead,percent,6.10656064885977e-11,Bin,6.1,6.2
Maine,2 wk ahead,percent,6.10656064885977e-11,Bin,6.2,6.3
Maine,2 wk ahead,percent,6.10656064885977e-11,Bin,6.3,6.4
Maine,2 wk ahead,percent,6.10656064885977e-11,Bin,6.4,6.5
Maine,2 wk ahead,percent,6.10656064885977e-11,Bin,6.5,6.6
Maine,2 wk ahead,percent,6.10656064885977e-11,Bin,6.6,6.7
Maine,2 wk ahead,percent,6.10656064885977e-11,Bin,6.7,6.8
Maine,2 wk ahead,percent,6.10656064885977e-11,Bin,6.8,6.9
Maine,2 wk ahead,percent,6.10656064885977e-11,Bin,6.9,7.0
Maine,2 wk ahead,percent,6.10656064885977e-11,Bin,7.0,7.1
Maine,2 wk ahead,percent,6.10656064885977e-11,Bin,7.1,7.2
Maine,2 wk ahead,percent,6.10656064885977e-11,Bin,7.2,7.3
Maine,2 wk ahead,percent,6.10656064885977e-11,Bin,7.3,7.4
Maine,2 wk ahead,percent,6.10656064885977e-11,Bin,7.4,7.5
Maine,2 wk ahead,percent,6.10656064885977e-11,Bin,7.5,7.6
Maine,2 wk ahead,percent,6.10656064885977e-11,Bin,7.6,7.7
Maine,2 wk ahead,percent,6.10656064885977e-11,Bin,7.7,7.8
Maine,2 wk ahead,percent,6.10656064885977e-11,Bin,7.8,7.9
Maine,2 wk ahead,percent,6.10656064885977e-11,Bin,7.9,8.0
Maine,2 wk ahead,percent,6.10656064885982e-11,Bin,8.0,8.1
Maine,2 wk ahead,percent,6.10656064885988e-11,Bin,8.1,8.2
Maine,2 wk ahead,percent,6.10656064885988e-11,Bin,8.2,8.3
Maine,2 wk ahead,percent,6.10656064885988e-11,Bin,8.3,8.4
Maine,2 wk ahead,percent,6.10656064885988e-11,Bin,8.4,8.5
Maine,2 wk ahead,percent,6.10656064885988e-11,Bin,8.5,8.6
Maine,2 wk ahead,percent,6.10656064885988e-11,Bin,8.6,8.7
Maine,2 wk ahead,percent,6.10656064885988e-11,Bin,8.7,8.8
Maine,2 wk ahead,percent,6.10656064885988e-11,Bin,8.8,8.9
Maine,2 wk ahead,percent,6.10656064885988e-11,Bin,8.9,9.0
Maine,2 wk ahead,percent,6.10656064885988e-11,Bin,9.0,9.1
Maine,2 wk ahead,percent,6.10656064885988e-11,Bin,9.1,9.2
Maine,2 wk ahead,percent,6.10656064885988e-11,Bin,9.2,9.3
Maine,2 wk ahead,percent,6.10656064885988e-11,Bin,9.3,9.4
Maine,2 wk ahead,percent,6.10656064885988e-11,Bin,9.4,9.5
Maine,2 wk ahead,percent,6.10656064885988e-11,Bin,9.5,9.6
Maine,2 wk ahead,percent,6.10656064885988e-11,Bin,9.6,9.7
Maine,2 wk ahead,percent,6.10656064885988e-11,Bin,9.7,9.8
Maine,2 wk ahead,percent,6.10656064885988e-11,Bin,9.8,9.9
Maine,2 wk ahead,percent,6.10656064885988e-11,Bin,9.9,10.0
Maine,2 wk ahead,percent,6.10656064885988e-11,Bin,10.0,10.1
Maine,2 wk ahead,percent,6.10656064885988e-11,Bin,10.1,10.2
Maine,2 wk ahead,percent,6.10656064885988e-11,Bin,10.2,10.3
Maine,2 wk ahead,percent,6.10656064885988e-11,Bin,10.3,10.4
Maine,2 wk ahead,percent,6.10656064885988e-11,Bin,10.4,10.5
Maine,2 wk ahead,percent,6.10656064885988e-11,Bin,10.5,10.6
Maine,2 wk ahead,percent,6.10656064885988e-11,Bin,10.6,10.7
Maine,2 wk ahead,percent,6.10656064885988e-11,Bin,10.7,10.8
Maine,2 wk ahead,percent,6.10656064885988e-11,Bin,10.8,10.9
Maine,2 wk ahead,percent,6.10656064885988e-11,Bin,10.9,11.0
Maine,2 wk ahead,percent,6.10656064885988e-11,Bin,11.0,11.1
Maine,2 wk ahead,percent,6.10656064885988e-11,Bin,11.1,11.2
Maine,2 wk ahead,percent,6.10656064885988e-11,Bin,11.2,11.3
Maine,2 wk ahead,percent,6.10656064885988e-11,Bin,11.3,11.4
Maine,2 wk ahead,percent,6.10656064885988e-11,Bin,11.4,11.5
Maine,2 wk ahead,percent,6.10656064885988e-11,Bin,11.5,11.6
Maine,2 wk ahead,percent,6.10656064885988e-11,Bin,11.6,11.7
Maine,2 wk ahead,percent,6.10656064885988e-11,Bin,11.7,11.8
Maine,2 wk ahead,percent,6.10656064885988e-11,Bin,11.8,11.9
Maine,2 wk ahead,percent,6.10656064885988e-11,Bin,11.9,12.0
Maine,2 wk ahead,percent,6.10656064885988e-11,Bin,12.0,12.1
Maine,2 wk ahead,percent,6.10656064885988e-11,Bin,12.1,12.2
Maine,2 wk ahead,percent,6.10656064885988e-11,Bin,12.2,12.3
Maine,2 wk ahead,percent,6.10656064885988e-11,Bin,12.3,12.4
Maine,2 wk ahead,percent,6.10656064885988e-11,Bin,12.4,12.5
Maine,2 wk ahead,percent,6.10656064885988e-11,Bin,12.5,12.6
Maine,2 wk ahead,percent,6.10656064885988e-11,Bin,12.6,12.7
Maine,2 wk ahead,percent,6.10656064885988e-11,Bin,12.7,12.8
Maine,2 wk ahead,percent,6.10656064885988e-11,Bin,12.8,12.9
Maine,2 wk ahead,percent,6.10656064885988e-11,Bin,12.9,13.0
Maine,2 wk ahead,percent,6.10656064885988e-11,Bin,13.0,100.0
Maine,3 wk ahead,percent,2.5099391253253e-09,Bin,0.0,0.1
Maine,3 wk ahead,percent,0.0080000073770932,Bin,0.1,0.2
Maine,3 wk ahead,percent,0.042000007037071,Bin,0.2,0.3
Maine,3 wk ahead,percent,0.157999989033674,Bin,0.3,0.4
Maine,3 wk ahead,percent,0.267999969193105,Bin,0.4,0.5
Maine,3 wk ahead,percent,0.21599997972529,Bin,0.5,0.6
Maine,3 wk ahead,percent,0.159999989122706,Bin,0.6,0.7
Maine,3 wk ahead,percent,0.0680000055909029,Bin,0.7,0.8
Maine,3 wk ahead,percent,0.0360000091630563,Bin,0.8,0.9
Maine,3 wk ahead,percent,0.0240000085960529,Bin,0.9,1.0
Maine,3 wk ahead,percent,0.00400001005520554,Bin,1.0,1.1
Maine,3 wk ahead,percent,0.00600000675203834,Bin,1.1,1.2
Maine,3 wk ahead,percent,0.00200000446121969,Bin,1.2,1.3
Maine,3 wk ahead,percent,0.00400000143936422,Bin,1.3,1.4
Maine,3 wk ahead,percent,0.00399999994606506,Bin,1.4,1.5
Maine,3 wk ahead,percent,1.98185952441819e-10,Bin,1.5,1.6
Maine,3 wk ahead,percent,8.52089579845614e-11,Bin,1.6,1.7
Maine,3 wk ahead,percent,8.52089579845614e-11,Bin,1.7,1.8
Maine,3 wk ahead,percent,8.52089579845614e-11,Bin,1.8,1.9
Maine,3 wk ahead,percent,8.52089579845614e-11,Bin,1.9,2.0
Maine,3 wk ahead,percent,8.52089579845612e-11,Bin,2.0,2.1
Maine,3 wk ahead,percent,8.5208957984561e-11,Bin,2.1,2.2
Maine,3 wk ahead,percent,8.5208957984561e-11,Bin,2.2,2.3
Maine,3 wk ahead,percent,8.5208957984561e-11,Bin,2.3,2.4
Maine,3 wk ahead,percent,8.5208957984561e-11,Bin,2.4,2.5
Maine,3 wk ahead,percent,8.5208957984561e-11,Bin,2.5,2.6
Maine,3 wk ahead,percent,8.5208957984561e-11,Bin,2.6,2.7
Maine,3 wk ahead,percent,8.5208957984561e-11,Bin,2.7,2.8
Maine,3 wk ahead,percent,8.5208957984561e-11,Bin,2.8,2.9
Maine,3 wk ahead,percent,8.5208957984561e-11,Bin,2.9,3.0
Maine,3 wk ahead,percent,8.5208957984561e-11,Bin,3.0,3.1
Maine,3 wk ahead,percent,8.5208957984561e-11,Bin,3.1,3.2
Maine,3 wk ahead,percent,8.5208957984561e-11,Bin,3.2,3.3
Maine,3 wk ahead,percent,8.5208957984561e-11,Bin,3.3,3.4
Maine,3 wk ahead,percent,8.5208957984561e-11,Bin,3.4,3.5
Maine,3 wk ahead,percent,8.5208957984561e-11,Bin,3.5,3.6
Maine,3 wk ahead,percent,8.5208957984561e-11,Bin,3.6,3.7
Maine,3 wk ahead,percent,8.5208957984561e-11,Bin,3.7,3.8
Maine,3 wk ahead,percent,8.5208957984561e-11,Bin,3.8,3.9
Maine,3 wk ahead,percent,8.5208957984561e-11,Bin,3.9,4.0
Maine,3 wk ahead,percent,8.5208957984561e-11,Bin,4.0,4.1
Maine,3 wk ahead,percent,8.5208957984561e-11,Bin,4.1,4.2
Maine,3 wk ahead,percent,8.5208957984561e-11,Bin,4.2,4.3
Maine,3 wk ahead,percent,8.5208957984561e-11,Bin,4.3,4.4
Maine,3 wk ahead,percent,8.5208957984561e-11,Bin,4.4,4.5
Maine,3 wk ahead,percent,8.5208957984561e-11,Bin,4.5,4.6
Maine,3 wk ahead,percent,8.5208957984561e-11,Bin,4.6,4.7
Maine,3 wk ahead,percent,8.5208957984561e-11,Bin,4.7,4.8
Maine,3 wk ahead,percent,8.5208957984561e-11,Bin,4.8,4.9
Maine,3 wk ahead,percent,8.5208957984561e-11,Bin,4.9,5.0
Maine,3 wk ahead,percent,8.5208957984561e-11,Bin,5.0,5.1
Maine,3 wk ahead,percent,8.5208957984561e-11,Bin,5.1,5.2
Maine,3 wk ahead,percent,8.5208957984561e-11,Bin,5.2,5.3
Maine,3 wk ahead,percent,8.5208957984561e-11,Bin,5.3,5.4
Maine,3 wk ahead,percent,8.5208957984561e-11,Bin,5.4,5.5
Maine,3 wk ahead,percent,8.5208957984561e-11,Bin,5.5,5.6
Maine,3 wk ahead,percent,8.5208957984561e-11,Bin,5.6,5.7
Maine,3 wk ahead,percent,8.5208957984561e-11,Bin,5.7,5.8
Maine,3 wk ahead,percent,8.5208957984561e-11,Bin,5.8,5.9
Maine,3 wk ahead,percent,8.5208957984561e-11,Bin,5.9,6.0
Maine,3 wk ahead,percent,8.5208957984561e-11,Bin,6.0,6.1
Maine,3 wk ahead,percent,8.5208957984561e-11,Bin,6.1,6.2
Maine,3 wk ahead,percent,8.5208957984561e-11,Bin,6.2,6.3
Maine,3 wk ahead,percent,8.5208957984561e-11,Bin,6.3,6.4
Maine,3 wk ahead,percent,8.5208957984561e-11,Bin,6.4,6.5
Maine,3 wk ahead,percent,8.5208957984561e-11,Bin,6.5,6.6
Maine,3 wk ahead,percent,8.5208957984561e-11,Bin,6.6,6.7
Maine,3 wk ahead,percent,8.5208957984561e-11,Bin,6.7,6.8
Maine,3 wk ahead,percent,8.5208957984561e-11,Bin,6.8,6.9
Maine,3 wk ahead,percent,8.5208957984561e-11,Bin,6.9,7.0
Maine,3 wk ahead,percent,8.5208957984561e-11,Bin,7.0,7.1
Maine,3 wk ahead,percent,8.5208957984561e-11,Bin,7.1,7.2
Maine,3 wk ahead,percent,8.5208957984561e-11,Bin,7.2,7.3
Maine,3 wk ahead,percent,8.5208957984561e-11,Bin,7.3,7.4
Maine,3 wk ahead,percent,8.5208957984561e-11,Bin,7.4,7.5
Maine,3 wk ahead,percent,8.5208957984561e-11,Bin,7.5,7.6
Maine,3 wk ahead,percent,8.5208957984561e-11,Bin,7.6,7.7
Maine,3 wk ahead,percent,8.5208957984561e-11,Bin,7.7,7.8
Maine,3 wk ahead,percent,8.5208957984561e-11,Bin,7.8,7.9
Maine,3 wk ahead,percent,8.5208957984561e-11,Bin,7.9,8.0
Maine,3 wk ahead,percent,8.52089579845618e-11,Bin,8.0,8.1
Maine,3 wk ahead,percent,8.52089579845625e-11,Bin,8.1,8.2
Maine,3 wk ahead,percent,8.52089579845625e-11,Bin,8.2,8.3
Maine,3 wk ahead,percent,8.52089579845625e-11,Bin,8.3,8.4
Maine,3 wk ahead,percent,8.52089579845625e-11,Bin,8.4,8.5
Maine,3 wk ahead,percent,8.52089579845625e-11,Bin,8.5,8.6
Maine,3 wk ahead,percent,8.52089579845625e-11,Bin,8.6,8.7
Maine,3 wk ahead,percent,8.52089579845625e-11,Bin,8.7,8.8
Maine,3 wk ahead,percent,8.52089579845625e-11,Bin,8.8,8.9
Maine,3 wk ahead,percent,8.52089579845625e-11,Bin,8.9,9.0
Maine,3 wk ahead,percent,8.52089579845625e-11,Bin,9.0,9.1
Maine,3 wk ahead,percent,8.52089579845625e-11,Bin,9.1,9.2
Maine,3 wk ahead,percent,8.52089579845625e-11,Bin,9.2,9.3
Maine,3 wk ahead,percent,8.52089579845625e-11,Bin,9.3,9.4
Maine,3 wk ahead,percent,8.52089579845625e-11,Bin,9.4,9.5
Maine,3 wk ahead,percent,8.52089579845625e-11,Bin,9.5,9.6
Maine,3 wk ahead,percent,8.52089579845625e-11,Bin,9.6,9.7
Maine,3 wk ahead,percent,8.52089579845625e-11,Bin,9.7,9.8
Maine,3 wk ahead,percent,8.52089579845625e-11,Bin,9.8,9.9
Maine,3 wk ahead,percent,8.52089579845625e-11,Bin,9.9,10.0
Maine,3 wk ahead,percent,8.52089579845625e-11,Bin,10.0,10.1
Maine,3 wk ahead,percent,8.52089579845625e-11,Bin,10.1,10.2
Maine,3 wk ahead,percent,8.52089579845625e-11,Bin,10.2,10.3
Maine,3 wk ahead,percent,8.52089579845625e-11,Bin,10.3,10.4
Maine,3 wk ahead,percent,8.52089579845625e-11,Bin,10.4,10.5
Maine,3 wk ahead,percent,8.52089579845625e-11,Bin,10.5,10.6
Maine,3 wk ahead,percent,8.52089579845625e-11,Bin,10.6,10.7
Maine,3 wk ahead,percent,8.52089579845625e-11,Bin,10.7,10.8
Maine,3 wk ahead,percent,8.52089579845625e-11,Bin,10.8,10.9
Maine,3 wk ahead,percent,8.52089579845625e-11,Bin,10.9,11.0
Maine,3 wk ahead,percent,8.52089579845625e-11,Bin,11.0,11.1
Maine,3 wk ahead,percent,8.52089579845625e-11,Bin,11.1,11.2
Maine,3 wk ahead,percent,8.52089579845625e-11,Bin,11.2,11.3
Maine,3 wk ahead,percent,8.52089579845625e-11,Bin,11.3,11.4
Maine,3 wk ahead,percent,8.52089579845625e-11,Bin,11.4,11.5
Maine,3 wk ahead,percent,8.52089579845625e-11,Bin,11.5,11.6
Maine,3 wk ahead,percent,8.52089579845625e-11,Bin,11.6,11.7
Maine,3 wk ahead,percent,8.52089579845625e-11,Bin,11.7,11.8
Maine,3 wk ahead,percent,8.52089579845625e-11,Bin,11.8,11.9
Maine,3 wk ahead,percent,8.52089579845625e-11,Bin,11.9,12.0
Maine,3 wk ahead,percent,8.52089579845625e-11,Bin,12.0,12.1
Maine,3 wk ahead,percent,8.52089579845625e-11,Bin,12.1,12.2
Maine,3 wk ahead,percent,8.52089579845625e-11,Bin,12.2,12.3
Maine,3 wk ahead,percent,8.52089579845625e-11,Bin,12.3,12.4
Maine,3 wk ahead,percent,8.52089579845625e-11,Bin,12.4,12.5
Maine,3 wk ahead,percent,8.52089579845625e-11,Bin,12.5,12.6
Maine,3 wk ahead,percent,8.52089579845625e-11,Bin,12.6,12.7
Maine,3 wk ahead,percent,8.52089579845625e-11,Bin,12.7,12.8
Maine,3 wk ahead,percent,8.52089579845625e-11,Bin,12.8,12.9
Maine,3 wk ahead,percent,8.52089579845625e-11,Bin,12.9,13.0
Maine,3 wk ahead,percent,8.52089579845625e-11,Bin,13.0,100.0
Maine,4 wk ahead,percent,3.20043289540162e-10,Bin,0.0,0.1
Maine,4 wk ahead,percent,0.00400000618182239,Bin,0.1,0.2
Maine,4 wk ahead,percent,0.0460000043862214,Bin,0.2,0.3
Maine,4 wk ahead,percent,0.225999955781509,Bin,0.3,0.4
Maine,4 wk ahead,percent,0.219999962958191,Bin,0.4,0.5
Maine,4 wk ahead,percent,0.214000000438923,Bin,0.5,0.6
Maine,4 wk ahead,percent,0.129999998706874,Bin,0.6,0.7
Maine,4 wk ahead,percent,0.0799999974378151,Bin,0.7,0.8
Maine,4 wk ahead,percent,0.0320000260335979,Bin,0.8,0.9
Maine,4 wk ahead,percent,0.0220000214268932,Bin,0.9,1.0
Maine,4 wk ahead,percent,0.012000001313176,Bin,1.0,1.1
Maine,4 wk ahead,percent,0.00799999855668455,Bin,1.1,1.2
Maine,4 wk ahead,percent,0.00199999981328857,Bin,1.2,1.3
Maine,4 wk ahead,percent,0.00199999981328857,Bin,1.3,1.4
Maine,4 wk ahead,percent,2.32917094939517e-10,Bin,1.4,1.5
Maine,4 wk ahead,percent,2.32917094939517e-10,Bin,1.5,1.6
Maine,4 wk ahead,percent,0.00199999981328857,Bin,1.6,1.7
Maine,4 wk ahead,percent,2.32917094939517e-10,Bin,1.7,1.8
Maine,4 wk ahead,percent,2.32917094939517e-10,Bin,1.8,1.9
Maine,4 wk ahead,percent,2.32917094939517e-10,Bin,1.9,2.0
Maine,4 wk ahead,percent,2.32917094939517e-10,Bin,2.0,2.1
Maine,4 wk ahead,percent,2.32917094939516e-10,Bin,2.1,2.2
Maine,4 wk ahead,percent,2.32917094939516e-10,Bin,2.2,2.3
Maine,4 wk ahead,percent,2.32917094939516e-10,Bin,2.3,2.4
Maine,4 wk ahead,percent,2.32917094939516e-10,Bin,2.4,2.5
Maine,4 wk ahead,percent,2.32917094939516e-10,Bin,2.5,2.6
Maine,4 wk ahead,percent,2.32917094939516e-10,Bin,2.6,2.7
Maine,4 wk ahead,percent,2.32917094939516e-10,Bin,2.7,2.8
Maine,4 wk ahead,percent,2.32917094939516e-10,Bin,2.8,2.9
Maine,4 wk ahead,percent,2.32917094939516e-10,Bin,2.9,3.0
Maine,4 wk ahead,percent,2.32917094939516e-10,Bin,3.0,3.1
Maine,4 wk ahead,percent,2.32917094939516e-10,Bin,3.1,3.2
Maine,4 wk ahead,percent,2.32917094939516e-10,Bin,3.2,3.3
Maine,4 wk ahead,percent,2.32917094939516e-10,Bin,3.3,3.4
Maine,4 wk ahead,percent,2.32917094939516e-10,Bin,3.4,3.5
Maine,4 wk ahead,percent,2.32917094939516e-10,Bin,3.5,3.6
Maine,4 wk ahead,percent,2.32917094939516e-10,Bin,3.6,3.7
Maine,4 wk ahead,percent,2.32917094939516e-10,Bin,3.7,3.8
Maine,4 wk ahead,percent,2.32917094939516e-10,Bin,3.8,3.9
Maine,4 wk ahead,percent,2.32917094939516e-10,Bin,3.9,4.0
Maine,4 wk ahead,percent,2.32917094939516e-10,Bin,4.0,4.1
Maine,4 wk ahead,percent,2.32917094939516e-10,Bin,4.1,4.2
Maine,4 wk ahead,percent,2.32917094939516e-10,Bin,4.2,4.3
Maine,4 wk ahead,percent,2.32917094939516e-10,Bin,4.3,4.4
Maine,4 wk ahead,percent,2.32917094939516e-10,Bin,4.4,4.5
Maine,4 wk ahead,percent,2.32917094939516e-10,Bin,4.5,4.6
Maine,4 wk ahead,percent,2.32917094939516e-10,Bin,4.6,4.7
Maine,4 wk ahead,percent,2.32917094939516e-10,Bin,4.7,4.8
Maine,4 wk ahead,percent,2.32917094939516e-10,Bin,4.8,4.9
Maine,4 wk ahead,percent,2.32917094939516e-10,Bin,4.9,5.0
Maine,4 wk ahead,percent,2.32917094939516e-10,Bin,5.0,5.1
Maine,4 wk ahead,percent,2.32917094939516e-10,Bin,5.1,5.2
Maine,4 wk ahead,percent,2.32917094939516e-10,Bin,5.2,5.3
Maine,4 wk ahead,percent,2.32917094939516e-10,Bin,5.3,5.4
Maine,4 wk ahead,percent,2.32917094939516e-10,Bin,5.4,5.5
Maine,4 wk ahead,percent,2.32917094939516e-10,Bin,5.5,5.6
Maine,4 wk ahead,percent,2.32917094939516e-10,Bin,5.6,5.7
Maine,4 wk ahead,percent,2.32917094939516e-10,Bin,5.7,5.8
Maine,4 wk ahead,percent,2.32917094939516e-10,Bin,5.8,5.9
Maine,4 wk ahead,percent,2.32917094939516e-10,Bin,5.9,6.0
Maine,4 wk ahead,percent,2.32917094939516e-10,Bin,6.0,6.1
Maine,4 wk ahead,percent,2.32917094939516e-10,Bin,6.1,6.2
Maine,4 wk ahead,percent,2.32917094939516e-10,Bin,6.2,6.3
Maine,4 wk ahead,percent,2.32917094939516e-10,Bin,6.3,6.4
Maine,4 wk ahead,percent,2.32917094939516e-10,Bin,6.4,6.5
Maine,4 wk ahead,percent,2.32917094939516e-10,Bin,6.5,6.6
Maine,4 wk ahead,percent,2.32917094939516e-10,Bin,6.6,6.7
Maine,4 wk ahead,percent,2.32917094939516e-10,Bin,6.7,6.8
Maine,4 wk ahead,percent,2.32917094939516e-10,Bin,6.8,6.9
Maine,4 wk ahead,percent,2.32917094939516e-10,Bin,6.9,7.0
Maine,4 wk ahead,percent,2.32917094939516e-10,Bin,7.0,7.1
Maine,4 wk ahead,percent,2.32917094939516e-10,Bin,7.1,7.2
Maine,4 wk ahead,percent,2.32917094939516e-10,Bin,7.2,7.3
Maine,4 wk ahead,percent,2.32917094939516e-10,Bin,7.3,7.4
Maine,4 wk ahead,percent,2.32917094939516e-10,Bin,7.4,7.5
Maine,4 wk ahead,percent,2.32917094939516e-10,Bin,7.5,7.6
Maine,4 wk ahead,percent,2.32917094939516e-10,Bin,7.6,7.7
Maine,4 wk ahead,percent,2.32917094939516e-10,Bin,7.7,7.8
Maine,4 wk ahead,percent,2.32917094939516e-10,Bin,7.8,7.9
Maine,4 wk ahead,percent,2.32917094939516e-10,Bin,7.9,8.0
Maine,4 wk ahead,percent,2.32917094939518e-10,Bin,8.0,8.1
Maine,4 wk ahead,percent,2.3291709493952e-10,Bin,8.1,8.2
Maine,4 wk ahead,percent,2.3291709493952e-10,Bin,8.2,8.3
Maine,4 wk ahead,percent,2.3291709493952e-10,Bin,8.3,8.4
Maine,4 wk ahead,percent,2.3291709493952e-10,Bin,8.4,8.5
Maine,4 wk ahead,percent,2.3291709493952e-10,Bin,8.5,8.6
Maine,4 wk ahead,percent,2.3291709493952e-10,Bin,8.6,8.7
Maine,4 wk ahead,percent,2.3291709493952e-10,Bin,8.7,8.8
Maine,4 wk ahead,percent,2.3291709493952e-10,Bin,8.8,8.9
Maine,4 wk ahead,percent,2.3291709493952e-10,Bin,8.9,9.0
Maine,4 wk ahead,percent,2.3291709493952e-10,Bin,9.0,9.1
Maine,4 wk ahead,percent,2.3291709493952e-10,Bin,9.1,9.2
Maine,4 wk ahead,percent,2.3291709493952e-10,Bin,9.2,9.3
Maine,4 wk ahead,percent,2.3291709493952e-10,Bin,9.3,9.4
Maine,4 wk ahead,percent,2.3291709493952e-10,Bin,9.4,9.5
Maine,4 wk ahead,percent,2.3291709493952e-10,Bin,9.5,9.6
Maine,4 wk ahead,percent,2.3291709493952e-10,Bin,9.6,9.7
Maine,4 wk ahead,percent,2.3291709493952e-10,Bin,9.7,9.8
Maine,4 wk ahead,percent,2.3291709493952e-10,Bin,9.8,9.9
Maine,4 wk ahead,percent,2.3291709493952e-10,Bin,9.9,10.0
Maine,4 wk ahead,percent,2.3291709493952e-10,Bin,10.0,10.1
Maine,4 wk ahead,percent,2.3291709493952e-10,Bin,10.1,10.2
Maine,4 wk ahead,percent,2.3291709493952e-10,Bin,10.2,10.3
Maine,4 wk ahead,percent,2.3291709493952e-10,Bin,10.3,10.4
Maine,4 wk ahead,percent,2.3291709493952e-10,Bin,10.4,10.5
Maine,4 wk ahead,percent,2.3291709493952e-10,Bin,10.5,10.6
Maine,4 wk ahead,percent,2.3291709493952e-10,Bin,10.6,10.7
Maine,4 wk ahead,percent,2.3291709493952e-10,Bin,10.7,10.8
Maine,4 wk ahead,percent,2.3291709493952e-10,Bin,10.8,10.9
Maine,4 wk ahead,percent,2.3291709493952e-10,Bin,10.9,11.0
Maine,4 wk ahead,percent,2.3291709493952e-10,Bin,11.0,11.1
Maine,4 wk ahead,percent,2.3291709493952e-10,Bin,11.1,11.2
Maine,4 wk ahead,percent,2.3291709493952e-10,Bin,11.2,11.3
Maine,4 wk ahead,percent,2.3291709493952e-10,Bin,11.3,11.4
Maine,4 wk ahead,percent,2.3291709493952e-10,Bin,11.4,11.5
Maine,4 wk ahead,percent,2.3291709493952e-10,Bin,11.5,11.6
Maine,4 wk ahead,percent,2.3291709493952e-10,Bin,11.6,11.7
Maine,4 wk ahead,percent,2.3291709493952e-10,Bin,11.7,11.8
Maine,4 wk ahead,percent,2.3291709493952e-10,Bin,11.8,11.9
Maine,4 wk ahead,percent,2.3291709493952e-10,Bin,11.9,12.0
Maine,4 wk ahead,percent,2.3291709493952e-10,Bin,12.0,12.1
Maine,4 wk ahead,percent,2.3291709493952e-10,Bin,12.1,12.2
Maine,4 wk ahead,percent,2.3291709493952e-10,Bin,12.2,12.3
Maine,4 wk ahead,percent,2.3291709493952e-10,Bin,12.3,12.4
Maine,4 wk ahead,percent,2.3291709493952e-10,Bin,12.4,12.5
Maine,4 wk ahead,percent,2.3291709493952e-10,Bin,12.5,12.6
Maine,4 wk ahead,percent,2.3291709493952e-10,Bin,12.6,12.7
Maine,4 wk ahead,percent,2.3291709493952e-10,Bin,12.7,12.8
Maine,4 wk ahead,percent,2.3291709493952e-10,Bin,12.8,12.9
Maine,4 wk ahead,percent,2.3291709493952e-10,Bin,12.9,13.0
Maine,4 wk ahead,percent,2.3291709493952e-10,Bin,13.0,100.0
Maine,Season peak percentage,percent,1.29425213092351e-13,Bin,0.0,0.1
Maine,Season peak percentage,percent,3.88954995006372e-13,Bin,0.1,0.2
Maine,Season peak percentage,percent,1.3157880007578e-12,Bin,0.2,0.3
Maine,Season peak percentage,percent,3.67161461676636e-12,Bin,0.3,0.4
Maine,Season peak percentage,percent,8.1554726606358e-12,Bin,0.4,0.5
Maine,Season peak percentage,percent,1.44205829828405e-11,Bin,0.5,0.6
Maine,Season peak percentage,percent,2.02995133395003e-11,Bin,0.6,0.7
Maine,Season peak percentage,percent,2.27510088641633e-11,Bin,0.7,0.8
Maine,Season peak percentage,percent,2.03002869285561e-11,Bin,0.8,0.9
Maine,Season peak percentage,percent,1.4420653315151e-11,Bin,0.9,1.0
Maine,Season peak percentage,percent,8.15609426253184e-12,Bin,1.0,1.1
Maine,Season peak percentage,percent,3.67697383458584e-12,Bin,1.1,1.2
Maine,Season peak percentage,percent,1.35277817544476e-12,Bin,1.2,1.3
Maine,Season peak percentage,percent,5.81176495727248e-13,Bin,1.3,1.4
Maine,Season peak percentage,percent,9.98616097251207e-13,Bin,1.4,1.5
Maine,Season peak percentage,percent,3.25478650277585e-12,Bin,1.5,1.6
Maine,Season peak percentage,percent,0.995999999120663,Bin,1.6,1.7
Maine,Season peak percentage,percent,2.11137073829677e-11,Bin,1.7,1.8
Maine,Season peak percentage,percent,0.00200000003751963,Bin,1.8,1.9
Maine,Season peak percentage,percent,0.00200000005833288,Bin,1.9,2.0
Maine,Season peak percentage,percent,7.67526926713451e-11,Bin,2.0,2.1
Maine,Season peak percentage,percent,8.32914305920485e-11,Bin,2.1,2.2
Maine,Season peak percentage,percent,7.80184650162869e-11,Bin,2.2,2.3
Maine,Season peak percentage,percent,6.34742172678526e-11,Bin,2.3,2.4
Maine,Season peak percentage,percent,4.45852199346967e-11,Bin,2.4,2.5
Maine,Season peak percentage,percent,2.66513266891079e-11,Bin,2.5,2.6
Maine,Season peak percentage,percent,1.3385556525318e-11,Bin,2.6,2.7
Maine,Season peak percentage,percent,5.82743520630033e-12,Bin,2.7,2.8
Maine,Season peak percentage,percent,3.066183002335e-12,Bin,2.8,2.9
Maine,Season peak percentage,percent,3.92868705798518e-12,Bin,2.9,3.0
Maine,Season peak percentage,percent,7.72699711149675e-12,Bin,3.0,3.1
Maine,Season peak percentage,percent,1.34881470071903e-11,Bin,3.1,3.2
Maine,Season peak percentage,percent,1.89624458732544e-11,Bin,3.2,3.3
Maine,Season peak percentage,percent,2.12503773427909e-11,Bin,3.3,3.4
Maine,Season peak percentage,percent,1.89737121584289e-11,Bin,3.4,3.5
Maine,Season peak percentage,percent,1.35496678851231e-11,Bin,3.5,3.6
Maine,Season peak percentage,percent,7.97277476454619e-12,Bin,3.6,3.7
Maine,Season peak percentage,percent,4.67438209314992e-12,Bin,3.7,3.8
Maine,Season peak percentage,percent,4.70182762994237e-12,Bin,3.8,3.9
Maine,Season peak percentage,percent,8.06343215456181e-12,Bin,3.9,4.0
Maine,Season peak percentage,percent,1.3717237399629e-11,Bin,4.0,4.1
Maine,Season peak percentage,percent,1.9212405682589e-11,Bin,4.1,4.2
Maine,Season peak percentage,percent,2.15177344050907e-11,Bin,4.2,4.3
Maine,Season peak percentage,percent,1.91975258888982e-11,Bin,4.3,4.4
Maine,Season peak percentage,percent,1.36375947918832e-11,Bin,4.4,4.5
Maine,Season peak percentage,percent,7.71264785540193e-12,Bin,4.5,4.6
Maine,Season peak percentage,percent,3.47225314743887e-12,Bin,4.6,4.7
Maine,Season peak percentage,percent,1.24434326612943e-12,Bin,4.7,4.8
Maine,Season peak percentage,percent,3.67858059588121e-13,Bin,4.8,4.9
Maine,Season peak percentage,percent,2.44795349683883e-13,Bin,4.9,5.0
Maine,Season peak percentage,percent,2.44795349683883e-13,Bin,5.0,5.1
Maine,Season peak percentage,percent,2.44795349683883e-13,Bin,5.1,5.2
Maine,Season peak percentage,percent,2.44795349683883e-13,Bin,5.2,5.3
Maine,Season peak percentage,percent,2.44795349683883e-13,Bin,5.3,5.4
Maine,Season peak percentage,percent,2.44795349683883e-13,Bin,5.4,5.5
Maine,Season peak percentage,percent,2.44795349683883e-13,Bin,5.5,5.6
Maine,Season peak percentage,percent,2.44795349683883e-13,Bin,5.6,5.7
Maine,Season peak percentage,percent,2.44795349683883e-13,Bin,5.7,5.8
Maine,Season peak percentage,percent,2.44795349683883e-13,Bin,5.8,5.9
Maine,Season peak percentage,percent,2.44795349683883e-13,Bin,5.9,6.0
Maine,Season peak percentage,percent,2.44795349683883e-13,Bin,6.0,6.1
Maine,Season peak percentage,percent,2.44795349683883e-13,Bin,6.1,6.2
Maine,Season peak percentage,percent,2.44795349683883e-13,Bin,6.2,6.3
Maine,Season peak percentage,percent,2.44795349683883e-13,Bin,6.3,6.4
Maine,Season peak percentage,percent,2.44795349683883e-13,Bin,6.4,6.5
Maine,Season peak percentage,percent,2.44795349683883e-13,Bin,6.5,6.6
Maine,Season peak percentage,percent,2.44795349683883e-13,Bin,6.6,6.7
Maine,Season peak percentage,percent,2.44795349683883e-13,Bin,6.7,6.8
Maine,Season peak percentage,percent,2.44795349683883e-13,Bin,6.8,6.9
Maine,Season peak percentage,percent,2.44795349683883e-13,Bin,6.9,7.0
Maine,Season peak percentage,percent,2.44795349683883e-13,Bin,7.0,7.1
Maine,Season peak percentage,percent,2.44795349683883e-13,Bin,7.1,7.2
Maine,Season peak percentage,percent,2.44795349683883e-13,Bin,7.2,7.3
Maine,Season peak percentage,percent,2.44795349683883e-13,Bin,7.3,7.4
Maine,Season peak percentage,percent,2.44795349683883e-13,Bin,7.4,7.5
Maine,Season peak percentage,percent,2.44795349683883e-13,Bin,7.5,7.6
Maine,Season peak percentage,percent,2.44795349683883e-13,Bin,7.6,7.7
Maine,Season peak percentage,percent,2.44795349683883e-13,Bin,7.7,7.8
Maine,Season peak percentage,percent,2.44795349683883e-13,Bin,7.8,7.9
Maine,Season peak percentage,percent,2.44795349683883e-13,Bin,7.9,8.0
Maine,Season peak percentage,percent,2.44795349683886e-13,Bin,8.0,8.1
Maine,Season peak percentage,percent,2.44795349683888e-13,Bin,8.1,8.2
Maine,Season peak percentage,percent,2.44795349683888e-13,Bin,8.2,8.3
Maine,Season peak percentage,percent,2.44795349683888e-13,Bin,8.3,8.4
Maine,Season peak percentage,percent,2.44795349683888e-13,Bin,8.4,8.5
Maine,Season peak percentage,percent,2.44795349683888e-13,Bin,8.5,8.6
Maine,Season peak percentage,percent,2.44795349683888e-13,Bin,8.6,8.7
Maine,Season peak percentage,percent,2.44795349683888e-13,Bin,8.7,8.8
Maine,Season peak percentage,percent,2.44795349683888e-13,Bin,8.8,8.9
Maine,Season peak percentage,percent,2.44795349683888e-13,Bin,8.9,9.0
Maine,Season peak percentage,percent,2.44795349683888e-13,Bin,9.0,9.1
Maine,Season peak percentage,percent,2.44795349683888e-13,Bin,9.1,9.2
Maine,Season peak percentage,percent,2.44795349683888e-13,Bin,9.2,9.3
Maine,Season peak percentage,percent,2.44795349683888e-13,Bin,9.3,9.4
Maine,Season peak percentage,percent,2.44795349683888e-13,Bin,9.4,9.5
Maine,Season peak percentage,percent,2.44795349683888e-13,Bin,9.5,9.6
Maine,Season peak percentage,percent,2.44795349683888e-13,Bin,9.6,9.7
Maine,Season peak percentage,percent,2.44795349683888e-13,Bin,9.7,9.8
Maine,Season peak percentage,percent,2.44795349683888e-13,Bin,9.8,9.9
Maine,Season peak percentage,percent,2.44795349683888e-13,Bin,9.9,10.0
Maine,Season peak percentage,percent,2.44795349683888e-13,Bin,10.0,10.1
Maine,Season peak percentage,percent,2.44795349683888e-13,Bin,10.1,10.2
Maine,Season peak percentage,percent,2.44795349683888e-13,Bin,10.2,10.3
Maine,Season peak percentage,percent,2.44795349683888e-13,Bin,10.3,10.4
Maine,Season peak percentage,percent,2.44795349683888e-13,Bin,10.4,10.5
Maine,Season peak percentage,percent,2.44795349683888e-13,Bin,10.5,10.6
Maine,Season peak percentage,percent,2.44795349683888e-13,Bin,10.6,10.7
Maine,Season peak percentage,percent,2.44795349683888e-13,Bin,10.7,10.8
Maine,Season peak percentage,percent,2.44795349683888e-13,Bin,10.8,10.9
Maine,Season peak percentage,percent,2.44795349683888e-13,Bin,10.9,11.0
Maine,Season peak percentage,percent,2.44795349683888e-13,Bin,11.0,11.1
Maine,Season peak percentage,percent,2.44795349683888e-13,Bin,11.1,11.2
Maine,Season peak percentage,percent,2.44795349683888e-13,Bin,11.2,11.3
Maine,Season peak percentage,percent,2.44795349683888e-13,Bin,11.3,11.4
Maine,Season peak percentage,percent,2.44795349683888e-13,Bin,11.4,11.5
Maine,Season peak percentage,percent,2.44795349683888e-13,Bin,11.5,11.6
Maine,Season peak percentage,percent,2.44795349683888e-13,Bin,11.6,11.7
Maine,Season peak percentage,percent,2.44795349683888e-13,Bin,11.7,11.8
Maine,Season peak percentage,percent,2.44795349683888e-13,Bin,11.8,11.9
Maine,Season peak percentage,percent,2.44795349683888e-13,Bin,11.9,12.0
Maine,Season peak percentage,percent,2.44795349683888e-13,Bin,12.0,12.1
Maine,Season peak percentage,percent,2.44795349683888e-13,Bin,12.1,12.2
Maine,Season peak percentage,percent,2.44795349683888e-13,Bin,12.2,12.3
Maine,Season peak percentage,percent,2.44795349683888e-13,Bin,12.3,12.4
Maine,Season peak percentage,percent,2.44795349683888e-13,Bin,12.4,12.5
Maine,Season peak percentage,percent,2.44795349683888e-13,Bin,12.5,12.6
Maine,Season peak percentage,percent,2.44795349683888e-13,Bin,12.6,12.7
Maine,Season peak percentage,percent,2.44795349683888e-13,Bin,12.7,12.8
Maine,Season peak percentage,percent,2.44795349683888e-13,Bin,12.8,12.9
Maine,Season peak percentage,percent,2.44795349683888e-13,Bin,12.9,13.0
Maine,Season peak percentage,percent,2.44795349683888e-13,Bin,13.0,100.0
Maine,Season peak week,week,3.00817269766057e-05,Bin,40.0,41.0
Maine,Season peak week,week,3.00817269766057e-05,Bin,41.0,42.0
Maine,Season peak week,week,8.7781060517421e-05,Bin,42.0,43.0
Maine,Season peak week,week,0.000573557338148042,Bin,43.0,44.0
Maine,Season peak week,week,0.00177458705786476,Bin,44.0,45.0
Maine,Season peak week,week,0.00258458770102799,Bin,45.0,46.0
Maine,Season peak week,week,0.00177459256548799,Bin,46.0,47.0
Maine,Season peak week,week,0.000573745919108664,Bin,47.0,48.0
Maine,Season peak week,week,9.30588444562369e-05,Bin,48.0,49.0
Maine,Season peak week,week,9.31411849171595e-05,Bin,49.0,50.0
Maine,Season peak week,week,0.000574003738066824,Bin,50.0,51.0
Maine,Season peak week,week,0.00177448762185808,Bin,51.0,52.0
Maine,Season peak week,week,0.00258442239003522,Bin,52.0,53.0
Maine,Season peak week,week,0.00178705787247586,Bin,1.0,2.0
Maine,Season peak week,week,0.000754097474693628,Bin,2.0,3.0
Maine,Season peak week,week,0.00132756417014463,Bin,3.0,4.0
Maine,Season peak week,week,0.00421569129176495,Bin,4.0,5.0
Maine,Season peak week,week,0.00751619889763422,Bin,5.0,6.0
Maine,Season peak week,week,0.00790820191081136,Bin,6.0,7.0
Maine,Season peak week,week,0.00551355630584435,Bin,7.0,8.0
Maine,Season peak week,week,0.942670133512874,Bin,8.0,9.0
Maine,Season peak week,week,0.00133299857638787,Bin,9.0,10.0
Maine,Season peak week,week,0.00244148741289915,Bin,10.0,11.0
Maine,Season peak week,week,0.00436571534332642,Bin,11.0,12.0
Maine,Season peak week,week,0.00435948116797947,Bin,12.0,13.0
Maine,Season peak week,week,0.00234805074065194,Bin,13.0,14.0
Maine,Season peak week,week,0.000660421529329069,Bin,14.0,15.0
Maine,Season peak week,week,9.39617527668246e-05,Bin,15.0,16.0
Maine,Season peak week,week,3.14506329948297e-05,Bin,16.0,17.0
Maine,Season peak week,week,3.14506329948297e-05,Bin,17.0,18.0
Maine,Season peak week,week,3.14506329948297e-05,Bin,18.0,19.0
Maine,Season peak week,week,3.14506329948297e-05,Bin,19.0,20.0
Maine,Season peak week,week,3.14506329948297e-05,Bin,20.0,21.0
Maryland,1 wk ahead,percent,3.95207545266842e-11,Bin,0.0,0.1
Maryland,1 wk ahead,percent,7.90415090533683e-11,Bin,0.1,0.2
Maryland,1 wk ahead,percent,0.00399999980355551,Bin,0.2,0.3
Maryland,1 wk ahead,percent,0.00399999980355551,Bin,0.3,0.4
Maryland,1 wk ahead,percent,0.00399999980355551,Bin,0.4,0.5
Maryland,1 wk ahead,percent,0.00199999994129851,Bin,0.5,0.6
Maryland,1 wk ahead,percent,0.00799999954601865,Bin,0.6,0.7
Maryland,1 wk ahead,percent,0.0120000008635274,Bin,0.7,0.8
Maryland,1 wk ahead,percent,0.0400000055609984,Bin,0.8,0.9
Maryland,1 wk ahead,percent,0.0980000005126748,Bin,0.9,1.0
Maryland,1 wk ahead,percent,0.125999995370742,Bin,1.0,1.1
Maryland,1 wk ahead,percent,0.154000000988299,Bin,1.1,1.2
Maryland,1 wk ahead,percent,0.11600000637979,Bin,1.2,1.3
Maryland,1 wk ahead,percent,0.10199999907818,Bin,1.3,1.4
Maryland,1 wk ahead,percent,0.0779999951838692,Bin,1.4,1.5
Maryland,1 wk ahead,percent,0.0639999956001463,Bin,1.5,1.6
Maryland,1 wk ahead,percent,0.0419999971074124,Bin,1.6,1.7
Maryland,1 wk ahead,percent,0.043999996969654,Bin,1.7,1.8
Maryland,1 wk ahead,percent,0.007999999449028,Bin,1.8,1.9
Maryland,1 wk ahead,percent,0.023999998347084,Bin,1.9,2.0
Maryland,1 wk ahead,percent,0.007999999449028,Bin,2.0,2.1
Maryland,1 wk ahead,percent,0.011999999173542,Bin,2.1,2.2
Maryland,1 wk ahead,percent,0.00599999958677876,Bin,2.2,2.3
Maryland,1 wk ahead,percent,0.0159999989021589,Bin,2.3,2.4
Maryland,1 wk ahead,percent,0.00400000000765566,Bin,2.4,2.5
Maryland,1 wk ahead,percent,2.79111372529793e-09,Bin,2.5,2.6
Maryland,1 wk ahead,percent,4.35040321573756e-09,Bin,2.6,2.7
Maryland,1 wk ahead,percent,0.00400000082747991,Bin,2.7,2.8
Maryland,1 wk ahead,percent,7.13140561652017e-11,Bin,2.8,2.9
Maryland,1 wk ahead,percent,0.00199999991902176,Bin,2.9,3.0
Maryland,1 wk ahead,percent,0.00199999991902176,Bin,3.0,3.1
Maryland,1 wk ahead,percent,5.67647549807904e-11,Bin,3.1,3.2
Maryland,1 wk ahead,percent,5.67647549807904e-11,Bin,3.2,3.3
Maryland,1 wk ahead,percent,5.67647549807904e-11,Bin,3.3,3.4
Maryland,1 wk ahead,percent,5.67647549807904e-11,Bin,3.4,3.5
Maryland,1 wk ahead,percent,5.67647549807904e-11,Bin,3.5,3.6
Maryland,1 wk ahead,percent,5.67647549807904e-11,Bin,3.6,3.7
Maryland,1 wk ahead,percent,5.67647549807904e-11,Bin,3.7,3.8
Maryland,1 wk ahead,percent,0.00599999964353576,Bin,3.8,3.9
Maryland,1 wk ahead,percent,5.67647549807904e-11,Bin,3.9,4.0
Maryland,1 wk ahead,percent,5.67647549807904e-11,Bin,4.0,4.1
Maryland,1 wk ahead,percent,5.67647549807904e-11,Bin,4.1,4.2
Maryland,1 wk ahead,percent,5.67647549807904e-11,Bin,4.2,4.3
Maryland,1 wk ahead,percent,5.67647549807904e-11,Bin,4.3,4.4
Maryland,1 wk ahead,percent,5.67647549807904e-11,Bin,4.4,4.5
Maryland,1 wk ahead,percent,5.67647549807904e-11,Bin,4.5,4.6
Maryland,1 wk ahead,percent,5.67647549807904e-11,Bin,4.6,4.7
Maryland,1 wk ahead,percent,5.67647549807904e-11,Bin,4.7,4.8
Maryland,1 wk ahead,percent,5.67647549807904e-11,Bin,4.8,4.9
Maryland,1 wk ahead,percent,5.67647549807904e-11,Bin,4.9,5.0
Maryland,1 wk ahead,percent,5.67647549807904e-11,Bin,5.0,5.1
Maryland,1 wk ahead,percent,5.67647549807904e-11,Bin,5.1,5.2
Maryland,1 wk ahead,percent,5.67647549807904e-11,Bin,5.2,5.3
Maryland,1 wk ahead,percent,5.67647549807904e-11,Bin,5.3,5.4
Maryland,1 wk ahead,percent,5.67647549807904e-11,Bin,5.4,5.5
Maryland,1 wk ahead,percent,5.67647549807904e-11,Bin,5.5,5.6
Maryland,1 wk ahead,percent,5.67647549807904e-11,Bin,5.6,5.7
Maryland,1 wk ahead,percent,5.67647549807904e-11,Bin,5.7,5.8
Maryland,1 wk ahead,percent,5.67647549807904e-11,Bin,5.8,5.9
Maryland,1 wk ahead,percent,5.67647549807904e-11,Bin,5.9,6.0
Maryland,1 wk ahead,percent,5.67647549807904e-11,Bin,6.0,6.1
Maryland,1 wk ahead,percent,5.67647549807904e-11,Bin,6.1,6.2
Maryland,1 wk ahead,percent,5.67647549807904e-11,Bin,6.2,6.3
Maryland,1 wk ahead,percent,5.67647549807904e-11,Bin,6.3,6.4
Maryland,1 wk ahead,percent,5.67647549807904e-11,Bin,6.4,6.5
Maryland,1 wk ahead,percent,5.67647549807904e-11,Bin,6.5,6.6
Maryland,1 wk ahead,percent,5.67647549807904e-11,Bin,6.6,6.7
Maryland,1 wk ahead,percent,5.67647549807904e-11,Bin,6.7,6.8
Maryland,1 wk ahead,percent,5.67647549807904e-11,Bin,6.8,6.9
Maryland,1 wk ahead,percent,5.67647549807904e-11,Bin,6.9,7.0
Maryland,1 wk ahead,percent,5.67647549807904e-11,Bin,7.0,7.1
Maryland,1 wk ahead,percent,5.67647549807904e-11,Bin,7.1,7.2
Maryland,1 wk ahead,percent,5.67647549807904e-11,Bin,7.2,7.3
Maryland,1 wk ahead,percent,5.67647549807904e-11,Bin,7.3,7.4
Maryland,1 wk ahead,percent,5.67647549807904e-11,Bin,7.4,7.5
Maryland,1 wk ahead,percent,5.67647549807904e-11,Bin,7.5,7.6
Maryland,1 wk ahead,percent,5.67647549807904e-11,Bin,7.6,7.7
Maryland,1 wk ahead,percent,5.67647549807904e-11,Bin,7.7,7.8
Maryland,1 wk ahead,percent,5.67647549807904e-11,Bin,7.8,7.9
Maryland,1 wk ahead,percent,5.67647549807904e-11,Bin,7.9,8.0
Maryland,1 wk ahead,percent,5.67647549807909e-11,Bin,8.0,8.1
Maryland,1 wk ahead,percent,5.67647549807914e-11,Bin,8.1,8.2
Maryland,1 wk ahead,percent,5.67647549807914e-11,Bin,8.2,8.3
Maryland,1 wk ahead,percent,5.67647549807914e-11,Bin,8.3,8.4
Maryland,1 wk ahead,percent,5.67647549807914e-11,Bin,8.4,8.5
Maryland,1 wk ahead,percent,5.67647549807914e-11,Bin,8.5,8.6
Maryland,1 wk ahead,percent,5.67647549807914e-11,Bin,8.6,8.7
Maryland,1 wk ahead,percent,5.67647549807914e-11,Bin,8.7,8.8
Maryland,1 wk ahead,percent,5.67647549807914e-11,Bin,8.8,8.9
Maryland,1 wk ahead,percent,5.67647549807914e-11,Bin,8.9,9.0
Maryland,1 wk ahead,percent,5.67647549807914e-11,Bin,9.0,9.1
Maryland,1 wk ahead,percent,5.67647549807914e-11,Bin,9.1,9.2
Maryland,1 wk ahead,percent,5.67647549807914e-11,Bin,9.2,9.3
Maryland,1 wk ahead,percent,5.67647549807914e-11,Bin,9.3,9.4
Maryland,1 wk ahead,percent,5.67647549807914e-11,Bin,9.4,9.5
Maryland,1 wk ahead,percent,0.00999999936804975,Bin,9.5,9.6
Maryland,1 wk ahead,percent,5.67647549807914e-11,Bin,9.6,9.7
Maryland,1 wk ahead,percent,5.67647549807914e-11,Bin,9.7,9.8
Maryland,1 wk ahead,percent,5.67647549807914e-11,Bin,9.8,9.9
Maryland,1 wk ahead,percent,5.67647549807914e-11,Bin,9.9,10.0
Maryland,1 wk ahead,percent,5.67647549807914e-11,Bin,10.0,10.1
Maryland,1 wk ahead,percent,5.67647549807914e-11,Bin,10.1,10.2
Maryland,1 wk ahead,percent,5.67647549807914e-11,Bin,10.2,10.3
Maryland,1 wk ahead,percent,5.67647549807914e-11,Bin,10.3,10.4
Maryland,1 wk ahead,percent,5.67647549807914e-11,Bin,10.4,10.5
Maryland,1 wk ahead,percent,5.67647549807914e-11,Bin,10.5,10.6
Maryland,1 wk ahead,percent,5.67647549807914e-11,Bin,10.6,10.7
Maryland,1 wk ahead,percent,5.67647549807914e-11,Bin,10.7,10.8
Maryland,1 wk ahead,percent,5.67647549807914e-11,Bin,10.8,10.9
Maryland,1 wk ahead,percent,5.67647549807914e-11,Bin,10.9,11.0
Maryland,1 wk ahead,percent,5.67647549807914e-11,Bin,11.0,11.1
Maryland,1 wk ahead,percent,5.67647549807914e-11,Bin,11.1,11.2
Maryland,1 wk ahead,percent,5.67647549807914e-11,Bin,11.2,11.3
Maryland,1 wk ahead,percent,5.67647549807914e-11,Bin,11.3,11.4
Maryland,1 wk ahead,percent,5.67647549807914e-11,Bin,11.4,11.5
Maryland,1 wk ahead,percent,5.67647549807914e-11,Bin,11.5,11.6
Maryland,1 wk ahead,percent,5.67647549807914e-11,Bin,11.6,11.7
Maryland,1 wk ahead,percent,5.67647549807914e-11,Bin,11.7,11.8
Maryland,1 wk ahead,percent,5.67647549807914e-11,Bin,11.8,11.9
Maryland,1 wk ahead,percent,5.67647549807914e-11,Bin,11.9,12.0
Maryland,1 wk ahead,percent,5.67647549807914e-11,Bin,12.0,12.1
Maryland,1 wk ahead,percent,5.67647549807914e-11,Bin,12.1,12.2
Maryland,1 wk ahead,percent,5.67647549807914e-11,Bin,12.2,12.3
Maryland,1 wk ahead,percent,5.67647549807914e-11,Bin,12.3,12.4
Maryland,1 wk ahead,percent,5.67647549807914e-11,Bin,12.4,12.5
Maryland,1 wk ahead,percent,5.67647549807914e-11,Bin,12.5,12.6
Maryland,1 wk ahead,percent,5.67647549807914e-11,Bin,12.6,12.7
Maryland,1 wk ahead,percent,5.67647549807914e-11,Bin,12.7,12.8
Maryland,1 wk ahead,percent,5.67647549807914e-11,Bin,12.8,12.9
Maryland,1 wk ahead,percent,5.67647549807914e-11,Bin,12.9,13.0
Maryland,1 wk ahead,percent,5.67647549807914e-11,Bin,13.0,100.0
Maryland,2 wk ahead,percent,2.61605044552834e-11,Bin,0.0,0.1
Maryland,2 wk ahead,percent,1.10835475998268e-10,Bin,0.1,0.2
Maryland,2 wk ahead,percent,2.63186560001568e-10,Bin,0.2,0.3
Maryland,2 wk ahead,percent,0.00600000011595089,Bin,0.3,0.4
Maryland,2 wk ahead,percent,0.00200000091594794,Bin,0.4,0.5
Maryland,2 wk ahead,percent,0.0100000010781513,Bin,0.5,0.6
Maryland,2 wk ahead,percent,0.0200000013143774,Bin,0.6,0.7
Maryland,2 wk ahead,percent,0.0280000018017788,Bin,0.7,0.8
Maryland,2 wk ahead,percent,0.0640000001311975,Bin,0.8,0.9
Maryland,2 wk ahead,percent,0.0939999986066277,Bin,0.9,1.0
Maryland,2 wk ahead,percent,0.115999997237794,Bin,1.0,1.1
Maryland,2 wk ahead,percent,0.111999997336241,Bin,1.1,1.2
Maryland,2 wk ahead,percent,0.0979999978144382,Bin,1.2,1.3
Maryland,2 wk ahead,percent,0.089999997638221,Bin,1.3,1.4
Maryland,2 wk ahead,percent,0.0519999996030734,Bin,1.4,1.5
Maryland,2 wk ahead,percent,0.0579999983409134,Bin,1.5,1.6
Maryland,2 wk ahead,percent,0.0539999978981048,Bin,1.6,1.7
Maryland,2 wk ahead,percent,0.0339999987554682,Bin,1.7,1.8
Maryland,2 wk ahead,percent,0.0259999988697402,Bin,1.8,1.9
Maryland,2 wk ahead,percent,0.0339999979550248,Bin,1.9,2.0
Maryland,2 wk ahead,percent,0.0159999991076561,Bin,2.0,2.1
Maryland,2 wk ahead,percent,0.00599999980450885,Bin,2.1,2.2
Maryland,2 wk ahead,percent,0.0119999994417675,Bin,2.2,2.3
Maryland,2 wk ahead,percent,0.00999999977586383,Bin,2.3,2.4
Maryland,2 wk ahead,percent,0.0119999998903655,Bin,2.4,2.5
Maryland,2 wk ahead,percent,0.0100000003205481,Bin,2.5,2.6
Maryland,2 wk ahead,percent,0.00800000069655264,Bin,2.6,2.7
Maryland,2 wk ahead,percent,0.00600000095232388,Bin,2.7,2.8
Maryland,2 wk ahead,percent,0.00200000121290062,Bin,2.8,2.9
Maryland,2 wk ahead,percent,0.00200000107411543,Bin,2.9,3.0
Maryland,2 wk ahead,percent,1.06465115660752e-09,Bin,3.0,3.1
Maryland,2 wk ahead,percent,9.79438071637398e-10,Bin,3.1,3.2
Maryland,2 wk ahead,percent,0.00200000086736393,Bin,3.2,3.3
Maryland,2 wk ahead,percent,1.15377644628169e-09,Bin,3.3,3.4
Maryland,2 wk ahead,percent,1.32005687566176e-09,Bin,3.4,3.5
Maryland,2 wk ahead,percent,1.41875781726333e-09,Bin,3.5,3.6
Maryland,2 wk ahead,percent,1.38308622110117e-09,Bin,3.6,3.7
Maryland,2 wk ahead,percent,0.00200000105758001,Bin,3.7,3.8
Maryland,2 wk ahead,percent,0.00200000078592102,Bin,3.8,3.9
Maryland,2 wk ahead,percent,6.41490489081888e-10,Bin,3.9,4.0
Maryland,2 wk ahead,percent,3.90693657066e-10,Bin,4.0,4.1
Maryland,2 wk ahead,percent,2.10843972130902e-10,Bin,4.1,4.2
Maryland,2 wk ahead,percent,1.00810902045248e-10,Bin,4.2,4.3
Maryland,2 wk ahead,percent,4.27071342065603e-11,Bin,4.3,4.4
Maryland,2 wk ahead,percent,1.79904770640635e-11,Bin,4.4,4.5
Maryland,2 wk ahead,percent,1.5826515168312e-11,Bin,4.5,4.6
Maryland,2 wk ahead,percent,1.5826515168312e-11,Bin,4.6,4.7
Maryland,2 wk ahead,percent,1.5826515168312e-11,Bin,4.7,4.8
Maryland,2 wk ahead,percent,1.5826515168312e-11,Bin,4.8,4.9
Maryland,2 wk ahead,percent,1.5826515168312e-11,Bin,4.9,5.0
Maryland,2 wk ahead,percent,1.5826515168312e-11,Bin,5.0,5.1
Maryland,2 wk ahead,percent,1.5826515168312e-11,Bin,5.1,5.2
Maryland,2 wk ahead,percent,0.00399999972046508,Bin,5.2,5.3
Maryland,2 wk ahead,percent,0.00199999986814579,Bin,5.3,5.4
Maryland,2 wk ahead,percent,0.00199999986814579,Bin,5.4,5.5
Maryland,2 wk ahead,percent,1.5826515168312e-11,Bin,5.5,5.6
Maryland,2 wk ahead,percent,0.00199999986814579,Bin,5.6,5.7
Maryland,2 wk ahead,percent,1.5826515168312e-11,Bin,5.7,5.8
Maryland,2 wk ahead,percent,1.5826515168312e-11,Bin,5.8,5.9
Maryland,2 wk ahead,percent,1.5826515168312e-11,Bin,5.9,6.0
Maryland,2 wk ahead,percent,1.5826515168312e-11,Bin,6.0,6.1
Maryland,2 wk ahead,percent,1.5826515168312e-11,Bin,6.1,6.2
Maryland,2 wk ahead,percent,1.5826515168312e-11,Bin,6.2,6.3
Maryland,2 wk ahead,percent,1.5826515168312e-11,Bin,6.3,6.4
Maryland,2 wk ahead,percent,1.5826515168312e-11,Bin,6.4,6.5
Maryland,2 wk ahead,percent,1.5826515168312e-11,Bin,6.5,6.6
Maryland,2 wk ahead,percent,1.5826515168312e-11,Bin,6.6,6.7
Maryland,2 wk ahead,percent,1.5826515168312e-11,Bin,6.7,6.8
Maryland,2 wk ahead,percent,1.5826515168312e-11,Bin,6.8,6.9
Maryland,2 wk ahead,percent,1.5826515168312e-11,Bin,6.9,7.0
Maryland,2 wk ahead,percent,1.5826515168312e-11,Bin,7.0,7.1
Maryland,2 wk ahead,percent,1.5826515168312e-11,Bin,7.1,7.2
Maryland,2 wk ahead,percent,1.5826515168312e-11,Bin,7.2,7.3
Maryland,2 wk ahead,percent,1.5826515168312e-11,Bin,7.3,7.4
Maryland,2 wk ahead,percent,1.5826515168312e-11,Bin,7.4,7.5
Maryland,2 wk ahead,percent,1.5826515168312e-11,Bin,7.5,7.6
Maryland,2 wk ahead,percent,1.5826515168312e-11,Bin,7.6,7.7
Maryland,2 wk ahead,percent,1.5826515168312e-11,Bin,7.7,7.8
Maryland,2 wk ahead,percent,1.5826515168312e-11,Bin,7.8,7.9
Maryland,2 wk ahead,percent,1.5826515168312e-11,Bin,7.9,8.0
Maryland,2 wk ahead,percent,1.58265151683122e-11,Bin,8.0,8.1
Maryland,2 wk ahead,percent,1.58265151683123e-11,Bin,8.1,8.2
Maryland,2 wk ahead,percent,1.58265151683123e-11,Bin,8.2,8.3
Maryland,2 wk ahead,percent,1.58265151683123e-11,Bin,8.3,8.4
Maryland,2 wk ahead,percent,1.58265151683123e-11,Bin,8.4,8.5
Maryland,2 wk ahead,percent,1.58265151683123e-11,Bin,8.5,8.6
Maryland,2 wk ahead,percent,1.58265151683123e-11,Bin,8.6,8.7
Maryland,2 wk ahead,percent,1.58265151683123e-11,Bin,8.7,8.8
Maryland,2 wk ahead,percent,1.58265151683123e-11,Bin,8.8,8.9
Maryland,2 wk ahead,percent,1.58265151683123e-11,Bin,8.9,9.0
Maryland,2 wk ahead,percent,1.58265151683123e-11,Bin,9.0,9.1
Maryland,2 wk ahead,percent,1.58265151683123e-11,Bin,9.1,9.2
Maryland,2 wk ahead,percent,1.58265151683123e-11,Bin,9.2,9.3
Maryland,2 wk ahead,percent,1.58265151683123e-11,Bin,9.3,9.4
Maryland,2 wk ahead,percent,1.58265151683123e-11,Bin,9.4,9.5
Maryland,2 wk ahead,percent,1.58265151683123e-11,Bin,9.5,9.6
Maryland,2 wk ahead,percent,1.58265151683123e-11,Bin,9.6,9.7
Maryland,2 wk ahead,percent,1.58265151683123e-11,Bin,9.7,9.8
Maryland,2 wk ahead,percent,0.00199999986814579,Bin,9.8,9.9
Maryland,2 wk ahead,percent,1.58265151683123e-11,Bin,9.9,10.0
Maryland,2 wk ahead,percent,1.58265151683123e-11,Bin,10.0,10.1
Maryland,2 wk ahead,percent,1.58265151683123e-11,Bin,10.1,10.2
Maryland,2 wk ahead,percent,1.58265151683123e-11,Bin,10.2,10.3
Maryland,2 wk ahead,percent,1.58265151683123e-11,Bin,10.3,10.4
Maryland,2 wk ahead,percent,1.58265151683123e-11,Bin,10.4,10.5
Maryland,2 wk ahead,percent,1.58265151683123e-11,Bin,10.5,10.6
Maryland,2 wk ahead,percent,1.58265151683123e-11,Bin,10.6,10.7
Maryland,2 wk ahead,percent,1.58265151683123e-11,Bin,10.7,10.8
Maryland,2 wk ahead,percent,1.58265151683123e-11,Bin,10.8,10.9
Maryland,2 wk ahead,percent,1.58265151683123e-11,Bin,10.9,11.0
Maryland,2 wk ahead,percent,1.58265151683123e-11,Bin,11.0,11.1
Maryland,2 wk ahead,percent,1.58265151683123e-11,Bin,11.1,11.2
Maryland,2 wk ahead,percent,1.58265151683123e-11,Bin,11.2,11.3
Maryland,2 wk ahead,percent,1.58265151683123e-11,Bin,11.3,11.4
Maryland,2 wk ahead,percent,1.58265151683123e-11,Bin,11.4,11.5
Maryland,2 wk ahead,percent,1.58265151683123e-11,Bin,11.5,11.6
Maryland,2 wk ahead,percent,1.58265151683123e-11,Bin,11.6,11.7
Maryland,2 wk ahead,percent,1.58265151683123e-11,Bin,11.7,11.8
Maryland,2 wk ahead,percent,1.58265151683123e-11,Bin,11.8,11.9
Maryland,2 wk ahead,percent,1.58265151683123e-11,Bin,11.9,12.0
Maryland,2 wk ahead,percent,1.58265151683123e-11,Bin,12.0,12.1
Maryland,2 wk ahead,percent,1.58265151683123e-11,Bin,12.1,12.2
Maryland,2 wk ahead,percent,1.58265151683123e-11,Bin,12.2,12.3
Maryland,2 wk ahead,percent,1.58265151683123e-11,Bin,12.3,12.4
Maryland,2 wk ahead,percent,1.58265151683123e-11,Bin,12.4,12.5
Maryland,2 wk ahead,percent,1.58265151683123e-11,Bin,12.5,12.6
Maryland,2 wk ahead,percent,1.58265151683123e-11,Bin,12.6,12.7
Maryland,2 wk ahead,percent,1.58265151683123e-11,Bin,12.7,12.8
Maryland,2 wk ahead,percent,1.58265151683123e-11,Bin,12.8,12.9
Maryland,2 wk ahead,percent,1.58265151683123e-11,Bin,12.9,13.0
Maryland,2 wk ahead,percent,1.58265151683123e-11,Bin,13.0,100.0
Maryland,3 wk ahead,percent,5.82116495332496e-11,Bin,0.0,0.1
Maryland,3 wk ahead,percent,1.16423299066499e-10,Bin,0.1,0.2
Maryland,3 wk ahead,percent,0.00599999885398965,Bin,0.2,0.3
Maryland,3 wk ahead,percent,1.16423299066499e-10,Bin,0.3,0.4
Maryland,3 wk ahead,percent,1.96872104871177e-10,Bin,0.4,0.5
Maryland,3 wk ahead,percent,0.0139999980540987,Bin,0.5,0.6
Maryland,3 wk ahead,percent,0.0160000003521062,Bin,0.6,0.7
Maryland,3 wk ahead,percent,0.0280000038746385,Bin,0.7,0.8
Maryland,3 wk ahead,percent,0.0720000033644873,Bin,0.8,0.9
Maryland,3 wk ahead,percent,0.092000006653596,Bin,0.9,1.0
Maryland,3 wk ahead,percent,0.104000006176599,Bin,1.0,1.1
Maryland,3 wk ahead,percent,0.112000001331794,Bin,1.1,1.2
Maryland,3 wk ahead,percent,0.0960000004282088,Bin,1.2,1.3
Maryland,3 wk ahead,percent,0.0780000009108425,Bin,1.3,1.4
Maryland,3 wk ahead,percent,0.0560000015315455,Bin,1.4,1.5
Maryland,3 wk ahead,percent,0.04599999832432,Bin,1.5,1.6
Maryland,3 wk ahead,percent,0.0359999958745718,Bin,1.6,1.7
Maryland,3 wk ahead,percent,0.0419999922005804,Bin,1.7,1.8
Maryland,3 wk ahead,percent,0.0399999918556667,Bin,1.8,1.9
Maryland,3 wk ahead,percent,0.0379999923787359,Bin,1.9,2.0
Maryland,3 wk ahead,percent,0.011999998784116,Bin,2.0,2.1
Maryland,3 wk ahead,percent,0.0179999995377199,Bin,2.1,2.2
Maryland,3 wk ahead,percent,0.0160000023226559,Bin,2.2,2.3
Maryland,3 wk ahead,percent,0.0100000044415541,Bin,2.3,2.4
Maryland,3 wk ahead,percent,0.00600000380180149,Bin,2.4,2.5
Maryland,3 wk ahead,percent,0.00600000137198455,Bin,2.5,2.6
Maryland,3 wk ahead,percent,0.00599999965865755,Bin,2.6,2.7
Maryland,3 wk ahead,percent,0.00799999853309792,Bin,2.7,2.8
Maryland,3 wk ahead,percent,0.00599999881269392,Bin,2.8,2.9
Maryland,3 wk ahead,percent,0.00599999881263116,Bin,2.9,3.0
Maryland,3 wk ahead,percent,0.00399999923344237,Bin,3.0,3.1
Maryland,3 wk ahead,percent,0.00199999965425359,Bin,3.1,3.2
Maryland,3 wk ahead,percent,0.00399999923344237,Bin,3.2,3.3
Maryland,3 wk ahead,percent,0.00399999923344237,Bin,3.3,3.4
Maryland,3 wk ahead,percent,0.00199999965425359,Bin,3.4,3.5
Maryland,3 wk ahead,percent,7.50648041376349e-11,Bin,3.5,3.6
Maryland,3 wk ahead,percent,7.50648041376349e-11,Bin,3.6,3.7
Maryland,3 wk ahead,percent,0.00199999965425359,Bin,3.7,3.8
Maryland,3 wk ahead,percent,7.50648041376349e-11,Bin,3.8,3.9
Maryland,3 wk ahead,percent,7.50648041376349e-11,Bin,3.9,4.0
Maryland,3 wk ahead,percent,7.50648041376349e-11,Bin,4.0,4.1
Maryland,3 wk ahead,percent,0.00199999965425359,Bin,4.1,4.2
Maryland,3 wk ahead,percent,7.50648041376349e-11,Bin,4.2,4.3
Maryland,3 wk ahead,percent,7.50648041376349e-11,Bin,4.3,4.4
Maryland,3 wk ahead,percent,7.50648041376349e-11,Bin,4.4,4.5
Maryland,3 wk ahead,percent,7.50648041376349e-11,Bin,4.5,4.6
Maryland,3 wk ahead,percent,0.00199999965425359,Bin,4.6,4.7
Maryland,3 wk ahead,percent,7.50648041376349e-11,Bin,4.7,4.8
Maryland,3 wk ahead,percent,7.50648041376349e-11,Bin,4.8,4.9
Maryland,3 wk ahead,percent,7.50648041376349e-11,Bin,4.9,5.0
Maryland,3 wk ahead,percent,7.50648041376349e-11,Bin,5.0,5.1
Maryland,3 wk ahead,percent,7.50648041376349e-11,Bin,5.1,5.2
Maryland,3 wk ahead,percent,7.50648041376349e-11,Bin,5.2,5.3
Maryland,3 wk ahead,percent,7.50648041376349e-11,Bin,5.3,5.4
Maryland,3 wk ahead,percent,7.50648041376349e-11,Bin,5.4,5.5
Maryland,3 wk ahead,percent,7.50648041376349e-11,Bin,5.5,5.6
Maryland,3 wk ahead,percent,7.50648041376349e-11,Bin,5.6,5.7
Maryland,3 wk ahead,percent,7.50648041376349e-11,Bin,5.7,5.8
Maryland,3 wk ahead,percent,7.50648041376349e-11,Bin,5.8,5.9
Maryland,3 wk ahead,percent,0.00199999965425359,Bin,5.9,6.0
Maryland,3 wk ahead,percent,7.50648041376349e-11,Bin,6.0,6.1
Maryland,3 wk ahead,percent,7.50648041376349e-11,Bin,6.1,6.2
Maryland,3 wk ahead,percent,7.50648041376349e-11,Bin,6.2,6.3
Maryland,3 wk ahead,percent,7.50648041376349e-11,Bin,6.3,6.4
Maryland,3 wk ahead,percent,7.50648041376349e-11,Bin,6.4,6.5
Maryland,3 wk ahead,percent,7.50648041376349e-11,Bin,6.5,6.6
Maryland,3 wk ahead,percent,7.50648041376349e-11,Bin,6.6,6.7
Maryland,3 wk ahead,percent,7.50648041376349e-11,Bin,6.7,6.8
Maryland,3 wk ahead,percent,7.50648041376349e-11,Bin,6.8,6.9
Maryland,3 wk ahead,percent,7.50648041376349e-11,Bin,6.9,7.0
Maryland,3 wk ahead,percent,7.50648041376349e-11,Bin,7.0,7.1
Maryland,3 wk ahead,percent,0.00199999965425359,Bin,7.1,7.2
Maryland,3 wk ahead,percent,7.50648041376349e-11,Bin,7.2,7.3
Maryland,3 wk ahead,percent,7.50648041376349e-11,Bin,7.3,7.4
Maryland,3 wk ahead,percent,7.50648041376349e-11,Bin,7.4,7.5
Maryland,3 wk ahead,percent,7.50648041376349e-11,Bin,7.5,7.6
Maryland,3 wk ahead,percent,7.50648041376349e-11,Bin,7.6,7.7
Maryland,3 wk ahead,percent,7.50648041376349e-11,Bin,7.7,7.8
Maryland,3 wk ahead,percent,7.50648041376349e-11,Bin,7.8,7.9
Maryland,3 wk ahead,percent,7.50648041376349e-11,Bin,7.9,8.0
Maryland,3 wk ahead,percent,7.50648041376356e-11,Bin,8.0,8.1
Maryland,3 wk ahead,percent,7.50648041376362e-11,Bin,8.1,8.2
Maryland,3 wk ahead,percent,7.50648041376362e-11,Bin,8.2,8.3
Maryland,3 wk ahead,percent,7.50648041376362e-11,Bin,8.3,8.4
Maryland,3 wk ahead,percent,7.50648041376362e-11,Bin,8.4,8.5
Maryland,3 wk ahead,percent,7.50648041376362e-11,Bin,8.5,8.6
Maryland,3 wk ahead,percent,7.50648041376362e-11,Bin,8.6,8.7
Maryland,3 wk ahead,percent,7.50648041376362e-11,Bin,8.7,8.8
Maryland,3 wk ahead,percent,0.00199999965425359,Bin,8.8,8.9
Maryland,3 wk ahead,percent,7.50648041376362e-11,Bin,8.9,9.0
Maryland,3 wk ahead,percent,0.00199999965425359,Bin,9.0,9.1
Maryland,3 wk ahead,percent,7.50648041376362e-11,Bin,9.1,9.2
Maryland,3 wk ahead,percent,7.50648041376362e-11,Bin,9.2,9.3
Maryland,3 wk ahead,percent,7.50648041376362e-11,Bin,9.3,9.4
Maryland,3 wk ahead,percent,7.50648041376362e-11,Bin,9.4,9.5
Maryland,3 wk ahead,percent,7.50648041376362e-11,Bin,9.5,9.6
Maryland,3 wk ahead,percent,7.50648041376362e-11,Bin,9.6,9.7
Maryland,3 wk ahead,percent,7.50648041376362e-11,Bin,9.7,9.8
Maryland,3 wk ahead,percent,7.50648041376362e-11,Bin,9.8,9.9
Maryland,3 wk ahead,percent,7.50648041376362e-11,Bin,9.9,10.0
Maryland,3 wk ahead,percent,7.50648041376362e-11,Bin,10.0,10.1
Maryland,3 wk ahead,percent,7.50648041376362e-11,Bin,10.1,10.2
Maryland,3 wk ahead,percent,7.50648041376362e-11,Bin,10.2,10.3
Maryland,3 wk ahead,percent,7.50648041376362e-11,Bin,10.3,10.4
Maryland,3 wk ahead,percent,7.50648041376362e-11,Bin,10.4,10.5
Maryland,3 wk ahead,percent,7.50648041376362e-11,Bin,10.5,10.6
Maryland,3 wk ahead,percent,7.50648041376362e-11,Bin,10.6,10.7
Maryland,3 wk ahead,percent,7.50648041376362e-11,Bin,10.7,10.8
Maryland,3 wk ahead,percent,7.50648041376362e-11,Bin,10.8,10.9
Maryland,3 wk ahead,percent,7.50648041376362e-11,Bin,10.9,11.0
Maryland,3 wk ahead,percent,7.50648041376362e-11,Bin,11.0,11.1
Maryland,3 wk ahead,percent,7.50648041376362e-11,Bin,11.1,11.2
Maryland,3 wk ahead,percent,7.50648041376362e-11,Bin,11.2,11.3
Maryland,3 wk ahead,percent,7.50648041376362e-11,Bin,11.3,11.4
Maryland,3 wk ahead,percent,7.50648041376362e-11,Bin,11.4,11.5
Maryland,3 wk ahead,percent,7.50648041376362e-11,Bin,11.5,11.6
Maryland,3 wk ahead,percent,7.50648041376362e-11,Bin,11.6,11.7
Maryland,3 wk ahead,percent,7.50648041376362e-11,Bin,11.7,11.8
Maryland,3 wk ahead,percent,7.50648041376362e-11,Bin,11.8,11.9
Maryland,3 wk ahead,percent,7.50648041376362e-11,Bin,11.9,12.0
Maryland,3 wk ahead,percent,7.50648041376362e-11,Bin,12.0,12.1
Maryland,3 wk ahead,percent,7.50648041376362e-11,Bin,12.1,12.2
Maryland,3 wk ahead,percent,7.50648041376362e-11,Bin,12.2,12.3
Maryland,3 wk ahead,percent,7.50648041376362e-11,Bin,12.3,12.4
Maryland,3 wk ahead,percent,7.50648041376362e-11,Bin,12.4,12.5
Maryland,3 wk ahead,percent,7.50648041376362e-11,Bin,12.5,12.6
Maryland,3 wk ahead,percent,7.50648041376362e-11,Bin,12.6,12.7
Maryland,3 wk ahead,percent,7.50648041376362e-11,Bin,12.7,12.8
Maryland,3 wk ahead,percent,7.50648041376362e-11,Bin,12.8,12.9
Maryland,3 wk ahead,percent,7.50648041376362e-11,Bin,12.9,13.0
Maryland,3 wk ahead,percent,7.50648041376362e-11,Bin,13.0,100.0
Maryland,4 wk ahead,percent,3.91075254730402e-11,Bin,0.0,0.1
Maryland,4 wk ahead,percent,7.82150509460805e-11,Bin,0.1,0.2
Maryland,4 wk ahead,percent,0.00199999965858653,Bin,0.2,0.3
Maryland,4 wk ahead,percent,7.82150509460804e-11,Bin,0.3,0.4
Maryland,4 wk ahead,percent,0.00599999882756689,Bin,0.4,0.5
Maryland,4 wk ahead,percent,0.00799999872302791,Bin,0.5,0.6
Maryland,4 wk ahead,percent,0.0219999971333434,Bin,0.6,0.7
Maryland,4 wk ahead,percent,0.041999996272607,Bin,0.7,0.8
Maryland,4 wk ahead,percent,0.0739999953484805,Bin,0.8,0.9
Maryland,4 wk ahead,percent,0.0919999997756401,Bin,0.9,1.0
Maryland,4 wk ahead,percent,0.0660000140829798,Bin,1.0,1.1
Maryland,4 wk ahead,percent,0.0920000125725892,Bin,1.1,1.2
Maryland,4 wk ahead,percent,0.108000004556089,Bin,1.2,1.3
Maryland,4 wk ahead,percent,0.0820000009907001,Bin,1.3,1.4
Maryland,4 wk ahead,percent,0.0659999977165096,Bin,1.4,1.5
Maryland,4 wk ahead,percent,0.0419999999707266,Bin,1.5,1.6
Maryland,4 wk ahead,percent,0.0459999970101855,Bin,1.6,1.7
Maryland,4 wk ahead,percent,0.0459999940860677,Bin,1.7,1.8
Maryland,4 wk ahead,percent,0.0479999915734015,Bin,1.8,1.9
Maryland,4 wk ahead,percent,0.0319999950316389,Bin,1.9,2.0
Maryland,4 wk ahead,percent,0.0180000002349877,Bin,2.0,2.1
Maryland,4 wk ahead,percent,0.0140000037458203,Bin,2.1,2.2
Maryland,4 wk ahead,percent,0.0180000031430231,Bin,2.2,2.3
Maryland,4 wk ahead,percent,0.00600000315580889,Bin,2.3,2.4
Maryland,4 wk ahead,percent,0.00800000005551327,Bin,2.4,2.5
Maryland,4 wk ahead,percent,0.00999999832076863,Bin,2.5,2.6
Maryland,4 wk ahead,percent,0.00799999841325516,Bin,2.6,2.7
Maryland,4 wk ahead,percent,0.00199999966341929,Bin,2.7,2.8
Maryland,4 wk ahead,percent,0.00399999924379077,Bin,2.8,2.9
Maryland,4 wk ahead,percent,0.00799999840453372,Bin,2.9,3.0
Maryland,4 wk ahead,percent,0.00599999882416224,Bin,3.0,3.1
Maryland,4 wk ahead,percent,0.00199999966341929,Bin,3.1,3.2
Maryland,4 wk ahead,percent,8.30478123044325e-11,Bin,3.2,3.3
Maryland,4 wk ahead,percent,8.30478123044325e-11,Bin,3.3,3.4
Maryland,4 wk ahead,percent,8.30478123044325e-11,Bin,3.4,3.5
Maryland,4 wk ahead,percent,0.00199999966341929,Bin,3.5,3.6
Maryland,4 wk ahead,percent,0.00199999966341929,Bin,3.6,3.7
Maryland,4 wk ahead,percent,8.30478123044325e-11,Bin,3.7,3.8
Maryland,4 wk ahead,percent,8.30478123044325e-11,Bin,3.8,3.9
Maryland,4 wk ahead,percent,8.30478123044325e-11,Bin,3.9,4.0
Maryland,4 wk ahead,percent,0.00199999966341929,Bin,4.0,4.1
Maryland,4 wk ahead,percent,8.30478123044325e-11,Bin,4.1,4.2
Maryland,4 wk ahead,percent,0.00399999924379077,Bin,4.2,4.3
Maryland,4 wk ahead,percent,0.00199999966341929,Bin,4.3,4.4
Maryland,4 wk ahead,percent,8.30478123044325e-11,Bin,4.4,4.5
Maryland,4 wk ahead,percent,0.00199999966341929,Bin,4.5,4.6
Maryland,4 wk ahead,percent,0.00199999966341929,Bin,4.6,4.7
Maryland,4 wk ahead,percent,8.30478123044325e-11,Bin,4.7,4.8
Maryland,4 wk ahead,percent,8.30478123044325e-11,Bin,4.8,4.9
Maryland,4 wk ahead,percent,0.00199999966341929,Bin,4.9,5.0
Maryland,4 wk ahead,percent,8.30478123044325e-11,Bin,5.0,5.1
Maryland,4 wk ahead,percent,8.30478123044325e-11,Bin,5.1,5.2
Maryland,4 wk ahead,percent,8.30478123044325e-11,Bin,5.2,5.3
Maryland,4 wk ahead,percent,8.30478123044325e-11,Bin,5.3,5.4
Maryland,4 wk ahead,percent,8.30478123044325e-11,Bin,5.4,5.5
Maryland,4 wk ahead,percent,8.30478123044325e-11,Bin,5.5,5.6
Maryland,4 wk ahead,percent,8.30478123044325e-11,Bin,5.6,5.7
Maryland,4 wk ahead,percent,8.30478123044325e-11,Bin,5.7,5.8
Maryland,4 wk ahead,percent,8.30478123044325e-11,Bin,5.8,5.9
Maryland,4 wk ahead,percent,8.30478123044325e-11,Bin,5.9,6.0
Maryland,4 wk ahead,percent,8.30478123044325e-11,Bin,6.0,6.1
Maryland,4 wk ahead,percent,0.00199999966341929,Bin,6.1,6.2
Maryland,4 wk ahead,percent,8.30478123044325e-11,Bin,6.2,6.3
Maryland,4 wk ahead,percent,8.30478123044325e-11,Bin,6.3,6.4
Maryland,4 wk ahead,percent,8.30478123044325e-11,Bin,6.4,6.5
Maryland,4 wk ahead,percent,8.30478123044325e-11,Bin,6.5,6.6
Maryland,4 wk ahead,percent,8.30478123044325e-11,Bin,6.6,6.7
Maryland,4 wk ahead,percent,8.30478123044325e-11,Bin,6.7,6.8
Maryland,4 wk ahead,percent,8.30478123044325e-11,Bin,6.8,6.9
Maryland,4 wk ahead,percent,8.30478123044325e-11,Bin,6.9,7.0
Maryland,4 wk ahead,percent,8.30478123044325e-11,Bin,7.0,7.1
Maryland,4 wk ahead,percent,8.30478123044325e-11,Bin,7.1,7.2
Maryland,4 wk ahead,percent,8.30478123044325e-11,Bin,7.2,7.3
Maryland,4 wk ahead,percent,8.30478123044325e-11,Bin,7.3,7.4
Maryland,4 wk ahead,percent,8.30478123044325e-11,Bin,7.4,7.5
Maryland,4 wk ahead,percent,8.30478123044325e-11,Bin,7.5,7.6
Maryland,4 wk ahead,percent,8.30478123044325e-11,Bin,7.6,7.7
Maryland,4 wk ahead,percent,0.00199999966341929,Bin,7.7,7.8
Maryland,4 wk ahead,percent,8.30478123044325e-11,Bin,7.8,7.9
Maryland,4 wk ahead,percent,8.30478123044325e-11,Bin,7.9,8.0
Maryland,4 wk ahead,percent,8.30478123044332e-11,Bin,8.0,8.1
Maryland,4 wk ahead,percent,8.3047812304434e-11,Bin,8.1,8.2
Maryland,4 wk ahead,percent,8.3047812304434e-11,Bin,8.2,8.3
Maryland,4 wk ahead,percent,8.3047812304434e-11,Bin,8.3,8.4
Maryland,4 wk ahead,percent,8.3047812304434e-11,Bin,8.4,8.5
Maryland,4 wk ahead,percent,8.3047812304434e-11,Bin,8.5,8.6
Maryland,4 wk ahead,percent,8.3047812304434e-11,Bin,8.6,8.7
Maryland,4 wk ahead,percent,8.3047812304434e-11,Bin,8.7,8.8
Maryland,4 wk ahead,percent,8.3047812304434e-11,Bin,8.8,8.9
Maryland,4 wk ahead,percent,8.3047812304434e-11,Bin,8.9,9.0
Maryland,4 wk ahead,percent,8.3047812304434e-11,Bin,9.0,9.1
Maryland,4 wk ahead,percent,8.3047812304434e-11,Bin,9.1,9.2
Maryland,4 wk ahead,percent,8.3047812304434e-11,Bin,9.2,9.3
Maryland,4 wk ahead,percent,8.3047812304434e-11,Bin,9.3,9.4
Maryland,4 wk ahead,percent,8.3047812304434e-11,Bin,9.4,9.5
Maryland,4 wk ahead,percent,8.3047812304434e-11,Bin,9.5,9.6
Maryland,4 wk ahead,percent,8.3047812304434e-11,Bin,9.6,9.7
Maryland,4 wk ahead,percent,8.3047812304434e-11,Bin,9.7,9.8
Maryland,4 wk ahead,percent,8.3047812304434e-11,Bin,9.8,9.9
Maryland,4 wk ahead,percent,8.3047812304434e-11,Bin,9.9,10.0
Maryland,4 wk ahead,percent,8.3047812304434e-11,Bin,10.0,10.1
Maryland,4 wk ahead,percent,8.3047812304434e-11,Bin,10.1,10.2
Maryland,4 wk ahead,percent,8.3047812304434e-11,Bin,10.2,10.3
Maryland,4 wk ahead,percent,8.3047812304434e-11,Bin,10.3,10.4
Maryland,4 wk ahead,percent,8.3047812304434e-11,Bin,10.4,10.5
Maryland,4 wk ahead,percent,8.3047812304434e-11,Bin,10.5,10.6
Maryland,4 wk ahead,percent,8.3047812304434e-11,Bin,10.6,10.7
Maryland,4 wk ahead,percent,8.3047812304434e-11,Bin,10.7,10.8
Maryland,4 wk ahead,percent,8.3047812304434e-11,Bin,10.8,10.9
Maryland,4 wk ahead,percent,8.3047812304434e-11,Bin,10.9,11.0
Maryland,4 wk ahead,percent,8.3047812304434e-11,Bin,11.0,11.1
Maryland,4 wk ahead,percent,8.3047812304434e-11,Bin,11.1,11.2
Maryland,4 wk ahead,percent,8.3047812304434e-11,Bin,11.2,11.3
Maryland,4 wk ahead,percent,8.3047812304434e-11,Bin,11.3,11.4
Maryland,4 wk ahead,percent,8.3047812304434e-11,Bin,11.4,11.5
Maryland,4 wk ahead,percent,8.3047812304434e-11,Bin,11.5,11.6
Maryland,4 wk ahead,percent,8.3047812304434e-11,Bin,11.6,11.7
Maryland,4 wk ahead,percent,8.3047812304434e-11,Bin,11.7,11.8
Maryland,4 wk ahead,percent,8.3047812304434e-11,Bin,11.8,11.9
Maryland,4 wk ahead,percent,8.3047812304434e-11,Bin,11.9,12.0
Maryland,4 wk ahead,percent,8.3047812304434e-11,Bin,12.0,12.1
Maryland,4 wk ahead,percent,8.3047812304434e-11,Bin,12.1,12.2
Maryland,4 wk ahead,percent,8.3047812304434e-11,Bin,12.2,12.3
Maryland,4 wk ahead,percent,8.3047812304434e-11,Bin,12.3,12.4
Maryland,4 wk ahead,percent,8.3047812304434e-11,Bin,12.4,12.5
Maryland,4 wk ahead,percent,8.3047812304434e-11,Bin,12.5,12.6
Maryland,4 wk ahead,percent,8.3047812304434e-11,Bin,12.6,12.7
Maryland,4 wk ahead,percent,8.3047812304434e-11,Bin,12.7,12.8
Maryland,4 wk ahead,percent,8.3047812304434e-11,Bin,12.8,12.9
Maryland,4 wk ahead,percent,8.3047812304434e-11,Bin,12.9,13.0
Maryland,4 wk ahead,percent,8.3047812304434e-11,Bin,13.0,100.0
Maryland,Season peak percentage,percent,4.04370438610655e-14,Bin,0.0,0.1
Maryland,Season peak percentage,percent,8.0874087722131e-14,Bin,0.1,0.2
Maryland,Season peak percentage,percent,8.0874087722131e-14,Bin,0.2,0.3
Maryland,Season peak percentage,percent,8.0874087722131e-14,Bin,0.3,0.4
Maryland,Season peak percentage,percent,8.11663844670828e-14,Bin,0.4,0.5
Maryland,Season peak percentage,percent,1.01650232077069e-13,Bin,0.5,0.6
Maryland,Season peak percentage,percent,1.42624524863528e-13,Bin,0.6,0.7
Maryland,Season peak percentage,percent,1.97483368416128e-13,Bin,0.7,0.8
Maryland,Season peak percentage,percent,2.7003630250699e-13,Bin,0.8,0.9
Maryland,Season peak percentage,percent,3.64474299125861e-13,Bin,0.9,1.0
Maryland,Season peak percentage,percent,4.85775608660877e-13,Bin,1.0,1.1
Maryland,Season peak percentage,percent,6.39366982051351e-13,Bin,1.1,1.2
Maryland,Season peak percentage,percent,8.31201490861848e-13,Bin,1.2,1.3
Maryland,Season peak percentage,percent,1.06731430412527e-12,Bin,1.3,1.4
Maryland,Season peak percentage,percent,1.35432285537003e-12,Bin,1.4,1.5
Maryland,Season peak percentage,percent,1.69817846252758e-12,Bin,1.5,1.6
Maryland,Season peak percentage,percent,2.10473745119523e-12,Bin,1.6,1.7
Maryland,Season peak percentage,percent,2.57907007363834e-12,Bin,1.7,1.8
Maryland,Season peak percentage,percent,3.12561603848786e-12,Bin,1.8,1.9
Maryland,Season peak percentage,percent,3.74700588258045e-12,Bin,1.9,2.0
Maryland,Season peak percentage,percent,4.44511705722714e-12,Bin,2.0,2.1
Maryland,Season peak percentage,percent,5.21974665769041e-12,Bin,2.1,2.2
Maryland,Season peak percentage,percent,6.06910466419299e-12,Bin,2.2,2.3
Maryland,Season peak percentage,percent,6.98950215050888e-12,Bin,2.3,2.4
Maryland,Season peak percentage,percent,7.97588688157864e-12,Bin,2.4,2.5
Maryland,Season peak percentage,percent,9.02071459693453e-12,Bin,2.5,2.6
Maryland,Season peak percentage,percent,1.01151176707958e-11,Bin,2.6,2.7
Maryland,Season peak percentage,percent,1.12483594152608e-11,Bin,2.7,2.8
Maryland,Season peak percentage,percent,1.24079633824892e-11,Bin,2.8,2.9
Maryland,Season peak percentage,percent,1.35798054937047e-11,Bin,2.9,3.0
Maryland,Season peak percentage,percent,1.47481459226584e-11,Bin,3.0,3.1
Maryland,Season peak percentage,percent,1.58957872169341e-11,Bin,3.1,3.2
Maryland,Season peak percentage,percent,1.70041542283951e-11,Bin,3.2,3.3
Maryland,Season peak percentage,percent,1.80537449436258e-11,Bin,3.3,3.4
Maryland,Season peak percentage,percent,1.90243802899532e-11,Bin,3.4,3.5
Maryland,Season peak percentage,percent,1.98964398098606e-11,Bin,3.5,3.6
Maryland,Season peak percentage,percent,2.06503412403654e-11,Bin,3.6,3.7
Maryland,Season peak percentage,percent,2.12693195674273e-11,Bin,3.7,3.8
Maryland,Season peak percentage,percent,2.17391331964466e-11,Bin,3.8,3.9
Maryland,Season peak percentage,percent,2.20497053583539e-11,Bin,3.9,4.0
Maryland,Season peak percentage,percent,2.21952762305026e-11,Bin,4.0,4.1
Maryland,Season peak percentage,percent,2.21768048940567e-11,Bin,4.1,4.2
Maryland,Season peak percentage,percent,2.20003303309517e-11,Bin,4.2,4.3
Maryland,Season peak percentage,percent,2.16784499905473e-11,Bin,4.3,4.4
Maryland,Season peak percentage,percent,2.12294552971705e-11,Bin,4.4,4.5
Maryland,Season peak percentage,percent,2.06760952653981e-11,Bin,4.5,4.6
Maryland,Season peak percentage,percent,2.00442005077477e-11,Bin,4.6,4.7
Maryland,Season peak percentage,percent,1.93617102879047e-11,Bin,4.7,4.8
Maryland,Season peak percentage,percent,1.86560986806199e-11,Bin,4.8,4.9
Maryland,Season peak percentage,percent,1.7952770469832e-11,Bin,4.9,5.0
Maryland,Season peak percentage,percent,1.72732649757942e-11,Bin,5.0,5.1
Maryland,Season peak percentage,percent,1.66338066123075e-11,Bin,5.1,5.2
Maryland,Season peak percentage,percent,1.6044662135729e-11,Bin,5.2,5.3
Maryland,Season peak percentage,percent,1.55092087745397e-11,Bin,5.3,5.4
Maryland,Season peak percentage,percent,1.50243785478793e-11,Bin,5.4,5.5
Maryland,Season peak percentage,percent,1.45814735508033e-11,Bin,5.5,5.6
Maryland,Season peak percentage,percent,1.41672083160837e-11,Bin,5.6,5.7
Maryland,Season peak percentage,percent,1.37652587226064e-11,Bin,5.7,5.8
Maryland,Season peak percentage,percent,1.33580654113995e-11,Bin,5.8,5.9
Maryland,Season peak percentage,percent,0.959999999156493,Bin,5.9,6.0
Maryland,Season peak percentage,percent,1.2461956739878e-11,Bin,6.0,6.1
Maryland,Season peak percentage,percent,0.00400000000837832,Bin,6.1,6.2
Maryland,Season peak percentage,percent,1.13759445962466e-11,Bin,6.2,6.3
Maryland,Season peak percentage,percent,1.07474429092514e-11,Bin,6.3,6.4
Maryland,Season peak percentage,percent,1.00640275910072e-11,Bin,6.4,6.5
Maryland,Season peak percentage,percent,9.33298958918317e-12,Bin,6.5,6.6
Maryland,Season peak percentage,percent,0.00200000000678125,Bin,6.6,6.7
Maryland,Season peak percentage,percent,7.77532389555743e-12,Bin,6.7,6.8
Maryland,Season peak percentage,percent,6.97789439660482e-12,Bin,6.8,6.9
Maryland,Season peak percentage,percent,6.18910341146568e-12,Bin,6.9,7.0
Maryland,Season peak percentage,percent,5.42421531183941e-12,Bin,7.0,7.1
Maryland,Season peak percentage,percent,0.00200000000291289,Bin,7.1,7.2
Maryland,Season peak percentage,percent,0.00400000000045091,Bin,7.2,7.3
Maryland,Season peak percentage,percent,3.40012538322282e-12,Bin,7.3,7.4
Maryland,Season peak percentage,percent,2.84590544972606e-12,Bin,7.4,7.5
Maryland,Season peak percentage,percent,2.36069921108935e-12,Bin,7.5,7.6
Maryland,Season peak percentage,percent,1.94592178197309e-12,Bin,7.6,7.7
Maryland,Season peak percentage,percent,1.60149379943238e-12,Bin,7.7,7.8
Maryland,Season peak percentage,percent,1.32569514875332e-12,Bin,7.8,7.9
Maryland,Season peak percentage,percent,0.00199999999933163,Bin,7.9,8.0
Maryland,Season peak percentage,percent,9.69025871724533e-13,Bin,8.0,8.1
Maryland,Season peak percentage,percent,8.82081748685994e-13,Bin,8.1,8.2
Maryland,Season peak percentage,percent,8.51785021257364e-13,Bin,8.2,8.3
Maryland,Season peak percentage,percent,8.75421958078332e-13,Bin,8.3,8.4
Maryland,Season peak percentage,percent,9.50615868668034e-13,Bin,8.4,8.5
Maryland,Season peak percentage,percent,0.00399999999750643,Bin,8.5,8.6
Maryland,Season peak percentage,percent,1.24588668334384e-12,Bin,8.6,8.7
Maryland,Season peak percentage,percent,1.46096444661793e-12,Bin,8.7,8.8
Maryland,Season peak percentage,percent,0.0019999999999324,Bin,8.8,8.9
Maryland,Season peak percentage,percent,2.00862868257038e-12,Bin,8.9,9.0
Maryland,Season peak percentage,percent,0.00200000000054725,Bin,9.0,9.1
Maryland,Season peak percentage,percent,2.67835944055158e-12,Bin,9.1,9.2
Maryland,Season peak percentage,percent,3.04088690587581e-12,Bin,9.2,9.3
Maryland,Season peak percentage,percent,3.4094707721894e-12,Bin,9.3,9.4
Maryland,Season peak percentage,percent,3.77334009581227e-12,Bin,9.4,9.5
Maryland,Season peak percentage,percent,0.00799999999698404,Bin,9.5,9.6
Maryland,Season peak percentage,percent,4.4406926509739e-12,Bin,9.6,9.7
Maryland,Season peak percentage,percent,4.72085841677626e-12,Bin,9.7,9.8
Maryland,Season peak percentage,percent,0.00200000000316694,Bin,9.8,9.9
Maryland,Season peak percentage,percent,5.12256318039765e-12,Bin,9.9,10.0
Maryland,Season peak percentage,percent,5.22825208893699e-12,Bin,10.0,10.1
Maryland,Season peak percentage,percent,5.2639201731635e-12,Bin,10.1,10.2
Maryland,Season peak percentage,percent,5.22818945055428e-12,Bin,10.2,10.3
Maryland,Season peak percentage,percent,5.12220290240328e-12,Bin,10.3,10.4
Maryland,Season peak percentage,percent,4.95057048004932e-12,Bin,10.4,10.5
Maryland,Season peak percentage,percent,4.71988614826364e-12,Bin,10.5,10.6
Maryland,Season peak percentage,percent,4.43898361222628e-12,Bin,10.6,10.7
Maryland,Season peak percentage,percent,4.11825540312138e-12,Bin,10.7,10.8
Maryland,Season peak percentage,percent,3.76900730518636e-12,Bin,10.8,10.9
Maryland,Season peak percentage,percent,3.40261807884502e-12,Bin,10.9,11.0
Maryland,Season peak percentage,percent,3.03027099033966e-12,Bin,11.0,11.1
Maryland,Season peak percentage,percent,2.66211763416379e-12,Bin,11.1,11.2
Maryland,Season peak percentage,percent,2.30701011801932e-12,Bin,11.2,11.3
Maryland,Season peak percentage,percent,1.97222831717667e-12,Bin,11.3,11.4
Maryland,Season peak percentage,percent,1.66314434807909e-12,Bin,11.4,11.5
Maryland,Season peak percentage,percent,1.38356442747642e-12,Bin,11.5,11.6
Maryland,Season peak percentage,percent,1.13537465358663e-12,Bin,11.6,11.7
Maryland,Season peak percentage,percent,9.19082458162571e-13,Bin,11.7,11.8
Maryland,Season peak percentage,percent,7.33879578752807e-13,Bin,11.8,11.9
Maryland,Season peak percentage,percent,5.78141644964996e-13,Bin,11.9,12.0
Maryland,Season peak percentage,percent,0.00399999999688075,Bin,12.0,12.1
Maryland,Season peak percentage,percent,3.44354039349597e-13,Bin,12.1,12.2
Maryland,Season peak percentage,percent,2.60381583925726e-13,Bin,12.2,12.3
Maryland,Season peak percentage,percent,1.94231114816348e-13,Bin,12.3,12.4
Maryland,Season peak percentage,percent,1.42895331991051e-13,Bin,12.4,12.5
Maryland,Season peak percentage,percent,1.03739016154191e-13,Bin,12.5,12.6
Maryland,Season peak percentage,percent,0.00199999999829003,Bin,12.6,12.7
Maryland,Season peak percentage,percent,5.94684291533917e-14,Bin,12.7,12.8
Maryland,Season peak percentage,percent,5.92567650747239e-14,Bin,12.8,12.9
Maryland,Season peak percentage,percent,5.92567650747239e-14,Bin,12.9,13.0
Maryland,Season peak percentage,percent,0.00199999999943052,Bin,13.0,100.0
Maryland,Season peak week,week,2.869127131724e-05,Bin,40.0,41.0
Maryland,Season peak week,week,2.869127131724e-05,Bin,41.0,42.0
Maryland,Season peak week,week,2.869127131724e-05,Bin,42.0,43.0
Maryland,Season peak week,week,2.869127131724e-05,Bin,43.0,44.0
Maryland,Season peak week,week,2.869127131724e-05,Bin,44.0,45.0
Maryland,Season peak week,week,2.869127131724e-05,Bin,45.0,46.0
Maryland,Season peak week,week,2.869127131724e-05,Bin,46.0,47.0
Maryland,Season peak week,week,4.76107834954581e-05,Bin,47.0,48.0
Maryland,Season peak week,week,0.000214634454099068,Bin,48.0,49.0
Maryland,Season peak week,week,0.000749237786021769,Bin,49.0,50.0
Maryland,Season peak week,week,0.00195075969852475,Bin,50.0,51.0
Maryland,Season peak week,week,0.00381653587035982,Bin,51.0,52.0
Maryland,Season peak week,week,0.00567459388803798,Bin,52.0,53.0
Maryland,Season peak week,week,0.00653398718912809,Bin,1.0,2.0
Maryland,Season peak week,week,0.00601434522283331,Bin,2.0,3.0
Maryland,Season peak week,week,0.00470215564823614,Bin,3.0,4.0
Maryland,Season peak week,week,0.00359815472573714,Bin,4.0,5.0
Maryland,Season peak week,week,0.928014750315152,Bin,5.0,6.0
Maryland,Season peak week,week,0.00384857074497342,Bin,6.0,7.0
Maryland,Season peak week,week,0.00416894349890236,Bin,7.0,8.0
Maryland,Season peak week,week,0.0037761401008274,Bin,8.0,9.0
Maryland,Season peak week,week,0.0030450795016788,Bin,9.0,10.0
Maryland,Season peak week,week,0.00254875650492882,Bin,10.0,11.0
Maryland,Season peak week,week,0.00222429806975525,Bin,11.0,12.0
Maryland,Season peak week,week,0.00171253952992553,Bin,12.0,13.0
Maryland,Season peak week,week,0.00102456317969054,Bin,13.0,14.0
Maryland,Season peak week,week,0.000453197446402185,Bin,14.0,15.0
Maryland,Season peak week,week,0.00014593851497649,Bin,15.0,16.0
Maryland,Season peak week,week,3.55347659903268e-05,Bin,16.0,17.0
Maryland,Season peak week,week,2.20248917620761e-05,Bin,17.0,18.0
Maryland,Season peak week,week,0.00772739193878892,Bin,18.0,19.0
Maryland,Season peak week,week,0.00194836665351879,Bin,19.0,20.0
Maryland,Season peak week,week,0.00580105017703221,Bin,20.0,21.0
Massachusetts,1 wk ahead,percent,4.95868775933406e-11,Bin,0.0,0.1
Massachusetts,1 wk ahead,percent,9.91737551866813e-11,Bin,0.1,0.2
Massachusetts,1 wk ahead,percent,9.91737551866813e-11,Bin,0.2,0.3
Massachusetts,1 wk ahead,percent,9.91737551866813e-11,Bin,0.3,0.4
Massachusetts,1 wk ahead,percent,9.91737551866813e-11,Bin,0.4,0.5
Massachusetts,1 wk ahead,percent,9.91737551866813e-11,Bin,0.5,0.6
Massachusetts,1 wk ahead,percent,0.00400000210514917,Bin,0.6,0.7
Massachusetts,1 wk ahead,percent,0.0140000107312177,Bin,0.7,0.8
Massachusetts,1 wk ahead,percent,0.0579999975687029,Bin,0.8,0.9
Massachusetts,1 wk ahead,percent,0.0720000138485521,Bin,0.9,1.0
Massachusetts,1 wk ahead,percent,0.104000012691106,Bin,1.0,1.1
Massachusetts,1 wk ahead,percent,0.225999986104301,Bin,1.1,1.2
Massachusetts,1 wk ahead,percent,0.191999986880508,Bin,1.2,1.3
Massachusetts,1 wk ahead,percent,0.141999990324083,Bin,1.3,1.4
Massachusetts,1 wk ahead,percent,0.0559999962470316,Bin,1.4,1.5
Massachusetts,1 wk ahead,percent,0.0479999967980036,Bin,1.5,1.6
Massachusetts,1 wk ahead,percent,0.0199999987264056,Bin,1.6,1.7
Massachusetts,1 wk ahead,percent,0.0179999988641486,Bin,1.7,1.8
Massachusetts,1 wk ahead,percent,0.0179999988641486,Bin,1.8,1.9
Massachusetts,1 wk ahead,percent,0.00199999996609261,Bin,1.9,2.0
Massachusetts,1 wk ahead,percent,0.00199999996609261,Bin,2.0,2.1
Massachusetts,1 wk ahead,percent,0.00199999996609261,Bin,2.1,2.2
Massachusetts,1 wk ahead,percent,0.00199999996609261,Bin,2.2,2.3
Massachusetts,1 wk ahead,percent,0.00599999969060661,Bin,2.3,2.4
Massachusetts,1 wk ahead,percent,1.03835613133411e-10,Bin,2.4,2.5
Massachusetts,1 wk ahead,percent,1.03835613133411e-10,Bin,2.5,2.6
Massachusetts,1 wk ahead,percent,0.00799999955286361,Bin,2.6,2.7
Massachusetts,1 wk ahead,percent,1.03835613133411e-10,Bin,2.7,2.8
Massachusetts,1 wk ahead,percent,0.00599999969060661,Bin,2.8,2.9
Massachusetts,1 wk ahead,percent,1.03835613133411e-10,Bin,2.9,3.0
Massachusetts,1 wk ahead,percent,1.03835613133411e-10,Bin,3.0,3.1
Massachusetts,1 wk ahead,percent,1.03835613133411e-10,Bin,3.1,3.2
Massachusetts,1 wk ahead,percent,1.03835613133411e-10,Bin,3.2,3.3
Massachusetts,1 wk ahead,percent,1.03835613133411e-10,Bin,3.3,3.4
Massachusetts,1 wk ahead,percent,1.03835613133411e-10,Bin,3.4,3.5
Massachusetts,1 wk ahead,percent,1.03835613133411e-10,Bin,3.5,3.6
Massachusetts,1 wk ahead,percent,1.03835613133411e-10,Bin,3.6,3.7
Massachusetts,1 wk ahead,percent,1.03835613133411e-10,Bin,3.7,3.8
Massachusetts,1 wk ahead,percent,1.03835613133411e-10,Bin,3.8,3.9
Massachusetts,1 wk ahead,percent,1.03835613133411e-10,Bin,3.9,4.0
Massachusetts,1 wk ahead,percent,1.03835613133411e-10,Bin,4.0,4.1
Massachusetts,1 wk ahead,percent,1.03835613133411e-10,Bin,4.1,4.2
Massachusetts,1 wk ahead,percent,1.03835613133411e-10,Bin,4.2,4.3
Massachusetts,1 wk ahead,percent,1.03835613133411e-10,Bin,4.3,4.4
Massachusetts,1 wk ahead,percent,1.03835613133411e-10,Bin,4.4,4.5
Massachusetts,1 wk ahead,percent,1.03835613133411e-10,Bin,4.5,4.6
Massachusetts,1 wk ahead,percent,1.03835613133411e-10,Bin,4.6,4.7
Massachusetts,1 wk ahead,percent,1.03835613133411e-10,Bin,4.7,4.8
Massachusetts,1 wk ahead,percent,1.03835613133411e-10,Bin,4.8,4.9
Massachusetts,1 wk ahead,percent,1.03835613133411e-10,Bin,4.9,5.0
Massachusetts,1 wk ahead,percent,1.03835613133411e-10,Bin,5.0,5.1
Massachusetts,1 wk ahead,percent,1.03835613133411e-10,Bin,5.1,5.2
Massachusetts,1 wk ahead,percent,1.03835613133411e-10,Bin,5.2,5.3
Massachusetts,1 wk ahead,percent,1.03835613133411e-10,Bin,5.3,5.4
Massachusetts,1 wk ahead,percent,1.03835613133411e-10,Bin,5.4,5.5
Massachusetts,1 wk ahead,percent,1.03835613133411e-10,Bin,5.5,5.6
Massachusetts,1 wk ahead,percent,1.03835613133411e-10,Bin,5.6,5.7
Massachusetts,1 wk ahead,percent,1.03835613133411e-10,Bin,5.7,5.8
Massachusetts,1 wk ahead,percent,1.03835613133411e-10,Bin,5.8,5.9
Massachusetts,1 wk ahead,percent,1.03835613133411e-10,Bin,5.9,6.0
Massachusetts,1 wk ahead,percent,1.03835613133411e-10,Bin,6.0,6.1
Massachusetts,1 wk ahead,percent,1.03835613133411e-10,Bin,6.1,6.2
Massachusetts,1 wk ahead,percent,1.03835613133411e-10,Bin,6.2,6.3
Massachusetts,1 wk ahead,percent,1.03835613133411e-10,Bin,6.3,6.4
Massachusetts,1 wk ahead,percent,1.03835613133411e-10,Bin,6.4,6.5
Massachusetts,1 wk ahead,percent,1.03835613133411e-10,Bin,6.5,6.6
Massachusetts,1 wk ahead,percent,1.03835613133411e-10,Bin,6.6,6.7
Massachusetts,1 wk ahead,percent,1.03835613133411e-10,Bin,6.7,6.8
Massachusetts,1 wk ahead,percent,1.03835613133411e-10,Bin,6.8,6.9
Massachusetts,1 wk ahead,percent,1.03835613133411e-10,Bin,6.9,7.0
Massachusetts,1 wk ahead,percent,1.03835613133411e-10,Bin,7.0,7.1
Massachusetts,1 wk ahead,percent,1.03835613133411e-10,Bin,7.1,7.2
Massachusetts,1 wk ahead,percent,1.03835613133411e-10,Bin,7.2,7.3
Massachusetts,1 wk ahead,percent,1.03835613133411e-10,Bin,7.3,7.4
Massachusetts,1 wk ahead,percent,1.03835613133411e-10,Bin,7.4,7.5
Massachusetts,1 wk ahead,percent,1.03835613133411e-10,Bin,7.5,7.6
Massachusetts,1 wk ahead,percent,1.03835613133411e-10,Bin,7.6,7.7
Massachusetts,1 wk ahead,percent,1.03835613133411e-10,Bin,7.7,7.8
Massachusetts,1 wk ahead,percent,1.03835613133411e-10,Bin,7.8,7.9
Massachusetts,1 wk ahead,percent,1.03835613133411e-10,Bin,7.9,8.0
Massachusetts,1 wk ahead,percent,1.03835613133411e-10,Bin,8.0,8.1
Massachusetts,1 wk ahead,percent,1.03835613133412e-10,Bin,8.1,8.2
Massachusetts,1 wk ahead,percent,1.03835613133412e-10,Bin,8.2,8.3
Massachusetts,1 wk ahead,percent,1.03835613133412e-10,Bin,8.3,8.4
Massachusetts,1 wk ahead,percent,1.03835613133412e-10,Bin,8.4,8.5
Massachusetts,1 wk ahead,percent,1.03835613133412e-10,Bin,8.5,8.6
Massachusetts,1 wk ahead,percent,1.03835613133412e-10,Bin,8.6,8.7
Massachusetts,1 wk ahead,percent,1.03835613133412e-10,Bin,8.7,8.8
Massachusetts,1 wk ahead,percent,1.03835613133412e-10,Bin,8.8,8.9
Massachusetts,1 wk ahead,percent,1.03835613133412e-10,Bin,8.9,9.0
Massachusetts,1 wk ahead,percent,1.03835613133412e-10,Bin,9.0,9.1
Massachusetts,1 wk ahead,percent,1.03835613133412e-10,Bin,9.1,9.2
Massachusetts,1 wk ahead,percent,1.03835613133412e-10,Bin,9.2,9.3
Massachusetts,1 wk ahead,percent,1.03835613133412e-10,Bin,9.3,9.4
Massachusetts,1 wk ahead,percent,1.03835613133412e-10,Bin,9.4,9.5
Massachusetts,1 wk ahead,percent,1.03835613133412e-10,Bin,9.5,9.6
Massachusetts,1 wk ahead,percent,1.03835613133412e-10,Bin,9.6,9.7
Massachusetts,1 wk ahead,percent,1.03835613133412e-10,Bin,9.7,9.8
Massachusetts,1 wk ahead,percent,1.03835613133412e-10,Bin,9.8,9.9
Massachusetts,1 wk ahead,percent,1.03835613133412e-10,Bin,9.9,10.0
Massachusetts,1 wk ahead,percent,1.03835613133412e-10,Bin,10.0,10.1
Massachusetts,1 wk ahead,percent,1.03835613133412e-10,Bin,10.1,10.2
Massachusetts,1 wk ahead,percent,1.03835613133412e-10,Bin,10.2,10.3
Massachusetts,1 wk ahead,percent,1.03835613133412e-10,Bin,10.3,10.4
Massachusetts,1 wk ahead,percent,1.03835613133412e-10,Bin,10.4,10.5
Massachusetts,1 wk ahead,percent,1.03835613133412e-10,Bin,10.5,10.6
Massachusetts,1 wk ahead,percent,1.03835613133412e-10,Bin,10.6,10.7
Massachusetts,1 wk ahead,percent,1.03835613133412e-10,Bin,10.7,10.8
Massachusetts,1 wk ahead,percent,1.03835613133412e-10,Bin,10.8,10.9
Massachusetts,1 wk ahead,percent,1.03835613133412e-10,Bin,10.9,11.0
Massachusetts,1 wk ahead,percent,1.03835613133412e-10,Bin,11.0,11.1
Massachusetts,1 wk ahead,percent,1.03835613133412e-10,Bin,11.1,11.2
Massachusetts,1 wk ahead,percent,1.03835613133412e-10,Bin,11.2,11.3
Massachusetts,1 wk ahead,percent,1.03835613133412e-10,Bin,11.3,11.4
Massachusetts,1 wk ahead,percent,1.03835613133412e-10,Bin,11.4,11.5
Massachusetts,1 wk ahead,percent,1.03835613133412e-10,Bin,11.5,11.6
Massachusetts,1 wk ahead,percent,1.03835613133412e-10,Bin,11.6,11.7
Massachusetts,1 wk ahead,percent,1.03835613133412e-10,Bin,11.7,11.8
Massachusetts,1 wk ahead,percent,1.03835613133412e-10,Bin,11.8,11.9
Massachusetts,1 wk ahead,percent,1.03835613133412e-10,Bin,11.9,12.0
Massachusetts,1 wk ahead,percent,1.03835613133412e-10,Bin,12.0,12.1
Massachusetts,1 wk ahead,percent,1.03835613133412e-10,Bin,12.1,12.2
Massachusetts,1 wk ahead,percent,1.03835613133412e-10,Bin,12.2,12.3
Massachusetts,1 wk ahead,percent,1.03835613133412e-10,Bin,12.3,12.4
Massachusetts,1 wk ahead,percent,1.03835613133412e-10,Bin,12.4,12.5
Massachusetts,1 wk ahead,percent,1.03835613133412e-10,Bin,12.5,12.6
Massachusetts,1 wk ahead,percent,1.03835613133412e-10,Bin,12.6,12.7
Massachusetts,1 wk ahead,percent,1.03835613133412e-10,Bin,12.7,12.8
Massachusetts,1 wk ahead,percent,1.03835613133412e-10,Bin,12.8,12.9
Massachusetts,1 wk ahead,percent,1.03835613133412e-10,Bin,12.9,13.0
Massachusetts,1 wk ahead,percent,1.03835613133412e-10,Bin,13.0,100.0
Massachusetts,2 wk ahead,percent,4.81266944966338e-11,Bin,0.0,0.1
Massachusetts,2 wk ahead,percent,9.62533889932677e-11,Bin,0.1,0.2
Massachusetts,2 wk ahead,percent,9.62533889932676e-11,Bin,0.2,0.3
Massachusetts,2 wk ahead,percent,9.62533889932676e-11,Bin,0.3,0.4
Massachusetts,2 wk ahead,percent,9.62533889932676e-11,Bin,0.4,0.5
Massachusetts,2 wk ahead,percent,0.00200000003893724,Bin,0.5,0.6
Massachusetts,2 wk ahead,percent,0.00800000165400069,Bin,0.6,0.7
Massachusetts,2 wk ahead,percent,0.0480000065316841,Bin,0.7,0.8
Massachusetts,2 wk ahead,percent,0.0920000115005345,Bin,0.8,0.9
Massachusetts,2 wk ahead,percent,0.132000007696764,Bin,0.9,1.0
Massachusetts,2 wk ahead,percent,0.191999996904226,Bin,1.0,1.1
Massachusetts,2 wk ahead,percent,0.21799998973979,Bin,1.1,1.2
Massachusetts,2 wk ahead,percent,0.149999990678348,Bin,1.2,1.3
Massachusetts,2 wk ahead,percent,0.0699999950167089,Bin,1.3,1.4
Massachusetts,2 wk ahead,percent,0.0239999982817101,Bin,1.4,1.5
Massachusetts,2 wk ahead,percent,0.0279999979863487,Bin,1.5,1.6
Massachusetts,2 wk ahead,percent,0.00599999961083661,Bin,1.6,1.7
Massachusetts,2 wk ahead,percent,0.0119999991677945,Bin,1.7,1.8
Massachusetts,2 wk ahead,percent,0.00199999990619805,Bin,1.8,1.9
Massachusetts,2 wk ahead,percent,0.00599999961083661,Bin,1.9,2.0
Massachusetts,2 wk ahead,percent,0.00199999990619805,Bin,2.0,2.1
Massachusetts,2 wk ahead,percent,5.38787727209383e-11,Bin,2.1,2.2
Massachusetts,2 wk ahead,percent,0.00599999961083661,Bin,2.2,2.3
Massachusetts,2 wk ahead,percent,5.38787727209383e-11,Bin,2.3,2.4
Massachusetts,2 wk ahead,percent,0.00199999990619805,Bin,2.4,2.5
Massachusetts,2 wk ahead,percent,5.38787727209383e-11,Bin,2.5,2.6
Massachusetts,2 wk ahead,percent,5.38787727209383e-11,Bin,2.6,2.7
Massachusetts,2 wk ahead,percent,5.38787727209383e-11,Bin,2.7,2.8
Massachusetts,2 wk ahead,percent,5.38787727209383e-11,Bin,2.8,2.9
Massachusetts,2 wk ahead,percent,5.38787727209383e-11,Bin,2.9,3.0
Massachusetts,2 wk ahead,percent,5.38787727209383e-11,Bin,3.0,3.1
Massachusetts,2 wk ahead,percent,5.38787727209383e-11,Bin,3.1,3.2
Massachusetts,2 wk ahead,percent,5.38787727209383e-11,Bin,3.2,3.3
Massachusetts,2 wk ahead,percent,5.38787727209383e-11,Bin,3.3,3.4
Massachusetts,2 wk ahead,percent,5.38787727209383e-11,Bin,3.4,3.5
Massachusetts,2 wk ahead,percent,5.38787727209383e-11,Bin,3.5,3.6
Massachusetts,2 wk ahead,percent,5.38787727209383e-11,Bin,3.6,3.7
Massachusetts,2 wk ahead,percent,5.38787727209383e-11,Bin,3.7,3.8
Massachusetts,2 wk ahead,percent,5.38787727209383e-11,Bin,3.8,3.9
Massachusetts,2 wk ahead,percent,5.38787727209383e-11,Bin,3.9,4.0
Massachusetts,2 wk ahead,percent,5.38787727209383e-11,Bin,4.0,4.1
Massachusetts,2 wk ahead,percent,5.38787727209383e-11,Bin,4.1,4.2
Massachusetts,2 wk ahead,percent,5.38787727209383e-11,Bin,4.2,4.3
Massachusetts,2 wk ahead,percent,5.38787727209383e-11,Bin,4.3,4.4
Massachusetts,2 wk ahead,percent,5.38787727209383e-11,Bin,4.4,4.5
Massachusetts,2 wk ahead,percent,5.38787727209383e-11,Bin,4.5,4.6
Massachusetts,2 wk ahead,percent,5.38787727209383e-11,Bin,4.6,4.7
Massachusetts,2 wk ahead,percent,5.38787727209383e-11,Bin,4.7,4.8
Massachusetts,2 wk ahead,percent,5.38787727209383e-11,Bin,4.8,4.9
Massachusetts,2 wk ahead,percent,5.38787727209383e-11,Bin,4.9,5.0
Massachusetts,2 wk ahead,percent,5.38787727209383e-11,Bin,5.0,5.1
Massachusetts,2 wk ahead,percent,5.38787727209383e-11,Bin,5.1,5.2
Massachusetts,2 wk ahead,percent,5.38787727209383e-11,Bin,5.2,5.3
Massachusetts,2 wk ahead,percent,5.38787727209383e-11,Bin,5.3,5.4
Massachusetts,2 wk ahead,percent,5.38787727209383e-11,Bin,5.4,5.5
Massachusetts,2 wk ahead,percent,5.38787727209383e-11,Bin,5.5,5.6
Massachusetts,2 wk ahead,percent,5.38787727209383e-11,Bin,5.6,5.7
Massachusetts,2 wk ahead,percent,5.38787727209383e-11,Bin,5.7,5.8
Massachusetts,2 wk ahead,percent,5.38787727209383e-11,Bin,5.8,5.9
Massachusetts,2 wk ahead,percent,5.38787727209383e-11,Bin,5.9,6.0
Massachusetts,2 wk ahead,percent,5.38787727209383e-11,Bin,6.0,6.1
Massachusetts,2 wk ahead,percent,5.38787727209383e-11,Bin,6.1,6.2
Massachusetts,2 wk ahead,percent,5.38787727209383e-11,Bin,6.2,6.3
Massachusetts,2 wk ahead,percent,5.38787727209383e-11,Bin,6.3,6.4
Massachusetts,2 wk ahead,percent,5.38787727209383e-11,Bin,6.4,6.5
Massachusetts,2 wk ahead,percent,5.38787727209383e-11,Bin,6.5,6.6
Massachusetts,2 wk ahead,percent,5.38787727209383e-11,Bin,6.6,6.7
Massachusetts,2 wk ahead,percent,5.38787727209383e-11,Bin,6.7,6.8
Massachusetts,2 wk ahead,percent,5.38787727209383e-11,Bin,6.8,6.9
Massachusetts,2 wk ahead,percent,5.38787727209383e-11,Bin,6.9,7.0
Massachusetts,2 wk ahead,percent,5.38787727209383e-11,Bin,7.0,7.1
Massachusetts,2 wk ahead,percent,5.38787727209383e-11,Bin,7.1,7.2
Massachusetts,2 wk ahead,percent,5.38787727209383e-11,Bin,7.2,7.3
Massachusetts,2 wk ahead,percent,5.38787727209383e-11,Bin,7.3,7.4
Massachusetts,2 wk ahead,percent,5.38787727209383e-11,Bin,7.4,7.5
Massachusetts,2 wk ahead,percent,5.38787727209383e-11,Bin,7.5,7.6
Massachusetts,2 wk ahead,percent,5.38787727209383e-11,Bin,7.6,7.7
Massachusetts,2 wk ahead,percent,5.38787727209383e-11,Bin,7.7,7.8
Massachusetts,2 wk ahead,percent,5.38787727209383e-11,Bin,7.8,7.9
Massachusetts,2 wk ahead,percent,5.38787727209383e-11,Bin,7.9,8.0
Massachusetts,2 wk ahead,percent,5.38787727209388e-11,Bin,8.0,8.1
Massachusetts,2 wk ahead,percent,5.38787727209393e-11,Bin,8.1,8.2
Massachusetts,2 wk ahead,percent,5.38787727209393e-11,Bin,8.2,8.3
Massachusetts,2 wk ahead,percent,5.38787727209393e-11,Bin,8.3,8.4
Massachusetts,2 wk ahead,percent,5.38787727209393e-11,Bin,8.4,8.5
Massachusetts,2 wk ahead,percent,5.38787727209393e-11,Bin,8.5,8.6
Massachusetts,2 wk ahead,percent,5.38787727209393e-11,Bin,8.6,8.7
Massachusetts,2 wk ahead,percent,5.38787727209393e-11,Bin,8.7,8.8
Massachusetts,2 wk ahead,percent,5.38787727209393e-11,Bin,8.8,8.9
Massachusetts,2 wk ahead,percent,5.38787727209393e-11,Bin,8.9,9.0
Massachusetts,2 wk ahead,percent,5.38787727209393e-11,Bin,9.0,9.1
Massachusetts,2 wk ahead,percent,5.38787727209393e-11,Bin,9.1,9.2
Massachusetts,2 wk ahead,percent,5.38787727209393e-11,Bin,9.2,9.3
Massachusetts,2 wk ahead,percent,5.38787727209393e-11,Bin,9.3,9.4
Massachusetts,2 wk ahead,percent,5.38787727209393e-11,Bin,9.4,9.5
Massachusetts,2 wk ahead,percent,5.38787727209393e-11,Bin,9.5,9.6
Massachusetts,2 wk ahead,percent,5.38787727209393e-11,Bin,9.6,9.7
Massachusetts,2 wk ahead,percent,5.38787727209393e-11,Bin,9.7,9.8
Massachusetts,2 wk ahead,percent,5.38787727209393e-11,Bin,9.8,9.9
Massachusetts,2 wk ahead,percent,5.38787727209393e-11,Bin,9.9,10.0
Massachusetts,2 wk ahead,percent,5.38787727209393e-11,Bin,10.0,10.1
Massachusetts,2 wk ahead,percent,5.38787727209393e-11,Bin,10.1,10.2
Massachusetts,2 wk ahead,percent,5.38787727209393e-11,Bin,10.2,10.3
Massachusetts,2 wk ahead,percent,5.38787727209393e-11,Bin,10.3,10.4
Massachusetts,2 wk ahead,percent,5.38787727209393e-11,Bin,10.4,10.5
Massachusetts,2 wk ahead,percent,5.38787727209393e-11,Bin,10.5,10.6
Massachusetts,2 wk ahead,percent,5.38787727209393e-11,Bin,10.6,10.7
Massachusetts,2 wk ahead,percent,5.38787727209393e-11,Bin,10.7,10.8
Massachusetts,2 wk ahead,percent,5.38787727209393e-11,Bin,10.8,10.9
Massachusetts,2 wk ahead,percent,5.38787727209393e-11,Bin,10.9,11.0
Massachusetts,2 wk ahead,percent,5.38787727209393e-11,Bin,11.0,11.1
Massachusetts,2 wk ahead,percent,5.38787727209393e-11,Bin,11.1,11.2
Massachusetts,2 wk ahead,percent,5.38787727209393e-11,Bin,11.2,11.3
Massachusetts,2 wk ahead,percent,5.38787727209393e-11,Bin,11.3,11.4
Massachusetts,2 wk ahead,percent,5.38787727209393e-11,Bin,11.4,11.5
Massachusetts,2 wk ahead,percent,5.38787727209393e-11,Bin,11.5,11.6
Massachusetts,2 wk ahead,percent,5.38787727209393e-11,Bin,11.6,11.7
Massachusetts,2 wk ahead,percent,5.38787727209393e-11,Bin,11.7,11.8
Massachusetts,2 wk ahead,percent,5.38787727209393e-11,Bin,11.8,11.9
Massachusetts,2 wk ahead,percent,5.38787727209393e-11,Bin,11.9,12.0
Massachusetts,2 wk ahead,percent,5.38787727209393e-11,Bin,12.0,12.1
Massachusetts,2 wk ahead,percent,5.38787727209393e-11,Bin,12.1,12.2
Massachusetts,2 wk ahead,percent,5.38787727209393e-11,Bin,12.2,12.3
Massachusetts,2 wk ahead,percent,5.38787727209393e-11,Bin,12.3,12.4
Massachusetts,2 wk ahead,percent,5.38787727209393e-11,Bin,12.4,12.5
Massachusetts,2 wk ahead,percent,5.38787727209393e-11,Bin,12.5,12.6
Massachusetts,2 wk ahead,percent,5.38787727209393e-11,Bin,12.6,12.7
Massachusetts,2 wk ahead,percent,5.38787727209393e-11,Bin,12.7,12.8
Massachusetts,2 wk ahead,percent,5.38787727209393e-11,Bin,12.8,12.9
Massachusetts,2 wk ahead,percent,5.38787727209393e-11,Bin,12.9,13.0
Massachusetts,2 wk ahead,percent,5.38787727209393e-11,Bin,13.0,100.0
Massachusetts,3 wk ahead,percent,2.36044371817411e-10,Bin,0.0,0.1
Massachusetts,3 wk ahead,percent,4.72088743634823e-10,Bin,0.1,0.2
Massachusetts,3 wk ahead,percent,4.72088743634823e-10,Bin,0.2,0.3
Massachusetts,3 wk ahead,percent,4.72088743634823e-10,Bin,0.3,0.4
Massachusetts,3 wk ahead,percent,0.00399999963046631,Bin,0.4,0.5
Massachusetts,3 wk ahead,percent,0.0059999992096551,Bin,0.5,0.6
Massachusetts,3 wk ahead,percent,0.0259999950015429,Bin,0.6,0.7
Massachusetts,3 wk ahead,percent,0.0720000015058388,Bin,0.7,0.8
Massachusetts,3 wk ahead,percent,0.144000068218982,Bin,0.8,0.9
Massachusetts,3 wk ahead,percent,0.229999952899751,Bin,0.9,1.0
Massachusetts,3 wk ahead,percent,0.21999997578608,Bin,1.0,1.1
Massachusetts,3 wk ahead,percent,0.133999972438805,Bin,1.1,1.2
Massachusetts,3 wk ahead,percent,0.0679999862652177,Bin,1.2,1.3
Massachusetts,3 wk ahead,percent,0.027999994681442,Bin,1.3,1.4
Massachusetts,3 wk ahead,percent,0.0239999955230645,Bin,1.4,1.5
Massachusetts,3 wk ahead,percent,0.0199999963646869,Bin,1.5,1.6
Massachusetts,3 wk ahead,percent,0.00599999931036541,Bin,1.6,1.7
Massachusetts,3 wk ahead,percent,5.72799055642609e-10,Bin,1.7,1.8
Massachusetts,3 wk ahead,percent,0.00399999973117662,Bin,1.8,1.9
Massachusetts,3 wk ahead,percent,0.00399999973117662,Bin,1.9,2.0
Massachusetts,3 wk ahead,percent,0.00200000015198784,Bin,2.0,2.1
Massachusetts,3 wk ahead,percent,0.00200000015198784,Bin,2.1,2.2
Massachusetts,3 wk ahead,percent,0.00200000015198784,Bin,2.2,2.3
Massachusetts,3 wk ahead,percent,0.00200000015198784,Bin,2.3,2.4
Massachusetts,3 wk ahead,percent,0.00200000015198784,Bin,2.4,2.5
Massachusetts,3 wk ahead,percent,5.72799055642606e-10,Bin,2.5,2.6
Massachusetts,3 wk ahead,percent,5.72799055642606e-10,Bin,2.6,2.7
Massachusetts,3 wk ahead,percent,5.72799055642606e-10,Bin,2.7,2.8
Massachusetts,3 wk ahead,percent,5.72799055642606e-10,Bin,2.8,2.9
Massachusetts,3 wk ahead,percent,5.72799055642606e-10,Bin,2.9,3.0
Massachusetts,3 wk ahead,percent,5.72799055642606e-10,Bin,3.0,3.1
Massachusetts,3 wk ahead,percent,5.72799055642606e-10,Bin,3.1,3.2
Massachusetts,3 wk ahead,percent,5.72799055642606e-10,Bin,3.2,3.3
Massachusetts,3 wk ahead,percent,5.72799055642606e-10,Bin,3.3,3.4
Massachusetts,3 wk ahead,percent,5.72799055642606e-10,Bin,3.4,3.5
Massachusetts,3 wk ahead,percent,5.72799055642606e-10,Bin,3.5,3.6
Massachusetts,3 wk ahead,percent,5.72799055642606e-10,Bin,3.6,3.7
Massachusetts,3 wk ahead,percent,5.72799055642606e-10,Bin,3.7,3.8
Massachusetts,3 wk ahead,percent,5.72799055642606e-10,Bin,3.8,3.9
Massachusetts,3 wk ahead,percent,5.72799055642606e-10,Bin,3.9,4.0
Massachusetts,3 wk ahead,percent,5.72799055642606e-10,Bin,4.0,4.1
Massachusetts,3 wk ahead,percent,5.72799055642606e-10,Bin,4.1,4.2
Massachusetts,3 wk ahead,percent,5.72799055642606e-10,Bin,4.2,4.3
Massachusetts,3 wk ahead,percent,5.72799055642606e-10,Bin,4.3,4.4
Massachusetts,3 wk ahead,percent,5.72799055642606e-10,Bin,4.4,4.5
Massachusetts,3 wk ahead,percent,5.72799055642606e-10,Bin,4.5,4.6
Massachusetts,3 wk ahead,percent,5.72799055642606e-10,Bin,4.6,4.7
Massachusetts,3 wk ahead,percent,5.72799055642606e-10,Bin,4.7,4.8
Massachusetts,3 wk ahead,percent,5.72799055642606e-10,Bin,4.8,4.9
Massachusetts,3 wk ahead,percent,5.72799055642606e-10,Bin,4.9,5.0
Massachusetts,3 wk ahead,percent,5.72799055642606e-10,Bin,5.0,5.1
Massachusetts,3 wk ahead,percent,5.72799055642606e-10,Bin,5.1,5.2
Massachusetts,3 wk ahead,percent,5.72799055642606e-10,Bin,5.2,5.3
Massachusetts,3 wk ahead,percent,5.72799055642606e-10,Bin,5.3,5.4
Massachusetts,3 wk ahead,percent,5.72799055642606e-10,Bin,5.4,5.5
Massachusetts,3 wk ahead,percent,5.72799055642606e-10,Bin,5.5,5.6
Massachusetts,3 wk ahead,percent,5.72799055642606e-10,Bin,5.6,5.7
Massachusetts,3 wk ahead,percent,5.72799055642606e-10,Bin,5.7,5.8
Massachusetts,3 wk ahead,percent,5.72799055642606e-10,Bin,5.8,5.9
Massachusetts,3 wk ahead,percent,5.72799055642606e-10,Bin,5.9,6.0
Massachusetts,3 wk ahead,percent,5.72799055642606e-10,Bin,6.0,6.1
Massachusetts,3 wk ahead,percent,5.72799055642606e-10,Bin,6.1,6.2
Massachusetts,3 wk ahead,percent,5.72799055642606e-10,Bin,6.2,6.3
Massachusetts,3 wk ahead,percent,5.72799055642606e-10,Bin,6.3,6.4
Massachusetts,3 wk ahead,percent,5.72799055642606e-10,Bin,6.4,6.5
Massachusetts,3 wk ahead,percent,5.72799055642606e-10,Bin,6.5,6.6
Massachusetts,3 wk ahead,percent,5.72799055642606e-10,Bin,6.6,6.7
Massachusetts,3 wk ahead,percent,5.72799055642606e-10,Bin,6.7,6.8
Massachusetts,3 wk ahead,percent,5.72799055642606e-10,Bin,6.8,6.9
Massachusetts,3 wk ahead,percent,5.72799055642606e-10,Bin,6.9,7.0
Massachusetts,3 wk ahead,percent,5.72799055642606e-10,Bin,7.0,7.1
Massachusetts,3 wk ahead,percent,5.72799055642606e-10,Bin,7.1,7.2
Massachusetts,3 wk ahead,percent,5.72799055642606e-10,Bin,7.2,7.3
Massachusetts,3 wk ahead,percent,5.72799055642606e-10,Bin,7.3,7.4
Massachusetts,3 wk ahead,percent,5.72799055642606e-10,Bin,7.4,7.5
Massachusetts,3 wk ahead,percent,5.72799055642606e-10,Bin,7.5,7.6
Massachusetts,3 wk ahead,percent,5.72799055642606e-10,Bin,7.6,7.7
Massachusetts,3 wk ahead,percent,5.72799055642606e-10,Bin,7.7,7.8
Massachusetts,3 wk ahead,percent,5.72799055642606e-10,Bin,7.8,7.9
Massachusetts,3 wk ahead,percent,5.72799055642606e-10,Bin,7.9,8.0
Massachusetts,3 wk ahead,percent,5.72799055642611e-10,Bin,8.0,8.1
Massachusetts,3 wk ahead,percent,5.72799055642616e-10,Bin,8.1,8.2
Massachusetts,3 wk ahead,percent,5.72799055642616e-10,Bin,8.2,8.3
Massachusetts,3 wk ahead,percent,5.72799055642616e-10,Bin,8.3,8.4
Massachusetts,3 wk ahead,percent,5.72799055642616e-10,Bin,8.4,8.5
Massachusetts,3 wk ahead,percent,5.72799055642616e-10,Bin,8.5,8.6
Massachusetts,3 wk ahead,percent,5.72799055642616e-10,Bin,8.6,8.7
Massachusetts,3 wk ahead,percent,5.72799055642616e-10,Bin,8.7,8.8
Massachusetts,3 wk ahead,percent,5.72799055642616e-10,Bin,8.8,8.9
Massachusetts,3 wk ahead,percent,5.72799055642616e-10,Bin,8.9,9.0
Massachusetts,3 wk ahead,percent,5.72799055642616e-10,Bin,9.0,9.1
Massachusetts,3 wk ahead,percent,5.72799055642616e-10,Bin,9.1,9.2
Massachusetts,3 wk ahead,percent,5.72799055642616e-10,Bin,9.2,9.3
Massachusetts,3 wk ahead,percent,5.72799055642616e-10,Bin,9.3,9.4
Massachusetts,3 wk ahead,percent,5.72799055642616e-10,Bin,9.4,9.5
Massachusetts,3 wk ahead,percent,5.72799055642616e-10,Bin,9.5,9.6
Massachusetts,3 wk ahead,percent,5.72799055642616e-10,Bin,9.6,9.7
Massachusetts,3 wk ahead,percent,5.72799055642616e-10,Bin,9.7,9.8
Massachusetts,3 wk ahead,percent,5.72799055642616e-10,Bin,9.8,9.9
Massachusetts,3 wk ahead,percent,5.72799055642616e-10,Bin,9.9,10.0
Massachusetts,3 wk ahead,percent,5.72799055642616e-10,Bin,10.0,10.1
Massachusetts,3 wk ahead,percent,5.72799055642616e-10,Bin,10.1,10.2
Massachusetts,3 wk ahead,percent,5.72799055642616e-10,Bin,10.2,10.3
Massachusetts,3 wk ahead,percent,5.72799055642616e-10,Bin,10.3,10.4
Massachusetts,3 wk ahead,percent,5.72799055642616e-10,Bin,10.4,10.5
Massachusetts,3 wk ahead,percent,5.72799055642616e-10,Bin,10.5,10.6
Massachusetts,3 wk ahead,percent,5.72799055642616e-10,Bin,10.6,10.7
Massachusetts,3 wk ahead,percent,5.72799055642616e-10,Bin,10.7,10.8
Massachusetts,3 wk ahead,percent,5.72799055642616e-10,Bin,10.8,10.9
Massachusetts,3 wk ahead,percent,5.72799055642616e-10,Bin,10.9,11.0
Massachusetts,3 wk ahead,percent,5.72799055642616e-10,Bin,11.0,11.1
Massachusetts,3 wk ahead,percent,5.72799055642616e-10,Bin,11.1,11.2
Massachusetts,3 wk ahead,percent,5.72799055642616e-10,Bin,11.2,11.3
Massachusetts,3 wk ahead,percent,5.72799055642616e-10,Bin,11.3,11.4
Massachusetts,3 wk ahead,percent,5.72799055642616e-10,Bin,11.4,11.5
Massachusetts,3 wk ahead,percent,5.72799055642616e-10,Bin,11.5,11.6
Massachusetts,3 wk ahead,percent,5.72799055642616e-10,Bin,11.6,11.7
Massachusetts,3 wk ahead,percent,5.72799055642616e-10,Bin,11.7,11.8
Massachusetts,3 wk ahead,percent,5.72799055642616e-10,Bin,11.8,11.9
Massachusetts,3 wk ahead,percent,5.72799055642616e-10,Bin,11.9,12.0
Massachusetts,3 wk ahead,percent,5.72799055642616e-10,Bin,12.0,12.1
Massachusetts,3 wk ahead,percent,5.72799055642616e-10,Bin,12.1,12.2
Massachusetts,3 wk ahead,percent,5.72799055642616e-10,Bin,12.2,12.3
Massachusetts,3 wk ahead,percent,5.72799055642616e-10,Bin,12.3,12.4
Massachusetts,3 wk ahead,percent,5.72799055642616e-10,Bin,12.4,12.5
Massachusetts,3 wk ahead,percent,5.72799055642616e-10,Bin,12.5,12.6
Massachusetts,3 wk ahead,percent,5.72799055642616e-10,Bin,12.6,12.7
Massachusetts,3 wk ahead,percent,5.72799055642616e-10,Bin,12.7,12.8
Massachusetts,3 wk ahead,percent,5.72799055642616e-10,Bin,12.8,12.9
Massachusetts,3 wk ahead,percent,5.72799055642616e-10,Bin,12.9,13.0
Massachusetts,3 wk ahead,percent,5.72799055642616e-10,Bin,13.0,100.0
Massachusetts,4 wk ahead,percent,9.86168806493798e-11,Bin,0.0,0.1
Massachusetts,4 wk ahead,percent,1.9723376129876e-10,Bin,0.1,0.2
Massachusetts,4 wk ahead,percent,1.9723376129876e-10,Bin,0.2,0.3
Massachusetts,4 wk ahead,percent,1.9723376129876e-10,Bin,0.3,0.4
Massachusetts,4 wk ahead,percent,0.00399999935797671,Bin,0.4,0.5
Massachusetts,4 wk ahead,percent,0.0100000005750193,Bin,0.5,0.6
Massachusetts,4 wk ahead,percent,0.0300000157400223,Bin,0.6,0.7
Massachusetts,4 wk ahead,percent,0.150000017272886,Bin,0.7,0.8
Massachusetts,4 wk ahead,percent,0.24400001177371,Bin,0.8,0.9
Massachusetts,4 wk ahead,percent,0.235999979049244,Bin,0.9,1.0
Massachusetts,4 wk ahead,percent,0.169999978592591,Bin,1.0,1.1
Massachusetts,4 wk ahead,percent,0.0819999836684833,Bin,1.1,1.2
Massachusetts,4 wk ahead,percent,0.0339999931083824,Bin,1.2,1.3
Massachusetts,4 wk ahead,percent,0.0119999977242961,Bin,1.3,1.4
Massachusetts,4 wk ahead,percent,0.0159999968850391,Bin,1.4,1.5
Massachusetts,4 wk ahead,percent,0.00199999982243873,Bin,1.5,1.6
Massachusetts,4 wk ahead,percent,0.00199999982243873,Bin,1.6,1.7
Massachusetts,4 wk ahead,percent,0.00199999982243873,Bin,1.7,1.8
Massachusetts,4 wk ahead,percent,0.00399999940281021,Bin,1.8,1.9
Massachusetts,4 wk ahead,percent,0.00199999982243873,Bin,1.9,2.0
Massachusetts,4 wk ahead,percent,2.42067258427484e-10,Bin,2.0,2.1
Massachusetts,4 wk ahead,percent,2.42067258427483e-10,Bin,2.1,2.2
Massachusetts,4 wk ahead,percent,2.42067258427483e-10,Bin,2.2,2.3
Massachusetts,4 wk ahead,percent,2.42067258427483e-10,Bin,2.3,2.4
Massachusetts,4 wk ahead,percent,2.42067258427483e-10,Bin,2.4,2.5
Massachusetts,4 wk ahead,percent,2.42067258427483e-10,Bin,2.5,2.6
Massachusetts,4 wk ahead,percent,2.42067258427483e-10,Bin,2.6,2.7
Massachusetts,4 wk ahead,percent,2.42067258427483e-10,Bin,2.7,2.8
Massachusetts,4 wk ahead,percent,2.42067258427483e-10,Bin,2.8,2.9
Massachusetts,4 wk ahead,percent,2.42067258427483e-10,Bin,2.9,3.0
Massachusetts,4 wk ahead,percent,2.42067258427483e-10,Bin,3.0,3.1
Massachusetts,4 wk ahead,percent,2.42067258427483e-10,Bin,3.1,3.2
Massachusetts,4 wk ahead,percent,2.42067258427483e-10,Bin,3.2,3.3
Massachusetts,4 wk ahead,percent,2.42067258427483e-10,Bin,3.3,3.4
Massachusetts,4 wk ahead,percent,2.42067258427483e-10,Bin,3.4,3.5
Massachusetts,4 wk ahead,percent,2.42067258427483e-10,Bin,3.5,3.6
Massachusetts,4 wk ahead,percent,2.42067258427483e-10,Bin,3.6,3.7
Massachusetts,4 wk ahead,percent,2.42067258427483e-10,Bin,3.7,3.8
Massachusetts,4 wk ahead,percent,2.42067258427483e-10,Bin,3.8,3.9
Massachusetts,4 wk ahead,percent,2.42067258427483e-10,Bin,3.9,4.0
Massachusetts,4 wk ahead,percent,2.42067258427483e-10,Bin,4.0,4.1
Massachusetts,4 wk ahead,percent,2.42067258427483e-10,Bin,4.1,4.2
Massachusetts,4 wk ahead,percent,2.42067258427483e-10,Bin,4.2,4.3
Massachusetts,4 wk ahead,percent,2.42067258427483e-10,Bin,4.3,4.4
Massachusetts,4 wk ahead,percent,2.42067258427483e-10,Bin,4.4,4.5
Massachusetts,4 wk ahead,percent,2.42067258427483e-10,Bin,4.5,4.6
Massachusetts,4 wk ahead,percent,2.42067258427483e-10,Bin,4.6,4.7
Massachusetts,4 wk ahead,percent,2.42067258427483e-10,Bin,4.7,4.8
Massachusetts,4 wk ahead,percent,2.42067258427483e-10,Bin,4.8,4.9
Massachusetts,4 wk ahead,percent,2.42067258427483e-10,Bin,4.9,5.0
Massachusetts,4 wk ahead,percent,2.42067258427483e-10,Bin,5.0,5.1
Massachusetts,4 wk ahead,percent,2.42067258427483e-10,Bin,5.1,5.2
Massachusetts,4 wk ahead,percent,2.42067258427483e-10,Bin,5.2,5.3
Massachusetts,4 wk ahead,percent,2.42067258427483e-10,Bin,5.3,5.4
Massachusetts,4 wk ahead,percent,2.42067258427483e-10,Bin,5.4,5.5
Massachusetts,4 wk ahead,percent,2.42067258427483e-10,Bin,5.5,5.6
Massachusetts,4 wk ahead,percent,2.42067258427483e-10,Bin,5.6,5.7
Massachusetts,4 wk ahead,percent,2.42067258427483e-10,Bin,5.7,5.8
Massachusetts,4 wk ahead,percent,2.42067258427483e-10,Bin,5.8,5.9
Massachusetts,4 wk ahead,percent,2.42067258427483e-10,Bin,5.9,6.0
Massachusetts,4 wk ahead,percent,2.42067258427483e-10,Bin,6.0,6.1
Massachusetts,4 wk ahead,percent,2.42067258427483e-10,Bin,6.1,6.2
Massachusetts,4 wk ahead,percent,2.42067258427483e-10,Bin,6.2,6.3
Massachusetts,4 wk ahead,percent,2.42067258427483e-10,Bin,6.3,6.4
Massachusetts,4 wk ahead,percent,2.42067258427483e-10,Bin,6.4,6.5
Massachusetts,4 wk ahead,percent,2.42067258427483e-10,Bin,6.5,6.6
Massachusetts,4 wk ahead,percent,2.42067258427483e-10,Bin,6.6,6.7
Massachusetts,4 wk ahead,percent,2.42067258427483e-10,Bin,6.7,6.8
Massachusetts,4 wk ahead,percent,2.42067258427483e-10,Bin,6.8,6.9
Massachusetts,4 wk ahead,percent,2.42067258427483e-10,Bin,6.9,7.0
Massachusetts,4 wk ahead,percent,2.42067258427483e-10,Bin,7.0,7.1
Massachusetts,4 wk ahead,percent,2.42067258427483e-10,Bin,7.1,7.2
Massachusetts,4 wk ahead,percent,2.42067258427483e-10,Bin,7.2,7.3
Massachusetts,4 wk ahead,percent,2.42067258427483e-10,Bin,7.3,7.4
Massachusetts,4 wk ahead,percent,2.42067258427483e-10,Bin,7.4,7.5
Massachusetts,4 wk ahead,percent,2.42067258427483e-10,Bin,7.5,7.6
Massachusetts,4 wk ahead,percent,2.42067258427483e-10,Bin,7.6,7.7
Massachusetts,4 wk ahead,percent,2.42067258427483e-10,Bin,7.7,7.8
Massachusetts,4 wk ahead,percent,2.42067258427483e-10,Bin,7.8,7.9
Massachusetts,4 wk ahead,percent,2.42067258427483e-10,Bin,7.9,8.0
Massachusetts,4 wk ahead,percent,2.42067258427485e-10,Bin,8.0,8.1
Massachusetts,4 wk ahead,percent,2.42067258427487e-10,Bin,8.1,8.2
Massachusetts,4 wk ahead,percent,2.42067258427487e-10,Bin,8.2,8.3
Massachusetts,4 wk ahead,percent,2.42067258427487e-10,Bin,8.3,8.4
Massachusetts,4 wk ahead,percent,2.42067258427487e-10,Bin,8.4,8.5
Massachusetts,4 wk ahead,percent,2.42067258427487e-10,Bin,8.5,8.6
Massachusetts,4 wk ahead,percent,2.42067258427487e-10,Bin,8.6,8.7
Massachusetts,4 wk ahead,percent,2.42067258427487e-10,Bin,8.7,8.8
Massachusetts,4 wk ahead,percent,2.42067258427487e-10,Bin,8.8,8.9
Massachusetts,4 wk ahead,percent,2.42067258427487e-10,Bin,8.9,9.0
Massachusetts,4 wk ahead,percent,2.42067258427487e-10,Bin,9.0,9.1
Massachusetts,4 wk ahead,percent,2.42067258427487e-10,Bin,9.1,9.2
Massachusetts,4 wk ahead,percent,2.42067258427487e-10,Bin,9.2,9.3
Massachusetts,4 wk ahead,percent,2.42067258427487e-10,Bin,9.3,9.4
Massachusetts,4 wk ahead,percent,2.42067258427487e-10,Bin,9.4,9.5
Massachusetts,4 wk ahead,percent,2.42067258427487e-10,Bin,9.5,9.6
Massachusetts,4 wk ahead,percent,2.42067258427487e-10,Bin,9.6,9.7
Massachusetts,4 wk ahead,percent,2.42067258427487e-10,Bin,9.7,9.8
Massachusetts,4 wk ahead,percent,2.42067258427487e-10,Bin,9.8,9.9
Massachusetts,4 wk ahead,percent,2.42067258427487e-10,Bin,9.9,10.0
Massachusetts,4 wk ahead,percent,2.42067258427487e-10,Bin,10.0,10.1
Massachusetts,4 wk ahead,percent,2.42067258427487e-10,Bin,10.1,10.2
Massachusetts,4 wk ahead,percent,2.42067258427487e-10,Bin,10.2,10.3
Massachusetts,4 wk ahead,percent,2.42067258427487e-10,Bin,10.3,10.4
Massachusetts,4 wk ahead,percent,2.42067258427487e-10,Bin,10.4,10.5
Massachusetts,4 wk ahead,percent,2.42067258427487e-10,Bin,10.5,10.6
Massachusetts,4 wk ahead,percent,2.42067258427487e-10,Bin,10.6,10.7
Massachusetts,4 wk ahead,percent,2.42067258427487e-10,Bin,10.7,10.8
Massachusetts,4 wk ahead,percent,2.42067258427487e-10,Bin,10.8,10.9
Massachusetts,4 wk ahead,percent,2.42067258427487e-10,Bin,10.9,11.0
Massachusetts,4 wk ahead,percent,2.42067258427487e-10,Bin,11.0,11.1
Massachusetts,4 wk ahead,percent,2.42067258427487e-10,Bin,11.1,11.2
Massachusetts,4 wk ahead,percent,2.42067258427487e-10,Bin,11.2,11.3
Massachusetts,4 wk ahead,percent,2.42067258427487e-10,Bin,11.3,11.4
Massachusetts,4 wk ahead,percent,2.42067258427487e-10,Bin,11.4,11.5
Massachusetts,4 wk ahead,percent,2.42067258427487e-10,Bin,11.5,11.6
Massachusetts,4 wk ahead,percent,2.42067258427487e-10,Bin,11.6,11.7
Massachusetts,4 wk ahead,percent,2.42067258427487e-10,Bin,11.7,11.8
Massachusetts,4 wk ahead,percent,2.42067258427487e-10,Bin,11.8,11.9
Massachusetts,4 wk ahead,percent,2.42067258427487e-10,Bin,11.9,12.0
Massachusetts,4 wk ahead,percent,2.42067258427487e-10,Bin,12.0,12.1
Massachusetts,4 wk ahead,percent,2.42067258427487e-10,Bin,12.1,12.2
Massachusetts,4 wk ahead,percent,2.42067258427487e-10,Bin,12.2,12.3
Massachusetts,4 wk ahead,percent,2.42067258427487e-10,Bin,12.3,12.4
Massachusetts,4 wk ahead,percent,2.42067258427487e-10,Bin,12.4,12.5
Massachusetts,4 wk ahead,percent,2.42067258427487e-10,Bin,12.5,12.6
Massachusetts,4 wk ahead,percent,2.42067258427487e-10,Bin,12.6,12.7
Massachusetts,4 wk ahead,percent,2.42067258427487e-10,Bin,12.7,12.8
Massachusetts,4 wk ahead,percent,2.42067258427487e-10,Bin,12.8,12.9
Massachusetts,4 wk ahead,percent,2.42067258427487e-10,Bin,12.9,13.0
Massachusetts,4 wk ahead,percent,2.42067258427487e-10,Bin,13.0,100.0
Massachusetts,Season peak percentage,percent,1.31909144614894e-13,Bin,0.0,0.1
Massachusetts,Season peak percentage,percent,2.63818289229788e-13,Bin,0.1,0.2
Massachusetts,Season peak percentage,percent,2.63818289229788e-13,Bin,0.2,0.3
Massachusetts,Season peak percentage,percent,2.63818289229788e-13,Bin,0.3,0.4
Massachusetts,Season peak percentage,percent,2.63818289229788e-13,Bin,0.4,0.5
Massachusetts,Season peak percentage,percent,2.63818289229788e-13,Bin,0.5,0.6
Massachusetts,Season peak percentage,percent,2.63818289229789e-13,Bin,0.6,0.7
Massachusetts,Season peak percentage,percent,2.63818289229789e-13,Bin,0.7,0.8
Massachusetts,Season peak percentage,percent,3.18040179498174e-13,Bin,0.8,0.9
Massachusetts,Season peak percentage,percent,1.06300488503362e-12,Bin,0.9,1.0
Massachusetts,Season peak percentage,percent,3.2266557601238e-12,Bin,1.0,1.1
Massachusetts,Season peak percentage,percent,7.65284457372763e-12,Bin,1.1,1.2
Massachusetts,Season peak percentage,percent,1.41874611243922e-11,Bin,1.2,1.3
Massachusetts,Season peak percentage,percent,2.05909910553926e-11,Bin,1.3,1.4
Massachusetts,Season peak percentage,percent,2.35519224090522e-11,Bin,1.4,1.5
Massachusetts,Season peak percentage,percent,2.18226636787897e-11,Bin,1.5,1.6
Massachusetts,Season peak percentage,percent,1.81187573024626e-11,Bin,1.6,1.7
Massachusetts,Season peak percentage,percent,1.70013860457433e-11,Bin,1.7,1.8
Massachusetts,Season peak percentage,percent,2.05603676858995e-11,Bin,1.8,1.9
Massachusetts,Season peak percentage,percent,2.62265765272159e-11,Bin,1.9,2.0
Massachusetts,Season peak percentage,percent,2.91055305806531e-11,Bin,2.0,2.1
Massachusetts,Season peak percentage,percent,2.70624746940434e-11,Bin,2.1,2.2
Massachusetts,Season peak percentage,percent,2.36676295290765e-11,Bin,2.2,2.3
Massachusetts,Season peak percentage,percent,2.58171654941719e-11,Bin,2.3,2.4
Massachusetts,Season peak percentage,percent,3.78530004224112e-11,Bin,2.4,2.5
Massachusetts,Season peak percentage,percent,5.66900567814714e-11,Bin,2.5,2.6
Massachusetts,Season peak percentage,percent,7.21139361663947e-11,Bin,2.6,2.7
Massachusetts,Season peak percentage,percent,7.38374499970671e-11,Bin,2.7,2.8
Massachusetts,Season peak percentage,percent,6.00984822639489e-11,Bin,2.8,2.9
Massachusetts,Season peak percentage,percent,3.87861065692667e-11,Bin,2.9,3.0
Massachusetts,Season peak percentage,percent,1.99944533072023e-11,Bin,3.0,3.1
Massachusetts,Season peak percentage,percent,8.92731354435159e-12,Bin,3.1,3.2
Massachusetts,Season peak percentage,percent,5.50989199063794e-12,Bin,3.2,3.3
Massachusetts,Season peak percentage,percent,7.7193810885454e-12,Bin,3.3,3.4
Massachusetts,Season peak percentage,percent,1.32568978707739e-11,Bin,3.4,3.5
Massachusetts,Season peak percentage,percent,1.90286990339023e-11,Bin,3.5,3.6
Massachusetts,Season peak percentage,percent,2.15128865761179e-11,Bin,3.6,3.7
Massachusetts,Season peak percentage,percent,1.90613558758657e-11,Bin,3.7,3.8
Massachusetts,Season peak percentage,percent,1.33932726784081e-11,Bin,3.8,3.9
Massachusetts,Season peak percentage,percent,8.10079263422621e-12,Bin,3.9,4.0
Massachusetts,Season peak percentage,percent,6.05701695020924e-12,Bin,4.0,4.1
Massachusetts,Season peak percentage,percent,8.25390190303487e-12,Bin,4.1,4.2
Massachusetts,Season peak percentage,percent,1.37191596221213e-11,Bin,4.2,4.3
Massachusetts,Season peak percentage,percent,1.95447866933684e-11,Bin,4.3,4.4
Massachusetts,Season peak percentage,percent,2.20601915334598e-11,Bin,4.4,4.5
Massachusetts,Season peak percentage,percent,1.94944514715978e-11,Bin,4.5,4.6
Massachusetts,Season peak percentage,percent,1.34652875148353e-11,Bin,4.6,4.7
Massachusetts,Season peak percentage,percent,7.26742785929252e-12,Bin,4.7,4.8
Massachusetts,Season peak percentage,percent,3.06455012557417e-12,Bin,4.8,4.9
Massachusetts,Season peak percentage,percent,1.00962978386553e-12,Bin,4.9,5.0
Massachusetts,Season peak percentage,percent,3.02072894349707e-13,Bin,5.0,5.1
Massachusetts,Season peak percentage,percent,2.50573341454928e-13,Bin,5.1,5.2
Massachusetts,Season peak percentage,percent,2.50573341454928e-13,Bin,5.2,5.3
Massachusetts,Season peak percentage,percent,2.50573341454928e-13,Bin,5.3,5.4
Massachusetts,Season peak percentage,percent,2.50573341454928e-13,Bin,5.4,5.5
Massachusetts,Season peak percentage,percent,0.999999999108131,Bin,5.5,5.6
Massachusetts,Season peak percentage,percent,2.50573341454928e-13,Bin,5.6,5.7
Massachusetts,Season peak percentage,percent,2.50573341454928e-13,Bin,5.7,5.8
Massachusetts,Season peak percentage,percent,2.50573341454928e-13,Bin,5.8,5.9
Massachusetts,Season peak percentage,percent,2.50573341454928e-13,Bin,5.9,6.0
Massachusetts,Season peak percentage,percent,2.50573341454928e-13,Bin,6.0,6.1
Massachusetts,Season peak percentage,percent,2.50573341454928e-13,Bin,6.1,6.2
Massachusetts,Season peak percentage,percent,2.50573341454928e-13,Bin,6.2,6.3
Massachusetts,Season peak percentage,percent,2.50573341454928e-13,Bin,6.3,6.4
Massachusetts,Season peak percentage,percent,2.50573341454928e-13,Bin,6.4,6.5
Massachusetts,Season peak percentage,percent,2.50573341454928e-13,Bin,6.5,6.6
Massachusetts,Season peak percentage,percent,2.50573341454928e-13,Bin,6.6,6.7
Massachusetts,Season peak percentage,percent,2.50573341454928e-13,Bin,6.7,6.8
Massachusetts,Season peak percentage,percent,2.50573341454928e-13,Bin,6.8,6.9
Massachusetts,Season peak percentage,percent,2.50573341454928e-13,Bin,6.9,7.0
Massachusetts,Season peak percentage,percent,2.50573341454928e-13,Bin,7.0,7.1
Massachusetts,Season peak percentage,percent,2.50573341454928e-13,Bin,7.1,7.2
Massachusetts,Season peak percentage,percent,2.50573341454928e-13,Bin,7.2,7.3
Massachusetts,Season peak percentage,percent,2.50573341454928e-13,Bin,7.3,7.4
Massachusetts,Season peak percentage,percent,2.50573341454928e-13,Bin,7.4,7.5
Massachusetts,Season peak percentage,percent,2.50573341454928e-13,Bin,7.5,7.6
Massachusetts,Season peak percentage,percent,2.50573341454928e-13,Bin,7.6,7.7
Massachusetts,Season peak percentage,percent,2.50573341454928e-13,Bin,7.7,7.8
Massachusetts,Season peak percentage,percent,2.50573341454928e-13,Bin,7.8,7.9
Massachusetts,Season peak percentage,percent,2.50573341454928e-13,Bin,7.9,8.0
Massachusetts,Season peak percentage,percent,2.5057334145493e-13,Bin,8.0,8.1
Massachusetts,Season peak percentage,percent,2.50573341454932e-13,Bin,8.1,8.2
Massachusetts,Season peak percentage,percent,2.50573341454932e-13,Bin,8.2,8.3
Massachusetts,Season peak percentage,percent,2.50573341454932e-13,Bin,8.3,8.4
Massachusetts,Season peak percentage,percent,2.50573341454932e-13,Bin,8.4,8.5
Massachusetts,Season peak percentage,percent,2.50573341454932e-13,Bin,8.5,8.6
Massachusetts,Season peak percentage,percent,2.50573341454932e-13,Bin,8.6,8.7
Massachusetts,Season peak percentage,percent,2.50573341454932e-13,Bin,8.7,8.8
Massachusetts,Season peak percentage,percent,2.50573341454932e-13,Bin,8.8,8.9
Massachusetts,Season peak percentage,percent,2.50573341454932e-13,Bin,8.9,9.0
Massachusetts,Season peak percentage,percent,2.50573341454932e-13,Bin,9.0,9.1
Massachusetts,Season peak percentage,percent,2.50573341454932e-13,Bin,9.1,9.2
Massachusetts,Season peak percentage,percent,2.50573341454932e-13,Bin,9.2,9.3
Massachusetts,Season peak percentage,percent,2.50573341454932e-13,Bin,9.3,9.4
Massachusetts,Season peak percentage,percent,2.50573341454932e-13,Bin,9.4,9.5
Massachusetts,Season peak percentage,percent,2.50573341454932e-13,Bin,9.5,9.6
Massachusetts,Season peak percentage,percent,2.50573341454932e-13,Bin,9.6,9.7
Massachusetts,Season peak percentage,percent,2.50573341454932e-13,Bin,9.7,9.8
Massachusetts,Season peak percentage,percent,2.50573341454932e-13,Bin,9.8,9.9
Massachusetts,Season peak percentage,percent,2.50573341454932e-13,Bin,9.9,10.0
Massachusetts,Season peak percentage,percent,2.50573341454932e-13,Bin,10.0,10.1
Massachusetts,Season peak percentage,percent,2.50573341454932e-13,Bin,10.1,10.2
Massachusetts,Season peak percentage,percent,2.50573341454932e-13,Bin,10.2,10.3
Massachusetts,Season peak percentage,percent,2.50573341454932e-13,Bin,10.3,10.4
Massachusetts,Season peak percentage,percent,2.50573341454932e-13,Bin,10.4,10.5
Massachusetts,Season peak percentage,percent,2.50573341454932e-13,Bin,10.5,10.6
Massachusetts,Season peak percentage,percent,2.50573341454932e-13,Bin,10.6,10.7
Massachusetts,Season peak percentage,percent,2.50573341454932e-13,Bin,10.7,10.8
Massachusetts,Season peak percentage,percent,2.50573341454932e-13,Bin,10.8,10.9
Massachusetts,Season peak percentage,percent,2.50573341454932e-13,Bin,10.9,11.0
Massachusetts,Season peak percentage,percent,2.50573341454932e-13,Bin,11.0,11.1
Massachusetts,Season peak percentage,percent,2.50573341454932e-13,Bin,11.1,11.2
Massachusetts,Season peak percentage,percent,2.50573341454932e-13,Bin,11.2,11.3
Massachusetts,Season peak percentage,percent,2.50573341454932e-13,Bin,11.3,11.4
Massachusetts,Season peak percentage,percent,2.50573341454932e-13,Bin,11.4,11.5
Massachusetts,Season peak percentage,percent,2.50573341454932e-13,Bin,11.5,11.6
Massachusetts,Season peak percentage,percent,2.50573341454932e-13,Bin,11.6,11.7
Massachusetts,Season peak percentage,percent,2.50573341454932e-13,Bin,11.7,11.8
Massachusetts,Season peak percentage,percent,2.50573341454932e-13,Bin,11.8,11.9
Massachusetts,Season peak percentage,percent,2.50573341454932e-13,Bin,11.9,12.0
Massachusetts,Season peak percentage,percent,2.50573341454932e-13,Bin,12.0,12.1
Massachusetts,Season peak percentage,percent,2.50573341454932e-13,Bin,12.1,12.2
Massachusetts,Season peak percentage,percent,2.50573341454932e-13,Bin,12.2,12.3
Massachusetts,Season peak percentage,percent,2.50573341454932e-13,Bin,12.3,12.4
Massachusetts,Season peak percentage,percent,2.50573341454932e-13,Bin,12.4,12.5
Massachusetts,Season peak percentage,percent,2.50573341454932e-13,Bin,12.5,12.6
Massachusetts,Season peak percentage,percent,2.50573341454932e-13,Bin,12.6,12.7
Massachusetts,Season peak percentage,percent,2.50573341454932e-13,Bin,12.7,12.8
Massachusetts,Season peak percentage,percent,2.50573341454932e-13,Bin,12.8,12.9
Massachusetts,Season peak percentage,percent,2.50573341454932e-13,Bin,12.9,13.0
Massachusetts,Season peak percentage,percent,2.50573341454932e-13,Bin,13.0,100.0
Massachusetts,Season peak week,week,5.66530299645434e-05,Bin,40.0,41.0
Massachusetts,Season peak week,week,5.66530299645434e-05,Bin,41.0,42.0
Massachusetts,Season peak week,week,5.66530299645434e-05,Bin,42.0,43.0
Massachusetts,Season peak week,week,5.66530299645434e-05,Bin,43.0,44.0
Massachusetts,Season peak week,week,5.66530299645434e-05,Bin,44.0,45.0
Massachusetts,Season peak week,week,5.66530299645434e-05,Bin,45.0,46.0
Massachusetts,Season peak week,week,5.66530299645434e-05,Bin,46.0,47.0
Massachusetts,Season peak week,week,5.66530299645434e-05,Bin,47.0,48.0
Massachusetts,Season peak week,week,8.11041615032155e-05,Bin,48.0,49.0
Massachusetts,Season peak week,week,0.000452065819381822,Bin,49.0,50.0
Massachusetts,Season peak week,week,0.00170488364907977,Bin,50.0,51.0
Massachusetts,Season peak week,week,0.00378078506926197,Bin,51.0,52.0
Massachusetts,Season peak week,week,0.00495994409822854,Bin,52.0,53.0
Massachusetts,Season peak week,week,0.00401022370231179,Bin,1.0,2.0
Massachusetts,Season peak week,week,0.0026306473661937,Bin,2.0,3.0
Massachusetts,Season peak week,week,0.00282802757601266,Bin,3.0,4.0
Massachusetts,Season peak week,week,0.00446332798378497,Bin,4.0,5.0
Massachusetts,Season peak week,week,0.946583059347831,Bin,5.0,6.0
Massachusetts,Season peak week,week,0.00770131527445105,Bin,6.0,7.0
Massachusetts,Season peak week,week,0.00669233849600859,Bin,7.0,8.0
Massachusetts,Season peak week,week,0.00448119907285067,Bin,8.0,9.0
Massachusetts,Season peak week,week,0.0031962701369571,Bin,9.0,10.0
Massachusetts,Season peak week,week,0.00275860099897443,Bin,10.0,11.0
Massachusetts,Season peak week,week,0.00193033300172349,Bin,11.0,12.0
Massachusetts,Season peak week,week,0.000855897023480493,Bin,12.0,13.0
Massachusetts,Season peak week,week,0.000226211336138057,Bin,13.0,14.0
Massachusetts,Season peak week,week,4.05646740595812e-05,Bin,14.0,15.0
Massachusetts,Season peak week,week,2.832949534169e-05,Bin,15.0,16.0
Massachusetts,Season peak week,week,2.832949534169e-05,Bin,16.0,17.0
Massachusetts,Season peak week,week,2.832949534169e-05,Bin,17.0,18.0
Massachusetts,Season peak week,week,2.832949534169e-05,Bin,18.0,19.0
Massachusetts,Season peak week,week,2.832949534169e-05,Bin,19.0,20.0
Massachusetts,Season peak week,week,2.832949534169e-05,Bin,20.0,21.0
Michigan,1 wk ahead,percent,2.9820648352043e-11,Bin,0.0,0.1
Michigan,1 wk ahead,percent,5.9641296704086e-11,Bin,0.1,0.2
Michigan,1 wk ahead,percent,5.96412967040859e-11,Bin,0.2,0.3
Michigan,1 wk ahead,percent,5.96412967040859e-11,Bin,0.3,0.4
Michigan,1 wk ahead,percent,5.5155608197397e-10,Bin,0.4,0.5
Michigan,1 wk ahead,percent,0.00400000398934008,Bin,0.5,0.6
Michigan,1 wk ahead,percent,0.00400000735253937,Bin,0.6,0.7
Michigan,1 wk ahead,percent,0.00400000444049543,Bin,0.7,0.8
Michigan,1 wk ahead,percent,0.0160000064260887,Bin,0.8,0.9
Michigan,1 wk ahead,percent,0.0460000122874449,Bin,0.9,1.0
Michigan,1 wk ahead,percent,0.0560000078770617,Bin,1.0,1.1
Michigan,1 wk ahead,percent,0.0900000008803399,Bin,1.1,1.2
Michigan,1 wk ahead,percent,0.143999991978226,Bin,1.2,1.3
Michigan,1 wk ahead,percent,0.105999992821268,Bin,1.3,1.4
Michigan,1 wk ahead,percent,0.165999988633047,Bin,1.4,1.5
Michigan,1 wk ahead,percent,0.12399999152565,Bin,1.5,1.6
Michigan,1 wk ahead,percent,0.0699999952447112,Bin,1.6,1.7
Michigan,1 wk ahead,percent,0.0599999959334262,Bin,1.7,1.8
Michigan,1 wk ahead,percent,0.0479999967598842,Bin,1.8,1.9
Michigan,1 wk ahead,percent,0.00199999992797316,Bin,1.9,2.0
Michigan,1 wk ahead,percent,0.0119999992392582,Bin,2.0,2.1
Michigan,1 wk ahead,percent,0.0119999992392582,Bin,2.1,2.2
Michigan,1 wk ahead,percent,0.00999999937700116,Bin,2.2,2.3
Michigan,1 wk ahead,percent,0.00999999937700116,Bin,2.3,2.4
Michigan,1 wk ahead,percent,0.00199999992797316,Bin,2.4,2.5
Michigan,1 wk ahead,percent,6.57161558185053e-11,Bin,2.5,2.6
Michigan,1 wk ahead,percent,6.57161558185053e-11,Bin,2.6,2.7
Michigan,1 wk ahead,percent,0.00199999992797316,Bin,2.7,2.8
Michigan,1 wk ahead,percent,0.00799999951474416,Bin,2.8,2.9
Michigan,1 wk ahead,percent,6.57161558185053e-11,Bin,2.9,3.0
Michigan,1 wk ahead,percent,6.57161558185053e-11,Bin,3.0,3.1
Michigan,1 wk ahead,percent,0.00199999992797316,Bin,3.1,3.2
Michigan,1 wk ahead,percent,6.57161558185053e-11,Bin,3.2,3.3
Michigan,1 wk ahead,percent,6.57161558185053e-11,Bin,3.3,3.4
Michigan,1 wk ahead,percent,6.57161558185053e-11,Bin,3.4,3.5
Michigan,1 wk ahead,percent,6.57161558185053e-11,Bin,3.5,3.6
Michigan,1 wk ahead,percent,0.00199999992797316,Bin,3.6,3.7
Michigan,1 wk ahead,percent,6.57161558185053e-11,Bin,3.7,3.8
Michigan,1 wk ahead,percent,6.57161558185053e-11,Bin,3.8,3.9
Michigan,1 wk ahead,percent,6.57161558185053e-11,Bin,3.9,4.0
Michigan,1 wk ahead,percent,6.57161558185053e-11,Bin,4.0,4.1
Michigan,1 wk ahead,percent,6.57161558185053e-11,Bin,4.1,4.2
Michigan,1 wk ahead,percent,6.57161558185053e-11,Bin,4.2,4.3
Michigan,1 wk ahead,percent,6.57161558185053e-11,Bin,4.3,4.4
Michigan,1 wk ahead,percent,6.57161558185053e-11,Bin,4.4,4.5
Michigan,1 wk ahead,percent,6.57161558185053e-11,Bin,4.5,4.6
Michigan,1 wk ahead,percent,6.57161558185053e-11,Bin,4.6,4.7
Michigan,1 wk ahead,percent,6.57161558185053e-11,Bin,4.7,4.8
Michigan,1 wk ahead,percent,6.57161558185053e-11,Bin,4.8,4.9
Michigan,1 wk ahead,percent,6.57161558185053e-11,Bin,4.9,5.0
Michigan,1 wk ahead,percent,6.57161558185053e-11,Bin,5.0,5.1
Michigan,1 wk ahead,percent,6.57161558185053e-11,Bin,5.1,5.2
Michigan,1 wk ahead,percent,6.57161558185053e-11,Bin,5.2,5.3
Michigan,1 wk ahead,percent,6.57161558185053e-11,Bin,5.3,5.4
Michigan,1 wk ahead,percent,6.57161558185053e-11,Bin,5.4,5.5
Michigan,1 wk ahead,percent,6.57161558185053e-11,Bin,5.5,5.6
Michigan,1 wk ahead,percent,6.57161558185053e-11,Bin,5.6,5.7
Michigan,1 wk ahead,percent,6.57161558185053e-11,Bin,5.7,5.8
Michigan,1 wk ahead,percent,6.57161558185053e-11,Bin,5.8,5.9
Michigan,1 wk ahead,percent,6.57161558185053e-11,Bin,5.9,6.0
Michigan,1 wk ahead,percent,6.57161558185053e-11,Bin,6.0,6.1
Michigan,1 wk ahead,percent,6.57161558185053e-11,Bin,6.1,6.2
Michigan,1 wk ahead,percent,6.57161558185053e-11,Bin,6.2,6.3
Michigan,1 wk ahead,percent,6.57161558185053e-11,Bin,6.3,6.4
Michigan,1 wk ahead,percent,6.57161558185053e-11,Bin,6.4,6.5
Michigan,1 wk ahead,percent,6.57161558185053e-11,Bin,6.5,6.6
Michigan,1 wk ahead,percent,6.57161558185053e-11,Bin,6.6,6.7
Michigan,1 wk ahead,percent,6.57161558185053e-11,Bin,6.7,6.8
Michigan,1 wk ahead,percent,6.57161558185053e-11,Bin,6.8,6.9
Michigan,1 wk ahead,percent,6.57161558185053e-11,Bin,6.9,7.0
Michigan,1 wk ahead,percent,6.57161558185053e-11,Bin,7.0,7.1
Michigan,1 wk ahead,percent,6.57161558185053e-11,Bin,7.1,7.2
Michigan,1 wk ahead,percent,6.57161558185053e-11,Bin,7.2,7.3
Michigan,1 wk ahead,percent,6.57161558185053e-11,Bin,7.3,7.4
Michigan,1 wk ahead,percent,6.57161558185053e-11,Bin,7.4,7.5
Michigan,1 wk ahead,percent,6.57161558185053e-11,Bin,7.5,7.6
Michigan,1 wk ahead,percent,6.57161558185053e-11,Bin,7.6,7.7
Michigan,1 wk ahead,percent,6.57161558185053e-11,Bin,7.7,7.8
Michigan,1 wk ahead,percent,6.57161558185053e-11,Bin,7.8,7.9
Michigan,1 wk ahead,percent,6.57161558185053e-11,Bin,7.9,8.0
Michigan,1 wk ahead,percent,6.57161558185059e-11,Bin,8.0,8.1
Michigan,1 wk ahead,percent,6.57161558185064e-11,Bin,8.1,8.2
Michigan,1 wk ahead,percent,6.57161558185064e-11,Bin,8.2,8.3
Michigan,1 wk ahead,percent,6.57161558185064e-11,Bin,8.3,8.4
Michigan,1 wk ahead,percent,6.57161558185064e-11,Bin,8.4,8.5
Michigan,1 wk ahead,percent,6.57161558185064e-11,Bin,8.5,8.6
Michigan,1 wk ahead,percent,6.57161558185064e-11,Bin,8.6,8.7
Michigan,1 wk ahead,percent,6.57161558185064e-11,Bin,8.7,8.8
Michigan,1 wk ahead,percent,6.57161558185064e-11,Bin,8.8,8.9
Michigan,1 wk ahead,percent,6.57161558185064e-11,Bin,8.9,9.0
Michigan,1 wk ahead,percent,6.57161558185064e-11,Bin,9.0,9.1
Michigan,1 wk ahead,percent,6.57161558185064e-11,Bin,9.1,9.2
Michigan,1 wk ahead,percent,6.57161558185064e-11,Bin,9.2,9.3
Michigan,1 wk ahead,percent,6.57161558185064e-11,Bin,9.3,9.4
Michigan,1 wk ahead,percent,6.57161558185064e-11,Bin,9.4,9.5
Michigan,1 wk ahead,percent,6.57161558185064e-11,Bin,9.5,9.6
Michigan,1 wk ahead,percent,6.57161558185064e-11,Bin,9.6,9.7
Michigan,1 wk ahead,percent,6.57161558185064e-11,Bin,9.7,9.8
Michigan,1 wk ahead,percent,6.57161558185064e-11,Bin,9.8,9.9
Michigan,1 wk ahead,percent,6.57161558185064e-11,Bin,9.9,10.0
Michigan,1 wk ahead,percent,6.57161558185064e-11,Bin,10.0,10.1
Michigan,1 wk ahead,percent,6.57161558185064e-11,Bin,10.1,10.2
Michigan,1 wk ahead,percent,6.57161558185064e-11,Bin,10.2,10.3
Michigan,1 wk ahead,percent,6.57161558185064e-11,Bin,10.3,10.4
Michigan,1 wk ahead,percent,6.57161558185064e-11,Bin,10.4,10.5
Michigan,1 wk ahead,percent,6.57161558185064e-11,Bin,10.5,10.6
Michigan,1 wk ahead,percent,6.57161558185064e-11,Bin,10.6,10.7
Michigan,1 wk ahead,percent,6.57161558185064e-11,Bin,10.7,10.8
Michigan,1 wk ahead,percent,6.57161558185064e-11,Bin,10.8,10.9
Michigan,1 wk ahead,percent,6.57161558185064e-11,Bin,10.9,11.0
Michigan,1 wk ahead,percent,6.57161558185064e-11,Bin,11.0,11.1
Michigan,1 wk ahead,percent,6.57161558185064e-11,Bin,11.1,11.2
Michigan,1 wk ahead,percent,6.57161558185064e-11,Bin,11.2,11.3
Michigan,1 wk ahead,percent,6.57161558185064e-11,Bin,11.3,11.4
Michigan,1 wk ahead,percent,6.57161558185064e-11,Bin,11.4,11.5
Michigan,1 wk ahead,percent,6.57161558185064e-11,Bin,11.5,11.6
Michigan,1 wk ahead,percent,6.57161558185064e-11,Bin,11.6,11.7
Michigan,1 wk ahead,percent,6.57161558185064e-11,Bin,11.7,11.8
Michigan,1 wk ahead,percent,6.57161558185064e-11,Bin,11.8,11.9
Michigan,1 wk ahead,percent,6.57161558185064e-11,Bin,11.9,12.0
Michigan,1 wk ahead,percent,6.57161558185064e-11,Bin,12.0,12.1
Michigan,1 wk ahead,percent,6.57161558185064e-11,Bin,12.1,12.2
Michigan,1 wk ahead,percent,6.57161558185064e-11,Bin,12.2,12.3
Michigan,1 wk ahead,percent,6.57161558185064e-11,Bin,12.3,12.4
Michigan,1 wk ahead,percent,6.57161558185064e-11,Bin,12.4,12.5
Michigan,1 wk ahead,percent,6.57161558185064e-11,Bin,12.5,12.6
Michigan,1 wk ahead,percent,6.57161558185064e-11,Bin,12.6,12.7
Michigan,1 wk ahead,percent,6.57161558185064e-11,Bin,12.7,12.8
Michigan,1 wk ahead,percent,6.57161558185064e-11,Bin,12.8,12.9
Michigan,1 wk ahead,percent,6.57161558185064e-11,Bin,12.9,13.0
Michigan,1 wk ahead,percent,6.57161558185064e-11,Bin,13.0,100.0
Michigan,2 wk ahead,percent,2.55004829672865e-10,Bin,0.0,0.1
Michigan,2 wk ahead,percent,8.82380351109192e-10,Bin,0.1,0.2
Michigan,2 wk ahead,percent,1.59413553206889e-09,Bin,0.2,0.3
Michigan,2 wk ahead,percent,0.00200000238842714,Bin,0.3,0.4
Michigan,2 wk ahead,percent,0.00600000316922664,Bin,0.4,0.5
Michigan,2 wk ahead,percent,0.0100000039647501,Bin,0.5,0.6
Michigan,2 wk ahead,percent,0.0200000042390212,Bin,0.6,0.7
Michigan,2 wk ahead,percent,0.0520000027372432,Bin,0.7,0.8
Michigan,2 wk ahead,percent,0.0760000015755464,Bin,0.8,0.9
Michigan,2 wk ahead,percent,0.0960000003318553,Bin,0.9,1.0
Michigan,2 wk ahead,percent,0.0960000001017685,Bin,1.0,1.1
Michigan,2 wk ahead,percent,0.113999998099746,Bin,1.1,1.2
Michigan,2 wk ahead,percent,0.0839999993168982,Bin,1.2,1.3
Michigan,2 wk ahead,percent,0.0939999974112536,Bin,1.3,1.4
Michigan,2 wk ahead,percent,0.0859999968169961,Bin,1.4,1.5
Michigan,2 wk ahead,percent,0.0639999973723651,Bin,1.5,1.6
Michigan,2 wk ahead,percent,0.0699999960769004,Bin,1.6,1.7
Michigan,2 wk ahead,percent,0.0239999988813419,Bin,1.7,1.8
Michigan,2 wk ahead,percent,0.027999998231922,Bin,1.8,1.9
Michigan,2 wk ahead,percent,0.0159999989373815,Bin,1.9,2.0
Michigan,2 wk ahead,percent,0.00999999930217617,Bin,2.0,2.1
Michigan,2 wk ahead,percent,0.0119999991335395,Bin,2.1,2.2
Michigan,2 wk ahead,percent,0.0119999991334912,Bin,2.2,2.3
Michigan,2 wk ahead,percent,0.00399999972421411,Bin,2.3,2.4
Michigan,2 wk ahead,percent,0.00399999972421411,Bin,2.4,2.5
Michigan,2 wk ahead,percent,0.00199999987189483,Bin,2.5,2.6
Michigan,2 wk ahead,percent,0.00199999987189483,Bin,2.6,2.7
Michigan,2 wk ahead,percent,1.9575550684069e-11,Bin,2.7,2.8
Michigan,2 wk ahead,percent,0.00599999957653339,Bin,2.8,2.9
Michigan,2 wk ahead,percent,1.9575550684069e-11,Bin,2.9,3.0
Michigan,2 wk ahead,percent,0.00199999987189483,Bin,3.0,3.1
Michigan,2 wk ahead,percent,1.9575550684069e-11,Bin,3.1,3.2
Michigan,2 wk ahead,percent,1.9575550684069e-11,Bin,3.2,3.3
Michigan,2 wk ahead,percent,1.9575550684069e-11,Bin,3.3,3.4
Michigan,2 wk ahead,percent,1.9575550684069e-11,Bin,3.4,3.5
Michigan,2 wk ahead,percent,1.9575550684069e-11,Bin,3.5,3.6
Michigan,2 wk ahead,percent,1.9575550684069e-11,Bin,3.6,3.7
Michigan,2 wk ahead,percent,1.9575550684069e-11,Bin,3.7,3.8
Michigan,2 wk ahead,percent,0.00199999987189483,Bin,3.8,3.9
Michigan,2 wk ahead,percent,1.9575550684069e-11,Bin,3.9,4.0
Michigan,2 wk ahead,percent,1.9575550684069e-11,Bin,4.0,4.1
Michigan,2 wk ahead,percent,1.9575550684069e-11,Bin,4.1,4.2
Michigan,2 wk ahead,percent,1.9575550684069e-11,Bin,4.2,4.3
Michigan,2 wk ahead,percent,1.9575550684069e-11,Bin,4.3,4.4
Michigan,2 wk ahead,percent,1.9575550684069e-11,Bin,4.4,4.5
Michigan,2 wk ahead,percent,1.9575550684069e-11,Bin,4.5,4.6
Michigan,2 wk ahead,percent,1.9575550684069e-11,Bin,4.6,4.7
Michigan,2 wk ahead,percent,1.9575550684069e-11,Bin,4.7,4.8
Michigan,2 wk ahead,percent,0.00199999987189483,Bin,4.8,4.9
Michigan,2 wk ahead,percent,1.9575550684069e-11,Bin,4.9,5.0
Michigan,2 wk ahead,percent,1.9575550684069e-11,Bin,5.0,5.1
Michigan,2 wk ahead,percent,1.9575550684069e-11,Bin,5.1,5.2
Michigan,2 wk ahead,percent,1.9575550684069e-11,Bin,5.2,5.3
Michigan,2 wk ahead,percent,1.9575550684069e-11,Bin,5.3,5.4
Michigan,2 wk ahead,percent,1.9575550684069e-11,Bin,5.4,5.5
Michigan,2 wk ahead,percent,1.9575550684069e-11,Bin,5.5,5.6
Michigan,2 wk ahead,percent,0.00199999987189483,Bin,5.6,5.7
Michigan,2 wk ahead,percent,0.00199999987189483,Bin,5.7,5.8
Michigan,2 wk ahead,percent,1.9575550684069e-11,Bin,5.8,5.9
Michigan,2 wk ahead,percent,1.9575550684069e-11,Bin,5.9,6.0
Michigan,2 wk ahead,percent,1.9575550684069e-11,Bin,6.0,6.1
Michigan,2 wk ahead,percent,1.9575550684069e-11,Bin,6.1,6.2
Michigan,2 wk ahead,percent,1.9575550684069e-11,Bin,6.2,6.3
Michigan,2 wk ahead,percent,1.9575550684069e-11,Bin,6.3,6.4
Michigan,2 wk ahead,percent,1.9575550684069e-11,Bin,6.4,6.5
Michigan,2 wk ahead,percent,1.9575550684069e-11,Bin,6.5,6.6
Michigan,2 wk ahead,percent,1.9575550684069e-11,Bin,6.6,6.7
Michigan,2 wk ahead,percent,1.9575550684069e-11,Bin,6.7,6.8
Michigan,2 wk ahead,percent,1.9575550684069e-11,Bin,6.8,6.9
Michigan,2 wk ahead,percent,1.9575550684069e-11,Bin,6.9,7.0
Michigan,2 wk ahead,percent,1.9575550684069e-11,Bin,7.0,7.1
Michigan,2 wk ahead,percent,1.9575550684069e-11,Bin,7.1,7.2
Michigan,2 wk ahead,percent,1.9575550684069e-11,Bin,7.2,7.3
Michigan,2 wk ahead,percent,1.9575550684069e-11,Bin,7.3,7.4
Michigan,2 wk ahead,percent,1.9575550684069e-11,Bin,7.4,7.5
Michigan,2 wk ahead,percent,1.9575550684069e-11,Bin,7.5,7.6
Michigan,2 wk ahead,percent,1.9575550684069e-11,Bin,7.6,7.7
Michigan,2 wk ahead,percent,1.9575550684069e-11,Bin,7.7,7.8
Michigan,2 wk ahead,percent,1.9575550684069e-11,Bin,7.8,7.9
Michigan,2 wk ahead,percent,1.9575550684069e-11,Bin,7.9,8.0
Michigan,2 wk ahead,percent,1.95755506840692e-11,Bin,8.0,8.1
Michigan,2 wk ahead,percent,1.95755506840694e-11,Bin,8.1,8.2
Michigan,2 wk ahead,percent,1.95755506840694e-11,Bin,8.2,8.3
Michigan,2 wk ahead,percent,1.95755506840694e-11,Bin,8.3,8.4
Michigan,2 wk ahead,percent,1.95755506840694e-11,Bin,8.4,8.5
Michigan,2 wk ahead,percent,1.95755506840694e-11,Bin,8.5,8.6
Michigan,2 wk ahead,percent,1.95755506840694e-11,Bin,8.6,8.7
Michigan,2 wk ahead,percent,1.95755506840694e-11,Bin,8.7,8.8
Michigan,2 wk ahead,percent,1.95755506840694e-11,Bin,8.8,8.9
Michigan,2 wk ahead,percent,1.95755506840694e-11,Bin,8.9,9.0
Michigan,2 wk ahead,percent,1.95755506840694e-11,Bin,9.0,9.1
Michigan,2 wk ahead,percent,1.95755506840694e-11,Bin,9.1,9.2
Michigan,2 wk ahead,percent,1.95755506840694e-11,Bin,9.2,9.3
Michigan,2 wk ahead,percent,1.95755506840694e-11,Bin,9.3,9.4
Michigan,2 wk ahead,percent,1.95755506840694e-11,Bin,9.4,9.5
Michigan,2 wk ahead,percent,1.95755506840694e-11,Bin,9.5,9.6
Michigan,2 wk ahead,percent,1.95755506840694e-11,Bin,9.6,9.7
Michigan,2 wk ahead,percent,1.95755506840694e-11,Bin,9.7,9.8
Michigan,2 wk ahead,percent,1.95755506840694e-11,Bin,9.8,9.9
Michigan,2 wk ahead,percent,1.95755506840694e-11,Bin,9.9,10.0
Michigan,2 wk ahead,percent,1.95755506840694e-11,Bin,10.0,10.1
Michigan,2 wk ahead,percent,1.95755506840694e-11,Bin,10.1,10.2
Michigan,2 wk ahead,percent,1.95755506840694e-11,Bin,10.2,10.3
Michigan,2 wk ahead,percent,1.95755506840694e-11,Bin,10.3,10.4
Michigan,2 wk ahead,percent,1.95755506840694e-11,Bin,10.4,10.5
Michigan,2 wk ahead,percent,1.95755506840694e-11,Bin,10.5,10.6
Michigan,2 wk ahead,percent,1.95755506840694e-11,Bin,10.6,10.7
Michigan,2 wk ahead,percent,1.95755506840694e-11,Bin,10.7,10.8
Michigan,2 wk ahead,percent,1.95755506840694e-11,Bin,10.8,10.9
Michigan,2 wk ahead,percent,1.95755506840694e-11,Bin,10.9,11.0
Michigan,2 wk ahead,percent,1.95755506840694e-11,Bin,11.0,11.1
Michigan,2 wk ahead,percent,1.95755506840694e-11,Bin,11.1,11.2
Michigan,2 wk ahead,percent,1.95755506840694e-11,Bin,11.2,11.3
Michigan,2 wk ahead,percent,1.95755506840694e-11,Bin,11.3,11.4
Michigan,2 wk ahead,percent,1.95755506840694e-11,Bin,11.4,11.5
Michigan,2 wk ahead,percent,1.95755506840694e-11,Bin,11.5,11.6
Michigan,2 wk ahead,percent,1.95755506840694e-11,Bin,11.6,11.7
Michigan,2 wk ahead,percent,1.95755506840694e-11,Bin,11.7,11.8
Michigan,2 wk ahead,percent,1.95755506840694e-11,Bin,11.8,11.9
Michigan,2 wk ahead,percent,1.95755506840694e-11,Bin,11.9,12.0
Michigan,2 wk ahead,percent,1.95755506840694e-11,Bin,12.0,12.1
Michigan,2 wk ahead,percent,1.95755506840694e-11,Bin,12.1,12.2
Michigan,2 wk ahead,percent,1.95755506840694e-11,Bin,12.2,12.3
Michigan,2 wk ahead,percent,1.95755506840694e-11,Bin,12.3,12.4
Michigan,2 wk ahead,percent,1.95755506840694e-11,Bin,12.4,12.5
Michigan,2 wk ahead,percent,1.95755506840694e-11,Bin,12.5,12.6
Michigan,2 wk ahead,percent,1.95755506840694e-11,Bin,12.6,12.7
Michigan,2 wk ahead,percent,1.95755506840694e-11,Bin,12.7,12.8
Michigan,2 wk ahead,percent,1.95755506840694e-11,Bin,12.8,12.9
Michigan,2 wk ahead,percent,1.95755506840694e-11,Bin,12.9,13.0
Michigan,2 wk ahead,percent,1.95755506840694e-11,Bin,13.0,100.0
Michigan,3 wk ahead,percent,5.94536249206942e-10,Bin,0.0,0.1
Michigan,3 wk ahead,percent,2.19608336771085e-09,Bin,0.1,0.2
Michigan,3 wk ahead,percent,0.00200000370102861,Bin,0.2,0.3
Michigan,3 wk ahead,percent,0.00200000621312516,Bin,0.3,0.4
Michigan,3 wk ahead,percent,0.0240000045516381,Bin,0.4,0.5
Michigan,3 wk ahead,percent,0.0420000041520032,Bin,0.5,0.6
Michigan,3 wk ahead,percent,0.0560000048210325,Bin,0.6,0.7
Michigan,3 wk ahead,percent,0.0600000072746369,Bin,0.7,0.8
Michigan,3 wk ahead,percent,0.0920000029533962,Bin,0.8,0.9
Michigan,3 wk ahead,percent,0.11999999828721,Bin,0.9,1.0
Michigan,3 wk ahead,percent,0.102000001714208,Bin,1.0,1.1
Michigan,3 wk ahead,percent,0.107999997883744,Bin,1.1,1.2
Michigan,3 wk ahead,percent,0.0959999956376225,Bin,1.2,1.3
Michigan,3 wk ahead,percent,0.0659999962544903,Bin,1.3,1.4
Michigan,3 wk ahead,percent,0.0559999935022309,Bin,1.4,1.5
Michigan,3 wk ahead,percent,0.0439999929534374,Bin,1.5,1.6
Michigan,3 wk ahead,percent,0.025999995266969,Bin,1.6,1.7
Michigan,3 wk ahead,percent,0.0199999959918436,Bin,1.7,1.8
Michigan,3 wk ahead,percent,0.00999999801740264,Bin,1.8,1.9
Michigan,3 wk ahead,percent,0.00999999801740264,Bin,1.9,2.0
Michigan,3 wk ahead,percent,0.0119999975965914,Bin,2.0,2.1
Michigan,3 wk ahead,percent,0.00399999927983629,Bin,2.1,2.2
Michigan,3 wk ahead,percent,0.00599999885902507,Bin,2.2,2.3
Michigan,3 wk ahead,percent,0.00199999970064751,Bin,2.3,2.4
Michigan,3 wk ahead,percent,0.00399999927983629,Bin,2.4,2.5
Michigan,3 wk ahead,percent,0.00999999801740264,Bin,2.5,2.6
Michigan,3 wk ahead,percent,0.00599999885902507,Bin,2.6,2.7
Michigan,3 wk ahead,percent,1.21458721484234e-10,Bin,2.7,2.8
Michigan,3 wk ahead,percent,1.21458721484234e-10,Bin,2.8,2.9
Michigan,3 wk ahead,percent,1.21458721484234e-10,Bin,2.9,3.0
Michigan,3 wk ahead,percent,1.21458721484234e-10,Bin,3.0,3.1
Michigan,3 wk ahead,percent,1.21458721484234e-10,Bin,3.1,3.2
Michigan,3 wk ahead,percent,1.21458721484234e-10,Bin,3.2,3.3
Michigan,3 wk ahead,percent,0.00199999970064751,Bin,3.3,3.4
Michigan,3 wk ahead,percent,0.00199999970064751,Bin,3.4,3.5
Michigan,3 wk ahead,percent,0.00199999970064751,Bin,3.5,3.6
Michigan,3 wk ahead,percent,1.21458721484234e-10,Bin,3.6,3.7
Michigan,3 wk ahead,percent,1.21458721484234e-10,Bin,3.7,3.8
Michigan,3 wk ahead,percent,0.00599999885902507,Bin,3.8,3.9
Michigan,3 wk ahead,percent,1.21458721484234e-10,Bin,3.9,4.0
Michigan,3 wk ahead,percent,0.00199999970064751,Bin,4.0,4.1
Michigan,3 wk ahead,percent,1.21458721484234e-10,Bin,4.1,4.2
Michigan,3 wk ahead,percent,1.21458721484234e-10,Bin,4.2,4.3
Michigan,3 wk ahead,percent,1.21458721484234e-10,Bin,4.3,4.4
Michigan,3 wk ahead,percent,0.00199999970064751,Bin,4.4,4.5
Michigan,3 wk ahead,percent,1.21458721484234e-10,Bin,4.5,4.6
Michigan,3 wk ahead,percent,1.21458721484234e-10,Bin,4.6,4.7
Michigan,3 wk ahead,percent,0.00199999970064751,Bin,4.7,4.8
Michigan,3 wk ahead,percent,1.21458721484234e-10,Bin,4.8,4.9
Michigan,3 wk ahead,percent,1.21458721484234e-10,Bin,4.9,5.0
Michigan,3 wk ahead,percent,1.21458721484234e-10,Bin,5.0,5.1
Michigan,3 wk ahead,percent,1.21458721484234e-10,Bin,5.1,5.2
Michigan,3 wk ahead,percent,1.21458721484234e-10,Bin,5.2,5.3
Michigan,3 wk ahead,percent,0.00199999970064751,Bin,5.3,5.4
Michigan,3 wk ahead,percent,1.21458721484234e-10,Bin,5.4,5.5
Michigan,3 wk ahead,percent,1.21458721484234e-10,Bin,5.5,5.6
Michigan,3 wk ahead,percent,1.21458721484234e-10,Bin,5.6,5.7
Michigan,3 wk ahead,percent,1.21458721484234e-10,Bin,5.7,5.8
Michigan,3 wk ahead,percent,1.21458721484234e-10,Bin,5.8,5.9
Michigan,3 wk ahead,percent,1.21458721484234e-10,Bin,5.9,6.0
Michigan,3 wk ahead,percent,1.21458721484234e-10,Bin,6.0,6.1
Michigan,3 wk ahead,percent,1.21458721484234e-10,Bin,6.1,6.2
Michigan,3 wk ahead,percent,1.21458721484234e-10,Bin,6.2,6.3
Michigan,3 wk ahead,percent,1.21458721484234e-10,Bin,6.3,6.4
Michigan,3 wk ahead,percent,1.21458721484234e-10,Bin,6.4,6.5
Michigan,3 wk ahead,percent,1.21458721484234e-10,Bin,6.5,6.6
Michigan,3 wk ahead,percent,1.21458721484234e-10,Bin,6.6,6.7
Michigan,3 wk ahead,percent,1.21458721484234e-10,Bin,6.7,6.8
Michigan,3 wk ahead,percent,1.21458721484234e-10,Bin,6.8,6.9
Michigan,3 wk ahead,percent,1.21458721484234e-10,Bin,6.9,7.0
Michigan,3 wk ahead,percent,1.21458721484234e-10,Bin,7.0,7.1
Michigan,3 wk ahead,percent,1.21458721484234e-10,Bin,7.1,7.2
Michigan,3 wk ahead,percent,1.21458721484234e-10,Bin,7.2,7.3
Michigan,3 wk ahead,percent,1.21458721484234e-10,Bin,7.3,7.4
Michigan,3 wk ahead,percent,1.21458721484234e-10,Bin,7.4,7.5
Michigan,3 wk ahead,percent,1.21458721484234e-10,Bin,7.5,7.6
Michigan,3 wk ahead,percent,1.21458721484234e-10,Bin,7.6,7.7
Michigan,3 wk ahead,percent,1.21458721484234e-10,Bin,7.7,7.8
Michigan,3 wk ahead,percent,1.21458721484234e-10,Bin,7.8,7.9
Michigan,3 wk ahead,percent,1.21458721484234e-10,Bin,7.9,8.0
Michigan,3 wk ahead,percent,1.21458721484235e-10,Bin,8.0,8.1
Michigan,3 wk ahead,percent,1.21458721484236e-10,Bin,8.1,8.2
Michigan,3 wk ahead,percent,1.21458721484236e-10,Bin,8.2,8.3
Michigan,3 wk ahead,percent,1.21458721484236e-10,Bin,8.3,8.4
Michigan,3 wk ahead,percent,1.21458721484236e-10,Bin,8.4,8.5
Michigan,3 wk ahead,percent,1.21458721484236e-10,Bin,8.5,8.6
Michigan,3 wk ahead,percent,1.21458721484236e-10,Bin,8.6,8.7
Michigan,3 wk ahead,percent,1.21458721484236e-10,Bin,8.7,8.8
Michigan,3 wk ahead,percent,1.21458721484236e-10,Bin,8.8,8.9
Michigan,3 wk ahead,percent,1.21458721484236e-10,Bin,8.9,9.0
Michigan,3 wk ahead,percent,1.21458721484236e-10,Bin,9.0,9.1
Michigan,3 wk ahead,percent,1.21458721484236e-10,Bin,9.1,9.2
Michigan,3 wk ahead,percent,1.21458721484236e-10,Bin,9.2,9.3
Michigan,3 wk ahead,percent,1.21458721484236e-10,Bin,9.3,9.4
Michigan,3 wk ahead,percent,1.21458721484236e-10,Bin,9.4,9.5
Michigan,3 wk ahead,percent,1.21458721484236e-10,Bin,9.5,9.6
Michigan,3 wk ahead,percent,1.21458721484236e-10,Bin,9.6,9.7
Michigan,3 wk ahead,percent,1.21458721484236e-10,Bin,9.7,9.8
Michigan,3 wk ahead,percent,1.21458721484236e-10,Bin,9.8,9.9
Michigan,3 wk ahead,percent,1.21458721484236e-10,Bin,9.9,10.0
Michigan,3 wk ahead,percent,1.21458721484236e-10,Bin,10.0,10.1
Michigan,3 wk ahead,percent,1.21458721484236e-10,Bin,10.1,10.2
Michigan,3 wk ahead,percent,1.21458721484236e-10,Bin,10.2,10.3
Michigan,3 wk ahead,percent,1.21458721484236e-10,Bin,10.3,10.4
Michigan,3 wk ahead,percent,1.21458721484236e-10,Bin,10.4,10.5
Michigan,3 wk ahead,percent,1.21458721484236e-10,Bin,10.5,10.6
Michigan,3 wk ahead,percent,1.21458721484236e-10,Bin,10.6,10.7
Michigan,3 wk ahead,percent,1.21458721484236e-10,Bin,10.7,10.8
Michigan,3 wk ahead,percent,1.21458721484236e-10,Bin,10.8,10.9
Michigan,3 wk ahead,percent,1.21458721484236e-10,Bin,10.9,11.0
Michigan,3 wk ahead,percent,1.21458721484236e-10,Bin,11.0,11.1
Michigan,3 wk ahead,percent,1.21458721484236e-10,Bin,11.1,11.2
Michigan,3 wk ahead,percent,1.21458721484236e-10,Bin,11.2,11.3
Michigan,3 wk ahead,percent,1.21458721484236e-10,Bin,11.3,11.4
Michigan,3 wk ahead,percent,1.21458721484236e-10,Bin,11.4,11.5
Michigan,3 wk ahead,percent,1.21458721484236e-10,Bin,11.5,11.6
Michigan,3 wk ahead,percent,1.21458721484236e-10,Bin,11.6,11.7
Michigan,3 wk ahead,percent,1.21458721484236e-10,Bin,11.7,11.8
Michigan,3 wk ahead,percent,1.21458721484236e-10,Bin,11.8,11.9
Michigan,3 wk ahead,percent,1.21458721484236e-10,Bin,11.9,12.0
Michigan,3 wk ahead,percent,1.21458721484236e-10,Bin,12.0,12.1
Michigan,3 wk ahead,percent,1.21458721484236e-10,Bin,12.1,12.2
Michigan,3 wk ahead,percent,1.21458721484236e-10,Bin,12.2,12.3
Michigan,3 wk ahead,percent,1.21458721484236e-10,Bin,12.3,12.4
Michigan,3 wk ahead,percent,1.21458721484236e-10,Bin,12.4,12.5
Michigan,3 wk ahead,percent,1.21458721484236e-10,Bin,12.5,12.6
Michigan,3 wk ahead,percent,1.21458721484236e-10,Bin,12.6,12.7
Michigan,3 wk ahead,percent,1.21458721484236e-10,Bin,12.7,12.8
Michigan,3 wk ahead,percent,1.21458721484236e-10,Bin,12.8,12.9
Michigan,3 wk ahead,percent,1.21458721484236e-10,Bin,12.9,13.0
Michigan,3 wk ahead,percent,1.21458721484236e-10,Bin,13.0,100.0
Michigan,4 wk ahead,percent,1.04059324001693e-10,Bin,0.0,0.1
Michigan,4 wk ahead,percent,8.91756768953762e-10,Bin,0.1,0.2
Michigan,4 wk ahead,percent,3.71349889634303e-09,Bin,0.2,0.3
Michigan,4 wk ahead,percent,0.0140000075967807,Bin,0.3,0.4
Michigan,4 wk ahead,percent,0.0340000138573742,Bin,0.4,0.5
Michigan,4 wk ahead,percent,0.0580000174234779,Bin,0.5,0.6
Michigan,4 wk ahead,percent,0.0680000153491365,Bin,0.6,0.7
Michigan,4 wk ahead,percent,0.13599999334372,Bin,0.7,0.8
Michigan,4 wk ahead,percent,0.109999990040171,Bin,0.8,0.9
Michigan,4 wk ahead,percent,0.0999999871178862,Bin,0.9,1.0
Michigan,4 wk ahead,percent,0.101999987234781,Bin,1.0,1.1
Michigan,4 wk ahead,percent,0.0859999948263821,Bin,1.1,1.2
Michigan,4 wk ahead,percent,0.0500000049047445,Bin,1.2,1.3
Michigan,4 wk ahead,percent,0.0480000030449381,Bin,1.3,1.4
Michigan,4 wk ahead,percent,0.0379999999529433,Bin,1.4,1.5
Michigan,4 wk ahead,percent,0.0399999949121471,Bin,1.5,1.6
Michigan,4 wk ahead,percent,0.0159999975488094,Bin,1.6,1.7
Michigan,4 wk ahead,percent,0.0199999959650032,Bin,1.7,1.8
Michigan,4 wk ahead,percent,0.0179999963026135,Bin,1.8,1.9
Michigan,4 wk ahead,percent,0.00599999882038461,Bin,1.9,2.0
Michigan,4 wk ahead,percent,0.00799999840075609,Bin,2.0,2.1
Michigan,4 wk ahead,percent,0.00799999840075609,Bin,2.1,2.2
Michigan,4 wk ahead,percent,0.011999997561499,Bin,2.2,2.3
Michigan,4 wk ahead,percent,7.92701868971226e-11,Bin,2.3,2.4
Michigan,4 wk ahead,percent,0.00399999924001314,Bin,2.4,2.5
Michigan,4 wk ahead,percent,0.00399999924001314,Bin,2.5,2.6
Michigan,4 wk ahead,percent,0.00399999924001314,Bin,2.6,2.7
Michigan,4 wk ahead,percent,7.92701868971226e-11,Bin,2.7,2.8
Michigan,4 wk ahead,percent,7.92701868971226e-11,Bin,2.8,2.9
Michigan,4 wk ahead,percent,7.92701868971226e-11,Bin,2.9,3.0
Michigan,4 wk ahead,percent,7.92701868971226e-11,Bin,3.0,3.1
Michigan,4 wk ahead,percent,0.00199999965964166,Bin,3.1,3.2
Michigan,4 wk ahead,percent,7.92701868971226e-11,Bin,3.2,3.3
Michigan,4 wk ahead,percent,7.92701868971226e-11,Bin,3.3,3.4
Michigan,4 wk ahead,percent,0.00399999924001314,Bin,3.4,3.5
Michigan,4 wk ahead,percent,0.00199999965964166,Bin,3.5,3.6
Michigan,4 wk ahead,percent,0.00399999924001314,Bin,3.6,3.7
Michigan,4 wk ahead,percent,7.92701868971226e-11,Bin,3.7,3.8
Michigan,4 wk ahead,percent,7.92701868971226e-11,Bin,3.8,3.9
Michigan,4 wk ahead,percent,7.92701868971226e-11,Bin,3.9,4.0
Michigan,4 wk ahead,percent,7.92701868971226e-11,Bin,4.0,4.1
Michigan,4 wk ahead,percent,7.92701868971226e-11,Bin,4.1,4.2
Michigan,4 wk ahead,percent,7.92701868971226e-11,Bin,4.2,4.3
Michigan,4 wk ahead,percent,0.00199999965964166,Bin,4.3,4.4
Michigan,4 wk ahead,percent,7.92701868971226e-11,Bin,4.4,4.5
Michigan,4 wk ahead,percent,7.92701868971226e-11,Bin,4.5,4.6
Michigan,4 wk ahead,percent,0.00199999965964166,Bin,4.6,4.7
Michigan,4 wk ahead,percent,7.92701868971226e-11,Bin,4.7,4.8
Michigan,4 wk ahead,percent,7.92701868971226e-11,Bin,4.8,4.9
Michigan,4 wk ahead,percent,7.92701868971226e-11,Bin,4.9,5.0
Michigan,4 wk ahead,percent,7.92701868971226e-11,Bin,5.0,5.1
Michigan,4 wk ahead,percent,7.92701868971226e-11,Bin,5.1,5.2
Michigan,4 wk ahead,percent,7.92701868971226e-11,Bin,5.2,5.3
Michigan,4 wk ahead,percent,7.92701868971226e-11,Bin,5.3,5.4
Michigan,4 wk ahead,percent,7.92701868971226e-11,Bin,5.4,5.5
Michigan,4 wk ahead,percent,7.92701868971226e-11,Bin,5.5,5.6
Michigan,4 wk ahead,percent,7.92701868971226e-11,Bin,5.6,5.7
Michigan,4 wk ahead,percent,7.92701868971226e-11,Bin,5.7,5.8
Michigan,4 wk ahead,percent,7.92701868971226e-11,Bin,5.8,5.9
Michigan,4 wk ahead,percent,7.92701868971226e-11,Bin,5.9,6.0
Michigan,4 wk ahead,percent,7.92701868971226e-11,Bin,6.0,6.1
Michigan,4 wk ahead,percent,7.92701868971226e-11,Bin,6.1,6.2
Michigan,4 wk ahead,percent,7.92701868971226e-11,Bin,6.2,6.3
Michigan,4 wk ahead,percent,7.92701868971226e-11,Bin,6.3,6.4
Michigan,4 wk ahead,percent,7.92701868971226e-11,Bin,6.4,6.5
Michigan,4 wk ahead,percent,7.92701868971226e-11,Bin,6.5,6.6
Michigan,4 wk ahead,percent,7.92701868971226e-11,Bin,6.6,6.7
Michigan,4 wk ahead,percent,7.92701868971226e-11,Bin,6.7,6.8
Michigan,4 wk ahead,percent,7.92701868971226e-11,Bin,6.8,6.9
Michigan,4 wk ahead,percent,7.92701868971226e-11,Bin,6.9,7.0
Michigan,4 wk ahead,percent,7.92701868971226e-11,Bin,7.0,7.1
Michigan,4 wk ahead,percent,7.92701868971226e-11,Bin,7.1,7.2
Michigan,4 wk ahead,percent,7.92701868971226e-11,Bin,7.2,7.3
Michigan,4 wk ahead,percent,7.92701868971226e-11,Bin,7.3,7.4
Michigan,4 wk ahead,percent,7.92701868971226e-11,Bin,7.4,7.5
Michigan,4 wk ahead,percent,7.92701868971226e-11,Bin,7.5,7.6
Michigan,4 wk ahead,percent,7.92701868971226e-11,Bin,7.6,7.7
Michigan,4 wk ahead,percent,7.92701868971226e-11,Bin,7.7,7.8
Michigan,4 wk ahead,percent,7.92701868971226e-11,Bin,7.8,7.9
Michigan,4 wk ahead,percent,7.92701868971226e-11,Bin,7.9,8.0
Michigan,4 wk ahead,percent,7.92701868971233e-11,Bin,8.0,8.1
Michigan,4 wk ahead,percent,7.9270186897124e-11,Bin,8.1,8.2
Michigan,4 wk ahead,percent,7.9270186897124e-11,Bin,8.2,8.3
Michigan,4 wk ahead,percent,7.9270186897124e-11,Bin,8.3,8.4
Michigan,4 wk ahead,percent,7.9270186897124e-11,Bin,8.4,8.5
Michigan,4 wk ahead,percent,7.9270186897124e-11,Bin,8.5,8.6
Michigan,4 wk ahead,percent,7.9270186897124e-11,Bin,8.6,8.7
Michigan,4 wk ahead,percent,7.9270186897124e-11,Bin,8.7,8.8
Michigan,4 wk ahead,percent,7.9270186897124e-11,Bin,8.8,8.9
Michigan,4 wk ahead,percent,7.9270186897124e-11,Bin,8.9,9.0
Michigan,4 wk ahead,percent,7.9270186897124e-11,Bin,9.0,9.1
Michigan,4 wk ahead,percent,7.9270186897124e-11,Bin,9.1,9.2
Michigan,4 wk ahead,percent,7.9270186897124e-11,Bin,9.2,9.3
Michigan,4 wk ahead,percent,7.9270186897124e-11,Bin,9.3,9.4
Michigan,4 wk ahead,percent,7.9270186897124e-11,Bin,9.4,9.5
Michigan,4 wk ahead,percent,7.9270186897124e-11,Bin,9.5,9.6
Michigan,4 wk ahead,percent,7.9270186897124e-11,Bin,9.6,9.7
Michigan,4 wk ahead,percent,7.9270186897124e-11,Bin,9.7,9.8
Michigan,4 wk ahead,percent,7.9270186897124e-11,Bin,9.8,9.9
Michigan,4 wk ahead,percent,7.9270186897124e-11,Bin,9.9,10.0
Michigan,4 wk ahead,percent,7.9270186897124e-11,Bin,10.0,10.1
Michigan,4 wk ahead,percent,7.9270186897124e-11,Bin,10.1,10.2
Michigan,4 wk ahead,percent,7.9270186897124e-11,Bin,10.2,10.3
Michigan,4 wk ahead,percent,7.9270186897124e-11,Bin,10.3,10.4
Michigan,4 wk ahead,percent,7.9270186897124e-11,Bin,10.4,10.5
Michigan,4 wk ahead,percent,7.9270186897124e-11,Bin,10.5,10.6
Michigan,4 wk ahead,percent,7.9270186897124e-11,Bin,10.6,10.7
Michigan,4 wk ahead,percent,7.9270186897124e-11,Bin,10.7,10.8
Michigan,4 wk ahead,percent,7.9270186897124e-11,Bin,10.8,10.9
Michigan,4 wk ahead,percent,7.9270186897124e-11,Bin,10.9,11.0
Michigan,4 wk ahead,percent,7.9270186897124e-11,Bin,11.0,11.1
Michigan,4 wk ahead,percent,7.9270186897124e-11,Bin,11.1,11.2
Michigan,4 wk ahead,percent,7.9270186897124e-11,Bin,11.2,11.3
Michigan,4 wk ahead,percent,7.9270186897124e-11,Bin,11.3,11.4
Michigan,4 wk ahead,percent,7.9270186897124e-11,Bin,11.4,11.5
Michigan,4 wk ahead,percent,7.9270186897124e-11,Bin,11.5,11.6
Michigan,4 wk ahead,percent,7.9270186897124e-11,Bin,11.6,11.7
Michigan,4 wk ahead,percent,7.9270186897124e-11,Bin,11.7,11.8
Michigan,4 wk ahead,percent,7.9270186897124e-11,Bin,11.8,11.9
Michigan,4 wk ahead,percent,7.9270186897124e-11,Bin,11.9,12.0
Michigan,4 wk ahead,percent,7.9270186897124e-11,Bin,12.0,12.1
Michigan,4 wk ahead,percent,7.9270186897124e-11,Bin,12.1,12.2
Michigan,4 wk ahead,percent,7.9270186897124e-11,Bin,12.2,12.3
Michigan,4 wk ahead,percent,7.9270186897124e-11,Bin,12.3,12.4
Michigan,4 wk ahead,percent,7.9270186897124e-11,Bin,12.4,12.5
Michigan,4 wk ahead,percent,7.9270186897124e-11,Bin,12.5,12.6
Michigan,4 wk ahead,percent,7.9270186897124e-11,Bin,12.6,12.7
Michigan,4 wk ahead,percent,7.9270186897124e-11,Bin,12.7,12.8
Michigan,4 wk ahead,percent,7.9270186897124e-11,Bin,12.8,12.9
Michigan,4 wk ahead,percent,7.9270186897124e-11,Bin,12.9,13.0
Michigan,4 wk ahead,percent,7.9270186897124e-11,Bin,13.0,100.0
Michigan,Season peak percentage,percent,6.88117727785174e-14,Bin,0.0,0.1
Michigan,Season peak percentage,percent,1.9647224882487e-13,Bin,0.1,0.2
Michigan,Season peak percentage,percent,3.05658794595104e-13,Bin,0.2,0.3
Michigan,Season peak percentage,percent,4.62538550437674e-13,Bin,0.3,0.4
Michigan,Season peak percentage,percent,6.81056113201733e-13,Bin,0.4,0.5
Michigan,Season peak percentage,percent,9.75884959443412e-13,Bin,0.5,0.6
Michigan,Season peak percentage,percent,1.36155074733046e-12,Bin,0.6,0.7
Michigan,Season peak percentage,percent,1.85038991321168e-12,Bin,0.7,0.8
Michigan,Season peak percentage,percent,2.4512353539894e-12,Bin,0.8,0.9
Michigan,Season peak percentage,percent,3.16782346622548e-12,Bin,0.9,1.0
Michigan,Season peak percentage,percent,3.99812224288979e-12,Bin,1.0,1.1
Michigan,Season peak percentage,percent,4.9342966489076e-12,Bin,1.1,1.2
Michigan,Season peak percentage,percent,5.96424023426237e-12,Bin,1.2,1.3
Michigan,Season peak percentage,percent,7.07381354881667e-12,Bin,1.3,1.4
Michigan,Season peak percentage,percent,8.24944275798329e-12,Bin,1.4,1.5
Michigan,Season peak percentage,percent,9.48101499578201e-12,Bin,1.5,1.6
Michigan,Season peak percentage,percent,1.07630593650055e-11,Bin,1.6,1.7
Michigan,Season peak percentage,percent,1.20945594899086e-11,Bin,1.7,1.8
Michigan,Season peak percentage,percent,1.34764149330804e-11,Bin,1.8,1.9
Michigan,Season peak percentage,percent,1.49071931882887e-11,Bin,1.9,2.0
Michigan,Season peak percentage,percent,1.63778284336192e-11,Bin,2.0,2.1
Michigan,Season peak percentage,percent,1.78670577456918e-11,Bin,2.1,2.2
Michigan,Season peak percentage,percent,1.93387031219796e-11,Bin,2.2,2.3
Michigan,Season peak percentage,percent,2.07423304637488e-11,Bin,2.3,2.4
Michigan,Season peak percentage,percent,2.20175224060278e-11,Bin,2.4,2.5
Michigan,Season peak percentage,percent,2.31010727327929e-11,Bin,2.5,2.6
Michigan,Season peak percentage,percent,2.39366593846253e-11,Bin,2.6,2.7
Michigan,Season peak percentage,percent,2.44832844084149e-11,Bin,2.7,2.8
Michigan,Season peak percentage,percent,2.47220552569098e-11,Bin,2.8,2.9
Michigan,Season peak percentage,percent,2.46600267097921e-11,Bin,2.9,3.0
Michigan,Season peak percentage,percent,2.43286551652405e-11,Bin,3.0,3.1
Michigan,Season peak percentage,percent,2.37799627712215e-11,Bin,3.1,3.2
Michigan,Season peak percentage,percent,2.30801053301843e-11,Bin,3.2,3.3
Michigan,Season peak percentage,percent,2.23022624207372e-11,Bin,3.3,3.4
Michigan,Season peak percentage,percent,2.1520496309837e-11,Bin,3.4,3.5
Michigan,Season peak percentage,percent,2.08049164678074e-11,Bin,3.5,3.6
Michigan,Season peak percentage,percent,2.0218156073944e-11,Bin,3.6,3.7
Michigan,Season peak percentage,percent,1.98124810684692e-11,Bin,3.7,3.8
Michigan,Season peak percentage,percent,1.96265050921316e-11,Bin,3.8,3.9
Michigan,Season peak percentage,percent,1.96812429770415e-11,Bin,3.9,4.0
Michigan,Season peak percentage,percent,1.99759491972713e-11,Bin,4.0,4.1
Michigan,Season peak percentage,percent,2.04834439638826e-11,Bin,4.1,4.2
Michigan,Season peak percentage,percent,2.11484220768558e-11,Bin,4.2,4.3
Michigan,Season peak percentage,percent,2.18885849635752e-11,Bin,4.3,4.4
Michigan,Season peak percentage,percent,2.2600002776912e-11,Bin,4.4,4.5
Michigan,Season peak percentage,percent,2.31675639572289e-11,Bin,4.5,4.6
Michigan,Season peak percentage,percent,2.34780013832999e-11,Bin,4.6,4.7
Michigan,Season peak percentage,percent,2.34349405758215e-11,Bin,4.7,4.8
Michigan,Season peak percentage,percent,2.29722538260589e-11,Bin,4.8,4.9
Michigan,Season peak percentage,percent,2.20629393415754e-11,Bin,4.9,5.0
Michigan,Season peak percentage,percent,2.07239077224899e-11,Bin,5.0,5.1
Michigan,Season peak percentage,percent,1.9012594512958e-11,Bin,5.1,5.2
Michigan,Season peak percentage,percent,1.7019031620786e-11,Bin,5.2,5.3
Michigan,Season peak percentage,percent,1.48533583185979e-11,Bin,5.3,5.4
Michigan,Season peak percentage,percent,1.2631994845788e-11,Bin,5.4,5.5
Michigan,Season peak percentage,percent,1.04640328981531e-11,Bin,5.5,5.6
Michigan,Season peak percentage,percent,0.997999999118105,Bin,5.6,5.7
Michigan,Season peak percentage,percent,0.00200000000484385,Bin,5.7,5.8
Michigan,Season peak percentage,percent,5.06619837879971e-12,Bin,5.8,5.9
Michigan,Season peak percentage,percent,3.76865723530819e-12,Bin,5.9,6.0
Michigan,Season peak percentage,percent,2.72807841957185e-12,Bin,6.0,6.1
Michigan,Season peak percentage,percent,1.92150200291711e-12,Bin,6.1,6.2
Michigan,Season peak percentage,percent,1.31692392881224e-12,Bin,6.2,6.3
Michigan,Season peak percentage,percent,8.78039807241264e-13,Bin,6.3,6.4
Michigan,Season peak percentage,percent,5.69589367422164e-13,Bin,6.4,6.5
Michigan,Season peak percentage,percent,3.59442826617311e-13,Bin,6.5,6.6
Michigan,Season peak percentage,percent,2.20656995916989e-13,Bin,6.6,6.7
Michigan,Season peak percentage,percent,1.50330414879488e-13,Bin,6.7,6.8
Michigan,Season peak percentage,percent,1.47466883179411e-13,Bin,6.8,6.9
Michigan,Season peak percentage,percent,1.47466883179411e-13,Bin,6.9,7.0
Michigan,Season peak percentage,percent,1.47466883179411e-13,Bin,7.0,7.1
Michigan,Season peak percentage,percent,1.47466883179411e-13,Bin,7.1,7.2
Michigan,Season peak percentage,percent,1.47466883179411e-13,Bin,7.2,7.3
Michigan,Season peak percentage,percent,1.47466883179411e-13,Bin,7.3,7.4
Michigan,Season peak percentage,percent,1.47466883179411e-13,Bin,7.4,7.5
Michigan,Season peak percentage,percent,1.47466883179411e-13,Bin,7.5,7.6
Michigan,Season peak percentage,percent,1.47466883179411e-13,Bin,7.6,7.7
Michigan,Season peak percentage,percent,1.47466883179411e-13,Bin,7.7,7.8
Michigan,Season peak percentage,percent,1.47466883179411e-13,Bin,7.8,7.9
Michigan,Season peak percentage,percent,1.47466883179411e-13,Bin,7.9,8.0
Michigan,Season peak percentage,percent,1.47466883179412e-13,Bin,8.0,8.1
Michigan,Season peak percentage,percent,1.47466883179413e-13,Bin,8.1,8.2
Michigan,Season peak percentage,percent,1.47466883179413e-13,Bin,8.2,8.3
Michigan,Season peak percentage,percent,1.47466883179413e-13,Bin,8.3,8.4
Michigan,Season peak percentage,percent,1.47466883179413e-13,Bin,8.4,8.5
Michigan,Season peak percentage,percent,1.47466883179413e-13,Bin,8.5,8.6
Michigan,Season peak percentage,percent,1.47466883179413e-13,Bin,8.6,8.7
Michigan,Season peak percentage,percent,1.47466883179413e-13,Bin,8.7,8.8
Michigan,Season peak percentage,percent,1.47466883179413e-13,Bin,8.8,8.9
Michigan,Season peak percentage,percent,1.47466883179413e-13,Bin,8.9,9.0
Michigan,Season peak percentage,percent,1.47466883179413e-13,Bin,9.0,9.1
Michigan,Season peak percentage,percent,1.47466883179413e-13,Bin,9.1,9.2
Michigan,Season peak percentage,percent,1.47466883179413e-13,Bin,9.2,9.3
Michigan,Season peak percentage,percent,1.47466883179413e-13,Bin,9.3,9.4
Michigan,Season peak percentage,percent,1.47466883179413e-13,Bin,9.4,9.5
Michigan,Season peak percentage,percent,1.47466883179413e-13,Bin,9.5,9.6
Michigan,Season peak percentage,percent,1.47466883179413e-13,Bin,9.6,9.7
Michigan,Season peak percentage,percent,1.47466883179413e-13,Bin,9.7,9.8
Michigan,Season peak percentage,percent,1.47466883179413e-13,Bin,9.8,9.9
Michigan,Season peak percentage,percent,1.47466883179413e-13,Bin,9.9,10.0
Michigan,Season peak percentage,percent,1.47466883179413e-13,Bin,10.0,10.1
Michigan,Season peak percentage,percent,1.47466883179413e-13,Bin,10.1,10.2
Michigan,Season peak percentage,percent,1.47466883179413e-13,Bin,10.2,10.3
Michigan,Season peak percentage,percent,1.47466883179413e-13,Bin,10.3,10.4
Michigan,Season peak percentage,percent,1.47466883179413e-13,Bin,10.4,10.5
Michigan,Season peak percentage,percent,1.47466883179413e-13,Bin,10.5,10.6
Michigan,Season peak percentage,percent,1.47466883179413e-13,Bin,10.6,10.7
Michigan,Season peak percentage,percent,1.47466883179413e-13,Bin,10.7,10.8
Michigan,Season peak percentage,percent,1.47466883179413e-13,Bin,10.8,10.9
Michigan,Season peak percentage,percent,1.47466883179413e-13,Bin,10.9,11.0
Michigan,Season peak percentage,percent,1.47466883179413e-13,Bin,11.0,11.1
Michigan,Season peak percentage,percent,1.47466883179413e-13,Bin,11.1,11.2
Michigan,Season peak percentage,percent,1.47466883179413e-13,Bin,11.2,11.3
Michigan,Season peak percentage,percent,1.47466883179413e-13,Bin,11.3,11.4
Michigan,Season peak percentage,percent,1.47466883179413e-13,Bin,11.4,11.5
Michigan,Season peak percentage,percent,1.47466883179413e-13,Bin,11.5,11.6
Michigan,Season peak percentage,percent,1.47466883179413e-13,Bin,11.6,11.7
Michigan,Season peak percentage,percent,1.47466883179413e-13,Bin,11.7,11.8
Michigan,Season peak percentage,percent,1.47466883179413e-13,Bin,11.8,11.9
Michigan,Season peak percentage,percent,1.47466883179413e-13,Bin,11.9,12.0
Michigan,Season peak percentage,percent,1.47466883179413e-13,Bin,12.0,12.1
Michigan,Season peak percentage,percent,1.47466883179413e-13,Bin,12.1,12.2
Michigan,Season peak percentage,percent,1.47466883179413e-13,Bin,12.2,12.3
Michigan,Season peak percentage,percent,1.47466883179413e-13,Bin,12.3,12.4
Michigan,Season peak percentage,percent,1.47466883179413e-13,Bin,12.4,12.5
Michigan,Season peak percentage,percent,1.47466883179413e-13,Bin,12.5,12.6
Michigan,Season peak percentage,percent,1.47466883179413e-13,Bin,12.6,12.7
Michigan,Season peak percentage,percent,1.47466883179413e-13,Bin,12.7,12.8
Michigan,Season peak percentage,percent,1.47466883179413e-13,Bin,12.8,12.9
Michigan,Season peak percentage,percent,1.47466883179413e-13,Bin,12.9,13.0
Michigan,Season peak percentage,percent,1.47466883179413e-13,Bin,13.0,100.0
Michigan,Season peak week,week,4.75169497445458e-05,Bin,40.0,41.0
Michigan,Season peak week,week,4.75169497445458e-05,Bin,41.0,42.0
Michigan,Season peak week,week,4.75169497445458e-05,Bin,42.0,43.0
Michigan,Season peak week,week,4.75169497445458e-05,Bin,43.0,44.0
Michigan,Season peak week,week,4.75169497445458e-05,Bin,44.0,45.0
Michigan,Season peak week,week,4.75169497445458e-05,Bin,45.0,46.0
Michigan,Season peak week,week,4.75169497445458e-05,Bin,46.0,47.0
Michigan,Season peak week,week,4.75169497445458e-05,Bin,47.0,48.0
Michigan,Season peak week,week,0.000123119464404695,Bin,48.0,49.0
Michigan,Season peak week,week,0.000597740329239934,Bin,49.0,50.0
Michigan,Season peak week,week,0.00189999065543103,Bin,50.0,51.0
Michigan,Season peak week,week,0.00397544043129239,Bin,51.0,52.0
Michigan,Season peak week,week,0.00552132211017044,Bin,52.0,53.0
Michigan,Season peak week,week,0.00513179618843311,Bin,1.0,2.0
Michigan,Season peak week,week,0.00321881023459527,Bin,2.0,3.0
Michigan,Season peak week,week,0.00142123729132712,Bin,3.0,4.0
Michigan,Season peak week,week,0.000721207381136169,Bin,4.0,5.0
Michigan,Season peak week,week,0.937526235050629,Bin,5.0,6.0
Michigan,Season peak week,week,0.00273971336641685,Bin,6.0,7.0
Michigan,Season peak week,week,0.00469401021869204,Bin,7.0,8.0
Michigan,Season peak week,week,0.00621638921503177,Bin,8.0,9.0
Michigan,Season peak week,week,0.00676132278084613,Bin,9.0,10.0
Michigan,Season peak week,week,0.00621624863068407,Bin,10.0,11.0
Michigan,Season peak week,week,0.00469318982252681,Bin,11.0,12.0
Michigan,Season peak week,week,0.00273047192930133,Bin,12.0,13.0
Michigan,Season peak week,week,0.00115101221474791,Bin,13.0,14.0
Michigan,Season peak week,week,0.000336175888116416,Bin,14.0,15.0
Michigan,Season peak week,week,6.62183612127733e-05,Bin,15.0,16.0
Michigan,Season peak week,week,2.50998292483097e-05,Bin,16.0,17.0
Michigan,Season peak week,week,2.50998292483097e-05,Bin,17.0,18.0
Michigan,Season peak week,week,2.50998292483097e-05,Bin,18.0,19.0
Michigan,Season peak week,week,0.00377781352081428,Bin,19.0,20.0
Michigan,Season peak week,week,2.50998292483097e-05,Bin,20.0,21.0
Minnesota,1 wk ahead,percent,2.78371082013811e-10,Bin,0.0,0.1
Minnesota,1 wk ahead,percent,7.40634597871786e-10,Bin,0.1,0.2
Minnesota,1 wk ahead,percent,0.00200000089737864,Bin,0.2,0.3
Minnesota,1 wk ahead,percent,0.00600000096821136,Bin,0.3,0.4
Minnesota,1 wk ahead,percent,1.76289416260569e-09,Bin,0.4,0.5
Minnesota,1 wk ahead,percent,2.15501067918015e-09,Bin,0.5,0.6
Minnesota,1 wk ahead,percent,0.00200000239190399,Bin,0.6,0.7
Minnesota,1 wk ahead,percent,2.86085462299999e-09,Bin,0.7,0.8
Minnesota,1 wk ahead,percent,0.0040000028554773,Bin,0.8,0.9
Minnesota,1 wk ahead,percent,0.0100000026457497,Bin,0.9,1.0
Minnesota,1 wk ahead,percent,0.0140000025141413,Bin,1.0,1.1
Minnesota,1 wk ahead,percent,0.0180000023381184,Bin,1.1,1.2
Minnesota,1 wk ahead,percent,0.0420000007565958,Bin,1.2,1.3
Minnesota,1 wk ahead,percent,0.0679999990192926,Bin,1.3,1.4
Minnesota,1 wk ahead,percent,0.101999996711976,Bin,1.4,1.5
Minnesota,1 wk ahead,percent,0.0999999968529382,Bin,1.5,1.6
Minnesota,1 wk ahead,percent,0.0659999991481038,Bin,1.6,1.7
Minnesota,1 wk ahead,percent,0.0719999986208336,Bin,1.7,1.8
Minnesota,1 wk ahead,percent,0.0639999989797755,Bin,1.8,1.9
Minnesota,1 wk ahead,percent,0.055999999261823,Bin,1.9,2.0
Minnesota,1 wk ahead,percent,0.0619999985155608,Bin,2.0,2.1
Minnesota,1 wk ahead,percent,0.0699999975887896,Bin,2.1,2.2
Minnesota,1 wk ahead,percent,0.0379999993994273,Bin,2.2,2.3
Minnesota,1 wk ahead,percent,0.0339999992888811,Bin,2.3,2.4
Minnesota,1 wk ahead,percent,0.027999999343928,Bin,2.4,2.5
Minnesota,1 wk ahead,percent,0.0179999997170421,Bin,2.5,2.6
Minnesota,1 wk ahead,percent,0.017999999452367,Bin,2.6,2.7
Minnesota,1 wk ahead,percent,0.017999999240898,Bin,2.7,2.8
Minnesota,1 wk ahead,percent,0.0119999994932786,Bin,2.8,2.9
Minnesota,1 wk ahead,percent,0.00999999951465421,Bin,2.9,3.0
Minnesota,1 wk ahead,percent,0.00399999984793814,Bin,3.0,3.1
Minnesota,1 wk ahead,percent,0.00599999965812144,Bin,3.1,3.2
Minnesota,1 wk ahead,percent,0.00599999962599477,Bin,3.2,3.3
Minnesota,1 wk ahead,percent,0.00999999933176469,Bin,3.3,3.4
Minnesota,1 wk ahead,percent,0.0119999991845586,Bin,3.4,3.5
Minnesota,1 wk ahead,percent,0.00799999945908126,Bin,3.5,3.6
Minnesota,1 wk ahead,percent,0.00599999959682426,Bin,3.6,3.7
Minnesota,1 wk ahead,percent,1.00532584571158e-11,Bin,3.7,3.8
Minnesota,1 wk ahead,percent,0.00199999987231026,Bin,3.8,3.9
Minnesota,1 wk ahead,percent,1.00532584571158e-11,Bin,3.9,4.0
Minnesota,1 wk ahead,percent,1.00532584571158e-11,Bin,4.0,4.1
Minnesota,1 wk ahead,percent,1.00532584571158e-11,Bin,4.1,4.2
Minnesota,1 wk ahead,percent,0.00399999973456726,Bin,4.2,4.3
Minnesota,1 wk ahead,percent,1.00532584571158e-11,Bin,4.3,4.4
Minnesota,1 wk ahead,percent,1.00532584571158e-11,Bin,4.4,4.5
Minnesota,1 wk ahead,percent,1.00532584571158e-11,Bin,4.5,4.6
Minnesota,1 wk ahead,percent,1.00532584571158e-11,Bin,4.6,4.7
Minnesota,1 wk ahead,percent,1.00532584571158e-11,Bin,4.7,4.8
Minnesota,1 wk ahead,percent,1.00532584571158e-11,Bin,4.8,4.9
Minnesota,1 wk ahead,percent,1.00532584571158e-11,Bin,4.9,5.0
Minnesota,1 wk ahead,percent,1.00532584571158e-11,Bin,5.0,5.1
Minnesota,1 wk ahead,percent,0.00799999945908126,Bin,5.1,5.2
Minnesota,1 wk ahead,percent,1.00532584571158e-11,Bin,5.2,5.3
Minnesota,1 wk ahead,percent,1.00532584571158e-11,Bin,5.3,5.4
Minnesota,1 wk ahead,percent,1.00532584571158e-11,Bin,5.4,5.5
Minnesota,1 wk ahead,percent,1.00532584571158e-11,Bin,5.5,5.6
Minnesota,1 wk ahead,percent,1.00532584571158e-11,Bin,5.6,5.7
Minnesota,1 wk ahead,percent,1.00532584571158e-11,Bin,5.7,5.8
Minnesota,1 wk ahead,percent,1.00532584571158e-11,Bin,5.8,5.9
Minnesota,1 wk ahead,percent,1.00532584571158e-11,Bin,5.9,6.0
Minnesota,1 wk ahead,percent,1.00532584571158e-11,Bin,6.0,6.1
Minnesota,1 wk ahead,percent,1.00532584571158e-11,Bin,6.1,6.2
Minnesota,1 wk ahead,percent,1.00532584571158e-11,Bin,6.2,6.3
Minnesota,1 wk ahead,percent,1.00532584571158e-11,Bin,6.3,6.4
Minnesota,1 wk ahead,percent,1.00532584571158e-11,Bin,6.4,6.5
Minnesota,1 wk ahead,percent,1.00532584571158e-11,Bin,6.5,6.6
Minnesota,1 wk ahead,percent,1.00532584571158e-11,Bin,6.6,6.7
Minnesota,1 wk ahead,percent,1.00532584571158e-11,Bin,6.7,6.8
Minnesota,1 wk ahead,percent,1.00532584571158e-11,Bin,6.8,6.9
Minnesota,1 wk ahead,percent,1.00532584571158e-11,Bin,6.9,7.0
Minnesota,1 wk ahead,percent,1.00532584571158e-11,Bin,7.0,7.1
Minnesota,1 wk ahead,percent,1.00532584571158e-11,Bin,7.1,7.2
Minnesota,1 wk ahead,percent,1.00532584571158e-11,Bin,7.2,7.3
Minnesota,1 wk ahead,percent,1.00532584571158e-11,Bin,7.3,7.4
Minnesota,1 wk ahead,percent,1.00532584571158e-11,Bin,7.4,7.5
Minnesota,1 wk ahead,percent,1.00532584571158e-11,Bin,7.5,7.6
Minnesota,1 wk ahead,percent,1.00532584571158e-11,Bin,7.6,7.7
Minnesota,1 wk ahead,percent,1.00532584571158e-11,Bin,7.7,7.8
Minnesota,1 wk ahead,percent,1.00532584571158e-11,Bin,7.8,7.9
Minnesota,1 wk ahead,percent,1.00532584571158e-11,Bin,7.9,8.0
Minnesota,1 wk ahead,percent,1.00532584571158e-11,Bin,8.0,8.1
Minnesota,1 wk ahead,percent,1.00532584571159e-11,Bin,8.1,8.2
Minnesota,1 wk ahead,percent,1.00532584571159e-11,Bin,8.2,8.3
Minnesota,1 wk ahead,percent,1.00532584571159e-11,Bin,8.3,8.4
Minnesota,1 wk ahead,percent,1.00532584571159e-11,Bin,8.4,8.5
Minnesota,1 wk ahead,percent,1.00532584571159e-11,Bin,8.5,8.6
Minnesota,1 wk ahead,percent,1.00532584571159e-11,Bin,8.6,8.7
Minnesota,1 wk ahead,percent,1.00532584571159e-11,Bin,8.7,8.8
Minnesota,1 wk ahead,percent,1.00532584571159e-11,Bin,8.8,8.9
Minnesota,1 wk ahead,percent,1.00532584571159e-11,Bin,8.9,9.0
Minnesota,1 wk ahead,percent,1.00532584571159e-11,Bin,9.0,9.1
Minnesota,1 wk ahead,percent,1.00532584571159e-11,Bin,9.1,9.2
Minnesota,1 wk ahead,percent,1.00532584571159e-11,Bin,9.2,9.3
Minnesota,1 wk ahead,percent,1.00532584571159e-11,Bin,9.3,9.4
Minnesota,1 wk ahead,percent,1.00532584571159e-11,Bin,9.4,9.5
Minnesota,1 wk ahead,percent,1.00532584571159e-11,Bin,9.5,9.6
Minnesota,1 wk ahead,percent,1.00532584571159e-11,Bin,9.6,9.7
Minnesota,1 wk ahead,percent,1.00532584571159e-11,Bin,9.7,9.8
Minnesota,1 wk ahead,percent,1.00532584571159e-11,Bin,9.8,9.9
Minnesota,1 wk ahead,percent,1.00532584571159e-11,Bin,9.9,10.0
Minnesota,1 wk ahead,percent,1.00532584571159e-11,Bin,10.0,10.1
Minnesota,1 wk ahead,percent,1.00532584571159e-11,Bin,10.1,10.2
Minnesota,1 wk ahead,percent,1.00532584571159e-11,Bin,10.2,10.3
Minnesota,1 wk ahead,percent,1.00532584571159e-11,Bin,10.3,10.4
Minnesota,1 wk ahead,percent,1.00532584571159e-11,Bin,10.4,10.5
Minnesota,1 wk ahead,percent,1.00532584571159e-11,Bin,10.5,10.6
Minnesota,1 wk ahead,percent,1.00532584571159e-11,Bin,10.6,10.7
Minnesota,1 wk ahead,percent,1.00532584571159e-11,Bin,10.7,10.8
Minnesota,1 wk ahead,percent,1.00532584571159e-11,Bin,10.8,10.9
Minnesota,1 wk ahead,percent,1.00532584571159e-11,Bin,10.9,11.0
Minnesota,1 wk ahead,percent,1.00532584571159e-11,Bin,11.0,11.1
Minnesota,1 wk ahead,percent,1.00532584571159e-11,Bin,11.1,11.2
Minnesota,1 wk ahead,percent,1.00532584571159e-11,Bin,11.2,11.3
Minnesota,1 wk ahead,percent,1.00532584571159e-11,Bin,11.3,11.4
Minnesota,1 wk ahead,percent,1.00532584571159e-11,Bin,11.4,11.5
Minnesota,1 wk ahead,percent,1.00532584571159e-11,Bin,11.5,11.6
Minnesota,1 wk ahead,percent,1.00532584571159e-11,Bin,11.6,11.7
Minnesota,1 wk ahead,percent,1.00532584571159e-11,Bin,11.7,11.8
Minnesota,1 wk ahead,percent,1.00532584571159e-11,Bin,11.8,11.9
Minnesota,1 wk ahead,percent,1.00532584571159e-11,Bin,11.9,12.0
Minnesota,1 wk ahead,percent,1.00532584571159e-11,Bin,12.0,12.1
Minnesota,1 wk ahead,percent,1.00532584571159e-11,Bin,12.1,12.2
Minnesota,1 wk ahead,percent,1.00532584571159e-11,Bin,12.2,12.3
Minnesota,1 wk ahead,percent,1.00532584571159e-11,Bin,12.3,12.4
Minnesota,1 wk ahead,percent,1.00532584571159e-11,Bin,12.4,12.5
Minnesota,1 wk ahead,percent,1.00532584571159e-11,Bin,12.5,12.6
Minnesota,1 wk ahead,percent,1.00532584571159e-11,Bin,12.6,12.7
Minnesota,1 wk ahead,percent,1.00532584571159e-11,Bin,12.7,12.8
Minnesota,1 wk ahead,percent,1.00532584571159e-11,Bin,12.8,12.9
Minnesota,1 wk ahead,percent,1.00532584571159e-11,Bin,12.9,13.0
Minnesota,1 wk ahead,percent,1.00532584571159e-11,Bin,13.0,100.0
Minnesota,2 wk ahead,percent,5.72774373451637e-10,Bin,0.0,0.1
Minnesota,2 wk ahead,percent,1.33939321316838e-09,Bin,0.1,0.2
Minnesota,2 wk ahead,percent,0.00400000131711933,Bin,0.2,0.3
Minnesota,2 wk ahead,percent,1.89606141299242e-09,Bin,0.3,0.4
Minnesota,2 wk ahead,percent,0.00200000203405732,Bin,0.4,0.5
Minnesota,2 wk ahead,percent,2.46150026827421e-09,Bin,0.5,0.6
Minnesota,2 wk ahead,percent,0.00600000228525545,Bin,0.6,0.7
Minnesota,2 wk ahead,percent,0.00800000238542358,Bin,0.7,0.8
Minnesota,2 wk ahead,percent,0.00600000275687733,Bin,0.8,0.9
Minnesota,2 wk ahead,percent,0.0240000016227257,Bin,0.9,1.0
Minnesota,2 wk ahead,percent,0.0200000020794364,Bin,1.0,1.1
Minnesota,2 wk ahead,percent,0.034000001168232,Bin,1.1,1.2
Minnesota,2 wk ahead,percent,0.069999998588509,Bin,1.2,1.3
Minnesota,2 wk ahead,percent,0.0679999987658443,Bin,1.3,1.4
Minnesota,2 wk ahead,percent,0.0679999987430378,Bin,1.4,1.5
Minnesota,2 wk ahead,percent,0.0559999995523837,Bin,1.5,1.6
Minnesota,2 wk ahead,percent,0.0440000003090628,Bin,1.6,1.7
Minnesota,2 wk ahead,percent,0.0879999968820954,Bin,1.7,1.8
Minnesota,2 wk ahead,percent,0.0539999991728125,Bin,1.8,1.9
Minnesota,2 wk ahead,percent,0.0639999981814104,Bin,1.9,2.0
Minnesota,2 wk ahead,percent,0.0659999977573712,Bin,2.0,2.1
Minnesota,2 wk ahead,percent,0.0439999990922328,Bin,2.1,2.2
Minnesota,2 wk ahead,percent,0.0479999985036524,Bin,2.2,2.3
Minnesota,2 wk ahead,percent,0.0319999993970227,Bin,2.3,2.4
Minnesota,2 wk ahead,percent,0.0219999998600252,Bin,2.4,2.5
Minnesota,2 wk ahead,percent,0.0219999996034512,Bin,2.5,2.6
Minnesota,2 wk ahead,percent,0.0319999986319849,Bin,2.6,2.7
Minnesota,2 wk ahead,percent,0.0279999987210059,Bin,2.7,2.8
Minnesota,2 wk ahead,percent,0.00800000001990176,Bin,2.8,2.9
Minnesota,2 wk ahead,percent,0.0159999992799397,Bin,2.9,3.0
Minnesota,2 wk ahead,percent,0.0159999991582876,Bin,3.0,3.1
Minnesota,2 wk ahead,percent,0.0199999987667049,Bin,3.1,3.2
Minnesota,2 wk ahead,percent,0.00399999987435836,Bin,3.2,3.3
Minnesota,2 wk ahead,percent,0.00799999952418461,Bin,3.3,3.4
Minnesota,2 wk ahead,percent,7.55154232688927e-11,Bin,3.4,3.5
Minnesota,2 wk ahead,percent,4.81387686551472e-11,Bin,3.5,3.6
Minnesota,2 wk ahead,percent,2.97440249324813e-11,Bin,3.6,3.7
Minnesota,2 wk ahead,percent,0.00199999987012439,Bin,3.7,3.8
Minnesota,2 wk ahead,percent,0.00399999971520107,Bin,3.8,3.9
Minnesota,2 wk ahead,percent,9.16548495889745e-12,Bin,3.9,4.0
Minnesota,2 wk ahead,percent,0.00199999986148476,Bin,4.0,4.1
Minnesota,2 wk ahead,percent,9.16548495889745e-12,Bin,4.1,4.2
Minnesota,2 wk ahead,percent,9.16548495889745e-12,Bin,4.2,4.3
Minnesota,2 wk ahead,percent,9.16548495889745e-12,Bin,4.3,4.4
Minnesota,2 wk ahead,percent,9.16548495889745e-12,Bin,4.4,4.5
Minnesota,2 wk ahead,percent,0.00199999986148476,Bin,4.5,4.6
Minnesota,2 wk ahead,percent,0.00199999986148476,Bin,4.6,4.7
Minnesota,2 wk ahead,percent,9.16548495889745e-12,Bin,4.7,4.8
Minnesota,2 wk ahead,percent,9.16548495889745e-12,Bin,4.8,4.9
Minnesota,2 wk ahead,percent,0.00199999986148476,Bin,4.9,5.0
Minnesota,2 wk ahead,percent,9.16548495889745e-12,Bin,5.0,5.1
Minnesota,2 wk ahead,percent,0.00199999986148476,Bin,5.1,5.2
Minnesota,2 wk ahead,percent,9.16548495889745e-12,Bin,5.2,5.3
Minnesota,2 wk ahead,percent,9.16548495889745e-12,Bin,5.3,5.4
Minnesota,2 wk ahead,percent,9.16548495889745e-12,Bin,5.4,5.5
Minnesota,2 wk ahead,percent,0.00199999986148476,Bin,5.5,5.6
Minnesota,2 wk ahead,percent,9.16548495889745e-12,Bin,5.6,5.7
Minnesota,2 wk ahead,percent,9.16548495889745e-12,Bin,5.7,5.8
Minnesota,2 wk ahead,percent,9.16548495889745e-12,Bin,5.8,5.9
Minnesota,2 wk ahead,percent,9.16548495889745e-12,Bin,5.9,6.0
Minnesota,2 wk ahead,percent,9.16548495889745e-12,Bin,6.0,6.1
Minnesota,2 wk ahead,percent,9.16548495889745e-12,Bin,6.1,6.2
Minnesota,2 wk ahead,percent,9.16548495889745e-12,Bin,6.2,6.3
Minnesota,2 wk ahead,percent,9.16548495889745e-12,Bin,6.3,6.4
Minnesota,2 wk ahead,percent,9.16548495889745e-12,Bin,6.4,6.5
Minnesota,2 wk ahead,percent,9.16548495889745e-12,Bin,6.5,6.6
Minnesota,2 wk ahead,percent,9.16548495889745e-12,Bin,6.6,6.7
Minnesota,2 wk ahead,percent,9.16548495889745e-12,Bin,6.7,6.8
Minnesota,2 wk ahead,percent,9.16548495889745e-12,Bin,6.8,6.9
Minnesota,2 wk ahead,percent,9.16548495889745e-12,Bin,6.9,7.0
Minnesota,2 wk ahead,percent,9.16548495889745e-12,Bin,7.0,7.1
Minnesota,2 wk ahead,percent,9.16548495889745e-12,Bin,7.1,7.2
Minnesota,2 wk ahead,percent,9.16548495889745e-12,Bin,7.2,7.3
Minnesota,2 wk ahead,percent,9.16548495889745e-12,Bin,7.3,7.4
Minnesota,2 wk ahead,percent,9.16548495889745e-12,Bin,7.4,7.5
Minnesota,2 wk ahead,percent,9.16548495889745e-12,Bin,7.5,7.6
Minnesota,2 wk ahead,percent,9.16548495889745e-12,Bin,7.6,7.7
Minnesota,2 wk ahead,percent,9.16548495889745e-12,Bin,7.7,7.8
Minnesota,2 wk ahead,percent,9.16548495889745e-12,Bin,7.8,7.9
Minnesota,2 wk ahead,percent,9.16548495889745e-12,Bin,7.9,8.0
Minnesota,2 wk ahead,percent,9.16548495889752e-12,Bin,8.0,8.1
Minnesota,2 wk ahead,percent,9.16548495889761e-12,Bin,8.1,8.2
Minnesota,2 wk ahead,percent,9.16548495889761e-12,Bin,8.2,8.3
Minnesota,2 wk ahead,percent,9.16548495889761e-12,Bin,8.3,8.4
Minnesota,2 wk ahead,percent,9.16548495889761e-12,Bin,8.4,8.5
Minnesota,2 wk ahead,percent,9.16548495889761e-12,Bin,8.5,8.6
Minnesota,2 wk ahead,percent,9.16548495889761e-12,Bin,8.6,8.7
Minnesota,2 wk ahead,percent,9.16548495889761e-12,Bin,8.7,8.8
Minnesota,2 wk ahead,percent,9.16548495889761e-12,Bin,8.8,8.9
Minnesota,2 wk ahead,percent,9.16548495889761e-12,Bin,8.9,9.0
Minnesota,2 wk ahead,percent,9.16548495889761e-12,Bin,9.0,9.1
Minnesota,2 wk ahead,percent,9.16548495889761e-12,Bin,9.1,9.2
Minnesota,2 wk ahead,percent,9.16548495889761e-12,Bin,9.2,9.3
Minnesota,2 wk ahead,percent,9.16548495889761e-12,Bin,9.3,9.4
Minnesota,2 wk ahead,percent,9.16548495889761e-12,Bin,9.4,9.5
Minnesota,2 wk ahead,percent,9.16548495889761e-12,Bin,9.5,9.6
Minnesota,2 wk ahead,percent,9.16548495889761e-12,Bin,9.6,9.7
Minnesota,2 wk ahead,percent,9.16548495889761e-12,Bin,9.7,9.8
Minnesota,2 wk ahead,percent,9.16548495889761e-12,Bin,9.8,9.9
Minnesota,2 wk ahead,percent,9.16548495889761e-12,Bin,9.9,10.0
Minnesota,2 wk ahead,percent,9.16548495889761e-12,Bin,10.0,10.1
Minnesota,2 wk ahead,percent,9.16548495889761e-12,Bin,10.1,10.2
Minnesota,2 wk ahead,percent,9.16548495889761e-12,Bin,10.2,10.3
Minnesota,2 wk ahead,percent,9.16548495889761e-12,Bin,10.3,10.4
Minnesota,2 wk ahead,percent,9.16548495889761e-12,Bin,10.4,10.5
Minnesota,2 wk ahead,percent,9.16548495889761e-12,Bin,10.5,10.6
Minnesota,2 wk ahead,percent,9.16548495889761e-12,Bin,10.6,10.7
Minnesota,2 wk ahead,percent,9.16548495889761e-12,Bin,10.7,10.8
Minnesota,2 wk ahead,percent,9.16548495889761e-12,Bin,10.8,10.9
Minnesota,2 wk ahead,percent,9.16548495889761e-12,Bin,10.9,11.0
Minnesota,2 wk ahead,percent,9.16548495889761e-12,Bin,11.0,11.1
Minnesota,2 wk ahead,percent,9.16548495889761e-12,Bin,11.1,11.2
Minnesota,2 wk ahead,percent,9.16548495889761e-12,Bin,11.2,11.3
Minnesota,2 wk ahead,percent,9.16548495889761e-12,Bin,11.3,11.4
Minnesota,2 wk ahead,percent,9.16548495889761e-12,Bin,11.4,11.5
Minnesota,2 wk ahead,percent,9.16548495889761e-12,Bin,11.5,11.6
Minnesota,2 wk ahead,percent,9.16548495889761e-12,Bin,11.6,11.7
Minnesota,2 wk ahead,percent,9.16548495889761e-12,Bin,11.7,11.8
Minnesota,2 wk ahead,percent,9.16548495889761e-12,Bin,11.8,11.9
Minnesota,2 wk ahead,percent,9.16548495889761e-12,Bin,11.9,12.0
Minnesota,2 wk ahead,percent,9.16548495889761e-12,Bin,12.0,12.1
Minnesota,2 wk ahead,percent,9.16548495889761e-12,Bin,12.1,12.2
Minnesota,2 wk ahead,percent,9.16548495889761e-12,Bin,12.2,12.3
Minnesota,2 wk ahead,percent,9.16548495889761e-12,Bin,12.3,12.4
Minnesota,2 wk ahead,percent,9.16548495889761e-12,Bin,12.4,12.5
Minnesota,2 wk ahead,percent,9.16548495889761e-12,Bin,12.5,12.6
Minnesota,2 wk ahead,percent,9.16548495889761e-12,Bin,12.6,12.7
Minnesota,2 wk ahead,percent,9.16548495889761e-12,Bin,12.7,12.8
Minnesota,2 wk ahead,percent,9.16548495889761e-12,Bin,12.8,12.9
Minnesota,2 wk ahead,percent,9.16548495889761e-12,Bin,12.9,13.0
Minnesota,2 wk ahead,percent,9.16548495889761e-12,Bin,13.0,100.0
Minnesota,3 wk ahead,percent,3.91528119504556e-10,Bin,0.0,0.1
Minnesota,3 wk ahead,percent,1.39375615750715e-09,Bin,0.1,0.2
Minnesota,3 wk ahead,percent,2.67579371140134e-09,Bin,0.2,0.3
Minnesota,3 wk ahead,percent,0.00800000293052391,Bin,0.3,0.4
Minnesota,3 wk ahead,percent,0.00400000631557032,Bin,0.4,0.5
Minnesota,3 wk ahead,percent,0.00400000917262194,Bin,0.5,0.6
Minnesota,3 wk ahead,percent,0.00800001100634157,Bin,0.6,0.7
Minnesota,3 wk ahead,percent,0.0140000117154486,Bin,0.7,0.8
Minnesota,3 wk ahead,percent,0.0180000118320306,Bin,0.8,0.9
Minnesota,3 wk ahead,percent,0.0300000093060607,Bin,0.9,1.0
Minnesota,3 wk ahead,percent,0.042000006185192,Bin,1.0,1.1
Minnesota,3 wk ahead,percent,0.0620000012250803,Bin,1.1,1.2
Minnesota,3 wk ahead,percent,0.0759999976275542,Bin,1.2,1.3
Minnesota,3 wk ahead,percent,0.0719999978898136,Bin,1.3,1.4
Minnesota,3 wk ahead,percent,0.0699999976006966,Bin,1.4,1.5
Minnesota,3 wk ahead,percent,0.073999995746168,Bin,1.5,1.6
Minnesota,3 wk ahead,percent,0.0739999944195885,Bin,1.6,1.7
Minnesota,3 wk ahead,percent,0.045999998798339,Bin,1.7,1.8
Minnesota,3 wk ahead,percent,0.0459999972534541,Bin,1.8,1.9
Minnesota,3 wk ahead,percent,0.0319999987213054,Bin,1.9,2.0
Minnesota,3 wk ahead,percent,0.0519999931502104,Bin,2.0,2.1
Minnesota,3 wk ahead,percent,0.0419999940452671,Bin,2.1,2.2
Minnesota,3 wk ahead,percent,0.047999991777176,Bin,2.2,2.3
Minnesota,3 wk ahead,percent,0.0219999964849714,Bin,2.3,2.4
Minnesota,3 wk ahead,percent,0.0199999963886186,Bin,2.4,2.5
Minnesota,3 wk ahead,percent,0.0179999964992908,Bin,2.5,2.6
Minnesota,3 wk ahead,percent,0.0119999975980104,Bin,2.6,2.7
Minnesota,3 wk ahead,percent,0.00999999794553935,Bin,2.7,2.8
Minnesota,3 wk ahead,percent,0.0119999975149675,Bin,2.8,2.9
Minnesota,3 wk ahead,percent,0.0279999941484778,Bin,2.9,3.0
Minnesota,3 wk ahead,percent,0.00799999835658996,Bin,3.0,3.1
Minnesota,3 wk ahead,percent,0.00599999877740118,Bin,3.1,3.2
Minnesota,3 wk ahead,percent,0.00399999919821239,Bin,3.2,3.3
Minnesota,3 wk ahead,percent,0.00399999919821239,Bin,3.3,3.4
Minnesota,3 wk ahead,percent,0.00599999877740118,Bin,3.4,3.5
Minnesota,3 wk ahead,percent,0.00599999877740118,Bin,3.5,3.6
Minnesota,3 wk ahead,percent,0.00399999919821239,Bin,3.6,3.7
Minnesota,3 wk ahead,percent,0.00599999877740118,Bin,3.7,3.8
Minnesota,3 wk ahead,percent,0.00399999919821239,Bin,3.8,3.9
Minnesota,3 wk ahead,percent,0.00399999919821239,Bin,3.9,4.0
Minnesota,3 wk ahead,percent,3.98348260009905e-11,Bin,4.0,4.1
Minnesota,3 wk ahead,percent,0.00199999961902361,Bin,4.1,4.2
Minnesota,3 wk ahead,percent,0.00199999961902361,Bin,4.2,4.3
Minnesota,3 wk ahead,percent,3.98348260009905e-11,Bin,4.3,4.4
Minnesota,3 wk ahead,percent,3.98348260009905e-11,Bin,4.4,4.5
Minnesota,3 wk ahead,percent,3.98348260009905e-11,Bin,4.5,4.6
Minnesota,3 wk ahead,percent,3.98348260009905e-11,Bin,4.6,4.7
Minnesota,3 wk ahead,percent,3.98348260009905e-11,Bin,4.7,4.8
Minnesota,3 wk ahead,percent,3.98348260009905e-11,Bin,4.8,4.9
Minnesota,3 wk ahead,percent,3.98348260009905e-11,Bin,4.9,5.0
Minnesota,3 wk ahead,percent,3.98348260009905e-11,Bin,5.0,5.1
Minnesota,3 wk ahead,percent,3.98348260009905e-11,Bin,5.1,5.2
Minnesota,3 wk ahead,percent,3.98348260009905e-11,Bin,5.2,5.3
Minnesota,3 wk ahead,percent,3.98348260009905e-11,Bin,5.3,5.4
Minnesota,3 wk ahead,percent,3.98348260009905e-11,Bin,5.4,5.5
Minnesota,3 wk ahead,percent,3.98348260009905e-11,Bin,5.5,5.6
Minnesota,3 wk ahead,percent,3.98348260009905e-11,Bin,5.6,5.7
Minnesota,3 wk ahead,percent,3.98348260009905e-11,Bin,5.7,5.8
Minnesota,3 wk ahead,percent,3.98348260009905e-11,Bin,5.8,5.9
Minnesota,3 wk ahead,percent,3.98348260009905e-11,Bin,5.9,6.0
Minnesota,3 wk ahead,percent,3.98348260009905e-11,Bin,6.0,6.1
Minnesota,3 wk ahead,percent,3.98348260009905e-11,Bin,6.1,6.2
Minnesota,3 wk ahead,percent,3.98348260009905e-11,Bin,6.2,6.3
Minnesota,3 wk ahead,percent,3.98348260009905e-11,Bin,6.3,6.4
Minnesota,3 wk ahead,percent,3.98348260009905e-11,Bin,6.4,6.5
Minnesota,3 wk ahead,percent,3.98348260009905e-11,Bin,6.5,6.6
Minnesota,3 wk ahead,percent,3.98348260009905e-11,Bin,6.6,6.7
Minnesota,3 wk ahead,percent,3.98348260009905e-11,Bin,6.7,6.8
Minnesota,3 wk ahead,percent,3.98348260009905e-11,Bin,6.8,6.9
Minnesota,3 wk ahead,percent,3.98348260009905e-11,Bin,6.9,7.0
Minnesota,3 wk ahead,percent,3.98348260009905e-11,Bin,7.0,7.1
Minnesota,3 wk ahead,percent,3.98348260009905e-11,Bin,7.1,7.2
Minnesota,3 wk ahead,percent,3.98348260009905e-11,Bin,7.2,7.3
Minnesota,3 wk ahead,percent,3.98348260009905e-11,Bin,7.3,7.4
Minnesota,3 wk ahead,percent,3.98348260009905e-11,Bin,7.4,7.5
Minnesota,3 wk ahead,percent,3.98348260009905e-11,Bin,7.5,7.6
Minnesota,3 wk ahead,percent,3.98348260009905e-11,Bin,7.6,7.7
Minnesota,3 wk ahead,percent,3.98348260009905e-11,Bin,7.7,7.8
Minnesota,3 wk ahead,percent,3.98348260009905e-11,Bin,7.8,7.9
Minnesota,3 wk ahead,percent,3.98348260009905e-11,Bin,7.9,8.0
Minnesota,3 wk ahead,percent,3.98348260009909e-11,Bin,8.0,8.1
Minnesota,3 wk ahead,percent,3.98348260009912e-11,Bin,8.1,8.2
Minnesota,3 wk ahead,percent,3.98348260009912e-11,Bin,8.2,8.3
Minnesota,3 wk ahead,percent,3.98348260009912e-11,Bin,8.3,8.4
Minnesota,3 wk ahead,percent,3.98348260009912e-11,Bin,8.4,8.5
Minnesota,3 wk ahead,percent,3.98348260009912e-11,Bin,8.5,8.6
Minnesota,3 wk ahead,percent,3.98348260009912e-11,Bin,8.6,8.7
Minnesota,3 wk ahead,percent,3.98348260009912e-11,Bin,8.7,8.8
Minnesota,3 wk ahead,percent,3.98348260009912e-11,Bin,8.8,8.9
Minnesota,3 wk ahead,percent,3.98348260009912e-11,Bin,8.9,9.0
Minnesota,3 wk ahead,percent,3.98348260009912e-11,Bin,9.0,9.1
Minnesota,3 wk ahead,percent,3.98348260009912e-11,Bin,9.1,9.2
Minnesota,3 wk ahead,percent,3.98348260009912e-11,Bin,9.2,9.3
Minnesota,3 wk ahead,percent,3.98348260009912e-11,Bin,9.3,9.4
Minnesota,3 wk ahead,percent,3.98348260009912e-11,Bin,9.4,9.5
Minnesota,3 wk ahead,percent,3.98348260009912e-11,Bin,9.5,9.6
Minnesota,3 wk ahead,percent,3.98348260009912e-11,Bin,9.6,9.7
Minnesota,3 wk ahead,percent,3.98348260009912e-11,Bin,9.7,9.8
Minnesota,3 wk ahead,percent,3.98348260009912e-11,Bin,9.8,9.9
Minnesota,3 wk ahead,percent,3.98348260009912e-11,Bin,9.9,10.0
Minnesota,3 wk ahead,percent,3.98348260009912e-11,Bin,10.0,10.1
Minnesota,3 wk ahead,percent,3.98348260009912e-11,Bin,10.1,10.2
Minnesota,3 wk ahead,percent,3.98348260009912e-11,Bin,10.2,10.3
Minnesota,3 wk ahead,percent,3.98348260009912e-11,Bin,10.3,10.4
Minnesota,3 wk ahead,percent,3.98348260009912e-11,Bin,10.4,10.5
Minnesota,3 wk ahead,percent,3.98348260009912e-11,Bin,10.5,10.6
Minnesota,3 wk ahead,percent,3.98348260009912e-11,Bin,10.6,10.7
Minnesota,3 wk ahead,percent,3.98348260009912e-11,Bin,10.7,10.8
Minnesota,3 wk ahead,percent,3.98348260009912e-11,Bin,10.8,10.9
Minnesota,3 wk ahead,percent,3.98348260009912e-11,Bin,10.9,11.0
Minnesota,3 wk ahead,percent,3.98348260009912e-11,Bin,11.0,11.1
Minnesota,3 wk ahead,percent,3.98348260009912e-11,Bin,11.1,11.2
Minnesota,3 wk ahead,percent,3.98348260009912e-11,Bin,11.2,11.3
Minnesota,3 wk ahead,percent,3.98348260009912e-11,Bin,11.3,11.4
Minnesota,3 wk ahead,percent,3.98348260009912e-11,Bin,11.4,11.5
Minnesota,3 wk ahead,percent,3.98348260009912e-11,Bin,11.5,11.6
Minnesota,3 wk ahead,percent,3.98348260009912e-11,Bin,11.6,11.7
Minnesota,3 wk ahead,percent,3.98348260009912e-11,Bin,11.7,11.8
Minnesota,3 wk ahead,percent,3.98348260009912e-11,Bin,11.8,11.9
Minnesota,3 wk ahead,percent,3.98348260009912e-11,Bin,11.9,12.0
Minnesota,3 wk ahead,percent,3.98348260009912e-11,Bin,12.0,12.1
Minnesota,3 wk ahead,percent,3.98348260009912e-11,Bin,12.1,12.2
Minnesota,3 wk ahead,percent,3.98348260009912e-11,Bin,12.2,12.3
Minnesota,3 wk ahead,percent,3.98348260009912e-11,Bin,12.3,12.4
Minnesota,3 wk ahead,percent,3.98348260009912e-11,Bin,12.4,12.5
Minnesota,3 wk ahead,percent,3.98348260009912e-11,Bin,12.5,12.6
Minnesota,3 wk ahead,percent,3.98348260009912e-11,Bin,12.6,12.7
Minnesota,3 wk ahead,percent,3.98348260009912e-11,Bin,12.7,12.8
Minnesota,3 wk ahead,percent,3.98348260009912e-11,Bin,12.8,12.9
Minnesota,3 wk ahead,percent,3.98348260009912e-11,Bin,12.9,13.0
Minnesota,3 wk ahead,percent,3.98348260009912e-11,Bin,13.0,100.0
Minnesota,4 wk ahead,percent,6.05254632019006e-11,Bin,0.0,0.1
Minnesota,4 wk ahead,percent,0.00199999981299341,Bin,0.1,0.2
Minnesota,4 wk ahead,percent,0.00200000086891292,Bin,0.2,0.3
Minnesota,4 wk ahead,percent,0.0040000041186958,Bin,0.3,0.4
Minnesota,4 wk ahead,percent,0.00400001201636474,Bin,0.4,0.5
Minnesota,4 wk ahead,percent,0.00400002172616247,Bin,0.5,0.6
Minnesota,4 wk ahead,percent,0.014000024014364,Bin,0.6,0.7
Minnesota,4 wk ahead,percent,0.0200000178289584,Bin,0.7,0.8
Minnesota,4 wk ahead,percent,0.026000006930339,Bin,0.8,0.9
Minnesota,4 wk ahead,percent,0.0359999973320888,Bin,0.9,1.0
Minnesota,4 wk ahead,percent,0.0599999891697511,Bin,1.0,1.1
Minnesota,4 wk ahead,percent,0.0899999830057203,Bin,1.1,1.2
Minnesota,4 wk ahead,percent,0.0679999895946033,Bin,1.2,1.3
Minnesota,4 wk ahead,percent,0.0719999910880183,Bin,1.3,1.4
Minnesota,4 wk ahead,percent,0.0699999930253527,Bin,1.4,1.5
Minnesota,4 wk ahead,percent,0.0659999949760537,Bin,1.5,1.6
Minnesota,4 wk ahead,percent,0.0599999980297396,Bin,1.6,1.7
Minnesota,4 wk ahead,percent,0.0500000023819335,Bin,1.7,1.8
Minnesota,4 wk ahead,percent,0.0500000031133638,Bin,1.8,1.9
Minnesota,4 wk ahead,percent,0.0340000038591917,Bin,1.9,2.0
Minnesota,4 wk ahead,percent,0.0180000024795321,Bin,2.0,2.1
Minnesota,4 wk ahead,percent,0.0379999944329356,Bin,2.1,2.2
Minnesota,4 wk ahead,percent,0.0399999922211543,Bin,2.2,2.3
Minnesota,4 wk ahead,percent,0.0279999942698332,Bin,2.3,2.4
Minnesota,4 wk ahead,percent,0.0219999955135878,Bin,2.4,2.5
Minnesota,4 wk ahead,percent,0.0139999971921019,Bin,2.5,2.6
Minnesota,4 wk ahead,percent,0.0139999971921019,Bin,2.6,2.7
Minnesota,4 wk ahead,percent,0.0139999971921019,Bin,2.7,2.8
Minnesota,4 wk ahead,percent,0.0159999967724734,Bin,2.8,2.9
Minnesota,4 wk ahead,percent,0.0139999971921019,Bin,2.9,3.0
Minnesota,4 wk ahead,percent,0.00199999970987302,Bin,3.0,3.1
Minnesota,4 wk ahead,percent,0.0039999992902445,Bin,3.1,3.2
Minnesota,4 wk ahead,percent,0.00799999845098745,Bin,3.2,3.3
Minnesota,4 wk ahead,percent,0.0039999992902445,Bin,3.3,3.4
Minnesota,4 wk ahead,percent,0.00199999970987302,Bin,3.4,3.5
Minnesota,4 wk ahead,percent,1.29501544498432e-10,Bin,3.5,3.6
Minnesota,4 wk ahead,percent,0.00999999803135893,Bin,3.6,3.7
Minnesota,4 wk ahead,percent,0.00199999970987302,Bin,3.7,3.8
Minnesota,4 wk ahead,percent,0.00199999970987302,Bin,3.8,3.9
Minnesota,4 wk ahead,percent,0.0039999992902445,Bin,3.9,4.0
Minnesota,4 wk ahead,percent,0.00199999970987302,Bin,4.0,4.1
Minnesota,4 wk ahead,percent,1.29501544498432e-10,Bin,4.1,4.2
Minnesota,4 wk ahead,percent,0.00199999970987302,Bin,4.2,4.3
Minnesota,4 wk ahead,percent,0.00199999970987302,Bin,4.3,4.4
Minnesota,4 wk ahead,percent,1.29501544498432e-10,Bin,4.4,4.5
Minnesota,4 wk ahead,percent,0.00199999970987302,Bin,4.5,4.6
Minnesota,4 wk ahead,percent,1.29501544498432e-10,Bin,4.6,4.7
Minnesota,4 wk ahead,percent,1.29501544498432e-10,Bin,4.7,4.8
Minnesota,4 wk ahead,percent,0.00199999970987302,Bin,4.8,4.9
Minnesota,4 wk ahead,percent,1.29501544498432e-10,Bin,4.9,5.0
Minnesota,4 wk ahead,percent,1.29501544498432e-10,Bin,5.0,5.1
Minnesota,4 wk ahead,percent,1.29501544498432e-10,Bin,5.1,5.2
Minnesota,4 wk ahead,percent,1.29501544498432e-10,Bin,5.2,5.3
Minnesota,4 wk ahead,percent,1.29501544498432e-10,Bin,5.3,5.4
Minnesota,4 wk ahead,percent,0.00199999970987302,Bin,5.4,5.5
Minnesota,4 wk ahead,percent,1.29501544498432e-10,Bin,5.5,5.6
Minnesota,4 wk ahead,percent,1.29501544498432e-10,Bin,5.6,5.7
Minnesota,4 wk ahead,percent,1.29501544498432e-10,Bin,5.7,5.8
Minnesota,4 wk ahead,percent,1.29501544498432e-10,Bin,5.8,5.9
Minnesota,4 wk ahead,percent,1.29501544498432e-10,Bin,5.9,6.0
Minnesota,4 wk ahead,percent,1.29501544498432e-10,Bin,6.0,6.1
Minnesota,4 wk ahead,percent,1.29501544498432e-10,Bin,6.1,6.2
Minnesota,4 wk ahead,percent,1.29501544498432e-10,Bin,6.2,6.3
Minnesota,4 wk ahead,percent,1.29501544498432e-10,Bin,6.3,6.4
Minnesota,4 wk ahead,percent,1.29501544498432e-10,Bin,6.4,6.5
Minnesota,4 wk ahead,percent,1.29501544498432e-10,Bin,6.5,6.6
Minnesota,4 wk ahead,percent,1.29501544498432e-10,Bin,6.6,6.7
Minnesota,4 wk ahead,percent,1.29501544498432e-10,Bin,6.7,6.8
Minnesota,4 wk ahead,percent,1.29501544498432e-10,Bin,6.8,6.9
Minnesota,4 wk ahead,percent,1.29501544498432e-10,Bin,6.9,7.0
Minnesota,4 wk ahead,percent,1.29501544498432e-10,Bin,7.0,7.1
Minnesota,4 wk ahead,percent,1.29501544498432e-10,Bin,7.1,7.2
Minnesota,4 wk ahead,percent,1.29501544498432e-10,Bin,7.2,7.3
Minnesota,4 wk ahead,percent,1.29501544498432e-10,Bin,7.3,7.4
Minnesota,4 wk ahead,percent,1.29501544498432e-10,Bin,7.4,7.5
Minnesota,4 wk ahead,percent,1.29501544498432e-10,Bin,7.5,7.6
Minnesota,4 wk ahead,percent,1.29501544498432e-10,Bin,7.6,7.7
Minnesota,4 wk ahead,percent,1.29501544498432e-10,Bin,7.7,7.8
Minnesota,4 wk ahead,percent,1.29501544498432e-10,Bin,7.8,7.9
Minnesota,4 wk ahead,percent,1.29501544498432e-10,Bin,7.9,8.0
Minnesota,4 wk ahead,percent,1.29501544498433e-10,Bin,8.0,8.1
Minnesota,4 wk ahead,percent,1.29501544498434e-10,Bin,8.1,8.2
Minnesota,4 wk ahead,percent,1.29501544498434e-10,Bin,8.2,8.3
Minnesota,4 wk ahead,percent,1.29501544498434e-10,Bin,8.3,8.4
Minnesota,4 wk ahead,percent,1.29501544498434e-10,Bin,8.4,8.5
Minnesota,4 wk ahead,percent,1.29501544498434e-10,Bin,8.5,8.6
Minnesota,4 wk ahead,percent,1.29501544498434e-10,Bin,8.6,8.7
Minnesota,4 wk ahead,percent,1.29501544498434e-10,Bin,8.7,8.8
Minnesota,4 wk ahead,percent,1.29501544498434e-10,Bin,8.8,8.9
Minnesota,4 wk ahead,percent,1.29501544498434e-10,Bin,8.9,9.0
Minnesota,4 wk ahead,percent,1.29501544498434e-10,Bin,9.0,9.1
Minnesota,4 wk ahead,percent,1.29501544498434e-10,Bin,9.1,9.2
Minnesota,4 wk ahead,percent,1.29501544498434e-10,Bin,9.2,9.3
Minnesota,4 wk ahead,percent,1.29501544498434e-10,Bin,9.3,9.4
Minnesota,4 wk ahead,percent,1.29501544498434e-10,Bin,9.4,9.5
Minnesota,4 wk ahead,percent,1.29501544498434e-10,Bin,9.5,9.6
Minnesota,4 wk ahead,percent,1.29501544498434e-10,Bin,9.6,9.7
Minnesota,4 wk ahead,percent,1.29501544498434e-10,Bin,9.7,9.8
Minnesota,4 wk ahead,percent,1.29501544498434e-10,Bin,9.8,9.9
Minnesota,4 wk ahead,percent,1.29501544498434e-10,Bin,9.9,10.0
Minnesota,4 wk ahead,percent,1.29501544498434e-10,Bin,10.0,10.1
Minnesota,4 wk ahead,percent,1.29501544498434e-10,Bin,10.1,10.2
Minnesota,4 wk ahead,percent,1.29501544498434e-10,Bin,10.2,10.3
Minnesota,4 wk ahead,percent,1.29501544498434e-10,Bin,10.3,10.4
Minnesota,4 wk ahead,percent,1.29501544498434e-10,Bin,10.4,10.5
Minnesota,4 wk ahead,percent,1.29501544498434e-10,Bin,10.5,10.6
Minnesota,4 wk ahead,percent,1.29501544498434e-10,Bin,10.6,10.7
Minnesota,4 wk ahead,percent,1.29501544498434e-10,Bin,10.7,10.8
Minnesota,4 wk ahead,percent,1.29501544498434e-10,Bin,10.8,10.9
Minnesota,4 wk ahead,percent,1.29501544498434e-10,Bin,10.9,11.0
Minnesota,4 wk ahead,percent,1.29501544498434e-10,Bin,11.0,11.1
Minnesota,4 wk ahead,percent,1.29501544498434e-10,Bin,11.1,11.2
Minnesota,4 wk ahead,percent,1.29501544498434e-10,Bin,11.2,11.3
Minnesota,4 wk ahead,percent,1.29501544498434e-10,Bin,11.3,11.4
Minnesota,4 wk ahead,percent,1.29501544498434e-10,Bin,11.4,11.5
Minnesota,4 wk ahead,percent,1.29501544498434e-10,Bin,11.5,11.6
Minnesota,4 wk ahead,percent,1.29501544498434e-10,Bin,11.6,11.7
Minnesota,4 wk ahead,percent,1.29501544498434e-10,Bin,11.7,11.8
Minnesota,4 wk ahead,percent,1.29501544498434e-10,Bin,11.8,11.9
Minnesota,4 wk ahead,percent,1.29501544498434e-10,Bin,11.9,12.0
Minnesota,4 wk ahead,percent,1.29501544498434e-10,Bin,12.0,12.1
Minnesota,4 wk ahead,percent,1.29501544498434e-10,Bin,12.1,12.2
Minnesota,4 wk ahead,percent,1.29501544498434e-10,Bin,12.2,12.3
Minnesota,4 wk ahead,percent,1.29501544498434e-10,Bin,12.3,12.4
Minnesota,4 wk ahead,percent,1.29501544498434e-10,Bin,12.4,12.5
Minnesota,4 wk ahead,percent,1.29501544498434e-10,Bin,12.5,12.6
Minnesota,4 wk ahead,percent,1.29501544498434e-10,Bin,12.6,12.7
Minnesota,4 wk ahead,percent,1.29501544498434e-10,Bin,12.7,12.8
Minnesota,4 wk ahead,percent,1.29501544498434e-10,Bin,12.8,12.9
Minnesota,4 wk ahead,percent,1.29501544498434e-10,Bin,12.9,13.0
Minnesota,4 wk ahead,percent,1.29501544498434e-10,Bin,13.0,100.0
Minnesota,Season peak percentage,percent,7.24274450647725e-14,Bin,0.0,0.1
Minnesota,Season peak percentage,percent,1.44854890129545e-13,Bin,0.1,0.2
Minnesota,Season peak percentage,percent,1.44854890129545e-13,Bin,0.2,0.3
Minnesota,Season peak percentage,percent,1.44854890129545e-13,Bin,0.3,0.4
Minnesota,Season peak percentage,percent,1.44854890129545e-13,Bin,0.4,0.5
Minnesota,Season peak percentage,percent,1.44854890129545e-13,Bin,0.5,0.6
Minnesota,Season peak percentage,percent,1.44854890129545e-13,Bin,0.6,0.7
Minnesota,Season peak percentage,percent,1.44854890129545e-13,Bin,0.7,0.8
Minnesota,Season peak percentage,percent,1.44854890129545e-13,Bin,0.8,0.9
Minnesota,Season peak percentage,percent,1.44854890129545e-13,Bin,0.9,1.0
Minnesota,Season peak percentage,percent,1.44854890129545e-13,Bin,1.0,1.1
Minnesota,Season peak percentage,percent,1.44854890129545e-13,Bin,1.1,1.2
Minnesota,Season peak percentage,percent,1.7819775706197e-13,Bin,1.2,1.3
Minnesota,Season peak percentage,percent,2.76482778104991e-13,Bin,1.3,1.4
Minnesota,Season peak percentage,percent,4.20548030705335e-13,Bin,1.4,1.5
Minnesota,Season peak percentage,percent,6.26615721182679e-13,Bin,1.5,1.6
Minnesota,Season peak percentage,percent,9.14771822530271e-13,Bin,1.6,1.7
Minnesota,Season peak percentage,percent,1.30858414091325e-12,Bin,1.7,1.8
Minnesota,Season peak percentage,percent,1.83418112495545e-12,Bin,1.8,1.9
Minnesota,Season peak percentage,percent,2.51950164623217e-12,Bin,1.9,2.0
Minnesota,Season peak percentage,percent,3.3921503910612e-12,Bin,2.0,2.1
Minnesota,Season peak percentage,percent,4.47677844056072e-12,Bin,2.1,2.2
Minnesota,Season peak percentage,percent,5.79267929871108e-12,Bin,2.2,2.3
Minnesota,Season peak percentage,percent,7.34956633980679e-12,Bin,2.3,2.4
Minnesota,Season peak percentage,percent,9.14549719125068e-12,Bin,2.4,2.5
Minnesota,Season peak percentage,percent,1.11645410216286e-11,Bin,2.5,2.6
Minnesota,Season peak percentage,percent,1.33738097487282e-11,Bin,2.6,2.7
Minnesota,Season peak percentage,percent,1.57250067939123e-11,Bin,2.7,2.8
Minnesota,Season peak percentage,percent,1.81549821911085e-11,Bin,2.8,2.9
Minnesota,Season peak percentage,percent,2.0589265732136e-11,Bin,2.9,3.0
Minnesota,Season peak percentage,percent,2.29461658087295e-11,Bin,3.0,3.1
Minnesota,Season peak percentage,percent,2.51428857108919e-11,Bin,3.1,3.2
Minnesota,Season peak percentage,percent,2.71010890535221e-11,Bin,3.2,3.3
Minnesota,Season peak percentage,percent,2.87519931478585e-11,Bin,3.3,3.4
Minnesota,Season peak percentage,percent,3.0041460297778e-11,Bin,3.4,3.5
Minnesota,Season peak percentage,percent,3.09326149884651e-11,Bin,3.5,3.6
Minnesota,Season peak percentage,percent,3.14073518537984e-11,Bin,3.6,3.7
Minnesota,Season peak percentage,percent,3.14660511033177e-11,Bin,3.7,3.8
Minnesota,Season peak percentage,percent,3.1124693028246e-11,Bin,3.8,3.9
Minnesota,Season peak percentage,percent,3.04122179641405e-11,Bin,3.9,4.0
Minnesota,Season peak percentage,percent,2.93685502263068e-11,Bin,4.0,4.1
Minnesota,Season peak percentage,percent,2.80389885223416e-11,Bin,4.1,4.2
Minnesota,Season peak percentage,percent,2.64726961148749e-11,Bin,4.2,4.3
Minnesota,Season peak percentage,percent,2.47201722370584e-11,Bin,4.3,4.4
Minnesota,Season peak percentage,percent,2.28315230022318e-11,Bin,4.4,4.5
Minnesota,Season peak percentage,percent,2.08560650503339e-11,Bin,4.5,4.6
Minnesota,Season peak percentage,percent,1.88412391721318e-11,Bin,4.6,4.7
Minnesota,Season peak percentage,percent,1.68326840307606e-11,Bin,4.7,4.8
Minnesota,Season peak percentage,percent,1.48738091506579e-11,Bin,4.8,4.9
Minnesota,Season peak percentage,percent,1.30052396544209e-11,Bin,4.9,5.0
Minnesota,Season peak percentage,percent,1.12640716995175e-11,Bin,5.0,5.1
Minnesota,Season peak percentage,percent,9.6828392135748e-12,Bin,5.1,5.2
Minnesota,Season peak percentage,percent,8.28911137852958e-12,Bin,5.2,5.3
Minnesota,Season peak percentage,percent,7.10349059290012e-12,Bin,5.3,5.4
Minnesota,Season peak percentage,percent,6.13953259759111e-12,Bin,5.4,5.5
Minnesota,Season peak percentage,percent,5.40330525516943e-12,Bin,5.5,5.6
Minnesota,Season peak percentage,percent,4.89263578886823e-12,Bin,5.6,5.7
Minnesota,Season peak percentage,percent,4.59736818318006e-12,Bin,5.7,5.8
Minnesota,Season peak percentage,percent,4.49982633031217e-12,Bin,5.8,5.9
Minnesota,Season peak percentage,percent,4.57555236418376e-12,Bin,5.9,6.0
Minnesota,Season peak percentage,percent,4.79493508473274e-12,Bin,6.0,6.1
Minnesota,Season peak percentage,percent,5.12467048560245e-12,Bin,6.1,6.2
Minnesota,Season peak percentage,percent,5.52934338621564e-12,Bin,6.2,6.3
Minnesota,Season peak percentage,percent,5.97425322843152e-12,Bin,6.3,6.4
Minnesota,Season peak percentage,percent,6.42722469794855e-12,Bin,6.4,6.5
Minnesota,Season peak percentage,percent,6.8607533768406e-12,Bin,6.5,6.6
Minnesota,Season peak percentage,percent,7.2533885593635e-12,Bin,6.6,6.7
Minnesota,Season peak percentage,percent,0.999999999115471,Bin,6.7,6.8
Minnesota,Season peak percentage,percent,7.86603247278284e-12,Bin,6.8,6.9
Minnesota,Season peak percentage,percent,8.07765234014072e-12,Bin,6.9,7.0
Minnesota,Season peak percentage,percent,8.22945925798398e-12,Bin,7.0,7.1
Minnesota,Season peak percentage,percent,8.32762936978322e-12,Bin,7.1,7.2
Minnesota,Season peak percentage,percent,8.37870566387269e-12,Bin,7.2,7.3
Minnesota,Season peak percentage,percent,8.38760430774978e-12,Bin,7.3,7.4
Minnesota,Season peak percentage,percent,8.35606610970376e-12,Bin,7.4,7.5
Minnesota,Season peak percentage,percent,8.28231368341452e-12,Bin,7.5,7.6
Minnesota,Season peak percentage,percent,8.16124030697773e-12,Bin,7.6,7.7
Minnesota,Season peak percentage,percent,7.98553179628404e-12,Bin,7.7,7.8
Minnesota,Season peak percentage,percent,7.74749510488254e-12,Bin,7.8,7.9
Minnesota,Season peak percentage,percent,7.44101457785862e-12,Bin,7.9,8.0
Minnesota,Season peak percentage,percent,7.06330930285854e-12,Bin,8.0,8.1
Minnesota,Season peak percentage,percent,6.61634837166285e-12,Bin,8.1,8.2
Minnesota,Season peak percentage,percent,6.10724616706747e-12,Bin,8.2,8.3
Minnesota,Season peak percentage,percent,5.54806953155586e-12,Bin,8.3,8.4
Minnesota,Season peak percentage,percent,4.95508621442004e-12,Bin,8.4,8.5
Minnesota,Season peak percentage,percent,4.34693783106224e-12,Bin,8.5,8.6
Minnesota,Season peak percentage,percent,3.74300811576261e-12,Bin,8.6,8.7
Minnesota,Season peak percentage,percent,3.16155441559541e-12,Bin,8.7,8.8
Minnesota,Season peak percentage,percent,2.61835307196398e-12,Bin,8.8,8.9
Minnesota,Season peak percentage,percent,2.12533207337882e-12,Bin,8.9,9.0
Minnesota,Season peak percentage,percent,1.69028323112664e-12,Bin,9.0,9.1
Minnesota,Season peak percentage,percent,1.31687927519612e-12,Bin,9.1,9.2
Minnesota,Season peak percentage,percent,1.00481883052785e-12,Bin,9.2,9.3
Minnesota,Season peak percentage,percent,7.50818142943268e-13,Bin,9.3,9.4
Minnesota,Season peak percentage,percent,5.49331445634446e-13,Bin,9.4,9.5
Minnesota,Season peak percentage,percent,3.93475688109446e-13,Bin,9.5,9.6
Minnesota,Season peak percentage,percent,2.75937322293956e-13,Bin,9.6,9.7
Minnesota,Season peak percentage,percent,1.89441294862038e-13,Bin,9.7,9.8
Minnesota,Season peak percentage,percent,1.27304200950435e-13,Bin,9.8,9.9
Minnesota,Season peak percentage,percent,8.38016123042505e-14,Bin,9.9,10.0
Minnesota,Season peak percentage,percent,6.8795655331118e-14,Bin,10.0,10.1
Minnesota,Season peak percentage,percent,6.8795655331118e-14,Bin,10.1,10.2
Minnesota,Season peak percentage,percent,6.8795655331118e-14,Bin,10.2,10.3
Minnesota,Season peak percentage,percent,6.8795655331118e-14,Bin,10.3,10.4
Minnesota,Season peak percentage,percent,6.8795655331118e-14,Bin,10.4,10.5
Minnesota,Season peak percentage,percent,6.8795655331118e-14,Bin,10.5,10.6
Minnesota,Season peak percentage,percent,6.8795655331118e-14,Bin,10.6,10.7
Minnesota,Season peak percentage,percent,6.8795655331118e-14,Bin,10.7,10.8
Minnesota,Season peak percentage,percent,6.8795655331118e-14,Bin,10.8,10.9
Minnesota,Season peak percentage,percent,6.8795655331118e-14,Bin,10.9,11.0
Minnesota,Season peak percentage,percent,6.8795655331118e-14,Bin,11.0,11.1
Minnesota,Season peak percentage,percent,6.8795655331118e-14,Bin,11.1,11.2
Minnesota,Season peak percentage,percent,6.8795655331118e-14,Bin,11.2,11.3
Minnesota,Season peak percentage,percent,6.8795655331118e-14,Bin,11.3,11.4
Minnesota,Season peak percentage,percent,6.8795655331118e-14,Bin,11.4,11.5
Minnesota,Season peak percentage,percent,6.8795655331118e-14,Bin,11.5,11.6
Minnesota,Season peak percentage,percent,6.8795655331118e-14,Bin,11.6,11.7
Minnesota,Season peak percentage,percent,6.8795655331118e-14,Bin,11.7,11.8
Minnesota,Season peak percentage,percent,6.8795655331118e-14,Bin,11.8,11.9
Minnesota,Season peak percentage,percent,6.8795655331118e-14,Bin,11.9,12.0
Minnesota,Season peak percentage,percent,6.8795655331118e-14,Bin,12.0,12.1
Minnesota,Season peak percentage,percent,6.8795655331118e-14,Bin,12.1,12.2
Minnesota,Season peak percentage,percent,6.8795655331118e-14,Bin,12.2,12.3
Minnesota,Season peak percentage,percent,6.8795655331118e-14,Bin,12.3,12.4
Minnesota,Season peak percentage,percent,6.8795655331118e-14,Bin,12.4,12.5
Minnesota,Season peak percentage,percent,6.8795655331118e-14,Bin,12.5,12.6
Minnesota,Season peak percentage,percent,6.8795655331118e-14,Bin,12.6,12.7
Minnesota,Season peak percentage,percent,6.8795655331118e-14,Bin,12.7,12.8
Minnesota,Season peak percentage,percent,6.8795655331118e-14,Bin,12.8,12.9
Minnesota,Season peak percentage,percent,6.8795655331118e-14,Bin,12.9,13.0
Minnesota,Season peak percentage,percent,6.8795655331118e-14,Bin,13.0,100.0
Minnesota,Season peak week,week,0.00014452614077412,Bin,40.0,41.0
Minnesota,Season peak week,week,0.00014452614077412,Bin,41.0,42.0
Minnesota,Season peak week,week,0.00014452614077412,Bin,42.0,43.0
Minnesota,Season peak week,week,0.00014452614077412,Bin,43.0,44.0
Minnesota,Season peak week,week,0.00014452614077412,Bin,44.0,45.0
Minnesota,Season peak week,week,0.00014452614077412,Bin,45.0,46.0
Minnesota,Season peak week,week,0.00014452614077412,Bin,46.0,47.0
Minnesota,Season peak week,week,0.00014452614077412,Bin,47.0,48.0
Minnesota,Season peak week,week,0.00014452614077412,Bin,48.0,49.0
Minnesota,Season peak week,week,0.000273698939771444,Bin,49.0,50.0
Minnesota,Season peak week,week,0.00219194369601911,Bin,50.0,51.0
Minnesota,Season peak week,week,0.00803461853413334,Bin,51.0,52.0
Minnesota,Season peak week,week,0.0123768368760867,Bin,52.0,53.0
Minnesota,Season peak week,week,0.00803441089070354,Bin,1.0,2.0
Minnesota,Season peak week,week,0.00219187605590701,Bin,2.0,3.0
Minnesota,Season peak week,week,0.000249573158574101,Bin,3.0,4.0
Minnesota,Season peak week,week,1.47301326618474e-05,Bin,4.0,5.0
Minnesota,Season peak week,week,6.56218187767928e-05,Bin,5.0,6.0
Minnesota,Season peak week,week,0.940668150639563,Bin,6.0,7.0
Minnesota,Season peak week,week,0.00261893302396809,Bin,7.0,8.0
Minnesota,Season peak week,week,0.00565065152220738,Bin,8.0,9.0
Minnesota,Season peak week,week,0.00711156067698896,Bin,9.0,10.0
Minnesota,Season peak week,week,0.00565090543560435,Bin,10.0,11.0
Minnesota,Season peak week,week,0.00261898636680641,Bin,11.0,12.0
Minnesota,Season peak week,week,0.000613295102560691,Bin,12.0,13.0
Minnesota,Season peak week,week,7.16745940696849e-05,Bin,13.0,14.0
Minnesota,Season peak week,week,3.73996098042696e-05,Bin,14.0,15.0
Minnesota,Season peak week,week,3.73996098042696e-05,Bin,15.0,16.0
Minnesota,Season peak week,week,3.73996098042696e-05,Bin,16.0,17.0
Minnesota,Season peak week,week,3.73996098042696e-05,Bin,17.0,18.0
Minnesota,Season peak week,week,3.73996098042696e-05,Bin,18.0,19.0
Minnesota,Season peak week,week,3.73996098042696e-05,Bin,19.0,20.0
Minnesota,Season peak week,week,3.73996098042696e-05,Bin,20.0,21.0
Mississippi,1 wk ahead,percent,1.3454422174237e-11,Bin,0.0,0.1
Mississippi,1 wk ahead,percent,2.6908844348474e-11,Bin,0.1,0.2
Mississippi,1 wk ahead,percent,2.6908844348474e-11,Bin,0.2,0.3
Mississippi,1 wk ahead,percent,2.6908844348474e-11,Bin,0.3,0.4
Mississippi,1 wk ahead,percent,2.6908844348474e-11,Bin,0.4,0.5
Mississippi,1 wk ahead,percent,2.6908844348474e-11,Bin,0.5,0.6
Mississippi,1 wk ahead,percent,2.6908844348474e-11,Bin,0.6,0.7
Mississippi,1 wk ahead,percent,2.6908844348474e-11,Bin,0.7,0.8
Mississippi,1 wk ahead,percent,2.6908844348474e-11,Bin,0.8,0.9
Mississippi,1 wk ahead,percent,2.6908844348474e-11,Bin,0.9,1.0
Mississippi,1 wk ahead,percent,2.6908844348474e-11,Bin,1.0,1.1
Mississippi,1 wk ahead,percent,2.6908844348474e-11,Bin,1.1,1.2
Mississippi,1 wk ahead,percent,2.73216733191995e-11,Bin,1.2,1.3
Mississippi,1 wk ahead,percent,7.35815290811091e-11,Bin,1.3,1.4
Mississippi,1 wk ahead,percent,0.00599999984124632,Bin,1.4,1.5
Mississippi,1 wk ahead,percent,0.00800000014153101,Bin,1.5,1.6
Mississippi,1 wk ahead,percent,0.0180000002671968,Bin,1.6,1.7
Mississippi,1 wk ahead,percent,0.0220000011728581,Bin,1.7,1.8
Mississippi,1 wk ahead,percent,0.0480000007592642,Bin,1.8,1.9
Mississippi,1 wk ahead,percent,0.0879999993441644,Bin,1.9,2.0
Mississippi,1 wk ahead,percent,0.121999998105051,Bin,2.0,2.1
Mississippi,1 wk ahead,percent,0.155999996472386,Bin,2.1,2.2
Mississippi,1 wk ahead,percent,0.207999993076663,Bin,2.2,2.3
Mississippi,1 wk ahead,percent,0.127999998138175,Bin,2.3,2.4
Mississippi,1 wk ahead,percent,0.0899999996432749,Bin,2.4,2.5
Mississippi,1 wk ahead,percent,0.042000001365117,Bin,2.5,2.6
Mississippi,1 wk ahead,percent,0.0180000013911201,Bin,2.6,2.7
Mississippi,1 wk ahead,percent,0.0219999998884663,Bin,2.7,2.8
Mississippi,1 wk ahead,percent,0.00200000066444432,Bin,2.8,2.9
Mississippi,1 wk ahead,percent,0.00600000039220637,Bin,2.9,3.0
Mississippi,1 wk ahead,percent,0.00200000107285862,Bin,3.0,3.1
Mississippi,1 wk ahead,percent,0.00600000126137889,Bin,3.1,3.2
Mississippi,1 wk ahead,percent,1.83753543617255e-09,Bin,3.2,3.3
Mississippi,1 wk ahead,percent,1.56104611871463e-09,Bin,3.3,3.4
Mississippi,1 wk ahead,percent,1.02308078111173e-09,Bin,3.4,3.5
Mississippi,1 wk ahead,percent,5.16963021096223e-10,Bin,3.5,3.6
Mississippi,1 wk ahead,percent,2.01361258729342e-10,Bin,3.6,3.7
Mississippi,1 wk ahead,percent,6.04572206994391e-11,Bin,3.7,3.8
Mississippi,1 wk ahead,percent,0.0019999998837589,Bin,3.8,3.9
Mississippi,1 wk ahead,percent,2.08833493636336e-11,Bin,3.9,4.0
Mississippi,1 wk ahead,percent,2.08833493636336e-11,Bin,4.0,4.1
Mississippi,1 wk ahead,percent,2.08833493636336e-11,Bin,4.1,4.2
Mississippi,1 wk ahead,percent,2.08833493636336e-11,Bin,4.2,4.3
Mississippi,1 wk ahead,percent,2.08833493636336e-11,Bin,4.3,4.4
Mississippi,1 wk ahead,percent,2.08833493636336e-11,Bin,4.4,4.5
Mississippi,1 wk ahead,percent,2.08833493636336e-11,Bin,4.5,4.6
Mississippi,1 wk ahead,percent,2.08833493636336e-11,Bin,4.6,4.7
Mississippi,1 wk ahead,percent,2.08833493636336e-11,Bin,4.7,4.8
Mississippi,1 wk ahead,percent,0.00399999974539735,Bin,4.8,4.9
Mississippi,1 wk ahead,percent,2.08833493636336e-11,Bin,4.9,5.0
Mississippi,1 wk ahead,percent,2.08833493636336e-11,Bin,5.0,5.1
Mississippi,1 wk ahead,percent,2.08833493636336e-11,Bin,5.1,5.2
Mississippi,1 wk ahead,percent,2.08833493636336e-11,Bin,5.2,5.3
Mississippi,1 wk ahead,percent,0.00199999988314035,Bin,5.3,5.4
Mississippi,1 wk ahead,percent,2.08833493636336e-11,Bin,5.4,5.5
Mississippi,1 wk ahead,percent,2.08833493636336e-11,Bin,5.5,5.6
Mississippi,1 wk ahead,percent,2.08833493636336e-11,Bin,5.6,5.7
Mississippi,1 wk ahead,percent,2.08833493636336e-11,Bin,5.7,5.8
Mississippi,1 wk ahead,percent,2.08833493636336e-11,Bin,5.8,5.9
Mississippi,1 wk ahead,percent,2.08833493636336e-11,Bin,5.9,6.0
Mississippi,1 wk ahead,percent,2.08833493636336e-11,Bin,6.0,6.1
Mississippi,1 wk ahead,percent,2.08833493636336e-11,Bin,6.1,6.2
Mississippi,1 wk ahead,percent,2.08833493636336e-11,Bin,6.2,6.3
Mississippi,1 wk ahead,percent,2.08833493636336e-11,Bin,6.3,6.4
Mississippi,1 wk ahead,percent,2.08833493636336e-11,Bin,6.4,6.5
Mississippi,1 wk ahead,percent,2.08833493636336e-11,Bin,6.5,6.6
Mississippi,1 wk ahead,percent,2.08833493636336e-11,Bin,6.6,6.7
Mississippi,1 wk ahead,percent,2.08833493636336e-11,Bin,6.7,6.8
Mississippi,1 wk ahead,percent,2.08833493636336e-11,Bin,6.8,6.9
Mississippi,1 wk ahead,percent,2.08833493636336e-11,Bin,6.9,7.0
Mississippi,1 wk ahead,percent,2.08833493636336e-11,Bin,7.0,7.1
Mississippi,1 wk ahead,percent,2.08833493636336e-11,Bin,7.1,7.2
Mississippi,1 wk ahead,percent,2.08833493636336e-11,Bin,7.2,7.3
Mississippi,1 wk ahead,percent,2.08833493636336e-11,Bin,7.3,7.4
Mississippi,1 wk ahead,percent,2.08833493636336e-11,Bin,7.4,7.5
Mississippi,1 wk ahead,percent,2.08833493636336e-11,Bin,7.5,7.6
Mississippi,1 wk ahead,percent,2.08833493636336e-11,Bin,7.6,7.7
Mississippi,1 wk ahead,percent,2.08833493636336e-11,Bin,7.7,7.8
Mississippi,1 wk ahead,percent,2.08833493636336e-11,Bin,7.8,7.9
Mississippi,1 wk ahead,percent,2.08833493636336e-11,Bin,7.9,8.0
Mississippi,1 wk ahead,percent,2.08833493636338e-11,Bin,8.0,8.1
Mississippi,1 wk ahead,percent,2.0883349363634e-11,Bin,8.1,8.2
Mississippi,1 wk ahead,percent,2.0883349363634e-11,Bin,8.2,8.3
Mississippi,1 wk ahead,percent,2.0883349363634e-11,Bin,8.3,8.4
Mississippi,1 wk ahead,percent,2.0883349363634e-11,Bin,8.4,8.5
Mississippi,1 wk ahead,percent,2.0883349363634e-11,Bin,8.5,8.6
Mississippi,1 wk ahead,percent,2.0883349363634e-11,Bin,8.6,8.7
Mississippi,1 wk ahead,percent,2.0883349363634e-11,Bin,8.7,8.8
Mississippi,1 wk ahead,percent,2.0883349363634e-11,Bin,8.8,8.9
Mississippi,1 wk ahead,percent,2.0883349363634e-11,Bin,8.9,9.0
Mississippi,1 wk ahead,percent,2.0883349363634e-11,Bin,9.0,9.1
Mississippi,1 wk ahead,percent,2.0883349363634e-11,Bin,9.1,9.2
Mississippi,1 wk ahead,percent,2.0883349363634e-11,Bin,9.2,9.3
Mississippi,1 wk ahead,percent,2.0883349363634e-11,Bin,9.3,9.4
Mississippi,1 wk ahead,percent,2.0883349363634e-11,Bin,9.4,9.5
Mississippi,1 wk ahead,percent,2.0883349363634e-11,Bin,9.5,9.6
Mississippi,1 wk ahead,percent,2.0883349363634e-11,Bin,9.6,9.7
Mississippi,1 wk ahead,percent,2.0883349363634e-11,Bin,9.7,9.8
Mississippi,1 wk ahead,percent,2.0883349363634e-11,Bin,9.8,9.9
Mississippi,1 wk ahead,percent,2.0883349363634e-11,Bin,9.9,10.0
Mississippi,1 wk ahead,percent,2.0883349363634e-11,Bin,10.0,10.1
Mississippi,1 wk ahead,percent,2.0883349363634e-11,Bin,10.1,10.2
Mississippi,1 wk ahead,percent,2.0883349363634e-11,Bin,10.2,10.3
Mississippi,1 wk ahead,percent,2.0883349363634e-11,Bin,10.3,10.4
Mississippi,1 wk ahead,percent,2.0883349363634e-11,Bin,10.4,10.5
Mississippi,1 wk ahead,percent,2.0883349363634e-11,Bin,10.5,10.6
Mississippi,1 wk ahead,percent,2.0883349363634e-11,Bin,10.6,10.7
Mississippi,1 wk ahead,percent,2.0883349363634e-11,Bin,10.7,10.8
Mississippi,1 wk ahead,percent,2.0883349363634e-11,Bin,10.8,10.9
Mississippi,1 wk ahead,percent,2.0883349363634e-11,Bin,10.9,11.0
Mississippi,1 wk ahead,percent,2.0883349363634e-11,Bin,11.0,11.1
Mississippi,1 wk ahead,percent,2.0883349363634e-11,Bin,11.1,11.2
Mississippi,1 wk ahead,percent,2.0883349363634e-11,Bin,11.2,11.3
Mississippi,1 wk ahead,percent,2.0883349363634e-11,Bin,11.3,11.4
Mississippi,1 wk ahead,percent,2.0883349363634e-11,Bin,11.4,11.5
Mississippi,1 wk ahead,percent,2.0883349363634e-11,Bin,11.5,11.6
Mississippi,1 wk ahead,percent,2.0883349363634e-11,Bin,11.6,11.7
Mississippi,1 wk ahead,percent,2.0883349363634e-11,Bin,11.7,11.8
Mississippi,1 wk ahead,percent,2.0883349363634e-11,Bin,11.8,11.9
Mississippi,1 wk ahead,percent,2.0883349363634e-11,Bin,11.9,12.0
Mississippi,1 wk ahead,percent,2.0883349363634e-11,Bin,12.0,12.1
Mississippi,1 wk ahead,percent,2.0883349363634e-11,Bin,12.1,12.2
Mississippi,1 wk ahead,percent,2.0883349363634e-11,Bin,12.2,12.3
Mississippi,1 wk ahead,percent,2.0883349363634e-11,Bin,12.3,12.4
Mississippi,1 wk ahead,percent,2.0883349363634e-11,Bin,12.4,12.5
Mississippi,1 wk ahead,percent,2.0883349363634e-11,Bin,12.5,12.6
Mississippi,1 wk ahead,percent,2.0883349363634e-11,Bin,12.6,12.7
Mississippi,1 wk ahead,percent,2.0883349363634e-11,Bin,12.7,12.8
Mississippi,1 wk ahead,percent,2.0883349363634e-11,Bin,12.8,12.9
Mississippi,1 wk ahead,percent,2.0883349363634e-11,Bin,12.9,13.0
Mississippi,1 wk ahead,percent,2.0883349363634e-11,Bin,13.0,100.0
Mississippi,2 wk ahead,percent,1.5857861507874e-11,Bin,0.0,0.1
Mississippi,2 wk ahead,percent,3.17157230157479e-11,Bin,0.1,0.2
Mississippi,2 wk ahead,percent,3.17157230157479e-11,Bin,0.2,0.3
Mississippi,2 wk ahead,percent,3.17157230157479e-11,Bin,0.3,0.4
Mississippi,2 wk ahead,percent,3.17157230157479e-11,Bin,0.4,0.5
Mississippi,2 wk ahead,percent,3.17157230157479e-11,Bin,0.5,0.6
Mississippi,2 wk ahead,percent,3.1715723015748e-11,Bin,0.6,0.7
Mississippi,2 wk ahead,percent,3.1715723015748e-11,Bin,0.7,0.8
Mississippi,2 wk ahead,percent,3.1715723015748e-11,Bin,0.8,0.9
Mississippi,2 wk ahead,percent,3.1715723015748e-11,Bin,0.9,1.0
Mississippi,2 wk ahead,percent,3.1715723015748e-11,Bin,1.0,1.1
Mississippi,2 wk ahead,percent,3.1715723015748e-11,Bin,1.1,1.2
Mississippi,2 wk ahead,percent,3.1715723015748e-11,Bin,1.2,1.3
Mississippi,2 wk ahead,percent,0.001999999884035,Bin,1.3,1.4
Mississippi,2 wk ahead,percent,0.0139999990061684,Bin,1.4,1.5
Mississippi,2 wk ahead,percent,0.0179999988420089,Bin,1.5,1.6
Mississippi,2 wk ahead,percent,0.0199999991310256,Bin,1.6,1.7
Mississippi,2 wk ahead,percent,0.0539999975403268,Bin,1.7,1.8
Mississippi,2 wk ahead,percent,0.0779999970738216,Bin,1.8,1.9
Mississippi,2 wk ahead,percent,0.147999993313515,Bin,1.9,2.0
Mississippi,2 wk ahead,percent,0.121999996775819,Bin,2.0,2.1
Mississippi,2 wk ahead,percent,0.149999996471152,Bin,2.1,2.2
Mississippi,2 wk ahead,percent,0.129999999335349,Bin,2.2,2.3
Mississippi,2 wk ahead,percent,0.100000001762098,Bin,2.3,2.4
Mississippi,2 wk ahead,percent,0.0620000034677025,Bin,2.4,2.5
Mississippi,2 wk ahead,percent,0.032000003652365,Bin,2.5,2.6
Mississippi,2 wk ahead,percent,0.0280000016146326,Bin,2.6,2.7
Mississippi,2 wk ahead,percent,0.00600000140249907,Bin,2.7,2.8
Mississippi,2 wk ahead,percent,0.00400000076305974,Bin,2.8,2.9
Mississippi,2 wk ahead,percent,0.0100000005645353,Bin,2.9,3.0
Mississippi,2 wk ahead,percent,0.00200000187265125,Bin,3.0,3.1
Mississippi,2 wk ahead,percent,0.00200000223616376,Bin,3.1,3.2
Mississippi,2 wk ahead,percent,1.96292886999869e-09,Bin,3.2,3.3
Mississippi,2 wk ahead,percent,0.00600000067418922,Bin,3.3,3.4
Mississippi,2 wk ahead,percent,0.00200000029127391,Bin,3.4,3.5
Mississippi,2 wk ahead,percent,1.19002661432652e-10,Bin,3.5,3.6
Mississippi,2 wk ahead,percent,3.03623957413795e-11,Bin,3.6,3.7
Mississippi,2 wk ahead,percent,2.71837243939145e-11,Bin,3.7,3.8
Mississippi,2 wk ahead,percent,2.71837243939145e-11,Bin,3.8,3.9
Mississippi,2 wk ahead,percent,2.71837243939145e-11,Bin,3.9,4.0
Mississippi,2 wk ahead,percent,0.001999999879503,Bin,4.0,4.1
Mississippi,2 wk ahead,percent,2.71837243939145e-11,Bin,4.1,4.2
Mississippi,2 wk ahead,percent,2.71837243939145e-11,Bin,4.2,4.3
Mississippi,2 wk ahead,percent,2.71837243939145e-11,Bin,4.3,4.4
Mississippi,2 wk ahead,percent,2.71837243939145e-11,Bin,4.4,4.5
Mississippi,2 wk ahead,percent,2.71837243939145e-11,Bin,4.5,4.6
Mississippi,2 wk ahead,percent,0.001999999879503,Bin,4.6,4.7
Mississippi,2 wk ahead,percent,2.71837243939145e-11,Bin,4.7,4.8
Mississippi,2 wk ahead,percent,2.71837243939145e-11,Bin,4.8,4.9
Mississippi,2 wk ahead,percent,0.00399999973182228,Bin,4.9,5.0
Mississippi,2 wk ahead,percent,2.71837243939145e-11,Bin,5.0,5.1
Mississippi,2 wk ahead,percent,2.71837243939145e-11,Bin,5.1,5.2
Mississippi,2 wk ahead,percent,2.71837243939145e-11,Bin,5.2,5.3
Mississippi,2 wk ahead,percent,2.71837243939145e-11,Bin,5.3,5.4
Mississippi,2 wk ahead,percent,2.71837243939145e-11,Bin,5.4,5.5
Mississippi,2 wk ahead,percent,2.71837243939145e-11,Bin,5.5,5.6
Mississippi,2 wk ahead,percent,0.001999999879503,Bin,5.6,5.7
Mississippi,2 wk ahead,percent,2.71837243939145e-11,Bin,5.7,5.8
Mississippi,2 wk ahead,percent,2.71837243939145e-11,Bin,5.8,5.9
Mississippi,2 wk ahead,percent,2.71837243939145e-11,Bin,5.9,6.0
Mississippi,2 wk ahead,percent,2.71837243939145e-11,Bin,6.0,6.1
Mississippi,2 wk ahead,percent,2.71837243939145e-11,Bin,6.1,6.2
Mississippi,2 wk ahead,percent,2.71837243939145e-11,Bin,6.2,6.3
Mississippi,2 wk ahead,percent,2.71837243939145e-11,Bin,6.3,6.4
Mississippi,2 wk ahead,percent,2.71837243939145e-11,Bin,6.4,6.5
Mississippi,2 wk ahead,percent,2.71837243939145e-11,Bin,6.5,6.6
Mississippi,2 wk ahead,percent,2.71837243939145e-11,Bin,6.6,6.7
Mississippi,2 wk ahead,percent,2.71837243939145e-11,Bin,6.7,6.8
Mississippi,2 wk ahead,percent,2.71837243939145e-11,Bin,6.8,6.9
Mississippi,2 wk ahead,percent,2.71837243939145e-11,Bin,6.9,7.0
Mississippi,2 wk ahead,percent,2.71837243939145e-11,Bin,7.0,7.1
Mississippi,2 wk ahead,percent,2.71837243939145e-11,Bin,7.1,7.2
Mississippi,2 wk ahead,percent,2.71837243939145e-11,Bin,7.2,7.3
Mississippi,2 wk ahead,percent,2.71837243939145e-11,Bin,7.3,7.4
Mississippi,2 wk ahead,percent,2.71837243939145e-11,Bin,7.4,7.5
Mississippi,2 wk ahead,percent,2.71837243939145e-11,Bin,7.5,7.6
Mississippi,2 wk ahead,percent,2.71837243939145e-11,Bin,7.6,7.7
Mississippi,2 wk ahead,percent,2.71837243939145e-11,Bin,7.7,7.8
Mississippi,2 wk ahead,percent,2.71837243939145e-11,Bin,7.8,7.9
Mississippi,2 wk ahead,percent,2.71837243939145e-11,Bin,7.9,8.0
Mississippi,2 wk ahead,percent,2.71837243939147e-11,Bin,8.0,8.1
Mississippi,2 wk ahead,percent,2.7183724393915e-11,Bin,8.1,8.2
Mississippi,2 wk ahead,percent,2.7183724393915e-11,Bin,8.2,8.3
Mississippi,2 wk ahead,percent,2.7183724393915e-11,Bin,8.3,8.4
Mississippi,2 wk ahead,percent,2.7183724393915e-11,Bin,8.4,8.5
Mississippi,2 wk ahead,percent,2.7183724393915e-11,Bin,8.5,8.6
Mississippi,2 wk ahead,percent,2.7183724393915e-11,Bin,8.6,8.7
Mississippi,2 wk ahead,percent,2.7183724393915e-11,Bin,8.7,8.8
Mississippi,2 wk ahead,percent,2.7183724393915e-11,Bin,8.8,8.9
Mississippi,2 wk ahead,percent,2.7183724393915e-11,Bin,8.9,9.0
Mississippi,2 wk ahead,percent,2.7183724393915e-11,Bin,9.0,9.1
Mississippi,2 wk ahead,percent,2.7183724393915e-11,Bin,9.1,9.2
Mississippi,2 wk ahead,percent,2.7183724393915e-11,Bin,9.2,9.3
Mississippi,2 wk ahead,percent,2.7183724393915e-11,Bin,9.3,9.4
Mississippi,2 wk ahead,percent,2.7183724393915e-11,Bin,9.4,9.5
Mississippi,2 wk ahead,percent,2.7183724393915e-11,Bin,9.5,9.6
Mississippi,2 wk ahead,percent,2.7183724393915e-11,Bin,9.6,9.7
Mississippi,2 wk ahead,percent,2.7183724393915e-11,Bin,9.7,9.8
Mississippi,2 wk ahead,percent,2.7183724393915e-11,Bin,9.8,9.9
Mississippi,2 wk ahead,percent,2.7183724393915e-11,Bin,9.9,10.0
Mississippi,2 wk ahead,percent,2.7183724393915e-11,Bin,10.0,10.1
Mississippi,2 wk ahead,percent,2.7183724393915e-11,Bin,10.1,10.2
Mississippi,2 wk ahead,percent,2.7183724393915e-11,Bin,10.2,10.3
Mississippi,2 wk ahead,percent,2.7183724393915e-11,Bin,10.3,10.4
Mississippi,2 wk ahead,percent,2.7183724393915e-11,Bin,10.4,10.5
Mississippi,2 wk ahead,percent,2.7183724393915e-11,Bin,10.5,10.6
Mississippi,2 wk ahead,percent,2.7183724393915e-11,Bin,10.6,10.7
Mississippi,2 wk ahead,percent,2.7183724393915e-11,Bin,10.7,10.8
Mississippi,2 wk ahead,percent,2.7183724393915e-11,Bin,10.8,10.9
Mississippi,2 wk ahead,percent,2.7183724393915e-11,Bin,10.9,11.0
Mississippi,2 wk ahead,percent,2.7183724393915e-11,Bin,11.0,11.1
Mississippi,2 wk ahead,percent,2.7183724393915e-11,Bin,11.1,11.2
Mississippi,2 wk ahead,percent,2.7183724393915e-11,Bin,11.2,11.3
Mississippi,2 wk ahead,percent,2.7183724393915e-11,Bin,11.3,11.4
Mississippi,2 wk ahead,percent,2.7183724393915e-11,Bin,11.4,11.5
Mississippi,2 wk ahead,percent,2.7183724393915e-11,Bin,11.5,11.6
Mississippi,2 wk ahead,percent,2.7183724393915e-11,Bin,11.6,11.7
Mississippi,2 wk ahead,percent,2.7183724393915e-11,Bin,11.7,11.8
Mississippi,2 wk ahead,percent,2.7183724393915e-11,Bin,11.8,11.9
Mississippi,2 wk ahead,percent,2.7183724393915e-11,Bin,11.9,12.0
Mississippi,2 wk ahead,percent,2.7183724393915e-11,Bin,12.0,12.1
Mississippi,2 wk ahead,percent,2.7183724393915e-11,Bin,12.1,12.2
Mississippi,2 wk ahead,percent,2.7183724393915e-11,Bin,12.2,12.3
Mississippi,2 wk ahead,percent,2.7183724393915e-11,Bin,12.3,12.4
Mississippi,2 wk ahead,percent,2.7183724393915e-11,Bin,12.4,12.5
Mississippi,2 wk ahead,percent,2.7183724393915e-11,Bin,12.5,12.6
Mississippi,2 wk ahead,percent,2.7183724393915e-11,Bin,12.6,12.7
Mississippi,2 wk ahead,percent,2.7183724393915e-11,Bin,12.7,12.8
Mississippi,2 wk ahead,percent,2.7183724393915e-11,Bin,12.8,12.9
Mississippi,2 wk ahead,percent,2.7183724393915e-11,Bin,12.9,13.0
Mississippi,2 wk ahead,percent,2.7183724393915e-11,Bin,13.0,100.0
Mississippi,3 wk ahead,percent,7.43953985661132e-11,Bin,0.0,0.1
Mississippi,3 wk ahead,percent,1.48790797132226e-10,Bin,0.1,0.2
Mississippi,3 wk ahead,percent,1.48790797132226e-10,Bin,0.2,0.3
Mississippi,3 wk ahead,percent,1.48790797132226e-10,Bin,0.3,0.4
Mississippi,3 wk ahead,percent,1.48790797132226e-10,Bin,0.4,0.5
Mississippi,3 wk ahead,percent,1.48790797132226e-10,Bin,0.5,0.6
Mississippi,3 wk ahead,percent,1.48790797132227e-10,Bin,0.6,0.7
Mississippi,3 wk ahead,percent,1.48790797132227e-10,Bin,0.7,0.8
Mississippi,3 wk ahead,percent,1.48790797132227e-10,Bin,0.8,0.9
Mississippi,3 wk ahead,percent,1.48790797132227e-10,Bin,0.9,1.0
Mississippi,3 wk ahead,percent,1.48790797132227e-10,Bin,1.0,1.1
Mississippi,3 wk ahead,percent,1.48790797132227e-10,Bin,1.1,1.2
Mississippi,3 wk ahead,percent,0.00599999888635715,Bin,1.2,1.3
Mississippi,3 wk ahead,percent,0.00199999972797958,Bin,1.3,1.4
Mississippi,3 wk ahead,percent,0.0159999967823011,Bin,1.4,1.5
Mississippi,3 wk ahead,percent,0.0339999929950001,Bin,1.5,1.6
Mississippi,3 wk ahead,percent,0.0579999879452655,Bin,1.6,1.7
Mississippi,3 wk ahead,percent,0.0699999857374379,Bin,1.7,1.8
Mississippi,3 wk ahead,percent,0.11999997782985,Bin,1.8,1.9
Mississippi,3 wk ahead,percent,0.125999983199758,Bin,1.9,2.0
Mississippi,3 wk ahead,percent,0.137999987561912,Bin,2.0,2.1
Mississippi,3 wk ahead,percent,0.143999992027227,Bin,2.1,2.2
Mississippi,3 wk ahead,percent,0.108000008059726,Bin,2.2,2.3
Mississippi,3 wk ahead,percent,0.0600000229361647,Bin,2.3,2.4
Mississippi,3 wk ahead,percent,0.0400000214481107,Bin,2.4,2.5
Mississippi,3 wk ahead,percent,0.0220000120199125,Bin,2.5,2.6
Mississippi,3 wk ahead,percent,0.0180000016964259,Bin,2.6,2.7
Mississippi,3 wk ahead,percent,0.00799999928307714,Bin,2.7,2.8
Mississippi,3 wk ahead,percent,0.00399999924322877,Bin,2.8,2.9
Mississippi,3 wk ahead,percent,0.0019999995857038,Bin,2.9,3.0
Mississippi,3 wk ahead,percent,0.00399999922914779,Bin,3.0,3.1
Mississippi,3 wk ahead,percent,0.00399999991628793,Bin,3.1,3.2
Mississippi,3 wk ahead,percent,3.70015182845239e-09,Bin,3.2,3.3
Mississippi,3 wk ahead,percent,0.00200000785606939,Bin,3.3,3.4
Mississippi,3 wk ahead,percent,0.00200000809139788,Bin,3.4,3.5
Mississippi,3 wk ahead,percent,4.02528760767996e-09,Bin,3.5,3.6
Mississippi,3 wk ahead,percent,0.00599999960999934,Bin,3.6,3.7
Mississippi,3 wk ahead,percent,1.27493193401052e-10,Bin,3.7,3.8
Mississippi,3 wk ahead,percent,1.07850178850128e-10,Bin,3.8,3.9
Mississippi,3 wk ahead,percent,0.00199999968703896,Bin,3.9,4.0
Mississippi,3 wk ahead,percent,1.07850178850128e-10,Bin,4.0,4.1
Mississippi,3 wk ahead,percent,1.07850178850128e-10,Bin,4.1,4.2
Mississippi,3 wk ahead,percent,0.00199999968703896,Bin,4.2,4.3
Mississippi,3 wk ahead,percent,1.07850178850128e-10,Bin,4.3,4.4
Mississippi,3 wk ahead,percent,1.07850178850128e-10,Bin,4.4,4.5
Mississippi,3 wk ahead,percent,1.07850178850128e-10,Bin,4.5,4.6
Mississippi,3 wk ahead,percent,1.07850178850128e-10,Bin,4.6,4.7
Mississippi,3 wk ahead,percent,1.07850178850128e-10,Bin,4.7,4.8
Mississippi,3 wk ahead,percent,0.00199999968703896,Bin,4.8,4.9
Mississippi,3 wk ahead,percent,1.07850178850128e-10,Bin,4.9,5.0
Mississippi,3 wk ahead,percent,1.07850178850128e-10,Bin,5.0,5.1
Mississippi,3 wk ahead,percent,1.07850178850128e-10,Bin,5.1,5.2
Mississippi,3 wk ahead,percent,1.07850178850128e-10,Bin,5.2,5.3
Mississippi,3 wk ahead,percent,1.07850178850128e-10,Bin,5.3,5.4
Mississippi,3 wk ahead,percent,1.07850178850128e-10,Bin,5.4,5.5
Mississippi,3 wk ahead,percent,1.07850178850128e-10,Bin,5.5,5.6
Mississippi,3 wk ahead,percent,1.07850178850128e-10,Bin,5.6,5.7
Mississippi,3 wk ahead,percent,1.07850178850128e-10,Bin,5.7,5.8
Mississippi,3 wk ahead,percent,1.07850178850128e-10,Bin,5.8,5.9
Mississippi,3 wk ahead,percent,1.07850178850128e-10,Bin,5.9,6.0
Mississippi,3 wk ahead,percent,1.07850178850128e-10,Bin,6.0,6.1
Mississippi,3 wk ahead,percent,1.07850178850128e-10,Bin,6.1,6.2
Mississippi,3 wk ahead,percent,1.07850178850128e-10,Bin,6.2,6.3
Mississippi,3 wk ahead,percent,1.07850178850128e-10,Bin,6.3,6.4
Mississippi,3 wk ahead,percent,1.07850178850128e-10,Bin,6.4,6.5
Mississippi,3 wk ahead,percent,1.07850178850128e-10,Bin,6.5,6.6
Mississippi,3 wk ahead,percent,1.07850178850128e-10,Bin,6.6,6.7
Mississippi,3 wk ahead,percent,1.07850178850128e-10,Bin,6.7,6.8
Mississippi,3 wk ahead,percent,1.07850178850128e-10,Bin,6.8,6.9
Mississippi,3 wk ahead,percent,1.07850178850128e-10,Bin,6.9,7.0
Mississippi,3 wk ahead,percent,1.07850178850128e-10,Bin,7.0,7.1
Mississippi,3 wk ahead,percent,1.07850178850128e-10,Bin,7.1,7.2
Mississippi,3 wk ahead,percent,1.07850178850128e-10,Bin,7.2,7.3
Mississippi,3 wk ahead,percent,1.07850178850128e-10,Bin,7.3,7.4
Mississippi,3 wk ahead,percent,1.07850178850128e-10,Bin,7.4,7.5
Mississippi,3 wk ahead,percent,1.07850178850128e-10,Bin,7.5,7.6
Mississippi,3 wk ahead,percent,1.07850178850128e-10,Bin,7.6,7.7
Mississippi,3 wk ahead,percent,1.07850178850128e-10,Bin,7.7,7.8
Mississippi,3 wk ahead,percent,1.07850178850128e-10,Bin,7.8,7.9
Mississippi,3 wk ahead,percent,1.07850178850128e-10,Bin,7.9,8.0
Mississippi,3 wk ahead,percent,1.07850178850129e-10,Bin,8.0,8.1
Mississippi,3 wk ahead,percent,1.0785017885013e-10,Bin,8.1,8.2
Mississippi,3 wk ahead,percent,1.0785017885013e-10,Bin,8.2,8.3
Mississippi,3 wk ahead,percent,1.0785017885013e-10,Bin,8.3,8.4
Mississippi,3 wk ahead,percent,1.0785017885013e-10,Bin,8.4,8.5
Mississippi,3 wk ahead,percent,1.0785017885013e-10,Bin,8.5,8.6
Mississippi,3 wk ahead,percent,1.0785017885013e-10,Bin,8.6,8.7
Mississippi,3 wk ahead,percent,1.0785017885013e-10,Bin,8.7,8.8
Mississippi,3 wk ahead,percent,1.0785017885013e-10,Bin,8.8,8.9
Mississippi,3 wk ahead,percent,1.0785017885013e-10,Bin,8.9,9.0
Mississippi,3 wk ahead,percent,1.0785017885013e-10,Bin,9.0,9.1
Mississippi,3 wk ahead,percent,1.0785017885013e-10,Bin,9.1,9.2
Mississippi,3 wk ahead,percent,1.0785017885013e-10,Bin,9.2,9.3
Mississippi,3 wk ahead,percent,1.0785017885013e-10,Bin,9.3,9.4
Mississippi,3 wk ahead,percent,1.0785017885013e-10,Bin,9.4,9.5
Mississippi,3 wk ahead,percent,1.0785017885013e-10,Bin,9.5,9.6
Mississippi,3 wk ahead,percent,1.0785017885013e-10,Bin,9.6,9.7
Mississippi,3 wk ahead,percent,1.0785017885013e-10,Bin,9.7,9.8
Mississippi,3 wk ahead,percent,1.0785017885013e-10,Bin,9.8,9.9
Mississippi,3 wk ahead,percent,1.0785017885013e-10,Bin,9.9,10.0
Mississippi,3 wk ahead,percent,1.0785017885013e-10,Bin,10.0,10.1
Mississippi,3 wk ahead,percent,1.0785017885013e-10,Bin,10.1,10.2
Mississippi,3 wk ahead,percent,1.0785017885013e-10,Bin,10.2,10.3
Mississippi,3 wk ahead,percent,1.0785017885013e-10,Bin,10.3,10.4
Mississippi,3 wk ahead,percent,1.0785017885013e-10,Bin,10.4,10.5
Mississippi,3 wk ahead,percent,1.0785017885013e-10,Bin,10.5,10.6
Mississippi,3 wk ahead,percent,1.0785017885013e-10,Bin,10.6,10.7
Mississippi,3 wk ahead,percent,1.0785017885013e-10,Bin,10.7,10.8
Mississippi,3 wk ahead,percent,1.0785017885013e-10,Bin,10.8,10.9
Mississippi,3 wk ahead,percent,1.0785017885013e-10,Bin,10.9,11.0
Mississippi,3 wk ahead,percent,1.0785017885013e-10,Bin,11.0,11.1
Mississippi,3 wk ahead,percent,1.0785017885013e-10,Bin,11.1,11.2
Mississippi,3 wk ahead,percent,1.0785017885013e-10,Bin,11.2,11.3
Mississippi,3 wk ahead,percent,1.0785017885013e-10,Bin,11.3,11.4
Mississippi,3 wk ahead,percent,1.0785017885013e-10,Bin,11.4,11.5
Mississippi,3 wk ahead,percent,1.0785017885013e-10,Bin,11.5,11.6
Mississippi,3 wk ahead,percent,1.0785017885013e-10,Bin,11.6,11.7
Mississippi,3 wk ahead,percent,1.0785017885013e-10,Bin,11.7,11.8
Mississippi,3 wk ahead,percent,1.0785017885013e-10,Bin,11.8,11.9
Mississippi,3 wk ahead,percent,1.0785017885013e-10,Bin,11.9,12.0
Mississippi,3 wk ahead,percent,1.0785017885013e-10,Bin,12.0,12.1
Mississippi,3 wk ahead,percent,1.0785017885013e-10,Bin,12.1,12.2
Mississippi,3 wk ahead,percent,1.0785017885013e-10,Bin,12.2,12.3
Mississippi,3 wk ahead,percent,1.0785017885013e-10,Bin,12.3,12.4
Mississippi,3 wk ahead,percent,1.0785017885013e-10,Bin,12.4,12.5
Mississippi,3 wk ahead,percent,1.0785017885013e-10,Bin,12.5,12.6
Mississippi,3 wk ahead,percent,1.0785017885013e-10,Bin,12.6,12.7
Mississippi,3 wk ahead,percent,1.0785017885013e-10,Bin,12.7,12.8
Mississippi,3 wk ahead,percent,1.0785017885013e-10,Bin,12.8,12.9
Mississippi,3 wk ahead,percent,1.0785017885013e-10,Bin,12.9,13.0
Mississippi,3 wk ahead,percent,1.0785017885013e-10,Bin,13.0,100.0
Mississippi,4 wk ahead,percent,1.56213617017595e-10,Bin,0.0,0.1
Mississippi,4 wk ahead,percent,3.1242723403519e-10,Bin,0.1,0.2
Mississippi,4 wk ahead,percent,3.12427234035189e-10,Bin,0.2,0.3
Mississippi,4 wk ahead,percent,3.12427234035189e-10,Bin,0.3,0.4
Mississippi,4 wk ahead,percent,3.12427234035189e-10,Bin,0.4,0.5
Mississippi,4 wk ahead,percent,3.1242723403519e-10,Bin,0.5,0.6
Mississippi,4 wk ahead,percent,3.1242723403519e-10,Bin,0.6,0.7
Mississippi,4 wk ahead,percent,3.1242723403519e-10,Bin,0.7,0.8
Mississippi,4 wk ahead,percent,3.1242723403519e-10,Bin,0.8,0.9
Mississippi,4 wk ahead,percent,3.1242723403519e-10,Bin,0.9,1.0
Mississippi,4 wk ahead,percent,3.1242723403519e-10,Bin,1.0,1.1
Mississippi,4 wk ahead,percent,3.1242723403519e-10,Bin,1.1,1.2
Mississippi,4 wk ahead,percent,0.00599999905354166,Bin,1.2,1.3
Mississippi,4 wk ahead,percent,0.015999996955399,Bin,1.3,1.4
Mississippi,4 wk ahead,percent,0.0119999977946561,Bin,1.4,1.5
Mississippi,4 wk ahead,percent,0.0479999902413427,Bin,1.5,1.6
Mississippi,4 wk ahead,percent,0.0839999826880292,Bin,1.6,1.7
Mississippi,4 wk ahead,percent,0.117999975554344,Bin,1.7,1.8
Mississippi,4 wk ahead,percent,0.125999973923201,Bin,1.8,1.9
Mississippi,4 wk ahead,percent,0.163999981699688,Bin,1.9,2.0
Mississippi,4 wk ahead,percent,0.145999972223109,Bin,2.0,2.1
Mississippi,4 wk ahead,percent,0.0999999791264978,Bin,2.1,2.2
Mississippi,4 wk ahead,percent,0.0600000348622501,Bin,2.2,2.3
Mississippi,4 wk ahead,percent,0.0300000408512227,Bin,2.3,2.4
Mississippi,4 wk ahead,percent,0.0220000222408377,Bin,2.4,2.5
Mississippi,4 wk ahead,percent,0.0140000060917356,Bin,2.5,2.6
Mississippi,4 wk ahead,percent,0.011999997482672,Bin,2.6,2.7
Mississippi,4 wk ahead,percent,0.00199999958037148,Bin,2.7,2.8
Mississippi,4 wk ahead,percent,0.0139999970626003,Bin,2.8,2.9
Mississippi,4 wk ahead,percent,0.00799999832148591,Bin,2.9,3.0
Mississippi,4 wk ahead,percent,0.00199999958037148,Bin,3.0,3.1
Mississippi,4 wk ahead,percent,9.76614704765151e-25,Bin,3.1,3.2
Mississippi,4 wk ahead,percent,0.00199999958037148,Bin,3.2,3.3
Mississippi,4 wk ahead,percent,0.00399999916074295,Bin,3.3,3.4
Mississippi,4 wk ahead,percent,7.87573143177376e-26,Bin,3.4,3.5
Mississippi,4 wk ahead,percent,0.00199999958037148,Bin,3.5,3.6
Mississippi,4 wk ahead,percent,6.01387845352755e-11,Bin,3.6,3.7
Mississippi,4 wk ahead,percent,0.00200001640171311,Bin,3.7,3.8
Mississippi,4 wk ahead,percent,4.89768788945207e-09,Bin,3.8,3.9
Mississippi,4 wk ahead,percent,3.54908597488198e-10,Bin,3.9,4.0
Mississippi,4 wk ahead,percent,3.54908597488198e-10,Bin,4.0,4.1
Mississippi,4 wk ahead,percent,3.54908597488198e-10,Bin,4.1,4.2
Mississippi,4 wk ahead,percent,3.54908597488198e-10,Bin,4.2,4.3
Mississippi,4 wk ahead,percent,3.54908597488198e-10,Bin,4.3,4.4
Mississippi,4 wk ahead,percent,0.00199999993528007,Bin,4.4,4.5
Mississippi,4 wk ahead,percent,3.54908597488198e-10,Bin,4.5,4.6
Mississippi,4 wk ahead,percent,3.54908597488198e-10,Bin,4.6,4.7
Mississippi,4 wk ahead,percent,3.54908597488198e-10,Bin,4.7,4.8
Mississippi,4 wk ahead,percent,3.54908597488198e-10,Bin,4.8,4.9
Mississippi,4 wk ahead,percent,3.54908597488198e-10,Bin,4.9,5.0
Mississippi,4 wk ahead,percent,3.54908597488198e-10,Bin,5.0,5.1
Mississippi,4 wk ahead,percent,3.54908597488198e-10,Bin,5.1,5.2
Mississippi,4 wk ahead,percent,3.54908597488198e-10,Bin,5.2,5.3
Mississippi,4 wk ahead,percent,3.54908597488198e-10,Bin,5.3,5.4
Mississippi,4 wk ahead,percent,3.54908597488198e-10,Bin,5.4,5.5
Mississippi,4 wk ahead,percent,0.00399999951565155,Bin,5.5,5.6
Mississippi,4 wk ahead,percent,3.54908597488198e-10,Bin,5.6,5.7
Mississippi,4 wk ahead,percent,3.54908597488198e-10,Bin,5.7,5.8
Mississippi,4 wk ahead,percent,3.54908597488198e-10,Bin,5.8,5.9
Mississippi,4 wk ahead,percent,3.54908597488198e-10,Bin,5.9,6.0
Mississippi,4 wk ahead,percent,3.54908597488198e-10,Bin,6.0,6.1
Mississippi,4 wk ahead,percent,3.54908597488198e-10,Bin,6.1,6.2
Mississippi,4 wk ahead,percent,3.54908597488198e-10,Bin,6.2,6.3
Mississippi,4 wk ahead,percent,3.54908597488198e-10,Bin,6.3,6.4
Mississippi,4 wk ahead,percent,3.54908597488198e-10,Bin,6.4,6.5
Mississippi,4 wk ahead,percent,3.54908597488198e-10,Bin,6.5,6.6
Mississippi,4 wk ahead,percent,3.54908597488198e-10,Bin,6.6,6.7
Mississippi,4 wk ahead,percent,3.54908597488198e-10,Bin,6.7,6.8
Mississippi,4 wk ahead,percent,3.54908597488198e-10,Bin,6.8,6.9
Mississippi,4 wk ahead,percent,3.54908597488198e-10,Bin,6.9,7.0
Mississippi,4 wk ahead,percent,3.54908597488198e-10,Bin,7.0,7.1
Mississippi,4 wk ahead,percent,3.54908597488198e-10,Bin,7.1,7.2
Mississippi,4 wk ahead,percent,3.54908597488198e-10,Bin,7.2,7.3
Mississippi,4 wk ahead,percent,3.54908597488198e-10,Bin,7.3,7.4
Mississippi,4 wk ahead,percent,3.54908597488198e-10,Bin,7.4,7.5
Mississippi,4 wk ahead,percent,3.54908597488198e-10,Bin,7.5,7.6
Mississippi,4 wk ahead,percent,3.54908597488198e-10,Bin,7.6,7.7
Mississippi,4 wk ahead,percent,3.54908597488198e-10,Bin,7.7,7.8
Mississippi,4 wk ahead,percent,3.54908597488198e-10,Bin,7.8,7.9
Mississippi,4 wk ahead,percent,3.54908597488198e-10,Bin,7.9,8.0
Mississippi,4 wk ahead,percent,3.54908597488202e-10,Bin,8.0,8.1
Mississippi,4 wk ahead,percent,3.54908597488205e-10,Bin,8.1,8.2
Mississippi,4 wk ahead,percent,3.54908597488205e-10,Bin,8.2,8.3
Mississippi,4 wk ahead,percent,3.54908597488205e-10,Bin,8.3,8.4
Mississippi,4 wk ahead,percent,3.54908597488205e-10,Bin,8.4,8.5
Mississippi,4 wk ahead,percent,3.54908597488205e-10,Bin,8.5,8.6
Mississippi,4 wk ahead,percent,3.54908597488205e-10,Bin,8.6,8.7
Mississippi,4 wk ahead,percent,3.54908597488205e-10,Bin,8.7,8.8
Mississippi,4 wk ahead,percent,3.54908597488205e-10,Bin,8.8,8.9
Mississippi,4 wk ahead,percent,3.54908597488205e-10,Bin,8.9,9.0
Mississippi,4 wk ahead,percent,3.54908597488205e-10,Bin,9.0,9.1
Mississippi,4 wk ahead,percent,3.54908597488205e-10,Bin,9.1,9.2
Mississippi,4 wk ahead,percent,3.54908597488205e-10,Bin,9.2,9.3
Mississippi,4 wk ahead,percent,3.54908597488205e-10,Bin,9.3,9.4
Mississippi,4 wk ahead,percent,3.54908597488205e-10,Bin,9.4,9.5
Mississippi,4 wk ahead,percent,3.54908597488205e-10,Bin,9.5,9.6
Mississippi,4 wk ahead,percent,3.54908597488205e-10,Bin,9.6,9.7
Mississippi,4 wk ahead,percent,3.54908597488205e-10,Bin,9.7,9.8
Mississippi,4 wk ahead,percent,3.54908597488205e-10,Bin,9.8,9.9
Mississippi,4 wk ahead,percent,3.54908597488205e-10,Bin,9.9,10.0
Mississippi,4 wk ahead,percent,3.54908597488205e-10,Bin,10.0,10.1
Mississippi,4 wk ahead,percent,3.54908597488205e-10,Bin,10.1,10.2
Mississippi,4 wk ahead,percent,3.54908597488205e-10,Bin,10.2,10.3
Mississippi,4 wk ahead,percent,3.54908597488205e-10,Bin,10.3,10.4
Mississippi,4 wk ahead,percent,3.54908597488205e-10,Bin,10.4,10.5
Mississippi,4 wk ahead,percent,3.54908597488205e-10,Bin,10.5,10.6
Mississippi,4 wk ahead,percent,3.54908597488205e-10,Bin,10.6,10.7
Mississippi,4 wk ahead,percent,3.54908597488205e-10,Bin,10.7,10.8
Mississippi,4 wk ahead,percent,3.54908597488205e-10,Bin,10.8,10.9
Mississippi,4 wk ahead,percent,3.54908597488205e-10,Bin,10.9,11.0
Mississippi,4 wk ahead,percent,3.54908597488205e-10,Bin,11.0,11.1
Mississippi,4 wk ahead,percent,3.54908597488205e-10,Bin,11.1,11.2
Mississippi,4 wk ahead,percent,3.54908597488205e-10,Bin,11.2,11.3
Mississippi,4 wk ahead,percent,3.54908597488205e-10,Bin,11.3,11.4
Mississippi,4 wk ahead,percent,3.54908597488205e-10,Bin,11.4,11.5
Mississippi,4 wk ahead,percent,3.54908597488205e-10,Bin,11.5,11.6
Mississippi,4 wk ahead,percent,3.54908597488205e-10,Bin,11.6,11.7
Mississippi,4 wk ahead,percent,3.54908597488205e-10,Bin,11.7,11.8
Mississippi,4 wk ahead,percent,3.54908597488205e-10,Bin,11.8,11.9
Mississippi,4 wk ahead,percent,3.54908597488205e-10,Bin,11.9,12.0
Mississippi,4 wk ahead,percent,3.54908597488205e-10,Bin,12.0,12.1
Mississippi,4 wk ahead,percent,3.54908597488205e-10,Bin,12.1,12.2
Mississippi,4 wk ahead,percent,3.54908597488205e-10,Bin,12.2,12.3
Mississippi,4 wk ahead,percent,3.54908597488205e-10,Bin,12.3,12.4
Mississippi,4 wk ahead,percent,3.54908597488205e-10,Bin,12.4,12.5
Mississippi,4 wk ahead,percent,3.54908597488205e-10,Bin,12.5,12.6
Mississippi,4 wk ahead,percent,3.54908597488205e-10,Bin,12.6,12.7
Mississippi,4 wk ahead,percent,3.54908597488205e-10,Bin,12.7,12.8
Mississippi,4 wk ahead,percent,3.54908597488205e-10,Bin,12.8,12.9
Mississippi,4 wk ahead,percent,3.54908597488205e-10,Bin,12.9,13.0
Mississippi,4 wk ahead,percent,3.54908597488205e-10,Bin,13.0,100.0
Mississippi,Season peak percentage,percent,3.68969353379211e-14,Bin,0.0,0.1
Mississippi,Season peak percentage,percent,7.37938706758422e-14,Bin,0.1,0.2
Mississippi,Season peak percentage,percent,7.37938706758422e-14,Bin,0.2,0.3
Mississippi,Season peak percentage,percent,7.37938706758422e-14,Bin,0.3,0.4
Mississippi,Season peak percentage,percent,7.37938706758422e-14,Bin,0.4,0.5
Mississippi,Season peak percentage,percent,7.37938706758423e-14,Bin,0.5,0.6
Mississippi,Season peak percentage,percent,7.37938706758423e-14,Bin,0.6,0.7
Mississippi,Season peak percentage,percent,7.37938706758423e-14,Bin,0.7,0.8
Mississippi,Season peak percentage,percent,7.72836048270205e-14,Bin,0.8,0.9
Mississippi,Season peak percentage,percent,9.33430974427077e-14,Bin,0.9,1.0
Mississippi,Season peak percentage,percent,1.13398253180343e-13,Bin,1.0,1.1
Mississippi,Season peak percentage,percent,1.37210404881592e-13,Bin,1.1,1.2
Mississippi,Season peak percentage,percent,1.65249349335423e-13,Bin,1.2,1.3
Mississippi,Season peak percentage,percent,1.98221440553953e-13,Bin,1.3,1.4
Mississippi,Season peak percentage,percent,2.36703937095594e-13,Bin,1.4,1.5
Mississippi,Season peak percentage,percent,2.81493283406448e-13,Bin,1.5,1.6
Mississippi,Season peak percentage,percent,3.33248622912347e-13,Bin,1.6,1.7
Mississippi,Season peak percentage,percent,3.9294130898271e-13,Bin,1.7,1.8
Mississippi,Season peak percentage,percent,4.61262866561625e-13,Bin,1.8,1.9
Mississippi,Season peak percentage,percent,5.39210602898492e-13,Bin,1.9,2.0
Mississippi,Season peak percentage,percent,6.27570573562139e-13,Bin,2.0,2.1
Mississippi,Season peak percentage,percent,7.27479507931113e-13,Bin,2.1,2.2
Mississippi,Season peak percentage,percent,8.39581953919508e-13,Bin,2.2,2.3
Mississippi,Season peak percentage,percent,9.64948529588463e-13,Bin,2.3,2.4
Mississippi,Season peak percentage,percent,1.10429331409105e-12,Bin,2.4,2.5
Mississippi,Season peak percentage,percent,1.2586687909878e-12,Bin,2.5,2.6
Mississippi,Season peak percentage,percent,1.42843366850494e-12,Bin,2.6,2.7
Mississippi,Season peak percentage,percent,1.61449097977038e-12,Bin,2.7,2.8
Mississippi,Season peak percentage,percent,1.8171455105693e-12,Bin,2.8,2.9
Mississippi,Season peak percentage,percent,2.03696522932748e-12,Bin,2.9,3.0
Mississippi,Season peak percentage,percent,2.27383007640173e-12,Bin,3.0,3.1
Mississippi,Season peak percentage,percent,2.52807980776775e-12,Bin,3.1,3.2
Mississippi,Season peak percentage,percent,2.79925362659392e-12,Bin,3.2,3.3
Mississippi,Season peak percentage,percent,3.08711233915067e-12,Bin,3.3,3.4
Mississippi,Season peak percentage,percent,3.39084569535618e-12,Bin,3.4,3.5
Mississippi,Season peak percentage,percent,3.70985514119995e-12,Bin,3.5,3.6
Mississippi,Season peak percentage,percent,4.04276743218247e-12,Bin,3.6,3.7
Mississippi,Season peak percentage,percent,4.38839231564369e-12,Bin,3.7,3.8
Mississippi,Season peak percentage,percent,4.74509515717994e-12,Bin,3.8,3.9
Mississippi,Season peak percentage,percent,5.11125339191718e-12,Bin,3.9,4.0
Mississippi,Season peak percentage,percent,5.48472243590254e-12,Bin,4.0,4.1
Mississippi,Season peak percentage,percent,5.86346659421972e-12,Bin,4.1,4.2
Mississippi,Season peak percentage,percent,6.24519967598749e-12,Bin,4.2,4.3
Mississippi,Season peak percentage,percent,6.62751573683683e-12,Bin,4.3,4.4
Mississippi,Season peak percentage,percent,7.00798195162102e-12,Bin,4.4,4.5
Mississippi,Season peak percentage,percent,7.38405488615715e-12,Bin,4.5,4.6
Mississippi,Season peak percentage,percent,7.75328341894296e-12,Bin,4.6,4.7
Mississippi,Season peak percentage,percent,8.11311264712238e-12,Bin,4.7,4.8
Mississippi,Season peak percentage,percent,8.46133255686222e-12,Bin,4.8,4.9
Mississippi,Season peak percentage,percent,8.79543580541572e-12,Bin,4.9,5.0
Mississippi,Season peak percentage,percent,9.11350337934922e-12,Bin,5.0,5.1
Mississippi,Season peak percentage,percent,9.41348480379571e-12,Bin,5.1,5.2
Mississippi,Season peak percentage,percent,9.69380556228821e-12,Bin,5.2,5.3
Mississippi,Season peak percentage,percent,9.952596540697e-12,Bin,5.3,5.4
Mississippi,Season peak percentage,percent,1.01889826214395e-11,Bin,5.4,5.5
Mississippi,Season peak percentage,percent,1.04017901914043e-11,Bin,5.5,5.6
Mississippi,Season peak percentage,percent,1.05903394083508e-11,Bin,5.6,5.7
Mississippi,Season peak percentage,percent,1.07537828698955e-11,Bin,5.7,5.8
Mississippi,Season peak percentage,percent,1.08923408105666e-11,Bin,5.8,5.9
Mississippi,Season peak percentage,percent,1.10057487226865e-11,Bin,5.9,6.0
Mississippi,Season peak percentage,percent,1.10942320067469e-11,Bin,6.0,6.1
Mississippi,Season peak percentage,percent,1.11580013489466e-11,Bin,6.1,6.2
Mississippi,Season peak percentage,percent,1.11979886573984e-11,Bin,6.2,6.3
Mississippi,Season peak percentage,percent,1.12146419577236e-11,Bin,6.3,6.4
Mississippi,Season peak percentage,percent,1.12088938351021e-11,Bin,6.4,6.5
Mississippi,Season peak percentage,percent,1.11816755576729e-11,Bin,6.5,6.6
Mississippi,Season peak percentage,percent,1.11342094529984e-11,Bin,6.6,6.7
Mississippi,Season peak percentage,percent,1.10673790799808e-11,Bin,6.7,6.8
Mississippi,Season peak percentage,percent,1.09825551276991e-11,Bin,6.8,6.9
Mississippi,Season peak percentage,percent,1.08809619835702e-11,Bin,6.9,7.0
Mississippi,Season peak percentage,percent,1.07638953481862e-11,Bin,7.0,7.1
Mississippi,Season peak percentage,percent,1.0632508121046e-11,Bin,7.1,7.2
Mississippi,Season peak percentage,percent,1.04883475374221e-11,Bin,7.2,7.3
Mississippi,Season peak percentage,percent,1.03327434423534e-11,Bin,7.3,7.4
Mississippi,Season peak percentage,percent,1.01670603779415e-11,Bin,7.4,7.5
Mississippi,Season peak percentage,percent,9.99271615717981e-12,Bin,7.5,7.6
Mississippi,Season peak percentage,percent,9.81129359435553e-12,Bin,7.6,7.7
Mississippi,Season peak percentage,percent,9.62427326476760e-12,Bin,7.7,7.8
Mississippi,Season peak percentage,percent,9.43319274701659e-12,Bin,7.8,7.9
Mississippi,Season peak percentage,percent,9.23968994028615e-12,Bin,7.9,8.0
Mississippi,Season peak percentage,percent,9.04540474345242e-12,Bin,8.0,8.1
Mississippi,Season peak percentage,percent,8.8520116958621e-12,Bin,8.1,8.2
Mississippi,Season peak percentage,percent,8.66120225701604e-12,Bin,8.2,8.3
Mississippi,Season peak percentage,percent,8.47468315880776e-12,Bin,8.3,8.4
Mississippi,Season peak percentage,percent,8.29409836995387e-12,Bin,8.4,8.5
Mississippi,Season peak percentage,percent,8.12118807271969e-12,Bin,8.5,8.6
Mississippi,Season peak percentage,percent,7.95749432233145e-12,Bin,8.6,8.7
Mississippi,Season peak percentage,percent,7.80449386025417e-12,Bin,8.7,8.8
Mississippi,Season peak percentage,percent,7.6636172957016e-12,Bin,8.8,8.9
Mississippi,Season peak percentage,percent,7.53623106585286e-12,Bin,8.9,9.0
Mississippi,Season peak percentage,percent,7.42329137545867e-12,Bin,9.0,9.1
Mississippi,Season peak percentage,percent,7.32567851869074e-12,Bin,9.1,9.2
Mississippi,Season peak percentage,percent,7.24420862022778e-12,Bin,9.2,9.3
Mississippi,Season peak percentage,percent,7.17934200394573e-12,Bin,9.3,9.4
Mississippi,Season peak percentage,percent,7.13113045230806e-12,Bin,9.4,9.5
Mississippi,Season peak percentage,percent,7.09952578566107e-12,Bin,9.5,9.6
Mississippi,Season peak percentage,percent,7.08435234655263e-12,Bin,9.6,9.7
Mississippi,Season peak percentage,percent,7.08488923299894e-12,Bin,9.7,9.8
Mississippi,Season peak percentage,percent,7.10021325323717e-12,Bin,9.8,9.9
Mississippi,Season peak percentage,percent,7.12925035108296e-12,Bin,9.9,10.0
Mississippi,Season peak percentage,percent,7.1707218362433e-12,Bin,10.0,10.1
Mississippi,Season peak percentage,percent,7.22292364519754e-12,Bin,10.1,10.2
Mississippi,Season peak percentage,percent,7.28415754711558e-12,Bin,10.2,10.3
Mississippi,Season peak percentage,percent,7.35252101932975e-12,Bin,10.3,10.4
Mississippi,Season peak percentage,percent,7.42598278541287e-12,Bin,10.4,10.5
Mississippi,Season peak percentage,percent,7.50240334335019e-12,Bin,10.5,10.6
Mississippi,Season peak percentage,percent,7.5796717111772e-12,Bin,10.6,10.7
Mississippi,Season peak percentage,percent,7.65558429734565e-12,Bin,10.7,10.8
Mississippi,Season peak percentage,percent,7.72803362580597e-12,Bin,10.8,10.9
Mississippi,Season peak percentage,percent,7.79499356055745e-12,Bin,10.9,11.0
Mississippi,Season peak percentage,percent,7.85442109032474e-12,Bin,11.0,11.1
Mississippi,Season peak percentage,percent,7.90449128487891e-12,Bin,11.1,11.2
Mississippi,Season peak percentage,percent,7.94356806433393e-12,Bin,11.2,11.3
Mississippi,Season peak percentage,percent,7.97018959936576e-12,Bin,11.3,11.4
Mississippi,Season peak percentage,percent,7.98284199218431e-12,Bin,11.4,11.5
Mississippi,Season peak percentage,percent,7.98057399538478e-12,Bin,11.5,11.6
Mississippi,Season peak percentage,percent,7.96246987758032e-12,Bin,11.6,11.7
Mississippi,Season peak percentage,percent,7.92786502593204e-12,Bin,11.7,11.8
Mississippi,Season peak percentage,percent,7.87613585509959e-12,Bin,11.8,11.9
Mississippi,Season peak percentage,percent,7.80725594670636e-12,Bin,11.9,12.0
Mississippi,Season peak percentage,percent,7.72103810295954e-12,Bin,12.0,12.1
Mississippi,Season peak percentage,percent,7.61767654217955e-12,Bin,12.1,12.2
Mississippi,Season peak percentage,percent,7.4974530050166e-12,Bin,12.2,12.3
Mississippi,Season peak percentage,percent,7.36107265527875e-12,Bin,12.3,12.4
Mississippi,Season peak percentage,percent,7.20895639298693e-12,Bin,12.4,12.5
Mississippi,Season peak percentage,percent,7.04204927520498e-12,Bin,12.5,12.6
Mississippi,Season peak percentage,percent,6.86126408409104e-12,Bin,12.6,12.7
Mississippi,Season peak percentage,percent,6.66776918264242e-12,Bin,12.7,12.8
Mississippi,Season peak percentage,percent,6.4624676311952e-12,Bin,12.8,12.9
Mississippi,Season peak percentage,percent,6.24675601647107e-12,Bin,12.9,13.0
Mississippi,Season peak percentage,percent,0.999999999183747,Bin,13.0,100.0
Mississippi,Season peak week,week,5.95477481677702e-05,Bin,40.0,41.0
Mississippi,Season peak week,week,5.95477481677702e-05,Bin,41.0,42.0
Mississippi,Season peak week,week,5.95477481677702e-05,Bin,42.0,43.0
Mississippi,Season peak week,week,5.95477481677702e-05,Bin,43.0,44.0
Mississippi,Season peak week,week,5.95477481677702e-05,Bin,44.0,45.0
Mississippi,Season peak week,week,5.95477481677702e-05,Bin,45.0,46.0
Mississippi,Season peak week,week,5.95477481677702e-05,Bin,46.0,47.0
Mississippi,Season peak week,week,0.000106066934412329,Bin,47.0,48.0
Mississippi,Season peak week,week,0.000603900974048606,Bin,48.0,49.0
Mississippi,Season peak week,week,0.00228364246923899,Bin,49.0,50.0
Mississippi,Season peak week,week,0.00548899578588753,Bin,50.0,51.0
Mississippi,Season peak week,week,0.00848030299018371,Bin,51.0,52.0
Mississippi,Season peak week,week,0.948534693492215,Bin,52.0,53.0
Mississippi,Season peak week,week,0.00548843474978953,Bin,1.0,2.0
Mississippi,Season peak week,week,0.0022839786993311,Bin,2.0,3.0
Mississippi,Season peak week,week,0.000608974728033785,Bin,3.0,4.0
Mississippi,Season peak week,week,0.000145989299506692,Bin,4.0,5.0
Mississippi,Season peak week,week,0.000272262497033715,Bin,5.0,6.0
Mississippi,Season peak week,week,0.000936025192860063,Bin,6.0,7.0
Mississippi,Season peak week,week,0.00216123150286629,Bin,7.0,8.0
Mississippi,Season peak week,week,0.00352253492776923,Bin,8.0,9.0
Mississippi,Season peak week,week,0.00460337829092527,Bin,9.0,10.0
Mississippi,Season peak week,week,0.00512514186085566,Bin,10.0,11.0
Mississippi,Season peak week,week,0.00449691340751953,Bin,11.0,12.0
Mississippi,Season peak week,week,0.00278981529921972,Bin,12.0,13.0
Mississippi,Season peak week,week,0.00114667931413738,Bin,13.0,14.0
Mississippi,Season peak week,week,0.000302266469492675,Bin,14.0,15.0
Mississippi,Season peak week,week,5.30465040247417e-05,Bin,15.0,16.0
Mississippi,Season peak week,week,2.97780746947713e-05,Bin,16.0,17.0
Mississippi,Season peak week,week,2.97780746947713e-05,Bin,17.0,18.0
Mississippi,Season peak week,week,2.97780746947713e-05,Bin,18.0,19.0
Mississippi,Season peak week,week,2.97780746947713e-05,Bin,19.0,20.0
Mississippi,Season peak week,week,2.97780746947713e-05,Bin,20.0,21.0
Missouri,1 wk ahead,percent,2.44012220454399e-11,Bin,0.0,0.1
Missouri,1 wk ahead,percent,0.00599999972777066,Bin,0.1,0.2
Missouri,1 wk ahead,percent,0.0499999970008889,Bin,0.2,0.3
Missouri,1 wk ahead,percent,0.0499999976878649,Bin,0.3,0.4
Missouri,1 wk ahead,percent,0.0639999979341877,Bin,0.4,0.5
Missouri,1 wk ahead,percent,0.119999995714729,Bin,0.5,0.6
Missouri,1 wk ahead,percent,0.173999993641575,Bin,0.6,0.7
Missouri,1 wk ahead,percent,0.131999997652749,Bin,0.7,0.8
Missouri,1 wk ahead,percent,0.129999998094802,Bin,0.8,0.9
Missouri,1 wk ahead,percent,0.0760000014429442,Bin,0.9,1.0
Missouri,1 wk ahead,percent,0.0420000031441945,Bin,1.0,1.1
Missouri,1 wk ahead,percent,0.0280000035621697,Bin,1.1,1.2
Missouri,1 wk ahead,percent,0.0240000034805388,Bin,1.2,1.3
Missouri,1 wk ahead,percent,0.0140000038020559,Bin,1.3,1.4
Missouri,1 wk ahead,percent,0.0260000023157729,Bin,1.4,1.5
Missouri,1 wk ahead,percent,0.0220000015731654,Bin,1.5,1.6
Missouri,1 wk ahead,percent,0.00600000153558113,Bin,1.6,1.7
Missouri,1 wk ahead,percent,0.00800000045813966,Bin,1.7,1.8
Missouri,1 wk ahead,percent,0.00200000028586018,Bin,1.8,1.9
Missouri,1 wk ahead,percent,1.4315783991924e-10,Bin,1.9,2.0
Missouri,1 wk ahead,percent,0.00999999935069081,Bin,2.0,2.1
Missouri,1 wk ahead,percent,2.29882239703615e-11,Bin,2.1,2.2
Missouri,1 wk ahead,percent,0.00199999988524522,Bin,2.2,2.3
Missouri,1 wk ahead,percent,2.29882239703615e-11,Bin,2.3,2.4
Missouri,1 wk ahead,percent,0.00399999974750222,Bin,2.4,2.5
Missouri,1 wk ahead,percent,0.00799999947201623,Bin,2.5,2.6
Missouri,1 wk ahead,percent,2.29882239703615e-11,Bin,2.6,2.7
Missouri,1 wk ahead,percent,2.29882239703615e-11,Bin,2.7,2.8
Missouri,1 wk ahead,percent,2.29882239703615e-11,Bin,2.8,2.9
Missouri,1 wk ahead,percent,2.29882239703615e-11,Bin,2.9,3.0
Missouri,1 wk ahead,percent,2.29882239703615e-11,Bin,3.0,3.1
Missouri,1 wk ahead,percent,2.29882239703615e-11,Bin,3.1,3.2
Missouri,1 wk ahead,percent,2.29882239703615e-11,Bin,3.2,3.3
Missouri,1 wk ahead,percent,2.29882239703615e-11,Bin,3.3,3.4
Missouri,1 wk ahead,percent,2.29882239703615e-11,Bin,3.4,3.5
Missouri,1 wk ahead,percent,2.29882239703615e-11,Bin,3.5,3.6
Missouri,1 wk ahead,percent,2.29882239703615e-11,Bin,3.6,3.7
Missouri,1 wk ahead,percent,0.00199999988524522,Bin,3.7,3.8
Missouri,1 wk ahead,percent,2.29882239703615e-11,Bin,3.8,3.9
Missouri,1 wk ahead,percent,2.29882239703615e-11,Bin,3.9,4.0
Missouri,1 wk ahead,percent,2.29882239703615e-11,Bin,4.0,4.1
Missouri,1 wk ahead,percent,2.29882239703615e-11,Bin,4.1,4.2
Missouri,1 wk ahead,percent,2.29882239703615e-11,Bin,4.2,4.3
Missouri,1 wk ahead,percent,2.29882239703615e-11,Bin,4.3,4.4
Missouri,1 wk ahead,percent,2.29882239703615e-11,Bin,4.4,4.5
Missouri,1 wk ahead,percent,2.29882239703615e-11,Bin,4.5,4.6
Missouri,1 wk ahead,percent,2.29882239703615e-11,Bin,4.6,4.7
Missouri,1 wk ahead,percent,2.29882239703615e-11,Bin,4.7,4.8
Missouri,1 wk ahead,percent,2.29882239703615e-11,Bin,4.8,4.9
Missouri,1 wk ahead,percent,2.29882239703615e-11,Bin,4.9,5.0
Missouri,1 wk ahead,percent,2.29882239703615e-11,Bin,5.0,5.1
Missouri,1 wk ahead,percent,2.29882239703615e-11,Bin,5.1,5.2
Missouri,1 wk ahead,percent,2.29882239703615e-11,Bin,5.2,5.3
Missouri,1 wk ahead,percent,2.29882239703615e-11,Bin,5.3,5.4
Missouri,1 wk ahead,percent,2.29882239703615e-11,Bin,5.4,5.5
Missouri,1 wk ahead,percent,2.29882239703615e-11,Bin,5.5,5.6
Missouri,1 wk ahead,percent,2.29882239703615e-11,Bin,5.6,5.7
Missouri,1 wk ahead,percent,2.29882239703615e-11,Bin,5.7,5.8
Missouri,1 wk ahead,percent,2.29882239703615e-11,Bin,5.8,5.9
Missouri,1 wk ahead,percent,2.29882239703615e-11,Bin,5.9,6.0
Missouri,1 wk ahead,percent,2.29882239703615e-11,Bin,6.0,6.1
Missouri,1 wk ahead,percent,2.29882239703615e-11,Bin,6.1,6.2
Missouri,1 wk ahead,percent,2.29882239703615e-11,Bin,6.2,6.3
Missouri,1 wk ahead,percent,2.29882239703615e-11,Bin,6.3,6.4
Missouri,1 wk ahead,percent,2.29882239703615e-11,Bin,6.4,6.5
Missouri,1 wk ahead,percent,2.29882239703615e-11,Bin,6.5,6.6
Missouri,1 wk ahead,percent,2.29882239703615e-11,Bin,6.6,6.7
Missouri,1 wk ahead,percent,2.29882239703615e-11,Bin,6.7,6.8
Missouri,1 wk ahead,percent,2.29882239703615e-11,Bin,6.8,6.9
Missouri,1 wk ahead,percent,2.29882239703615e-11,Bin,6.9,7.0
Missouri,1 wk ahead,percent,2.29882239703615e-11,Bin,7.0,7.1
Missouri,1 wk ahead,percent,2.29882239703615e-11,Bin,7.1,7.2
Missouri,1 wk ahead,percent,2.29882239703615e-11,Bin,7.2,7.3
Missouri,1 wk ahead,percent,2.29882239703615e-11,Bin,7.3,7.4
Missouri,1 wk ahead,percent,2.29882239703615e-11,Bin,7.4,7.5
Missouri,1 wk ahead,percent,2.29882239703615e-11,Bin,7.5,7.6
Missouri,1 wk ahead,percent,2.29882239703615e-11,Bin,7.6,7.7
Missouri,1 wk ahead,percent,2.29882239703615e-11,Bin,7.7,7.8
Missouri,1 wk ahead,percent,2.29882239703615e-11,Bin,7.8,7.9
Missouri,1 wk ahead,percent,2.29882239703615e-11,Bin,7.9,8.0
Missouri,1 wk ahead,percent,2.29882239703617e-11,Bin,8.0,8.1
Missouri,1 wk ahead,percent,2.29882239703619e-11,Bin,8.1,8.2
Missouri,1 wk ahead,percent,2.29882239703619e-11,Bin,8.2,8.3
Missouri,1 wk ahead,percent,2.29882239703619e-11,Bin,8.3,8.4
Missouri,1 wk ahead,percent,2.29882239703619e-11,Bin,8.4,8.5
Missouri,1 wk ahead,percent,2.29882239703619e-11,Bin,8.5,8.6
Missouri,1 wk ahead,percent,2.29882239703619e-11,Bin,8.6,8.7
Missouri,1 wk ahead,percent,2.29882239703619e-11,Bin,8.7,8.8
Missouri,1 wk ahead,percent,2.29882239703619e-11,Bin,8.8,8.9
Missouri,1 wk ahead,percent,2.29882239703619e-11,Bin,8.9,9.0
Missouri,1 wk ahead,percent,2.29882239703619e-11,Bin,9.0,9.1
Missouri,1 wk ahead,percent,2.29882239703619e-11,Bin,9.1,9.2
Missouri,1 wk ahead,percent,2.29882239703619e-11,Bin,9.2,9.3
Missouri,1 wk ahead,percent,2.29882239703619e-11,Bin,9.3,9.4
Missouri,1 wk ahead,percent,2.29882239703619e-11,Bin,9.4,9.5
Missouri,1 wk ahead,percent,2.29882239703619e-11,Bin,9.5,9.6
Missouri,1 wk ahead,percent,2.29882239703619e-11,Bin,9.6,9.7
Missouri,1 wk ahead,percent,2.29882239703619e-11,Bin,9.7,9.8
Missouri,1 wk ahead,percent,2.29882239703619e-11,Bin,9.8,9.9
Missouri,1 wk ahead,percent,2.29882239703619e-11,Bin,9.9,10.0
Missouri,1 wk ahead,percent,2.29882239703619e-11,Bin,10.0,10.1
Missouri,1 wk ahead,percent,2.29882239703619e-11,Bin,10.1,10.2
Missouri,1 wk ahead,percent,2.29882239703619e-11,Bin,10.2,10.3
Missouri,1 wk ahead,percent,2.29882239703619e-11,Bin,10.3,10.4
Missouri,1 wk ahead,percent,2.29882239703619e-11,Bin,10.4,10.5
Missouri,1 wk ahead,percent,2.29882239703619e-11,Bin,10.5,10.6
Missouri,1 wk ahead,percent,2.29882239703619e-11,Bin,10.6,10.7
Missouri,1 wk ahead,percent,2.29882239703619e-11,Bin,10.7,10.8
Missouri,1 wk ahead,percent,2.29882239703619e-11,Bin,10.8,10.9
Missouri,1 wk ahead,percent,2.29882239703619e-11,Bin,10.9,11.0
Missouri,1 wk ahead,percent,2.29882239703619e-11,Bin,11.0,11.1
Missouri,1 wk ahead,percent,2.29882239703619e-11,Bin,11.1,11.2
Missouri,1 wk ahead,percent,2.29882239703619e-11,Bin,11.2,11.3
Missouri,1 wk ahead,percent,2.29882239703619e-11,Bin,11.3,11.4
Missouri,1 wk ahead,percent,2.29882239703619e-11,Bin,11.4,11.5
Missouri,1 wk ahead,percent,2.29882239703619e-11,Bin,11.5,11.6
Missouri,1 wk ahead,percent,2.29882239703619e-11,Bin,11.6,11.7
Missouri,1 wk ahead,percent,2.29882239703619e-11,Bin,11.7,11.8
Missouri,1 wk ahead,percent,2.29882239703619e-11,Bin,11.8,11.9
Missouri,1 wk ahead,percent,2.29882239703619e-11,Bin,11.9,12.0
Missouri,1 wk ahead,percent,2.29882239703619e-11,Bin,12.0,12.1
Missouri,1 wk ahead,percent,2.29882239703619e-11,Bin,12.1,12.2
Missouri,1 wk ahead,percent,2.29882239703619e-11,Bin,12.2,12.3
Missouri,1 wk ahead,percent,2.29882239703619e-11,Bin,12.3,12.4
Missouri,1 wk ahead,percent,2.29882239703619e-11,Bin,12.4,12.5
Missouri,1 wk ahead,percent,2.29882239703619e-11,Bin,12.5,12.6
Missouri,1 wk ahead,percent,2.29882239703619e-11,Bin,12.6,12.7
Missouri,1 wk ahead,percent,2.29882239703619e-11,Bin,12.7,12.8
Missouri,1 wk ahead,percent,2.29882239703619e-11,Bin,12.8,12.9
Missouri,1 wk ahead,percent,2.29882239703619e-11,Bin,12.9,13.0
Missouri,1 wk ahead,percent,2.29882239703619e-11,Bin,13.0,100.0
Missouri,2 wk ahead,percent,4.84978808357186e-10,Bin,0.0,0.1
Missouri,2 wk ahead,percent,0.0260000001518982,Bin,0.1,0.2
Missouri,2 wk ahead,percent,0.0579999993859881,Bin,0.2,0.3
Missouri,2 wk ahead,percent,0.119999995612652,Bin,0.3,0.4
Missouri,2 wk ahead,percent,0.15999999221744,Bin,0.4,0.5
Missouri,2 wk ahead,percent,0.177999989567786,Bin,0.5,0.6
Missouri,2 wk ahead,percent,0.147999991022285,Bin,0.6,0.7
Missouri,2 wk ahead,percent,0.0959999963985165,Bin,0.7,0.8
Missouri,2 wk ahead,percent,0.0620000027209282,Bin,0.8,0.9
Missouri,2 wk ahead,percent,0.0400000078072506,Bin,0.9,1.0
Missouri,2 wk ahead,percent,0.0360000085812317,Bin,1.0,1.1
Missouri,2 wk ahead,percent,0.0280000067970178,Bin,1.1,1.2
Missouri,2 wk ahead,percent,0.0100000046052991,Bin,1.2,1.3
Missouri,2 wk ahead,percent,0.0100000015663117,Bin,1.3,1.4
Missouri,2 wk ahead,percent,0.00600000020651005,Bin,1.4,1.5
Missouri,2 wk ahead,percent,0.0039999998168275,Bin,1.5,1.6
Missouri,2 wk ahead,percent,0.00399999974277947,Bin,1.6,1.7
Missouri,2 wk ahead,percent,3.8140910036858e-11,Bin,1.7,1.8
Missouri,2 wk ahead,percent,3.8140910036858e-11,Bin,1.8,1.9
Missouri,2 wk ahead,percent,0.00199999989046019,Bin,1.9,2.0
Missouri,2 wk ahead,percent,0.00199999989046019,Bin,2.0,2.1
Missouri,2 wk ahead,percent,0.00199999989046019,Bin,2.1,2.2
Missouri,2 wk ahead,percent,0.00199999989046019,Bin,2.2,2.3
Missouri,2 wk ahead,percent,3.81409100368579e-11,Bin,2.3,2.4
Missouri,2 wk ahead,percent,3.81409100368579e-11,Bin,2.4,2.5
Missouri,2 wk ahead,percent,0.00199999989046019,Bin,2.5,2.6
Missouri,2 wk ahead,percent,3.81409100368579e-11,Bin,2.6,2.7
Missouri,2 wk ahead,percent,0.00199999989046019,Bin,2.7,2.8
Missouri,2 wk ahead,percent,0.00199999989046019,Bin,2.8,2.9
Missouri,2 wk ahead,percent,3.81409100368579e-11,Bin,2.9,3.0
Missouri,2 wk ahead,percent,3.81409100368579e-11,Bin,3.0,3.1
Missouri,2 wk ahead,percent,3.81409100368579e-11,Bin,3.1,3.2
Missouri,2 wk ahead,percent,3.81409100368579e-11,Bin,3.2,3.3
Missouri,2 wk ahead,percent,3.81409100368579e-11,Bin,3.3,3.4
Missouri,2 wk ahead,percent,3.81409100368579e-11,Bin,3.4,3.5
Missouri,2 wk ahead,percent,3.81409100368579e-11,Bin,3.5,3.6
Missouri,2 wk ahead,percent,3.81409100368579e-11,Bin,3.6,3.7
Missouri,2 wk ahead,percent,3.81409100368579e-11,Bin,3.7,3.8
Missouri,2 wk ahead,percent,3.81409100368579e-11,Bin,3.8,3.9
Missouri,2 wk ahead,percent,3.81409100368579e-11,Bin,3.9,4.0
Missouri,2 wk ahead,percent,3.81409100368579e-11,Bin,4.0,4.1
Missouri,2 wk ahead,percent,3.81409100368579e-11,Bin,4.1,4.2
Missouri,2 wk ahead,percent,3.81409100368579e-11,Bin,4.2,4.3
Missouri,2 wk ahead,percent,3.81409100368579e-11,Bin,4.3,4.4
Missouri,2 wk ahead,percent,3.81409100368579e-11,Bin,4.4,4.5
Missouri,2 wk ahead,percent,3.81409100368579e-11,Bin,4.5,4.6
Missouri,2 wk ahead,percent,3.81409100368579e-11,Bin,4.6,4.7
Missouri,2 wk ahead,percent,3.81409100368579e-11,Bin,4.7,4.8
Missouri,2 wk ahead,percent,3.81409100368579e-11,Bin,4.8,4.9
Missouri,2 wk ahead,percent,3.81409100368579e-11,Bin,4.9,5.0
Missouri,2 wk ahead,percent,3.81409100368579e-11,Bin,5.0,5.1
Missouri,2 wk ahead,percent,3.81409100368579e-11,Bin,5.1,5.2
Missouri,2 wk ahead,percent,3.81409100368579e-11,Bin,5.2,5.3
Missouri,2 wk ahead,percent,3.81409100368579e-11,Bin,5.3,5.4
Missouri,2 wk ahead,percent,3.81409100368579e-11,Bin,5.4,5.5
Missouri,2 wk ahead,percent,3.81409100368579e-11,Bin,5.5,5.6
Missouri,2 wk ahead,percent,3.81409100368579e-11,Bin,5.6,5.7
Missouri,2 wk ahead,percent,3.81409100368579e-11,Bin,5.7,5.8
Missouri,2 wk ahead,percent,3.81409100368579e-11,Bin,5.8,5.9
Missouri,2 wk ahead,percent,3.81409100368579e-11,Bin,5.9,6.0
Missouri,2 wk ahead,percent,3.81409100368579e-11,Bin,6.0,6.1
Missouri,2 wk ahead,percent,3.81409100368579e-11,Bin,6.1,6.2
Missouri,2 wk ahead,percent,3.81409100368579e-11,Bin,6.2,6.3
Missouri,2 wk ahead,percent,3.81409100368579e-11,Bin,6.3,6.4
Missouri,2 wk ahead,percent,3.81409100368579e-11,Bin,6.4,6.5
Missouri,2 wk ahead,percent,3.81409100368579e-11,Bin,6.5,6.6
Missouri,2 wk ahead,percent,3.81409100368579e-11,Bin,6.6,6.7
Missouri,2 wk ahead,percent,3.81409100368579e-11,Bin,6.7,6.8
Missouri,2 wk ahead,percent,3.81409100368579e-11,Bin,6.8,6.9
Missouri,2 wk ahead,percent,3.81409100368579e-11,Bin,6.9,7.0
Missouri,2 wk ahead,percent,3.81409100368579e-11,Bin,7.0,7.1
Missouri,2 wk ahead,percent,3.81409100368579e-11,Bin,7.1,7.2
Missouri,2 wk ahead,percent,3.81409100368579e-11,Bin,7.2,7.3
Missouri,2 wk ahead,percent,3.81409100368579e-11,Bin,7.3,7.4
Missouri,2 wk ahead,percent,3.81409100368579e-11,Bin,7.4,7.5
Missouri,2 wk ahead,percent,3.81409100368579e-11,Bin,7.5,7.6
Missouri,2 wk ahead,percent,3.81409100368579e-11,Bin,7.6,7.7
Missouri,2 wk ahead,percent,3.81409100368579e-11,Bin,7.7,7.8
Missouri,2 wk ahead,percent,3.81409100368579e-11,Bin,7.8,7.9
Missouri,2 wk ahead,percent,3.81409100368579e-11,Bin,7.9,8.0
Missouri,2 wk ahead,percent,3.81409100368582e-11,Bin,8.0,8.1
Missouri,2 wk ahead,percent,3.81409100368585e-11,Bin,8.1,8.2
Missouri,2 wk ahead,percent,3.81409100368585e-11,Bin,8.2,8.3
Missouri,2 wk ahead,percent,3.81409100368585e-11,Bin,8.3,8.4
Missouri,2 wk ahead,percent,3.81409100368585e-11,Bin,8.4,8.5
Missouri,2 wk ahead,percent,3.81409100368585e-11,Bin,8.5,8.6
Missouri,2 wk ahead,percent,3.81409100368585e-11,Bin,8.6,8.7
Missouri,2 wk ahead,percent,3.81409100368585e-11,Bin,8.7,8.8
Missouri,2 wk ahead,percent,3.81409100368585e-11,Bin,8.8,8.9
Missouri,2 wk ahead,percent,3.81409100368585e-11,Bin,8.9,9.0
Missouri,2 wk ahead,percent,3.81409100368585e-11,Bin,9.0,9.1
Missouri,2 wk ahead,percent,3.81409100368585e-11,Bin,9.1,9.2
Missouri,2 wk ahead,percent,3.81409100368585e-11,Bin,9.2,9.3
Missouri,2 wk ahead,percent,3.81409100368585e-11,Bin,9.3,9.4
Missouri,2 wk ahead,percent,3.81409100368585e-11,Bin,9.4,9.5
Missouri,2 wk ahead,percent,3.81409100368585e-11,Bin,9.5,9.6
Missouri,2 wk ahead,percent,3.81409100368585e-11,Bin,9.6,9.7
Missouri,2 wk ahead,percent,3.81409100368585e-11,Bin,9.7,9.8
Missouri,2 wk ahead,percent,3.81409100368585e-11,Bin,9.8,9.9
Missouri,2 wk ahead,percent,3.81409100368585e-11,Bin,9.9,10.0
Missouri,2 wk ahead,percent,3.81409100368585e-11,Bin,10.0,10.1
Missouri,2 wk ahead,percent,3.81409100368585e-11,Bin,10.1,10.2
Missouri,2 wk ahead,percent,3.81409100368585e-11,Bin,10.2,10.3
Missouri,2 wk ahead,percent,3.81409100368585e-11,Bin,10.3,10.4
Missouri,2 wk ahead,percent,3.81409100368585e-11,Bin,10.4,10.5
Missouri,2 wk ahead,percent,3.81409100368585e-11,Bin,10.5,10.6
Missouri,2 wk ahead,percent,3.81409100368585e-11,Bin,10.6,10.7
Missouri,2 wk ahead,percent,3.81409100368585e-11,Bin,10.7,10.8
Missouri,2 wk ahead,percent,3.81409100368585e-11,Bin,10.8,10.9
Missouri,2 wk ahead,percent,3.81409100368585e-11,Bin,10.9,11.0
Missouri,2 wk ahead,percent,3.81409100368585e-11,Bin,11.0,11.1
Missouri,2 wk ahead,percent,3.81409100368585e-11,Bin,11.1,11.2
Missouri,2 wk ahead,percent,3.81409100368585e-11,Bin,11.2,11.3
Missouri,2 wk ahead,percent,3.81409100368585e-11,Bin,11.3,11.4
Missouri,2 wk ahead,percent,3.81409100368585e-11,Bin,11.4,11.5
Missouri,2 wk ahead,percent,3.81409100368585e-11,Bin,11.5,11.6
Missouri,2 wk ahead,percent,3.81409100368585e-11,Bin,11.6,11.7
Missouri,2 wk ahead,percent,3.81409100368585e-11,Bin,11.7,11.8
Missouri,2 wk ahead,percent,3.81409100368585e-11,Bin,11.8,11.9
Missouri,2 wk ahead,percent,3.81409100368585e-11,Bin,11.9,12.0
Missouri,2 wk ahead,percent,3.81409100368585e-11,Bin,12.0,12.1
Missouri,2 wk ahead,percent,3.81409100368585e-11,Bin,12.1,12.2
Missouri,2 wk ahead,percent,3.81409100368585e-11,Bin,12.2,12.3
Missouri,2 wk ahead,percent,3.81409100368585e-11,Bin,12.3,12.4
Missouri,2 wk ahead,percent,3.81409100368585e-11,Bin,12.4,12.5
Missouri,2 wk ahead,percent,3.81409100368585e-11,Bin,12.5,12.6
Missouri,2 wk ahead,percent,3.81409100368585e-11,Bin,12.6,12.7
Missouri,2 wk ahead,percent,3.81409100368585e-11,Bin,12.7,12.8
Missouri,2 wk ahead,percent,3.81409100368585e-11,Bin,12.8,12.9
Missouri,2 wk ahead,percent,3.81409100368585e-11,Bin,12.9,13.0
Missouri,2 wk ahead,percent,3.81409100368585e-11,Bin,13.0,100.0
Missouri,3 wk ahead,percent,0.00400000265224166,Bin,0.0,0.1
Missouri,3 wk ahead,percent,0.0559999973966515,Bin,0.1,0.2
Missouri,3 wk ahead,percent,0.135999983704156,Bin,0.2,0.3
Missouri,3 wk ahead,percent,0.217999969584811,Bin,0.3,0.4
Missouri,3 wk ahead,percent,0.181999979945661,Bin,0.4,0.5
Missouri,3 wk ahead,percent,0.127999993386862,Bin,0.5,0.6
Missouri,3 wk ahead,percent,0.109999998222323,Bin,0.6,0.7
Missouri,3 wk ahead,percent,0.0560000094053526,Bin,0.7,0.8
Missouri,3 wk ahead,percent,0.0440000105388511,Bin,0.8,0.9
Missouri,3 wk ahead,percent,0.024000012373529,Bin,0.9,1.0
Missouri,3 wk ahead,percent,0.00600001317125374,Bin,1.0,1.1
Missouri,3 wk ahead,percent,0.00800000954159671,Bin,1.1,1.2
Missouri,3 wk ahead,percent,0.0100000060458429,Bin,1.2,1.3
Missouri,3 wk ahead,percent,0.00600000421773841,Bin,1.3,1.4
Missouri,3 wk ahead,percent,0.00400000253904896,Bin,1.4,1.5
Missouri,3 wk ahead,percent,0.00200000147453396,Bin,1.5,1.6
Missouri,3 wk ahead,percent,9.57582599012431e-10,Bin,1.6,1.7
Missouri,3 wk ahead,percent,0.00200000001216441,Bin,1.7,1.8
Missouri,3 wk ahead,percent,0.00199999975342307,Bin,1.8,1.9
Missouri,3 wk ahead,percent,6.47788115181877e-11,Bin,1.9,2.0
Missouri,3 wk ahead,percent,4.89406111331526e-11,Bin,2.0,2.1
Missouri,3 wk ahead,percent,0.00199999962812939,Bin,2.1,2.2
Missouri,3 wk ahead,percent,4.89406111331525e-11,Bin,2.2,2.3
Missouri,3 wk ahead,percent,4.89406111331525e-11,Bin,2.3,2.4
Missouri,3 wk ahead,percent,4.89406111331525e-11,Bin,2.4,2.5
Missouri,3 wk ahead,percent,4.89406111331525e-11,Bin,2.5,2.6
Missouri,3 wk ahead,percent,4.89406111331525e-11,Bin,2.6,2.7
Missouri,3 wk ahead,percent,4.89406111331525e-11,Bin,2.7,2.8
Missouri,3 wk ahead,percent,4.89406111331525e-11,Bin,2.8,2.9
Missouri,3 wk ahead,percent,4.89406111331525e-11,Bin,2.9,3.0
Missouri,3 wk ahead,percent,4.89406111331525e-11,Bin,3.0,3.1
Missouri,3 wk ahead,percent,4.89406111331525e-11,Bin,3.1,3.2
Missouri,3 wk ahead,percent,4.89406111331525e-11,Bin,3.2,3.3
Missouri,3 wk ahead,percent,4.89406111331525e-11,Bin,3.3,3.4
Missouri,3 wk ahead,percent,4.89406111331525e-11,Bin,3.4,3.5
Missouri,3 wk ahead,percent,4.89406111331525e-11,Bin,3.5,3.6
Missouri,3 wk ahead,percent,4.89406111331525e-11,Bin,3.6,3.7
Missouri,3 wk ahead,percent,4.89406111331525e-11,Bin,3.7,3.8
Missouri,3 wk ahead,percent,4.89406111331525e-11,Bin,3.8,3.9
Missouri,3 wk ahead,percent,4.89406111331525e-11,Bin,3.9,4.0
Missouri,3 wk ahead,percent,4.89406111331525e-11,Bin,4.0,4.1
Missouri,3 wk ahead,percent,4.89406111331525e-11,Bin,4.1,4.2
Missouri,3 wk ahead,percent,4.89406111331525e-11,Bin,4.2,4.3
Missouri,3 wk ahead,percent,4.89406111331525e-11,Bin,4.3,4.4
Missouri,3 wk ahead,percent,4.89406111331525e-11,Bin,4.4,4.5
Missouri,3 wk ahead,percent,4.89406111331525e-11,Bin,4.5,4.6
Missouri,3 wk ahead,percent,4.89406111331525e-11,Bin,4.6,4.7
Missouri,3 wk ahead,percent,4.89406111331525e-11,Bin,4.7,4.8
Missouri,3 wk ahead,percent,4.89406111331525e-11,Bin,4.8,4.9
Missouri,3 wk ahead,percent,4.89406111331525e-11,Bin,4.9,5.0
Missouri,3 wk ahead,percent,4.89406111331525e-11,Bin,5.0,5.1
Missouri,3 wk ahead,percent,4.89406111331525e-11,Bin,5.1,5.2
Missouri,3 wk ahead,percent,4.89406111331525e-11,Bin,5.2,5.3
Missouri,3 wk ahead,percent,4.89406111331525e-11,Bin,5.3,5.4
Missouri,3 wk ahead,percent,4.89406111331525e-11,Bin,5.4,5.5
Missouri,3 wk ahead,percent,4.89406111331525e-11,Bin,5.5,5.6
Missouri,3 wk ahead,percent,4.89406111331525e-11,Bin,5.6,5.7
Missouri,3 wk ahead,percent,4.89406111331525e-11,Bin,5.7,5.8
Missouri,3 wk ahead,percent,4.89406111331525e-11,Bin,5.8,5.9
Missouri,3 wk ahead,percent,4.89406111331525e-11,Bin,5.9,6.0
Missouri,3 wk ahead,percent,4.89406111331525e-11,Bin,6.0,6.1
Missouri,3 wk ahead,percent,4.89406111331525e-11,Bin,6.1,6.2
Missouri,3 wk ahead,percent,4.89406111331525e-11,Bin,6.2,6.3
Missouri,3 wk ahead,percent,4.89406111331525e-11,Bin,6.3,6.4
Missouri,3 wk ahead,percent,4.89406111331525e-11,Bin,6.4,6.5
Missouri,3 wk ahead,percent,4.89406111331525e-11,Bin,6.5,6.6
Missouri,3 wk ahead,percent,4.89406111331525e-11,Bin,6.6,6.7
Missouri,3 wk ahead,percent,4.89406111331525e-11,Bin,6.7,6.8
Missouri,3 wk ahead,percent,4.89406111331525e-11,Bin,6.8,6.9
Missouri,3 wk ahead,percent,4.89406111331525e-11,Bin,6.9,7.0
Missouri,3 wk ahead,percent,4.89406111331525e-11,Bin,7.0,7.1
Missouri,3 wk ahead,percent,4.89406111331525e-11,Bin,7.1,7.2
Missouri,3 wk ahead,percent,4.89406111331525e-11,Bin,7.2,7.3
Missouri,3 wk ahead,percent,4.89406111331525e-11,Bin,7.3,7.4
Missouri,3 wk ahead,percent,4.89406111331525e-11,Bin,7.4,7.5
Missouri,3 wk ahead,percent,4.89406111331525e-11,Bin,7.5,7.6
Missouri,3 wk ahead,percent,4.89406111331525e-11,Bin,7.6,7.7
Missouri,3 wk ahead,percent,4.89406111331525e-11,Bin,7.7,7.8
Missouri,3 wk ahead,percent,4.89406111331525e-11,Bin,7.8,7.9
Missouri,3 wk ahead,percent,4.89406111331525e-11,Bin,7.9,8.0
Missouri,3 wk ahead,percent,4.89406111331529e-11,Bin,8.0,8.1
Missouri,3 wk ahead,percent,4.89406111331534e-11,Bin,8.1,8.2
Missouri,3 wk ahead,percent,4.89406111331534e-11,Bin,8.2,8.3
Missouri,3 wk ahead,percent,4.89406111331534e-11,Bin,8.3,8.4
Missouri,3 wk ahead,percent,4.89406111331534e-11,Bin,8.4,8.5
Missouri,3 wk ahead,percent,4.89406111331534e-11,Bin,8.5,8.6
Missouri,3 wk ahead,percent,4.89406111331534e-11,Bin,8.6,8.7
Missouri,3 wk ahead,percent,4.89406111331534e-11,Bin,8.7,8.8
Missouri,3 wk ahead,percent,4.89406111331534e-11,Bin,8.8,8.9
Missouri,3 wk ahead,percent,4.89406111331534e-11,Bin,8.9,9.0
Missouri,3 wk ahead,percent,4.89406111331534e-11,Bin,9.0,9.1
Missouri,3 wk ahead,percent,4.89406111331534e-11,Bin,9.1,9.2
Missouri,3 wk ahead,percent,4.89406111331534e-11,Bin,9.2,9.3
Missouri,3 wk ahead,percent,4.89406111331534e-11,Bin,9.3,9.4
Missouri,3 wk ahead,percent,4.89406111331534e-11,Bin,9.4,9.5
Missouri,3 wk ahead,percent,4.89406111331534e-11,Bin,9.5,9.6
Missouri,3 wk ahead,percent,4.89406111331534e-11,Bin,9.6,9.7
Missouri,3 wk ahead,percent,4.89406111331534e-11,Bin,9.7,9.8
Missouri,3 wk ahead,percent,4.89406111331534e-11,Bin,9.8,9.9
Missouri,3 wk ahead,percent,4.89406111331534e-11,Bin,9.9,10.0
Missouri,3 wk ahead,percent,4.89406111331534e-11,Bin,10.0,10.1
Missouri,3 wk ahead,percent,4.89406111331534e-11,Bin,10.1,10.2
Missouri,3 wk ahead,percent,4.89406111331534e-11,Bin,10.2,10.3
Missouri,3 wk ahead,percent,4.89406111331534e-11,Bin,10.3,10.4
Missouri,3 wk ahead,percent,4.89406111331534e-11,Bin,10.4,10.5
Missouri,3 wk ahead,percent,4.89406111331534e-11,Bin,10.5,10.6
Missouri,3 wk ahead,percent,4.89406111331534e-11,Bin,10.6,10.7
Missouri,3 wk ahead,percent,4.89406111331534e-11,Bin,10.7,10.8
Missouri,3 wk ahead,percent,4.89406111331534e-11,Bin,10.8,10.9
Missouri,3 wk ahead,percent,4.89406111331534e-11,Bin,10.9,11.0
Missouri,3 wk ahead,percent,4.89406111331534e-11,Bin,11.0,11.1
Missouri,3 wk ahead,percent,4.89406111331534e-11,Bin,11.1,11.2
Missouri,3 wk ahead,percent,4.89406111331534e-11,Bin,11.2,11.3
Missouri,3 wk ahead,percent,4.89406111331534e-11,Bin,11.3,11.4
Missouri,3 wk ahead,percent,4.89406111331534e-11,Bin,11.4,11.5
Missouri,3 wk ahead,percent,4.89406111331534e-11,Bin,11.5,11.6
Missouri,3 wk ahead,percent,4.89406111331534e-11,Bin,11.6,11.7
Missouri,3 wk ahead,percent,4.89406111331534e-11,Bin,11.7,11.8
Missouri,3 wk ahead,percent,4.89406111331534e-11,Bin,11.8,11.9
Missouri,3 wk ahead,percent,4.89406111331534e-11,Bin,11.9,12.0
Missouri,3 wk ahead,percent,4.89406111331534e-11,Bin,12.0,12.1
Missouri,3 wk ahead,percent,4.89406111331534e-11,Bin,12.1,12.2
Missouri,3 wk ahead,percent,4.89406111331534e-11,Bin,12.2,12.3
Missouri,3 wk ahead,percent,4.89406111331534e-11,Bin,12.3,12.4
Missouri,3 wk ahead,percent,4.89406111331534e-11,Bin,12.4,12.5
Missouri,3 wk ahead,percent,4.89406111331534e-11,Bin,12.5,12.6
Missouri,3 wk ahead,percent,4.89406111331534e-11,Bin,12.6,12.7
Missouri,3 wk ahead,percent,4.89406111331534e-11,Bin,12.7,12.8
Missouri,3 wk ahead,percent,4.89406111331534e-11,Bin,12.8,12.9
Missouri,3 wk ahead,percent,4.89406111331534e-11,Bin,12.9,13.0
Missouri,3 wk ahead,percent,4.89406111331534e-11,Bin,13.0,100.0
Missouri,4 wk ahead,percent,0.00800000282930482,Bin,0.0,0.1
Missouri,4 wk ahead,percent,0.0979999961886588,Bin,0.1,0.2
Missouri,4 wk ahead,percent,0.223999975790715,Bin,0.2,0.3
Missouri,4 wk ahead,percent,0.201999977500488,Bin,0.3,0.4
Missouri,4 wk ahead,percent,0.179999973085604,Bin,0.4,0.5
Missouri,4 wk ahead,percent,0.1339999758656,Bin,0.5,0.6
Missouri,4 wk ahead,percent,0.0619999942709514,Bin,0.6,0.7
Missouri,4 wk ahead,percent,0.0420000149824646,Bin,0.7,0.8
Missouri,4 wk ahead,percent,0.0240000328307862,Bin,0.8,0.9
Missouri,4 wk ahead,percent,0.014000027491545,Bin,0.9,1.0
Missouri,4 wk ahead,percent,1.45839078150539e-08,Bin,1.0,1.1
Missouri,4 wk ahead,percent,0.00600000327512404,Bin,1.1,1.2
Missouri,4 wk ahead,percent,0.0039999999576145,Bin,1.2,1.3
Missouri,4 wk ahead,percent,1.11553217639306e-10,Bin,1.3,1.4
Missouri,4 wk ahead,percent,9.96180378619063e-11,Bin,1.4,1.5
Missouri,4 wk ahead,percent,0.00199999967998951,Bin,1.5,1.6
Missouri,4 wk ahead,percent,9.96180378619063e-11,Bin,1.6,1.7
Missouri,4 wk ahead,percent,9.96180378619063e-11,Bin,1.7,1.8
Missouri,4 wk ahead,percent,9.96180378619063e-11,Bin,1.8,1.9
Missouri,4 wk ahead,percent,9.96180378619063e-11,Bin,1.9,2.0
Missouri,4 wk ahead,percent,9.96180378619061e-11,Bin,2.0,2.1
Missouri,4 wk ahead,percent,9.96180378619059e-11,Bin,2.1,2.2
Missouri,4 wk ahead,percent,9.96180378619059e-11,Bin,2.2,2.3
Missouri,4 wk ahead,percent,9.96180378619059e-11,Bin,2.3,2.4
Missouri,4 wk ahead,percent,9.96180378619059e-11,Bin,2.4,2.5
Missouri,4 wk ahead,percent,9.96180378619059e-11,Bin,2.5,2.6
Missouri,4 wk ahead,percent,9.96180378619059e-11,Bin,2.6,2.7
Missouri,4 wk ahead,percent,9.96180378619059e-11,Bin,2.7,2.8
Missouri,4 wk ahead,percent,9.96180378619059e-11,Bin,2.8,2.9
Missouri,4 wk ahead,percent,9.96180378619059e-11,Bin,2.9,3.0
Missouri,4 wk ahead,percent,9.96180378619059e-11,Bin,3.0,3.1
Missouri,4 wk ahead,percent,9.96180378619059e-11,Bin,3.1,3.2
Missouri,4 wk ahead,percent,9.96180378619059e-11,Bin,3.2,3.3
Missouri,4 wk ahead,percent,9.96180378619059e-11,Bin,3.3,3.4
Missouri,4 wk ahead,percent,9.96180378619059e-11,Bin,3.4,3.5
Missouri,4 wk ahead,percent,9.96180378619059e-11,Bin,3.5,3.6
Missouri,4 wk ahead,percent,9.96180378619059e-11,Bin,3.6,3.7
Missouri,4 wk ahead,percent,9.96180378619059e-11,Bin,3.7,3.8
Missouri,4 wk ahead,percent,9.96180378619059e-11,Bin,3.8,3.9
Missouri,4 wk ahead,percent,9.96180378619059e-11,Bin,3.9,4.0
Missouri,4 wk ahead,percent,9.96180378619059e-11,Bin,4.0,4.1
Missouri,4 wk ahead,percent,9.96180378619059e-11,Bin,4.1,4.2
Missouri,4 wk ahead,percent,9.96180378619059e-11,Bin,4.2,4.3
Missouri,4 wk ahead,percent,9.96180378619059e-11,Bin,4.3,4.4
Missouri,4 wk ahead,percent,9.96180378619059e-11,Bin,4.4,4.5
Missouri,4 wk ahead,percent,9.96180378619059e-11,Bin,4.5,4.6
Missouri,4 wk ahead,percent,9.96180378619059e-11,Bin,4.6,4.7
Missouri,4 wk ahead,percent,9.96180378619059e-11,Bin,4.7,4.8
Missouri,4 wk ahead,percent,9.96180378619059e-11,Bin,4.8,4.9
Missouri,4 wk ahead,percent,9.96180378619059e-11,Bin,4.9,5.0
Missouri,4 wk ahead,percent,9.96180378619059e-11,Bin,5.0,5.1
Missouri,4 wk ahead,percent,9.96180378619059e-11,Bin,5.1,5.2
Missouri,4 wk ahead,percent,9.96180378619059e-11,Bin,5.2,5.3
Missouri,4 wk ahead,percent,9.96180378619059e-11,Bin,5.3,5.4
Missouri,4 wk ahead,percent,9.96180378619059e-11,Bin,5.4,5.5
Missouri,4 wk ahead,percent,9.96180378619059e-11,Bin,5.5,5.6
Missouri,4 wk ahead,percent,9.96180378619059e-11,Bin,5.6,5.7
Missouri,4 wk ahead,percent,9.96180378619059e-11,Bin,5.7,5.8
Missouri,4 wk ahead,percent,9.96180378619059e-11,Bin,5.8,5.9
Missouri,4 wk ahead,percent,9.96180378619059e-11,Bin,5.9,6.0
Missouri,4 wk ahead,percent,9.96180378619059e-11,Bin,6.0,6.1
Missouri,4 wk ahead,percent,9.96180378619059e-11,Bin,6.1,6.2
Missouri,4 wk ahead,percent,9.96180378619059e-11,Bin,6.2,6.3
Missouri,4 wk ahead,percent,9.96180378619059e-11,Bin,6.3,6.4
Missouri,4 wk ahead,percent,9.96180378619059e-11,Bin,6.4,6.5
Missouri,4 wk ahead,percent,9.96180378619059e-11,Bin,6.5,6.6
Missouri,4 wk ahead,percent,9.96180378619059e-11,Bin,6.6,6.7
Missouri,4 wk ahead,percent,9.96180378619059e-11,Bin,6.7,6.8
Missouri,4 wk ahead,percent,9.96180378619059e-11,Bin,6.8,6.9
Missouri,4 wk ahead,percent,9.96180378619059e-11,Bin,6.9,7.0
Missouri,4 wk ahead,percent,9.96180378619059e-11,Bin,7.0,7.1
Missouri,4 wk ahead,percent,9.96180378619059e-11,Bin,7.1,7.2
Missouri,4 wk ahead,percent,9.96180378619059e-11,Bin,7.2,7.3
Missouri,4 wk ahead,percent,9.96180378619059e-11,Bin,7.3,7.4
Missouri,4 wk ahead,percent,9.96180378619059e-11,Bin,7.4,7.5
Missouri,4 wk ahead,percent,9.96180378619059e-11,Bin,7.5,7.6
Missouri,4 wk ahead,percent,9.96180378619059e-11,Bin,7.6,7.7
Missouri,4 wk ahead,percent,9.96180378619059e-11,Bin,7.7,7.8
Missouri,4 wk ahead,percent,9.96180378619059e-11,Bin,7.8,7.9
Missouri,4 wk ahead,percent,9.96180378619059e-11,Bin,7.9,8.0
Missouri,4 wk ahead,percent,9.96180378619068e-11,Bin,8.0,8.1
Missouri,4 wk ahead,percent,9.96180378619076e-11,Bin,8.1,8.2
Missouri,4 wk ahead,percent,9.96180378619076e-11,Bin,8.2,8.3
Missouri,4 wk ahead,percent,9.96180378619076e-11,Bin,8.3,8.4
Missouri,4 wk ahead,percent,9.96180378619076e-11,Bin,8.4,8.5
Missouri,4 wk ahead,percent,9.96180378619076e-11,Bin,8.5,8.6
Missouri,4 wk ahead,percent,9.96180378619076e-11,Bin,8.6,8.7
Missouri,4 wk ahead,percent,9.96180378619076e-11,Bin,8.7,8.8
Missouri,4 wk ahead,percent,9.96180378619076e-11,Bin,8.8,8.9
Missouri,4 wk ahead,percent,9.96180378619076e-11,Bin,8.9,9.0
Missouri,4 wk ahead,percent,9.96180378619076e-11,Bin,9.0,9.1
Missouri,4 wk ahead,percent,9.96180378619076e-11,Bin,9.1,9.2
Missouri,4 wk ahead,percent,9.96180378619076e-11,Bin,9.2,9.3
Missouri,4 wk ahead,percent,9.96180378619076e-11,Bin,9.3,9.4
Missouri,4 wk ahead,percent,9.96180378619076e-11,Bin,9.4,9.5
Missouri,4 wk ahead,percent,9.96180378619076e-11,Bin,9.5,9.6
Missouri,4 wk ahead,percent,9.96180378619076e-11,Bin,9.6,9.7
Missouri,4 wk ahead,percent,9.96180378619076e-11,Bin,9.7,9.8
Missouri,4 wk ahead,percent,9.96180378619076e-11,Bin,9.8,9.9
Missouri,4 wk ahead,percent,9.96180378619076e-11,Bin,9.9,10.0
Missouri,4 wk ahead,percent,9.96180378619076e-11,Bin,10.0,10.1
Missouri,4 wk ahead,percent,9.96180378619076e-11,Bin,10.1,10.2
Missouri,4 wk ahead,percent,9.96180378619076e-11,Bin,10.2,10.3
Missouri,4 wk ahead,percent,9.96180378619076e-11,Bin,10.3,10.4
Missouri,4 wk ahead,percent,9.96180378619076e-11,Bin,10.4,10.5
Missouri,4 wk ahead,percent,9.96180378619076e-11,Bin,10.5,10.6
Missouri,4 wk ahead,percent,9.96180378619076e-11,Bin,10.6,10.7
Missouri,4 wk ahead,percent,9.96180378619076e-11,Bin,10.7,10.8
Missouri,4 wk ahead,percent,9.96180378619076e-11,Bin,10.8,10.9
Missouri,4 wk ahead,percent,9.96180378619076e-11,Bin,10.9,11.0
Missouri,4 wk ahead,percent,9.96180378619076e-11,Bin,11.0,11.1
Missouri,4 wk ahead,percent,9.96180378619076e-11,Bin,11.1,11.2
Missouri,4 wk ahead,percent,9.96180378619076e-11,Bin,11.2,11.3
Missouri,4 wk ahead,percent,9.96180378619076e-11,Bin,11.3,11.4
Missouri,4 wk ahead,percent,9.96180378619076e-11,Bin,11.4,11.5
Missouri,4 wk ahead,percent,9.96180378619076e-11,Bin,11.5,11.6
Missouri,4 wk ahead,percent,9.96180378619076e-11,Bin,11.6,11.7
Missouri,4 wk ahead,percent,9.96180378619076e-11,Bin,11.7,11.8
Missouri,4 wk ahead,percent,9.96180378619076e-11,Bin,11.8,11.9
Missouri,4 wk ahead,percent,9.96180378619076e-11,Bin,11.9,12.0
Missouri,4 wk ahead,percent,9.96180378619076e-11,Bin,12.0,12.1
Missouri,4 wk ahead,percent,9.96180378619076e-11,Bin,12.1,12.2
Missouri,4 wk ahead,percent,9.96180378619076e-11,Bin,12.2,12.3
Missouri,4 wk ahead,percent,9.96180378619076e-11,Bin,12.3,12.4
Missouri,4 wk ahead,percent,9.96180378619076e-11,Bin,12.4,12.5
Missouri,4 wk ahead,percent,9.96180378619076e-11,Bin,12.5,12.6
Missouri,4 wk ahead,percent,9.96180378619076e-11,Bin,12.6,12.7
Missouri,4 wk ahead,percent,9.96180378619076e-11,Bin,12.7,12.8
Missouri,4 wk ahead,percent,9.96180378619076e-11,Bin,12.8,12.9
Missouri,4 wk ahead,percent,9.96180378619076e-11,Bin,12.9,13.0
Missouri,4 wk ahead,percent,9.96180378619076e-11,Bin,13.0,100.0
Missouri,Season peak percentage,percent,7.14117630314505e-14,Bin,0.0,0.1
Missouri,Season peak percentage,percent,1.42823526062901e-13,Bin,0.1,0.2
Missouri,Season peak percentage,percent,1.42823526062901e-13,Bin,0.2,0.3
Missouri,Season peak percentage,percent,1.42823526062901e-13,Bin,0.3,0.4
Missouri,Season peak percentage,percent,1.42823526062901e-13,Bin,0.4,0.5
Missouri,Season peak percentage,percent,1.42823526062901e-13,Bin,0.5,0.6
Missouri,Season peak percentage,percent,1.42823526062901e-13,Bin,0.6,0.7
Missouri,Season peak percentage,percent,1.42823526062901e-13,Bin,0.7,0.8
Missouri,Season peak percentage,percent,1.42823526062901e-13,Bin,0.8,0.9
Missouri,Season peak percentage,percent,1.42823526062901e-13,Bin,0.9,1.0
Missouri,Season peak percentage,percent,1.42823526062901e-13,Bin,1.0,1.1
Missouri,Season peak percentage,percent,1.42823526062901e-13,Bin,1.1,1.2
Missouri,Season peak percentage,percent,1.42823526062901e-13,Bin,1.2,1.3
Missouri,Season peak percentage,percent,1.42823526062901e-13,Bin,1.3,1.4
Missouri,Season peak percentage,percent,1.42823526062901e-13,Bin,1.4,1.5
Missouri,Season peak percentage,percent,1.42823526062901e-13,Bin,1.5,1.6
Missouri,Season peak percentage,percent,1.42823526062901e-13,Bin,1.6,1.7
Missouri,Season peak percentage,percent,1.42877948618679e-13,Bin,1.7,1.8
Missouri,Season peak percentage,percent,2.05163544042984e-13,Bin,1.8,1.9
Missouri,Season peak percentage,percent,3.77485163919416e-13,Bin,1.9,2.0
Missouri,Season peak percentage,percent,6.61574790614591e-13,Bin,2.0,2.1
Missouri,Season peak percentage,percent,1.10415774809395e-12,Bin,2.1,2.2
Missouri,Season peak percentage,percent,1.7552512567614e-12,Bin,2.2,2.3
Missouri,Season peak percentage,percent,2.65723408091954e-12,Bin,2.3,2.4
Missouri,Season peak percentage,percent,3.83147651261619e-12,Bin,2.4,2.5
Missouri,Season peak percentage,percent,5.2618536912723e-12,Bin,2.5,2.6
Missouri,Season peak percentage,percent,6.88290176424344e-12,Bin,2.6,2.7
Missouri,Season peak percentage,percent,8.57668251910484e-12,Bin,2.7,2.8
Missouri,Season peak percentage,percent,1.01826716611869e-11,Bin,2.8,2.9
Missouri,Season peak percentage,percent,1.15227183186025e-11,Bin,2.9,3.0
Missouri,Season peak percentage,percent,1.24370088819367e-11,Bin,3.0,3.1
Missouri,Season peak percentage,percent,1.28196262249316e-11,Bin,3.1,3.2
Missouri,Season peak percentage,percent,1.26503118366199e-11,Bin,3.2,3.3
Missouri,Season peak percentage,percent,1.20018262360211e-11,Bin,3.3,3.4
Missouri,Season peak percentage,percent,1.10314880913595e-11,Bin,3.4,3.5
Missouri,Season peak percentage,percent,9.9478820553588e-12,Bin,3.5,3.6
Missouri,Season peak percentage,percent,8.96793066962534e-12,Bin,3.6,3.7
Missouri,Season peak percentage,percent,8.27174764372225e-12,Bin,3.7,3.8
Missouri,Season peak percentage,percent,7.96564095151109e-12,Bin,3.8,3.9
Missouri,Season peak percentage,percent,8.06434018981507e-12,Bin,3.9,4.0
Missouri,Season peak percentage,percent,8.48965180590147e-12,Bin,4.0,4.1
Missouri,Season peak percentage,percent,9.09281956778574e-12,Bin,4.1,4.2
Missouri,Season peak percentage,percent,9.68733674630335e-12,Bin,4.2,4.3
Missouri,Season peak percentage,percent,1.00910319487492e-11,Bin,4.3,4.4
Missouri,Season peak percentage,percent,1.01645801878313e-11,Bin,4.4,4.5
Missouri,Season peak percentage,percent,9.83945589428482e-12,Bin,4.5,4.6
Missouri,Season peak percentage,percent,9.12818902926511e-12,Bin,4.6,4.7
Missouri,Season peak percentage,percent,8.11825633431834e-12,Bin,4.7,4.8
Missouri,Season peak percentage,percent,6.95038859014992e-12,Bin,4.8,4.9
Missouri,Season peak percentage,percent,5.79144652365563e-12,Bin,4.9,5.0
Missouri,Season peak percentage,percent,4.80736182277736e-12,Bin,5.0,5.1
Missouri,Season peak percentage,percent,4.14347034613234e-12,Bin,5.1,5.2
Missouri,Season peak percentage,percent,3.91344846176245e-12,Bin,5.2,5.3
Missouri,Season peak percentage,percent,4.19460980117214e-12,Bin,5.3,5.4
Missouri,Season peak percentage,percent,5.02995710837479e-12,Bin,5.4,5.5
Missouri,Season peak percentage,percent,6.42694752550745e-12,Bin,5.5,5.6
Missouri,Season peak percentage,percent,8.36265992983534e-12,Bin,5.6,5.7
Missouri,Season peak percentage,percent,1.07842692501028e-11,Bin,5.7,5.8
Missouri,Season peak percentage,percent,1.36166047487382e-11,Bin,5.8,5.9
Missouri,Season peak percentage,percent,1.67662094868262e-11,Bin,5.9,6.0
Missouri,Season peak percentage,percent,2.01281624917067e-11,Bin,6.0,6.1
Missouri,Season peak percentage,percent,2.35843214513508e-11,Bin,6.1,6.2
Missouri,Season peak percentage,percent,2.69978488632165e-11,Bin,6.2,6.3
Missouri,Season peak percentage,percent,3.02036160671306e-11,Bin,6.3,6.4
Missouri,Season peak percentage,percent,3.30015213835044e-11,Bin,6.4,6.5
Missouri,Season peak percentage,percent,3.51655244095432e-11,Bin,6.5,6.6
Missouri,Season peak percentage,percent,3.64655123257443e-11,Bin,6.6,6.7
Missouri,Season peak percentage,percent,3.67105440876612e-11,Bin,6.7,6.8
Missouri,Season peak percentage,percent,3.5792785143509e-11,Bin,6.8,6.9
Missouri,Season peak percentage,percent,3.37262861699048e-11,Bin,6.9,7.0
Missouri,Season peak percentage,percent,3.06591607520823e-11,Bin,7.0,7.1
Missouri,Season peak percentage,percent,2.68601476919271e-11,Bin,7.1,7.2
Missouri,Season peak percentage,percent,2.26764561920714e-11,Bin,7.2,7.3
Missouri,Season peak percentage,percent,1.84787553224268e-11,Bin,7.3,7.4
Missouri,Season peak percentage,percent,1.46066755582664e-11,Bin,7.4,7.5
Missouri,Season peak percentage,percent,1.13262391794236e-11,Bin,7.5,7.6
Missouri,Season peak percentage,percent,8.80665166297955e-12,Bin,7.6,7.7
Missouri,Season peak percentage,percent,7.11887238563815e-12,Bin,7.7,7.8
Missouri,Season peak percentage,percent,6.23886178091475e-12,Bin,7.8,7.9
Missouri,Season peak percentage,percent,6.06950673996675e-12,Bin,7.9,8.0
Missouri,Season peak percentage,percent,6.45271790276211e-12,Bin,8.0,8.1
Missouri,Season peak percentage,percent,7.19199407634075e-12,Bin,8.1,8.2
Missouri,Season peak percentage,percent,8.07081481941247e-12,Bin,8.2,8.3
Missouri,Season peak percentage,percent,8.87776561964143e-12,Bin,8.3,8.4
Missouri,Season peak percentage,percent,9.43225002100192e-12,Bin,8.4,8.5
Missouri,Season peak percentage,percent,9.60796517354819e-12,Bin,8.5,8.6
Missouri,Season peak percentage,percent,9.35063927803000e-12,Bin,8.6,8.7
Missouri,Season peak percentage,percent,8.67932206254194e-12,Bin,8.7,8.8
Missouri,Season peak percentage,percent,7.67813626519241e-12,Bin,8.8,8.9
Missouri,Season peak percentage,percent,6.4710567125388e-12,Bin,8.9,9.0
Missouri,Season peak percentage,percent,5.19485874837688e-12,Bin,9.0,9.1
Missouri,Season peak percentage,percent,3.97211619549205e-12,Bin,9.1,9.2
Missouri,Season peak percentage,percent,2.89263672167824e-12,Bin,9.2,9.3
Missouri,Season peak percentage,percent,2.00623553367225e-12,Bin,9.3,9.4
Missouri,Season peak percentage,percent,1.32527089287023e-12,Bin,9.4,9.5
Missouri,Season peak percentage,percent,8.33688281921884e-13,Bin,9.5,9.6
Missouri,Season peak percentage,percent,4.99522912534234e-13,Bin,9.6,9.7
Missouri,Season peak percentage,percent,2.85022047830186e-13,Bin,9.7,9.8
Missouri,Season peak percentage,percent,1.54910156354634e-13,Bin,9.8,9.9
Missouri,Season peak percentage,percent,1.07881089577589e-13,Bin,9.9,10.0
Missouri,Season peak percentage,percent,1.07839997499918e-13,Bin,10.0,10.1
Missouri,Season peak percentage,percent,1.07839997499918e-13,Bin,10.1,10.2
Missouri,Season peak percentage,percent,1.07839997499918e-13,Bin,10.2,10.3
Missouri,Season peak percentage,percent,1.07839997499918e-13,Bin,10.3,10.4
Missouri,Season peak percentage,percent,1.07839997499918e-13,Bin,10.4,10.5
Missouri,Season peak percentage,percent,1.07839997499918e-13,Bin,10.5,10.6
Missouri,Season peak percentage,percent,1.07839997499918e-13,Bin,10.6,10.7
Missouri,Season peak percentage,percent,1.07839997499918e-13,Bin,10.7,10.8
Missouri,Season peak percentage,percent,1.07839997499918e-13,Bin,10.8,10.9
Missouri,Season peak percentage,percent,1.07839997499918e-13,Bin,10.9,11.0
Missouri,Season peak percentage,percent,1.07839997499918e-13,Bin,11.0,11.1
Missouri,Season peak percentage,percent,1.07839997499918e-13,Bin,11.1,11.2
Missouri,Season peak percentage,percent,1.07839997499918e-13,Bin,11.2,11.3
Missouri,Season peak percentage,percent,0.999999999107988,Bin,11.3,11.4
Missouri,Season peak percentage,percent,1.07839997499918e-13,Bin,11.4,11.5
Missouri,Season peak percentage,percent,1.07839997499918e-13,Bin,11.5,11.6
Missouri,Season peak percentage,percent,1.07839997499918e-13,Bin,11.6,11.7
Missouri,Season peak percentage,percent,1.07839997499918e-13,Bin,11.7,11.8
Missouri,Season peak percentage,percent,1.07839997499918e-13,Bin,11.8,11.9
Missouri,Season peak percentage,percent,1.07839997499918e-13,Bin,11.9,12.0
Missouri,Season peak percentage,percent,1.07839997499918e-13,Bin,12.0,12.1
Missouri,Season peak percentage,percent,1.07839997499918e-13,Bin,12.1,12.2
Missouri,Season peak percentage,percent,1.07839997499918e-13,Bin,12.2,12.3
Missouri,Season peak percentage,percent,1.07839997499918e-13,Bin,12.3,12.4
Missouri,Season peak percentage,percent,1.07839997499918e-13,Bin,12.4,12.5
Missouri,Season peak percentage,percent,1.07839997499918e-13,Bin,12.5,12.6
Missouri,Season peak percentage,percent,1.07839997499918e-13,Bin,12.6,12.7
Missouri,Season peak percentage,percent,1.07839997499918e-13,Bin,12.7,12.8
Missouri,Season peak percentage,percent,1.07839997499918e-13,Bin,12.8,12.9
Missouri,Season peak percentage,percent,1.07839997499918e-13,Bin,12.9,13.0
Missouri,Season peak percentage,percent,1.07839997499918e-13,Bin,13.0,100.0
Missouri,Season peak week,week,7.84941449706712e-05,Bin,40.0,41.0
Missouri,Season peak week,week,7.84941449706712e-05,Bin,41.0,42.0
Missouri,Season peak week,week,7.84941449706712e-05,Bin,42.0,43.0
Missouri,Season peak week,week,7.84941449706712e-05,Bin,43.0,44.0
Missouri,Season peak week,week,7.84941449706712e-05,Bin,44.0,45.0
Missouri,Season peak week,week,7.84941449706712e-05,Bin,45.0,46.0
Missouri,Season peak week,week,7.84941449706712e-05,Bin,46.0,47.0
Missouri,Season peak week,week,7.84941449706712e-05,Bin,47.0,48.0
Missouri,Season peak week,week,8.85924891587295e-05,Bin,48.0,49.0
Missouri,Season peak week,week,0.000474111570527524,Bin,49.0,50.0
Missouri,Season peak week,week,0.00208409409902444,Bin,50.0,51.0
Missouri,Season peak week,week,0.00506131837555526,Bin,51.0,52.0
Missouri,Season peak week,week,0.00680192384469158,Bin,52.0,53.0
Missouri,Season peak week,week,0.00506278506855804,Bin,1.0,2.0
Missouri,Season peak week,week,0.00210663353871866,Bin,2.0,3.0
Missouri,Season peak week,week,0.000671774174274533,Bin,3.0,4.0
Missouri,Season peak week,week,0.941126315741464,Bin,4.0,5.0
Missouri,Season peak week,week,0.00310190845852549,Bin,5.0,6.0
Missouri,Season peak week,week,0.00581977990703219,Bin,6.0,7.0
Missouri,Season peak week,week,0.00707440849655105,Bin,7.0,8.0
Missouri,Season peak week,week,0.00645056927308867,Bin,8.0,9.0
Missouri,Season peak week,week,0.00550183146722187,Bin,9.0,10.0
Missouri,Season peak week,week,0.00429030154912857,Bin,10.0,11.0
Missouri,Season peak week,week,0.00242277363595073,Bin,11.0,12.0
Missouri,Season peak week,week,0.000855506848593996,Bin,12.0,13.0
Missouri,Season peak week,week,0.000177952660974572,Bin,13.0,14.0
Missouri,Season peak week,week,3.16517063038177e-05,Bin,14.0,15.0
Missouri,Season peak week,week,2.79689891484821e-05,Bin,15.0,16.0
Missouri,Season peak week,week,2.79689891484821e-05,Bin,16.0,17.0
Missouri,Season peak week,week,2.79689891484821e-05,Bin,17.0,18.0
Missouri,Season peak week,week,2.79689891484821e-05,Bin,18.0,19.0
Missouri,Season peak week,week,2.79689891484821e-05,Bin,19.0,20.0
Missouri,Season peak week,week,2.79689891484821e-05,Bin,20.0,21.0
Montana,1 wk ahead,percent,0.0580000019025442,Bin,0.0,0.1
Montana,1 wk ahead,percent,0.585999984663968,Bin,0.1,0.2
Montana,1 wk ahead,percent,0.239999984087233,Bin,0.2,0.3
Montana,1 wk ahead,percent,0.0839999994160164,Bin,0.3,0.4
Montana,1 wk ahead,percent,0.0219999984849833,Bin,0.4,0.5
Montana,1 wk ahead,percent,0.00600000633867937,Bin,0.5,0.6
Montana,1 wk ahead,percent,0.00200000008143874,Bin,0.6,0.7
Montana,1 wk ahead,percent,2.02926458102744e-10,Bin,0.7,0.8
Montana,1 wk ahead,percent,2.02926458102744e-10,Bin,0.8,0.9
Montana,1 wk ahead,percent,0.00200000006518346,Bin,0.9,1.0
Montana,1 wk ahead,percent,2.02926458102744e-10,Bin,1.0,1.1
Montana,1 wk ahead,percent,2.02926458102744e-10,Bin,1.1,1.2
Montana,1 wk ahead,percent,2.02926458102744e-10,Bin,1.2,1.3
Montana,1 wk ahead,percent,2.02926458102744e-10,Bin,1.3,1.4
Montana,1 wk ahead,percent,2.02926458102744e-10,Bin,1.4,1.5
Montana,1 wk ahead,percent,2.02926458102744e-10,Bin,1.5,1.6
Montana,1 wk ahead,percent,2.02926458102744e-10,Bin,1.6,1.7
Montana,1 wk ahead,percent,2.02926458102744e-10,Bin,1.7,1.8
Montana,1 wk ahead,percent,2.02926458102744e-10,Bin,1.8,1.9
Montana,1 wk ahead,percent,2.02926458102744e-10,Bin,1.9,2.0
Montana,1 wk ahead,percent,2.02926458102744e-10,Bin,2.0,2.1
Montana,1 wk ahead,percent,2.02926458102743e-10,Bin,2.1,2.2
Montana,1 wk ahead,percent,2.02926458102743e-10,Bin,2.2,2.3
Montana,1 wk ahead,percent,2.02926458102743e-10,Bin,2.3,2.4
Montana,1 wk ahead,percent,2.02926458102743e-10,Bin,2.4,2.5
Montana,1 wk ahead,percent,2.02926458102743e-10,Bin,2.5,2.6
Montana,1 wk ahead,percent,2.02926458102743e-10,Bin,2.6,2.7
Montana,1 wk ahead,percent,2.02926458102743e-10,Bin,2.7,2.8
Montana,1 wk ahead,percent,2.02926458102743e-10,Bin,2.8,2.9
Montana,1 wk ahead,percent,2.02926458102743e-10,Bin,2.9,3.0
Montana,1 wk ahead,percent,2.02926458102743e-10,Bin,3.0,3.1
Montana,1 wk ahead,percent,2.02926458102743e-10,Bin,3.1,3.2
Montana,1 wk ahead,percent,2.02926458102743e-10,Bin,3.2,3.3
Montana,1 wk ahead,percent,2.02926458102743e-10,Bin,3.3,3.4
Montana,1 wk ahead,percent,2.02926458102743e-10,Bin,3.4,3.5
Montana,1 wk ahead,percent,2.02926458102743e-10,Bin,3.5,3.6
Montana,1 wk ahead,percent,2.02926458102743e-10,Bin,3.6,3.7
Montana,1 wk ahead,percent,2.02926458102743e-10,Bin,3.7,3.8
Montana,1 wk ahead,percent,2.02926458102743e-10,Bin,3.8,3.9
Montana,1 wk ahead,percent,2.02926458102743e-10,Bin,3.9,4.0
Montana,1 wk ahead,percent,2.02926458102743e-10,Bin,4.0,4.1
Montana,1 wk ahead,percent,2.02926458102743e-10,Bin,4.1,4.2
Montana,1 wk ahead,percent,2.02926458102743e-10,Bin,4.2,4.3
Montana,1 wk ahead,percent,2.02926458102743e-10,Bin,4.3,4.4
Montana,1 wk ahead,percent,2.02926458102743e-10,Bin,4.4,4.5
Montana,1 wk ahead,percent,2.02926458102743e-10,Bin,4.5,4.6
Montana,1 wk ahead,percent,2.02926458102743e-10,Bin,4.6,4.7
Montana,1 wk ahead,percent,2.02926458102743e-10,Bin,4.7,4.8
Montana,1 wk ahead,percent,2.02926458102743e-10,Bin,4.8,4.9
Montana,1 wk ahead,percent,2.02926458102743e-10,Bin,4.9,5.0
Montana,1 wk ahead,percent,2.02926458102743e-10,Bin,5.0,5.1
Montana,1 wk ahead,percent,2.02926458102743e-10,Bin,5.1,5.2
Montana,1 wk ahead,percent,2.02926458102743e-10,Bin,5.2,5.3
Montana,1 wk ahead,percent,2.02926458102743e-10,Bin,5.3,5.4
Montana,1 wk ahead,percent,2.02926458102743e-10,Bin,5.4,5.5
Montana,1 wk ahead,percent,2.02926458102743e-10,Bin,5.5,5.6
Montana,1 wk ahead,percent,2.02926458102743e-10,Bin,5.6,5.7
Montana,1 wk ahead,percent,2.02926458102743e-10,Bin,5.7,5.8
Montana,1 wk ahead,percent,2.02926458102743e-10,Bin,5.8,5.9
Montana,1 wk ahead,percent,2.02926458102743e-10,Bin,5.9,6.0
Montana,1 wk ahead,percent,2.02926458102743e-10,Bin,6.0,6.1
Montana,1 wk ahead,percent,2.02926458102743e-10,Bin,6.1,6.2
Montana,1 wk ahead,percent,2.02926458102743e-10,Bin,6.2,6.3
Montana,1 wk ahead,percent,2.02926458102743e-10,Bin,6.3,6.4
Montana,1 wk ahead,percent,2.02926458102743e-10,Bin,6.4,6.5
Montana,1 wk ahead,percent,2.02926458102743e-10,Bin,6.5,6.6
Montana,1 wk ahead,percent,2.02926458102743e-10,Bin,6.6,6.7
Montana,1 wk ahead,percent,2.02926458102743e-10,Bin,6.7,6.8
Montana,1 wk ahead,percent,2.02926458102743e-10,Bin,6.8,6.9
Montana,1 wk ahead,percent,2.02926458102743e-10,Bin,6.9,7.0
Montana,1 wk ahead,percent,2.02926458102743e-10,Bin,7.0,7.1
Montana,1 wk ahead,percent,2.02926458102743e-10,Bin,7.1,7.2
Montana,1 wk ahead,percent,2.02926458102743e-10,Bin,7.2,7.3
Montana,1 wk ahead,percent,2.02926458102743e-10,Bin,7.3,7.4
Montana,1 wk ahead,percent,2.02926458102743e-10,Bin,7.4,7.5
Montana,1 wk ahead,percent,2.02926458102743e-10,Bin,7.5,7.6
Montana,1 wk ahead,percent,2.02926458102743e-10,Bin,7.6,7.7
Montana,1 wk ahead,percent,2.02926458102743e-10,Bin,7.7,7.8
Montana,1 wk ahead,percent,2.02926458102743e-10,Bin,7.8,7.9
Montana,1 wk ahead,percent,2.02926458102743e-10,Bin,7.9,8.0
Montana,1 wk ahead,percent,2.02926458102745e-10,Bin,8.0,8.1
Montana,1 wk ahead,percent,2.02926458102747e-10,Bin,8.1,8.2
Montana,1 wk ahead,percent,2.02926458102747e-10,Bin,8.2,8.3
Montana,1 wk ahead,percent,2.02926458102747e-10,Bin,8.3,8.4
Montana,1 wk ahead,percent,2.02926458102747e-10,Bin,8.4,8.5
Montana,1 wk ahead,percent,2.02926458102747e-10,Bin,8.5,8.6
Montana,1 wk ahead,percent,2.02926458102747e-10,Bin,8.6,8.7
Montana,1 wk ahead,percent,2.02926458102747e-10,Bin,8.7,8.8
Montana,1 wk ahead,percent,2.02926458102747e-10,Bin,8.8,8.9
Montana,1 wk ahead,percent,2.02926458102747e-10,Bin,8.9,9.0
Montana,1 wk ahead,percent,2.02926458102747e-10,Bin,9.0,9.1
Montana,1 wk ahead,percent,2.02926458102747e-10,Bin,9.1,9.2
Montana,1 wk ahead,percent,2.02926458102747e-10,Bin,9.2,9.3
Montana,1 wk ahead,percent,2.02926458102747e-10,Bin,9.3,9.4
Montana,1 wk ahead,percent,2.02926458102747e-10,Bin,9.4,9.5
Montana,1 wk ahead,percent,2.02926458102747e-10,Bin,9.5,9.6
Montana,1 wk ahead,percent,2.02926458102747e-10,Bin,9.6,9.7
Montana,1 wk ahead,percent,2.02926458102747e-10,Bin,9.7,9.8
Montana,1 wk ahead,percent,2.02926458102747e-10,Bin,9.8,9.9
Montana,1 wk ahead,percent,2.02926458102747e-10,Bin,9.9,10.0
Montana,1 wk ahead,percent,2.02926458102747e-10,Bin,10.0,10.1
Montana,1 wk ahead,percent,2.02926458102747e-10,Bin,10.1,10.2
Montana,1 wk ahead,percent,2.02926458102747e-10,Bin,10.2,10.3
Montana,1 wk ahead,percent,2.02926458102747e-10,Bin,10.3,10.4
Montana,1 wk ahead,percent,2.02926458102747e-10,Bin,10.4,10.5
Montana,1 wk ahead,percent,2.02926458102747e-10,Bin,10.5,10.6
Montana,1 wk ahead,percent,2.02926458102747e-10,Bin,10.6,10.7
Montana,1 wk ahead,percent,2.02926458102747e-10,Bin,10.7,10.8
Montana,1 wk ahead,percent,2.02926458102747e-10,Bin,10.8,10.9
Montana,1 wk ahead,percent,2.02926458102747e-10,Bin,10.9,11.0
Montana,1 wk ahead,percent,2.02926458102747e-10,Bin,11.0,11.1
Montana,1 wk ahead,percent,2.02926458102747e-10,Bin,11.1,11.2
Montana,1 wk ahead,percent,2.02926458102747e-10,Bin,11.2,11.3
Montana,1 wk ahead,percent,2.02926458102747e-10,Bin,11.3,11.4
Montana,1 wk ahead,percent,2.02926458102747e-10,Bin,11.4,11.5
Montana,1 wk ahead,percent,2.02926458102747e-10,Bin,11.5,11.6
Montana,1 wk ahead,percent,2.02926458102747e-10,Bin,11.6,11.7
Montana,1 wk ahead,percent,2.02926458102747e-10,Bin,11.7,11.8
Montana,1 wk ahead,percent,2.02926458102747e-10,Bin,11.8,11.9
Montana,1 wk ahead,percent,2.02926458102747e-10,Bin,11.9,12.0
Montana,1 wk ahead,percent,2.02926458102747e-10,Bin,12.0,12.1
Montana,1 wk ahead,percent,2.02926458102747e-10,Bin,12.1,12.2
Montana,1 wk ahead,percent,2.02926458102747e-10,Bin,12.2,12.3
Montana,1 wk ahead,percent,2.02926458102747e-10,Bin,12.3,12.4
Montana,1 wk ahead,percent,2.02926458102747e-10,Bin,12.4,12.5
Montana,1 wk ahead,percent,2.02926458102747e-10,Bin,12.5,12.6
Montana,1 wk ahead,percent,2.02926458102747e-10,Bin,12.6,12.7
Montana,1 wk ahead,percent,2.02926458102747e-10,Bin,12.7,12.8
Montana,1 wk ahead,percent,2.02926458102747e-10,Bin,12.8,12.9
Montana,1 wk ahead,percent,2.02926458102747e-10,Bin,12.9,13.0
Montana,1 wk ahead,percent,2.02926458102747e-10,Bin,13.0,100.0
Montana,2 wk ahead,percent,0.0579999960176832,Bin,0.0,0.1
Montana,2 wk ahead,percent,0.663999977367441,Bin,0.1,0.2
Montana,2 wk ahead,percent,0.189999986335777,Bin,0.2,0.3
Montana,2 wk ahead,percent,0.0539999963780663,Bin,0.3,0.4
Montana,2 wk ahead,percent,0.0179999990363192,Bin,0.4,0.5
Montana,2 wk ahead,percent,0.0099999996270421,Bin,0.5,0.6
Montana,2 wk ahead,percent,3.65445701858538e-10,Bin,0.6,0.7
Montana,2 wk ahead,percent,0.00200000021776498,Bin,0.7,0.8
Montana,2 wk ahead,percent,0.00200000021776498,Bin,0.8,0.9
Montana,2 wk ahead,percent,3.65445701858538e-10,Bin,0.9,1.0
Montana,2 wk ahead,percent,0.00200000021776498,Bin,1.0,1.1
Montana,2 wk ahead,percent,3.65445701858538e-10,Bin,1.1,1.2
Montana,2 wk ahead,percent,3.65445701858538e-10,Bin,1.2,1.3
Montana,2 wk ahead,percent,3.65445701858538e-10,Bin,1.3,1.4
Montana,2 wk ahead,percent,3.65445701858538e-10,Bin,1.4,1.5
Montana,2 wk ahead,percent,3.65445701858538e-10,Bin,1.5,1.6
Montana,2 wk ahead,percent,3.65445701858538e-10,Bin,1.6,1.7
Montana,2 wk ahead,percent,3.65445701858538e-10,Bin,1.7,1.8
Montana,2 wk ahead,percent,3.65445701858538e-10,Bin,1.8,1.9
Montana,2 wk ahead,percent,3.65445701858538e-10,Bin,1.9,2.0
Montana,2 wk ahead,percent,3.65445701858537e-10,Bin,2.0,2.1
Montana,2 wk ahead,percent,3.65445701858536e-10,Bin,2.1,2.2
Montana,2 wk ahead,percent,3.65445701858536e-10,Bin,2.2,2.3
Montana,2 wk ahead,percent,3.65445701858536e-10,Bin,2.3,2.4
Montana,2 wk ahead,percent,3.65445701858536e-10,Bin,2.4,2.5
Montana,2 wk ahead,percent,3.65445701858536e-10,Bin,2.5,2.6
Montana,2 wk ahead,percent,3.65445701858536e-10,Bin,2.6,2.7
Montana,2 wk ahead,percent,3.65445701858536e-10,Bin,2.7,2.8
Montana,2 wk ahead,percent,3.65445701858536e-10,Bin,2.8,2.9
Montana,2 wk ahead,percent,3.65445701858536e-10,Bin,2.9,3.0
Montana,2 wk ahead,percent,3.65445701858536e-10,Bin,3.0,3.1
Montana,2 wk ahead,percent,3.65445701858536e-10,Bin,3.1,3.2
Montana,2 wk ahead,percent,3.65445701858536e-10,Bin,3.2,3.3
Montana,2 wk ahead,percent,3.65445701858536e-10,Bin,3.3,3.4
Montana,2 wk ahead,percent,3.65445701858536e-10,Bin,3.4,3.5
Montana,2 wk ahead,percent,3.65445701858536e-10,Bin,3.5,3.6
Montana,2 wk ahead,percent,3.65445701858536e-10,Bin,3.6,3.7
Montana,2 wk ahead,percent,3.65445701858536e-10,Bin,3.7,3.8
Montana,2 wk ahead,percent,3.65445701858536e-10,Bin,3.8,3.9
Montana,2 wk ahead,percent,3.65445701858536e-10,Bin,3.9,4.0
Montana,2 wk ahead,percent,3.65445701858536e-10,Bin,4.0,4.1
Montana,2 wk ahead,percent,3.65445701858536e-10,Bin,4.1,4.2
Montana,2 wk ahead,percent,3.65445701858536e-10,Bin,4.2,4.3
Montana,2 wk ahead,percent,3.65445701858536e-10,Bin,4.3,4.4
Montana,2 wk ahead,percent,3.65445701858536e-10,Bin,4.4,4.5
Montana,2 wk ahead,percent,3.65445701858536e-10,Bin,4.5,4.6
Montana,2 wk ahead,percent,3.65445701858536e-10,Bin,4.6,4.7
Montana,2 wk ahead,percent,3.65445701858536e-10,Bin,4.7,4.8
Montana,2 wk ahead,percent,3.65445701858536e-10,Bin,4.8,4.9
Montana,2 wk ahead,percent,3.65445701858536e-10,Bin,4.9,5.0
Montana,2 wk ahead,percent,3.65445701858536e-10,Bin,5.0,5.1
Montana,2 wk ahead,percent,3.65445701858536e-10,Bin,5.1,5.2
Montana,2 wk ahead,percent,3.65445701858536e-10,Bin,5.2,5.3
Montana,2 wk ahead,percent,3.65445701858536e-10,Bin,5.3,5.4
Montana,2 wk ahead,percent,3.65445701858536e-10,Bin,5.4,5.5
Montana,2 wk ahead,percent,3.65445701858536e-10,Bin,5.5,5.6
Montana,2 wk ahead,percent,3.65445701858536e-10,Bin,5.6,5.7
Montana,2 wk ahead,percent,3.65445701858536e-10,Bin,5.7,5.8
Montana,2 wk ahead,percent,3.65445701858536e-10,Bin,5.8,5.9
Montana,2 wk ahead,percent,3.65445701858536e-10,Bin,5.9,6.0
Montana,2 wk ahead,percent,3.65445701858536e-10,Bin,6.0,6.1
Montana,2 wk ahead,percent,3.65445701858536e-10,Bin,6.1,6.2
Montana,2 wk ahead,percent,3.65445701858536e-10,Bin,6.2,6.3
Montana,2 wk ahead,percent,3.65445701858536e-10,Bin,6.3,6.4
Montana,2 wk ahead,percent,3.65445701858536e-10,Bin,6.4,6.5
Montana,2 wk ahead,percent,3.65445701858536e-10,Bin,6.5,6.6
Montana,2 wk ahead,percent,3.65445701858536e-10,Bin,6.6,6.7
Montana,2 wk ahead,percent,3.65445701858536e-10,Bin,6.7,6.8
Montana,2 wk ahead,percent,3.65445701858536e-10,Bin,6.8,6.9
Montana,2 wk ahead,percent,3.65445701858536e-10,Bin,6.9,7.0
Montana,2 wk ahead,percent,3.65445701858536e-10,Bin,7.0,7.1
Montana,2 wk ahead,percent,3.65445701858536e-10,Bin,7.1,7.2
Montana,2 wk ahead,percent,3.65445701858536e-10,Bin,7.2,7.3
Montana,2 wk ahead,percent,3.65445701858536e-10,Bin,7.3,7.4
Montana,2 wk ahead,percent,3.65445701858536e-10,Bin,7.4,7.5
Montana,2 wk ahead,percent,3.65445701858536e-10,Bin,7.5,7.6
Montana,2 wk ahead,percent,3.65445701858536e-10,Bin,7.6,7.7
Montana,2 wk ahead,percent,3.65445701858536e-10,Bin,7.7,7.8
Montana,2 wk ahead,percent,3.65445701858536e-10,Bin,7.8,7.9
Montana,2 wk ahead,percent,3.65445701858536e-10,Bin,7.9,8.0
Montana,2 wk ahead,percent,3.65445701858539e-10,Bin,8.0,8.1
Montana,2 wk ahead,percent,3.65445701858543e-10,Bin,8.1,8.2
Montana,2 wk ahead,percent,3.65445701858543e-10,Bin,8.2,8.3
Montana,2 wk ahead,percent,3.65445701858543e-10,Bin,8.3,8.4
Montana,2 wk ahead,percent,3.65445701858543e-10,Bin,8.4,8.5
Montana,2 wk ahead,percent,3.65445701858543e-10,Bin,8.5,8.6
Montana,2 wk ahead,percent,3.65445701858543e-10,Bin,8.6,8.7
Montana,2 wk ahead,percent,3.65445701858543e-10,Bin,8.7,8.8
Montana,2 wk ahead,percent,3.65445701858543e-10,Bin,8.8,8.9
Montana,2 wk ahead,percent,3.65445701858543e-10,Bin,8.9,9.0
Montana,2 wk ahead,percent,3.65445701858543e-10,Bin,9.0,9.1
Montana,2 wk ahead,percent,3.65445701858543e-10,Bin,9.1,9.2
Montana,2 wk ahead,percent,3.65445701858543e-10,Bin,9.2,9.3
Montana,2 wk ahead,percent,3.65445701858543e-10,Bin,9.3,9.4
Montana,2 wk ahead,percent,3.65445701858543e-10,Bin,9.4,9.5
Montana,2 wk ahead,percent,3.65445701858543e-10,Bin,9.5,9.6
Montana,2 wk ahead,percent,3.65445701858543e-10,Bin,9.6,9.7
Montana,2 wk ahead,percent,3.65445701858543e-10,Bin,9.7,9.8
Montana,2 wk ahead,percent,3.65445701858543e-10,Bin,9.8,9.9
Montana,2 wk ahead,percent,3.65445701858543e-10,Bin,9.9,10.0
Montana,2 wk ahead,percent,3.65445701858543e-10,Bin,10.0,10.1
Montana,2 wk ahead,percent,3.65445701858543e-10,Bin,10.1,10.2
Montana,2 wk ahead,percent,3.65445701858543e-10,Bin,10.2,10.3
Montana,2 wk ahead,percent,3.65445701858543e-10,Bin,10.3,10.4
Montana,2 wk ahead,percent,3.65445701858543e-10,Bin,10.4,10.5
Montana,2 wk ahead,percent,3.65445701858543e-10,Bin,10.5,10.6
Montana,2 wk ahead,percent,3.65445701858543e-10,Bin,10.6,10.7
Montana,2 wk ahead,percent,3.65445701858543e-10,Bin,10.7,10.8
Montana,2 wk ahead,percent,3.65445701858543e-10,Bin,10.8,10.9
Montana,2 wk ahead,percent,3.65445701858543e-10,Bin,10.9,11.0
Montana,2 wk ahead,percent,3.65445701858543e-10,Bin,11.0,11.1
Montana,2 wk ahead,percent,3.65445701858543e-10,Bin,11.1,11.2
Montana,2 wk ahead,percent,3.65445701858543e-10,Bin,11.2,11.3
Montana,2 wk ahead,percent,3.65445701858543e-10,Bin,11.3,11.4
Montana,2 wk ahead,percent,3.65445701858543e-10,Bin,11.4,11.5
Montana,2 wk ahead,percent,3.65445701858543e-10,Bin,11.5,11.6
Montana,2 wk ahead,percent,3.65445701858543e-10,Bin,11.6,11.7
Montana,2 wk ahead,percent,3.65445701858543e-10,Bin,11.7,11.8
Montana,2 wk ahead,percent,3.65445701858543e-10,Bin,11.8,11.9
Montana,2 wk ahead,percent,3.65445701858543e-10,Bin,11.9,12.0
Montana,2 wk ahead,percent,3.65445701858543e-10,Bin,12.0,12.1
Montana,2 wk ahead,percent,3.65445701858543e-10,Bin,12.1,12.2
Montana,2 wk ahead,percent,3.65445701858543e-10,Bin,12.2,12.3
Montana,2 wk ahead,percent,3.65445701858543e-10,Bin,12.3,12.4
Montana,2 wk ahead,percent,3.65445701858543e-10,Bin,12.4,12.5
Montana,2 wk ahead,percent,3.65445701858543e-10,Bin,12.5,12.6
Montana,2 wk ahead,percent,3.65445701858543e-10,Bin,12.6,12.7
Montana,2 wk ahead,percent,3.65445701858543e-10,Bin,12.7,12.8
Montana,2 wk ahead,percent,3.65445701858543e-10,Bin,12.8,12.9
Montana,2 wk ahead,percent,3.65445701858543e-10,Bin,12.9,13.0
Montana,2 wk ahead,percent,3.65445701858543e-10,Bin,13.0,100.0
Montana,3 wk ahead,percent,0.079999984773701,Bin,0.0,0.1
Montana,3 wk ahead,percent,0.59199987704603,Bin,0.1,0.2
Montana,3 wk ahead,percent,0.24599994984637,Bin,0.2,0.3
Montana,3 wk ahead,percent,0.0399999931899254,Bin,0.3,0.4
Montana,3 wk ahead,percent,0.0239999965564151,Bin,0.4,0.5
Montana,3 wk ahead,percent,0.0119999990812824,Bin,0.5,0.6
Montana,3 wk ahead,percent,0.00200000118533846,Bin,0.6,0.7
Montana,3 wk ahead,percent,0.00200000118533846,Bin,0.7,0.8
Montana,3 wk ahead,percent,1.60614967956263e-09,Bin,0.8,0.9
Montana,3 wk ahead,percent,1.60614967956263e-09,Bin,0.9,1.0
Montana,3 wk ahead,percent,0.00200000118533846,Bin,1.0,1.1
Montana,3 wk ahead,percent,1.60614967956263e-09,Bin,1.1,1.2
Montana,3 wk ahead,percent,1.60614967956263e-09,Bin,1.2,1.3
Montana,3 wk ahead,percent,1.60614967956263e-09,Bin,1.3,1.4
Montana,3 wk ahead,percent,1.60614967956263e-09,Bin,1.4,1.5
Montana,3 wk ahead,percent,1.60614967956263e-09,Bin,1.5,1.6
Montana,3 wk ahead,percent,1.60614967956263e-09,Bin,1.6,1.7
Montana,3 wk ahead,percent,1.60614967956263e-09,Bin,1.7,1.8
Montana,3 wk ahead,percent,1.60614967956263e-09,Bin,1.8,1.9
Montana,3 wk ahead,percent,1.60614967956263e-09,Bin,1.9,2.0
Montana,3 wk ahead,percent,1.60614967956263e-09,Bin,2.0,2.1
Montana,3 wk ahead,percent,1.60614967956263e-09,Bin,2.1,2.2
Montana,3 wk ahead,percent,1.60614967956263e-09,Bin,2.2,2.3
Montana,3 wk ahead,percent,1.60614967956263e-09,Bin,2.3,2.4
Montana,3 wk ahead,percent,1.60614967956263e-09,Bin,2.4,2.5
Montana,3 wk ahead,percent,1.60614967956263e-09,Bin,2.5,2.6
Montana,3 wk ahead,percent,1.60614967956263e-09,Bin,2.6,2.7
Montana,3 wk ahead,percent,1.60614967956263e-09,Bin,2.7,2.8
Montana,3 wk ahead,percent,1.60614967956263e-09,Bin,2.8,2.9
Montana,3 wk ahead,percent,1.60614967956263e-09,Bin,2.9,3.0
Montana,3 wk ahead,percent,1.60614967956263e-09,Bin,3.0,3.1
Montana,3 wk ahead,percent,1.60614967956263e-09,Bin,3.1,3.2
Montana,3 wk ahead,percent,1.60614967956263e-09,Bin,3.2,3.3
Montana,3 wk ahead,percent,1.60614967956263e-09,Bin,3.3,3.4
Montana,3 wk ahead,percent,1.60614967956263e-09,Bin,3.4,3.5
Montana,3 wk ahead,percent,1.60614967956263e-09,Bin,3.5,3.6
Montana,3 wk ahead,percent,1.60614967956263e-09,Bin,3.6,3.7
Montana,3 wk ahead,percent,1.60614967956263e-09,Bin,3.7,3.8
Montana,3 wk ahead,percent,1.60614967956263e-09,Bin,3.8,3.9
Montana,3 wk ahead,percent,1.60614967956263e-09,Bin,3.9,4.0
Montana,3 wk ahead,percent,1.60614967956263e-09,Bin,4.0,4.1
Montana,3 wk ahead,percent,1.60614967956263e-09,Bin,4.1,4.2
Montana,3 wk ahead,percent,1.60614967956263e-09,Bin,4.2,4.3
Montana,3 wk ahead,percent,1.60614967956263e-09,Bin,4.3,4.4
Montana,3 wk ahead,percent,1.60614967956263e-09,Bin,4.4,4.5
Montana,3 wk ahead,percent,1.60614967956263e-09,Bin,4.5,4.6
Montana,3 wk ahead,percent,1.60614967956263e-09,Bin,4.6,4.7
Montana,3 wk ahead,percent,1.60614967956263e-09,Bin,4.7,4.8
Montana,3 wk ahead,percent,1.60614967956263e-09,Bin,4.8,4.9
Montana,3 wk ahead,percent,1.60614967956263e-09,Bin,4.9,5.0
Montana,3 wk ahead,percent,1.60614967956263e-09,Bin,5.0,5.1
Montana,3 wk ahead,percent,1.60614967956263e-09,Bin,5.1,5.2
Montana,3 wk ahead,percent,1.60614967956263e-09,Bin,5.2,5.3
Montana,3 wk ahead,percent,1.60614967956263e-09,Bin,5.3,5.4
Montana,3 wk ahead,percent,1.60614967956263e-09,Bin,5.4,5.5
Montana,3 wk ahead,percent,1.60614967956263e-09,Bin,5.5,5.6
Montana,3 wk ahead,percent,1.60614967956263e-09,Bin,5.6,5.7
Montana,3 wk ahead,percent,1.60614967956263e-09,Bin,5.7,5.8
Montana,3 wk ahead,percent,1.60614967956263e-09,Bin,5.8,5.9
Montana,3 wk ahead,percent,1.60614967956263e-09,Bin,5.9,6.0
Montana,3 wk ahead,percent,1.60614967956263e-09,Bin,6.0,6.1
Montana,3 wk ahead,percent,1.60614967956263e-09,Bin,6.1,6.2
Montana,3 wk ahead,percent,1.60614967956263e-09,Bin,6.2,6.3
Montana,3 wk ahead,percent,1.60614967956263e-09,Bin,6.3,6.4
Montana,3 wk ahead,percent,1.60614967956263e-09,Bin,6.4,6.5
Montana,3 wk ahead,percent,1.60614967956263e-09,Bin,6.5,6.6
Montana,3 wk ahead,percent,1.60614967956263e-09,Bin,6.6,6.7
Montana,3 wk ahead,percent,1.60614967956263e-09,Bin,6.7,6.8
Montana,3 wk ahead,percent,1.60614967956263e-09,Bin,6.8,6.9
Montana,3 wk ahead,percent,1.60614967956263e-09,Bin,6.9,7.0
Montana,3 wk ahead,percent,1.60614967956263e-09,Bin,7.0,7.1
Montana,3 wk ahead,percent,1.60614967956263e-09,Bin,7.1,7.2
Montana,3 wk ahead,percent,1.60614967956263e-09,Bin,7.2,7.3
Montana,3 wk ahead,percent,1.60614967956263e-09,Bin,7.3,7.4
Montana,3 wk ahead,percent,1.60614967956263e-09,Bin,7.4,7.5
Montana,3 wk ahead,percent,1.60614967956263e-09,Bin,7.5,7.6
Montana,3 wk ahead,percent,1.60614967956263e-09,Bin,7.6,7.7
Montana,3 wk ahead,percent,1.60614967956263e-09,Bin,7.7,7.8
Montana,3 wk ahead,percent,1.60614967956263e-09,Bin,7.8,7.9
Montana,3 wk ahead,percent,1.60614967956263e-09,Bin,7.9,8.0
Montana,3 wk ahead,percent,1.60614967956263e-09,Bin,8.0,8.1
Montana,3 wk ahead,percent,1.60614967956263e-09,Bin,8.1,8.2
Montana,3 wk ahead,percent,1.60614967956263e-09,Bin,8.2,8.3
Montana,3 wk ahead,percent,1.60614967956263e-09,Bin,8.3,8.4
Montana,3 wk ahead,percent,1.60614967956263e-09,Bin,8.4,8.5
Montana,3 wk ahead,percent,1.60614967956263e-09,Bin,8.5,8.6
Montana,3 wk ahead,percent,1.60614967956263e-09,Bin,8.6,8.7
Montana,3 wk ahead,percent,1.60614967956263e-09,Bin,8.7,8.8
Montana,3 wk ahead,percent,1.60614967956263e-09,Bin,8.8,8.9
Montana,3 wk ahead,percent,1.60614967956263e-09,Bin,8.9,9.0
Montana,3 wk ahead,percent,1.60614967956263e-09,Bin,9.0,9.1
Montana,3 wk ahead,percent,1.60614967956263e-09,Bin,9.1,9.2
Montana,3 wk ahead,percent,1.60614967956263e-09,Bin,9.2,9.3
Montana,3 wk ahead,percent,1.60614967956263e-09,Bin,9.3,9.4
Montana,3 wk ahead,percent,1.60614967956263e-09,Bin,9.4,9.5
Montana,3 wk ahead,percent,1.60614967956263e-09,Bin,9.5,9.6
Montana,3 wk ahead,percent,1.60614967956263e-09,Bin,9.6,9.7
Montana,3 wk ahead,percent,1.60614967956263e-09,Bin,9.7,9.8
Montana,3 wk ahead,percent,1.60614967956263e-09,Bin,9.8,9.9
Montana,3 wk ahead,percent,1.60614967956263e-09,Bin,9.9,10.0
Montana,3 wk ahead,percent,1.60614967956263e-09,Bin,10.0,10.1
Montana,3 wk ahead,percent,1.60614967956263e-09,Bin,10.1,10.2
Montana,3 wk ahead,percent,1.60614967956263e-09,Bin,10.2,10.3
Montana,3 wk ahead,percent,1.60614967956263e-09,Bin,10.3,10.4
Montana,3 wk ahead,percent,1.60614967956263e-09,Bin,10.4,10.5
Montana,3 wk ahead,percent,1.60614967956263e-09,Bin,10.5,10.6
Montana,3 wk ahead,percent,1.60614967956263e-09,Bin,10.6,10.7
Montana,3 wk ahead,percent,1.60614967956263e-09,Bin,10.7,10.8
Montana,3 wk ahead,percent,1.60614967956263e-09,Bin,10.8,10.9
Montana,3 wk ahead,percent,1.60614967956263e-09,Bin,10.9,11.0
Montana,3 wk ahead,percent,1.60614967956263e-09,Bin,11.0,11.1
Montana,3 wk ahead,percent,1.60614967956263e-09,Bin,11.1,11.2
Montana,3 wk ahead,percent,1.60614967956263e-09,Bin,11.2,11.3
Montana,3 wk ahead,percent,1.60614967956263e-09,Bin,11.3,11.4
Montana,3 wk ahead,percent,1.60614967956263e-09,Bin,11.4,11.5
Montana,3 wk ahead,percent,1.60614967956263e-09,Bin,11.5,11.6
Montana,3 wk ahead,percent,1.60614967956263e-09,Bin,11.6,11.7
Montana,3 wk ahead,percent,1.60614967956263e-09,Bin,11.7,11.8
Montana,3 wk ahead,percent,1.60614967956263e-09,Bin,11.8,11.9
Montana,3 wk ahead,percent,1.60614967956263e-09,Bin,11.9,12.0
Montana,3 wk ahead,percent,1.60614967956263e-09,Bin,12.0,12.1
Montana,3 wk ahead,percent,1.60614967956263e-09,Bin,12.1,12.2
Montana,3 wk ahead,percent,1.60614967956263e-09,Bin,12.2,12.3
Montana,3 wk ahead,percent,1.60614967956263e-09,Bin,12.3,12.4
Montana,3 wk ahead,percent,1.60614967956263e-09,Bin,12.4,12.5
Montana,3 wk ahead,percent,1.60614967956263e-09,Bin,12.5,12.6
Montana,3 wk ahead,percent,1.60614967956263e-09,Bin,12.6,12.7
Montana,3 wk ahead,percent,1.60614967956263e-09,Bin,12.7,12.8
Montana,3 wk ahead,percent,1.60614967956263e-09,Bin,12.8,12.9
Montana,3 wk ahead,percent,1.60614967956263e-09,Bin,12.9,13.0
Montana,3 wk ahead,percent,1.60614967956263e-09,Bin,13.0,100.0
Montana,4 wk ahead,percent,0.103999979780952,Bin,0.0,0.1
Montana,4 wk ahead,percent,0.597999876132707,Bin,0.1,0.2
Montana,4 wk ahead,percent,0.199999959638783,Bin,0.2,0.3
Montana,4 wk ahead,percent,0.0539999902716654,Bin,0.3,0.4
Montana,4 wk ahead,percent,0.0259999961464648,Bin,0.4,0.5
Montana,4 wk ahead,percent,0.00999999950349297,Bin,0.5,0.6
Montana,4 wk ahead,percent,0.00400000076237854,Bin,0.6,0.7
Montana,4 wk ahead,percent,0.00200000118200706,Bin,0.7,0.8
Montana,4 wk ahead,percent,1.60163558614698e-09,Bin,0.8,0.9
Montana,4 wk ahead,percent,0.00200000118200706,Bin,0.9,1.0
Montana,4 wk ahead,percent,1.60163558614698e-09,Bin,1.0,1.1
Montana,4 wk ahead,percent,1.60163558614698e-09,Bin,1.1,1.2
Montana,4 wk ahead,percent,1.60163558614698e-09,Bin,1.2,1.3
Montana,4 wk ahead,percent,1.60163558614698e-09,Bin,1.3,1.4
Montana,4 wk ahead,percent,1.60163558614698e-09,Bin,1.4,1.5
Montana,4 wk ahead,percent,1.60163558614698e-09,Bin,1.5,1.6
Montana,4 wk ahead,percent,1.60163558614698e-09,Bin,1.6,1.7
Montana,4 wk ahead,percent,1.60163558614698e-09,Bin,1.7,1.8
Montana,4 wk ahead,percent,1.60163558614698e-09,Bin,1.8,1.9
Montana,4 wk ahead,percent,1.60163558614698e-09,Bin,1.9,2.0
Montana,4 wk ahead,percent,1.60163558614698e-09,Bin,2.0,2.1
Montana,4 wk ahead,percent,1.60163558614698e-09,Bin,2.1,2.2
Montana,4 wk ahead,percent,1.60163558614698e-09,Bin,2.2,2.3
Montana,4 wk ahead,percent,1.60163558614698e-09,Bin,2.3,2.4
Montana,4 wk ahead,percent,1.60163558614698e-09,Bin,2.4,2.5
Montana,4 wk ahead,percent,1.60163558614698e-09,Bin,2.5,2.6
Montana,4 wk ahead,percent,1.60163558614698e-09,Bin,2.6,2.7
Montana,4 wk ahead,percent,1.60163558614698e-09,Bin,2.7,2.8
Montana,4 wk ahead,percent,1.60163558614698e-09,Bin,2.8,2.9
Montana,4 wk ahead,percent,1.60163558614698e-09,Bin,2.9,3.0
Montana,4 wk ahead,percent,1.60163558614698e-09,Bin,3.0,3.1
Montana,4 wk ahead,percent,1.60163558614698e-09,Bin,3.1,3.2
Montana,4 wk ahead,percent,1.60163558614698e-09,Bin,3.2,3.3
Montana,4 wk ahead,percent,1.60163558614698e-09,Bin,3.3,3.4
Montana,4 wk ahead,percent,1.60163558614698e-09,Bin,3.4,3.5
Montana,4 wk ahead,percent,1.60163558614698e-09,Bin,3.5,3.6
Montana,4 wk ahead,percent,1.60163558614698e-09,Bin,3.6,3.7
Montana,4 wk ahead,percent,1.60163558614698e-09,Bin,3.7,3.8
Montana,4 wk ahead,percent,1.60163558614698e-09,Bin,3.8,3.9
Montana,4 wk ahead,percent,1.60163558614698e-09,Bin,3.9,4.0
Montana,4 wk ahead,percent,1.60163558614698e-09,Bin,4.0,4.1
Montana,4 wk ahead,percent,1.60163558614698e-09,Bin,4.1,4.2
Montana,4 wk ahead,percent,1.60163558614698e-09,Bin,4.2,4.3
Montana,4 wk ahead,percent,1.60163558614698e-09,Bin,4.3,4.4
Montana,4 wk ahead,percent,1.60163558614698e-09,Bin,4.4,4.5
Montana,4 wk ahead,percent,1.60163558614698e-09,Bin,4.5,4.6
Montana,4 wk ahead,percent,1.60163558614698e-09,Bin,4.6,4.7
Montana,4 wk ahead,percent,1.60163558614698e-09,Bin,4.7,4.8
Montana,4 wk ahead,percent,1.60163558614698e-09,Bin,4.8,4.9
Montana,4 wk ahead,percent,1.60163558614698e-09,Bin,4.9,5.0
Montana,4 wk ahead,percent,1.60163558614698e-09,Bin,5.0,5.1
Montana,4 wk ahead,percent,1.60163558614698e-09,Bin,5.1,5.2
Montana,4 wk ahead,percent,1.60163558614698e-09,Bin,5.2,5.3
Montana,4 wk ahead,percent,1.60163558614698e-09,Bin,5.3,5.4
Montana,4 wk ahead,percent,1.60163558614698e-09,Bin,5.4,5.5
Montana,4 wk ahead,percent,1.60163558614698e-09,Bin,5.5,5.6
Montana,4 wk ahead,percent,1.60163558614698e-09,Bin,5.6,5.7
Montana,4 wk ahead,percent,1.60163558614698e-09,Bin,5.7,5.8
Montana,4 wk ahead,percent,1.60163558614698e-09,Bin,5.8,5.9
Montana,4 wk ahead,percent,1.60163558614698e-09,Bin,5.9,6.0
Montana,4 wk ahead,percent,1.60163558614698e-09,Bin,6.0,6.1
Montana,4 wk ahead,percent,1.60163558614698e-09,Bin,6.1,6.2
Montana,4 wk ahead,percent,1.60163558614698e-09,Bin,6.2,6.3
Montana,4 wk ahead,percent,1.60163558614698e-09,Bin,6.3,6.4
Montana,4 wk ahead,percent,1.60163558614698e-09,Bin,6.4,6.5
Montana,4 wk ahead,percent,1.60163558614698e-09,Bin,6.5,6.6
Montana,4 wk ahead,percent,1.60163558614698e-09,Bin,6.6,6.7
Montana,4 wk ahead,percent,1.60163558614698e-09,Bin,6.7,6.8
Montana,4 wk ahead,percent,1.60163558614698e-09,Bin,6.8,6.9
Montana,4 wk ahead,percent,1.60163558614698e-09,Bin,6.9,7.0
Montana,4 wk ahead,percent,1.60163558614698e-09,Bin,7.0,7.1
Montana,4 wk ahead,percent,1.60163558614698e-09,Bin,7.1,7.2
Montana,4 wk ahead,percent,1.60163558614698e-09,Bin,7.2,7.3
Montana,4 wk ahead,percent,1.60163558614698e-09,Bin,7.3,7.4
Montana,4 wk ahead,percent,1.60163558614698e-09,Bin,7.4,7.5
Montana,4 wk ahead,percent,1.60163558614698e-09,Bin,7.5,7.6
Montana,4 wk ahead,percent,1.60163558614698e-09,Bin,7.6,7.7
Montana,4 wk ahead,percent,1.60163558614698e-09,Bin,7.7,7.8
Montana,4 wk ahead,percent,1.60163558614698e-09,Bin,7.8,7.9
Montana,4 wk ahead,percent,1.60163558614698e-09,Bin,7.9,8.0
Montana,4 wk ahead,percent,1.60163558614698e-09,Bin,8.0,8.1
Montana,4 wk ahead,percent,1.60163558614698e-09,Bin,8.1,8.2
Montana,4 wk ahead,percent,1.60163558614698e-09,Bin,8.2,8.3
Montana,4 wk ahead,percent,1.60163558614698e-09,Bin,8.3,8.4
Montana,4 wk ahead,percent,1.60163558614698e-09,Bin,8.4,8.5
Montana,4 wk ahead,percent,1.60163558614698e-09,Bin,8.5,8.6
Montana,4 wk ahead,percent,1.60163558614698e-09,Bin,8.6,8.7
Montana,4 wk ahead,percent,1.60163558614698e-09,Bin,8.7,8.8
Montana,4 wk ahead,percent,1.60163558614698e-09,Bin,8.8,8.9
Montana,4 wk ahead,percent,1.60163558614698e-09,Bin,8.9,9.0
Montana,4 wk ahead,percent,1.60163558614698e-09,Bin,9.0,9.1
Montana,4 wk ahead,percent,1.60163558614698e-09,Bin,9.1,9.2
Montana,4 wk ahead,percent,1.60163558614698e-09,Bin,9.2,9.3
Montana,4 wk ahead,percent,1.60163558614698e-09,Bin,9.3,9.4
Montana,4 wk ahead,percent,1.60163558614698e-09,Bin,9.4,9.5
Montana,4 wk ahead,percent,1.60163558614698e-09,Bin,9.5,9.6
Montana,4 wk ahead,percent,1.60163558614698e-09,Bin,9.6,9.7
Montana,4 wk ahead,percent,1.60163558614698e-09,Bin,9.7,9.8
Montana,4 wk ahead,percent,1.60163558614698e-09,Bin,9.8,9.9
Montana,4 wk ahead,percent,1.60163558614698e-09,Bin,9.9,10.0
Montana,4 wk ahead,percent,1.60163558614698e-09,Bin,10.0,10.1
Montana,4 wk ahead,percent,1.60163558614698e-09,Bin,10.1,10.2
Montana,4 wk ahead,percent,1.60163558614698e-09,Bin,10.2,10.3
Montana,4 wk ahead,percent,1.60163558614698e-09,Bin,10.3,10.4
Montana,4 wk ahead,percent,1.60163558614698e-09,Bin,10.4,10.5
Montana,4 wk ahead,percent,1.60163558614698e-09,Bin,10.5,10.6
Montana,4 wk ahead,percent,1.60163558614698e-09,Bin,10.6,10.7
Montana,4 wk ahead,percent,1.60163558614698e-09,Bin,10.7,10.8
Montana,4 wk ahead,percent,1.60163558614698e-09,Bin,10.8,10.9
Montana,4 wk ahead,percent,1.60163558614698e-09,Bin,10.9,11.0
Montana,4 wk ahead,percent,1.60163558614698e-09,Bin,11.0,11.1
Montana,4 wk ahead,percent,1.60163558614698e-09,Bin,11.1,11.2
Montana,4 wk ahead,percent,1.60163558614698e-09,Bin,11.2,11.3
Montana,4 wk ahead,percent,1.60163558614698e-09,Bin,11.3,11.4
Montana,4 wk ahead,percent,1.60163558614698e-09,Bin,11.4,11.5
Montana,4 wk ahead,percent,1.60163558614698e-09,Bin,11.5,11.6
Montana,4 wk ahead,percent,1.60163558614698e-09,Bin,11.6,11.7
Montana,4 wk ahead,percent,1.60163558614698e-09,Bin,11.7,11.8
Montana,4 wk ahead,percent,1.60163558614698e-09,Bin,11.8,11.9
Montana,4 wk ahead,percent,1.60163558614698e-09,Bin,11.9,12.0
Montana,4 wk ahead,percent,1.60163558614698e-09,Bin,12.0,12.1
Montana,4 wk ahead,percent,1.60163558614698e-09,Bin,12.1,12.2
Montana,4 wk ahead,percent,1.60163558614698e-09,Bin,12.2,12.3
Montana,4 wk ahead,percent,1.60163558614698e-09,Bin,12.3,12.4
Montana,4 wk ahead,percent,1.60163558614698e-09,Bin,12.4,12.5
Montana,4 wk ahead,percent,1.60163558614698e-09,Bin,12.5,12.6
Montana,4 wk ahead,percent,1.60163558614698e-09,Bin,12.6,12.7
Montana,4 wk ahead,percent,1.60163558614698e-09,Bin,12.7,12.8
Montana,4 wk ahead,percent,1.60163558614698e-09,Bin,12.8,12.9
Montana,4 wk ahead,percent,1.60163558614698e-09,Bin,12.9,13.0
Montana,4 wk ahead,percent,1.60163558614698e-09,Bin,13.0,100.0
Montana,Season peak percentage,percent,1.67183330907151e-13,Bin,0.0,0.1
Montana,Season peak percentage,percent,3.34366661814302e-13,Bin,0.1,0.2
Montana,Season peak percentage,percent,9.46468822448187e-13,Bin,0.2,0.3
Montana,Season peak percentage,percent,4.23422388295858e-12,Bin,0.3,0.4
Montana,Season peak percentage,percent,1.23387917227489e-11,Bin,0.4,0.5
Montana,Season peak percentage,percent,2.34448704485923e-11,Bin,0.5,0.6
Montana,Season peak percentage,percent,2.91862334022452e-11,Bin,0.6,0.7
Montana,Season peak percentage,percent,2.47458740490469e-11,Bin,0.7,0.8
Montana,Season peak percentage,percent,1.90158576151768e-11,Bin,0.8,0.9
Montana,Season peak percentage,percent,0.993999999140511,Bin,0.9,1.0
Montana,Season peak percentage,percent,0.00600000005019625,Bin,1.0,1.1
Montana,Season peak percentage,percent,9.00587426191335e-11,Bin,1.1,1.2
Montana,Season peak percentage,percent,1.05241695592233e-10,Bin,1.2,1.3
Montana,Season peak percentage,percent,9.12160874579123e-11,Bin,1.3,1.4
Montana,Season peak percentage,percent,6.18933155096169e-11,Bin,1.4,1.5
Montana,Season peak percentage,percent,3.39286351246689e-11,Bin,1.5,1.6
Montana,Season peak percentage,percent,1.52896527322547e-11,Bin,1.6,1.7
Montana,Season peak percentage,percent,8.56477263046592e-12,Bin,1.7,1.8
Montana,Season peak percentage,percent,1.29289066907051e-11,Bin,1.8,1.9
Montana,Season peak percentage,percent,2.28733630604127e-11,Bin,1.9,2.0
Montana,Season peak percentage,percent,2.81657459066536e-11,Bin,2.0,2.1
Montana,Season peak percentage,percent,2.27403642375668e-11,Bin,2.1,2.2
Montana,Season peak percentage,percent,1.19802926484818e-11,Bin,2.2,2.3
Montana,Season peak percentage,percent,4.11534638029596e-12,Bin,2.3,2.4
Montana,Season peak percentage,percent,9.21037167639982e-13,Bin,2.4,2.5
Montana,Season peak percentage,percent,1.34228019488888e-13,Bin,2.5,2.6
Montana,Season peak percentage,percent,1.27156833037421e-14,Bin,2.6,2.7
Montana,Season peak percentage,percent,7.82455239202526e-16,Bin,2.7,2.8
Montana,Season peak percentage,percent,3.11868411693705e-17,Bin,2.8,2.9
Montana,Season peak percentage,percent,8.05815015706543e-19,Bin,2.9,3.0
Montana,Season peak percentage,percent,1.3482636020475e-20,Bin,3.0,3.1
Montana,Season peak percentage,percent,1.46157076513679e-22,Bin,3.1,3.2
Montana,Season peak percentage,percent,1.02022520130273e-24,Bin,3.2,3.3
Montana,Season peak percentage,percent,3.25880018884174e-27,Bin,3.3,3.4
Montana,Season peak percentage,percent,4.10779989593292e-28,Bin,3.4,3.5
Montana,Season peak percentage,percent,5.82202709369169e-27,Bin,3.5,3.6
Montana,Season peak percentage,percent,1.39068652633717e-24,Bin,3.6,3.7
Montana,Season peak percentage,percent,2.00114524096964e-22,Bin,3.7,3.8
Montana,Season peak percentage,percent,1.85540548060603e-20,Bin,3.8,3.9
Montana,Season peak percentage,percent,1.11215310534587e-18,Bin,3.9,4.0
Montana,Season peak percentage,percent,4.30516622614682e-17,Bin,4.0,4.1
Montana,Season peak percentage,percent,1.0795447301598e-15,Bin,4.1,4.2
Montana,Season peak percentage,percent,1.75574674415038e-14,Bin,4.2,4.3
Montana,Season peak percentage,percent,1.85597186489976e-13,Bin,4.3,4.4
Montana,Season peak percentage,percent,1.27559557853508e-12,Bin,4.4,4.5
Montana,Season peak percentage,percent,5.70639343846229e-12,Bin,4.5,4.6
Montana,Season peak percentage,percent,1.66265710824521e-11,Bin,4.6,4.7
Montana,Season peak percentage,percent,3.15737367036348e-11,Bin,4.7,4.8
Montana,Season peak percentage,percent,3.90966228865464e-11,Bin,4.8,4.9
Montana,Season peak percentage,percent,3.15742745689121e-11,Bin,4.9,5.0
Montana,Season peak percentage,percent,1.66270669606960e-11,Bin,5.0,5.1
Montana,Season peak percentage,percent,5.70617951640567e-12,Bin,5.1,5.2
Montana,Season peak percentage,percent,1.27550201533488e-12,Bin,5.2,5.3
Montana,Season peak percentage,percent,4.50607206753083e-13,Bin,5.3,5.4
Montana,Season peak percentage,percent,4.50607206753083e-13,Bin,5.4,5.5
Montana,Season peak percentage,percent,4.50607206753083e-13,Bin,5.5,5.6
Montana,Season peak percentage,percent,4.50607206753083e-13,Bin,5.6,5.7
Montana,Season peak percentage,percent,4.50607206753083e-13,Bin,5.7,5.8
Montana,Season peak percentage,percent,4.50607206753083e-13,Bin,5.8,5.9
Montana,Season peak percentage,percent,4.50607206753083e-13,Bin,5.9,6.0
Montana,Season peak percentage,percent,4.50607206753083e-13,Bin,6.0,6.1
Montana,Season peak percentage,percent,4.50607206753083e-13,Bin,6.1,6.2
Montana,Season peak percentage,percent,4.50607206753083e-13,Bin,6.2,6.3
Montana,Season peak percentage,percent,4.50607206753083e-13,Bin,6.3,6.4
Montana,Season peak percentage,percent,4.50607206753083e-13,Bin,6.4,6.5
Montana,Season peak percentage,percent,4.50607206753083e-13,Bin,6.5,6.6
Montana,Season peak percentage,percent,4.50607206753083e-13,Bin,6.6,6.7
Montana,Season peak percentage,percent,4.50607206753083e-13,Bin,6.7,6.8
Montana,Season peak percentage,percent,4.50607206753083e-13,Bin,6.8,6.9
Montana,Season peak percentage,percent,4.50607206753083e-13,Bin,6.9,7.0
Montana,Season peak percentage,percent,4.50607206753083e-13,Bin,7.0,7.1
Montana,Season peak percentage,percent,4.50607206753083e-13,Bin,7.1,7.2
Montana,Season peak percentage,percent,4.50607206753083e-13,Bin,7.2,7.3
Montana,Season peak percentage,percent,4.50607206753083e-13,Bin,7.3,7.4
Montana,Season peak percentage,percent,4.50607206753083e-13,Bin,7.4,7.5
Montana,Season peak percentage,percent,4.50607206753083e-13,Bin,7.5,7.6
Montana,Season peak percentage,percent,4.50607206753083e-13,Bin,7.6,7.7
Montana,Season peak percentage,percent,4.50607206753083e-13,Bin,7.7,7.8
Montana,Season peak percentage,percent,4.50607206753083e-13,Bin,7.8,7.9
Montana,Season peak percentage,percent,4.50607206753083e-13,Bin,7.9,8.0
Montana,Season peak percentage,percent,4.50607206753088e-13,Bin,8.0,8.1
Montana,Season peak percentage,percent,4.50607206753091e-13,Bin,8.1,8.2
Montana,Season peak percentage,percent,4.50607206753091e-13,Bin,8.2,8.3
Montana,Season peak percentage,percent,4.50607206753091e-13,Bin,8.3,8.4
Montana,Season peak percentage,percent,4.50607206753091e-13,Bin,8.4,8.5
Montana,Season peak percentage,percent,4.50607206753091e-13,Bin,8.5,8.6
Montana,Season peak percentage,percent,4.50607206753091e-13,Bin,8.6,8.7
Montana,Season peak percentage,percent,4.50607206753091e-13,Bin,8.7,8.8
Montana,Season peak percentage,percent,4.50607206753091e-13,Bin,8.8,8.9
Montana,Season peak percentage,percent,4.50607206753091e-13,Bin,8.9,9.0
Montana,Season peak percentage,percent,4.50607206753091e-13,Bin,9.0,9.1
Montana,Season peak percentage,percent,4.50607206753091e-13,Bin,9.1,9.2
Montana,Season peak percentage,percent,4.50607206753091e-13,Bin,9.2,9.3
Montana,Season peak percentage,percent,4.50607206753091e-13,Bin,9.3,9.4
Montana,Season peak percentage,percent,4.50607206753091e-13,Bin,9.4,9.5
Montana,Season peak percentage,percent,4.50607206753091e-13,Bin,9.5,9.6
Montana,Season peak percentage,percent,4.50607206753091e-13,Bin,9.6,9.7
Montana,Season peak percentage,percent,4.50607206753091e-13,Bin,9.7,9.8
Montana,Season peak percentage,percent,4.50607206753091e-13,Bin,9.8,9.9
Montana,Season peak percentage,percent,4.50607206753091e-13,Bin,9.9,10.0
Montana,Season peak percentage,percent,4.50607206753091e-13,Bin,10.0,10.1
Montana,Season peak percentage,percent,4.50607206753091e-13,Bin,10.1,10.2
Montana,Season peak percentage,percent,4.50607206753091e-13,Bin,10.2,10.3
Montana,Season peak percentage,percent,4.50607206753091e-13,Bin,10.3,10.4
Montana,Season peak percentage,percent,4.50607206753091e-13,Bin,10.4,10.5
Montana,Season peak percentage,percent,4.50607206753091e-13,Bin,10.5,10.6
Montana,Season peak percentage,percent,4.50607206753091e-13,Bin,10.6,10.7
Montana,Season peak percentage,percent,4.50607206753091e-13,Bin,10.7,10.8
Montana,Season peak percentage,percent,4.50607206753091e-13,Bin,10.8,10.9
Montana,Season peak percentage,percent,4.50607206753091e-13,Bin,10.9,11.0
Montana,Season peak percentage,percent,4.50607206753091e-13,Bin,11.0,11.1
Montana,Season peak percentage,percent,4.50607206753091e-13,Bin,11.1,11.2
Montana,Season peak percentage,percent,4.50607206753091e-13,Bin,11.2,11.3
Montana,Season peak percentage,percent,4.50607206753091e-13,Bin,11.3,11.4
Montana,Season peak percentage,percent,4.50607206753091e-13,Bin,11.4,11.5
Montana,Season peak percentage,percent,4.50607206753091e-13,Bin,11.5,11.6
Montana,Season peak percentage,percent,4.50607206753091e-13,Bin,11.6,11.7
Montana,Season peak percentage,percent,4.50607206753091e-13,Bin,11.7,11.8
Montana,Season peak percentage,percent,4.50607206753091e-13,Bin,11.8,11.9
Montana,Season peak percentage,percent,4.50607206753091e-13,Bin,11.9,12.0
Montana,Season peak percentage,percent,4.50607206753091e-13,Bin,12.0,12.1
Montana,Season peak percentage,percent,4.50607206753091e-13,Bin,12.1,12.2
Montana,Season peak percentage,percent,4.50607206753091e-13,Bin,12.2,12.3
Montana,Season peak percentage,percent,4.50607206753091e-13,Bin,12.3,12.4
Montana,Season peak percentage,percent,4.50607206753091e-13,Bin,12.4,12.5
Montana,Season peak percentage,percent,4.50607206753091e-13,Bin,12.5,12.6
Montana,Season peak percentage,percent,4.50607206753091e-13,Bin,12.6,12.7
Montana,Season peak percentage,percent,4.50607206753091e-13,Bin,12.7,12.8
Montana,Season peak percentage,percent,4.50607206753091e-13,Bin,12.8,12.9
Montana,Season peak percentage,percent,4.50607206753091e-13,Bin,12.9,13.0
Montana,Season peak percentage,percent,4.50607206753091e-13,Bin,13.0,100.0
Montana,Season peak week,week,1.68532986405955e-05,Bin,40.0,41.0
Montana,Season peak week,week,1.68532986405955e-05,Bin,41.0,42.0
Montana,Season peak week,week,1.68532986405955e-05,Bin,42.0,43.0
Montana,Season peak week,week,1.68532986405955e-05,Bin,43.0,44.0
Montana,Season peak week,week,1.68532986405955e-05,Bin,44.0,45.0
Montana,Season peak week,week,3.49026586198571e-05,Bin,45.0,46.0
Montana,Season peak week,week,0.000116111869548603,Bin,46.0,47.0
Montana,Season peak week,week,0.000316097233674899,Bin,47.0,48.0
Montana,Season peak week,week,0.000705966371270199,Bin,48.0,49.0
Montana,Season peak week,week,0.00129911104579825,Bin,49.0,50.0
Montana,Season peak week,week,0.00198582442780259,Bin,50.0,51.0
Montana,Season peak week,week,0.00256113087503379,Bin,51.0,52.0
Montana,Season peak week,week,0.00286853218692527,Bin,52.0,53.0
Montana,Season peak week,week,0.00292353113536031,Bin,1.0,2.0
Montana,Season peak week,week,0.00287035055981071,Bin,2.0,3.0
Montana,Season peak week,week,0.00283017288379737,Bin,3.0,4.0
Montana,Season peak week,week,0.00283591688963284,Bin,4.0,5.0
Montana,Season peak week,week,0.00290906593784224,Bin,5.0,6.0
Montana,Season peak week,week,0.00313382794730803,Bin,6.0,7.0
Montana,Season peak week,week,0.00360282543153938,Bin,7.0,8.0
Montana,Season peak week,week,0.00428469003028592,Bin,8.0,9.0
Montana,Season peak week,week,0.939368670198148,Bin,9.0,10.0
Montana,Season peak week,week,0.00526420458026705,Bin,10.0,11.0
Montana,Season peak week,week,0.00494016541334891,Bin,11.0,12.0
Montana,Season peak week,week,0.0039844501602153,Bin,12.0,13.0
Montana,Season peak week,week,0.00270936649074491,Bin,13.0,14.0
Montana,Season peak week,week,0.00153248899860628,Bin,14.0,15.0
Montana,Season peak week,week,0.000714428599636239,Bin,15.0,16.0
Montana,Season peak week,week,0.000272850741674738,Bin,16.0,17.0
Montana,Season peak week,week,8.50372023100728e-05,Bin,17.0,18.0
Montana,Season peak week,week,0.00192200454586498,Bin,18.0,19.0
Montana,Season peak week,week,0.00192200454586498,Bin,19.0,20.0
Montana,Season peak week,week,0.00192200454586498,Bin,20.0,21.0
Nebraska,1 wk ahead,percent,1.83988226529075e-09,Bin,0.0,0.1
Nebraska,1 wk ahead,percent,4.84039297418811e-09,Bin,0.1,0.2
Nebraska,1 wk ahead,percent,0.00200000606964621,Bin,0.2,0.3
Nebraska,1 wk ahead,percent,0.0180000057733361,Bin,0.3,0.4
Nebraska,1 wk ahead,percent,7.03059403386138e-09,Bin,0.4,0.5
Nebraska,1 wk ahead,percent,0.00600000589924637,Bin,0.5,0.6
Nebraska,1 wk ahead,percent,0.0240000034766781,Bin,0.6,0.7
Nebraska,1 wk ahead,percent,0.0300000017427323,Bin,0.7,0.8
Nebraska,1 wk ahead,percent,0.0340000002571515,Bin,0.8,0.9
Nebraska,1 wk ahead,percent,0.0180000003883652,Bin,0.9,1.0
Nebraska,1 wk ahead,percent,0.0439999978994371,Bin,1.0,1.1
Nebraska,1 wk ahead,percent,0.083999994693621,Bin,1.1,1.2
Nebraska,1 wk ahead,percent,0.0279999982914123,Bin,1.2,1.3
Nebraska,1 wk ahead,percent,0.0519999965079592,Bin,1.3,1.4
Nebraska,1 wk ahead,percent,0.0699999952118462,Bin,1.4,1.5
Nebraska,1 wk ahead,percent,0.0479999967091021,Bin,1.5,1.6
Nebraska,1 wk ahead,percent,0.0499999965767527,Bin,1.6,1.7
Nebraska,1 wk ahead,percent,0.0279999981241798,Bin,1.7,1.8
Nebraska,1 wk ahead,percent,0.0579999961367629,Bin,1.8,1.9
Nebraska,1 wk ahead,percent,0.0499999968415076,Bin,1.9,2.0
Nebraska,1 wk ahead,percent,0.0519999969518767,Bin,2.0,2.1
Nebraska,1 wk ahead,percent,0.0439999978282509,Bin,2.1,2.2
Nebraska,1 wk ahead,percent,0.0359999987111657,Bin,2.2,2.3
Nebraska,1 wk ahead,percent,0.0319999992185521,Bin,2.3,2.4
Nebraska,1 wk ahead,percent,0.0140000005038277,Bin,2.4,2.5
Nebraska,1 wk ahead,percent,0.0180000000802235,Bin,2.5,2.6
Nebraska,1 wk ahead,percent,0.00400000078874024,Bin,2.6,2.7
Nebraska,1 wk ahead,percent,0.0100000001486595,Bin,2.7,2.8
Nebraska,1 wk ahead,percent,0.0259999989654827,Bin,2.8,2.9
Nebraska,1 wk ahead,percent,0.0239999992096326,Bin,2.9,3.0
Nebraska,1 wk ahead,percent,1.10506793239734e-09,Bin,3.0,3.1
Nebraska,1 wk ahead,percent,0.018000000121269,Bin,3.1,3.2
Nebraska,1 wk ahead,percent,0.00600000108141822,Bin,3.2,3.3
Nebraska,1 wk ahead,percent,1.42765219838284e-09,Bin,3.3,3.4
Nebraska,1 wk ahead,percent,0.00800000062637057,Bin,3.4,3.5
Nebraska,1 wk ahead,percent,8.36552154796201e-10,Bin,3.5,3.6
Nebraska,1 wk ahead,percent,0.00600000009860429,Bin,3.6,3.7
Nebraska,1 wk ahead,percent,0.00999999958089034,Bin,3.7,3.8
Nebraska,1 wk ahead,percent,0.00399999984678257,Bin,3.8,3.9
Nebraska,1 wk ahead,percent,4.77249259211252e-11,Bin,3.9,4.0
Nebraska,1 wk ahead,percent,1.8844965364402e-11,Bin,4.0,4.1
Nebraska,1 wk ahead,percent,1.69127918857709e-11,Bin,4.1,4.2
Nebraska,1 wk ahead,percent,1.69127918857709e-11,Bin,4.2,4.3
Nebraska,1 wk ahead,percent,1.69127918857709e-11,Bin,4.3,4.4
Nebraska,1 wk ahead,percent,0.00599999960368379,Bin,4.4,4.5
Nebraska,1 wk ahead,percent,1.69127918857709e-11,Bin,4.5,4.6
Nebraska,1 wk ahead,percent,0.00199999987916979,Bin,4.6,4.7
Nebraska,1 wk ahead,percent,0.00399999974142679,Bin,4.7,4.8
Nebraska,1 wk ahead,percent,1.69127918857709e-11,Bin,4.8,4.9
Nebraska,1 wk ahead,percent,0.00199999987916979,Bin,4.9,5.0
Nebraska,1 wk ahead,percent,0.00799999946594079,Bin,5.0,5.1
Nebraska,1 wk ahead,percent,0.00199999987916979,Bin,5.1,5.2
Nebraska,1 wk ahead,percent,0.00399999974142679,Bin,5.2,5.3
Nebraska,1 wk ahead,percent,1.69127918857709e-11,Bin,5.3,5.4
Nebraska,1 wk ahead,percent,1.69127918857709e-11,Bin,5.4,5.5
Nebraska,1 wk ahead,percent,1.69127918857709e-11,Bin,5.5,5.6
Nebraska,1 wk ahead,percent,1.69127918857709e-11,Bin,5.6,5.7
Nebraska,1 wk ahead,percent,1.69127918857709e-11,Bin,5.7,5.8
Nebraska,1 wk ahead,percent,1.69127918857709e-11,Bin,5.8,5.9
Nebraska,1 wk ahead,percent,1.69127918857709e-11,Bin,5.9,6.0
Nebraska,1 wk ahead,percent,1.69127918857709e-11,Bin,6.0,6.1
Nebraska,1 wk ahead,percent,1.69127918857709e-11,Bin,6.1,6.2
Nebraska,1 wk ahead,percent,1.69127918857709e-11,Bin,6.2,6.3
Nebraska,1 wk ahead,percent,1.69127918857709e-11,Bin,6.3,6.4
Nebraska,1 wk ahead,percent,1.69127918857709e-11,Bin,6.4,6.5
Nebraska,1 wk ahead,percent,1.69127918857709e-11,Bin,6.5,6.6
Nebraska,1 wk ahead,percent,1.69127918857709e-11,Bin,6.6,6.7
Nebraska,1 wk ahead,percent,1.69127918857709e-11,Bin,6.7,6.8
Nebraska,1 wk ahead,percent,1.69127918857709e-11,Bin,6.8,6.9
Nebraska,1 wk ahead,percent,1.69127918857709e-11,Bin,6.9,7.0
Nebraska,1 wk ahead,percent,1.69127918857709e-11,Bin,7.0,7.1
Nebraska,1 wk ahead,percent,1.69127918857709e-11,Bin,7.1,7.2
Nebraska,1 wk ahead,percent,1.69127918857709e-11,Bin,7.2,7.3
Nebraska,1 wk ahead,percent,1.69127918857709e-11,Bin,7.3,7.4
Nebraska,1 wk ahead,percent,1.69127918857709e-11,Bin,7.4,7.5
Nebraska,1 wk ahead,percent,1.69127918857709e-11,Bin,7.5,7.6
Nebraska,1 wk ahead,percent,1.69127918857709e-11,Bin,7.6,7.7
Nebraska,1 wk ahead,percent,1.69127918857709e-11,Bin,7.7,7.8
Nebraska,1 wk ahead,percent,0.0139999990527118,Bin,7.8,7.9
Nebraska,1 wk ahead,percent,1.69127918857709e-11,Bin,7.9,8.0
Nebraska,1 wk ahead,percent,1.6912791885771e-11,Bin,8.0,8.1
Nebraska,1 wk ahead,percent,1.69127918857712e-11,Bin,8.1,8.2
Nebraska,1 wk ahead,percent,1.69127918857712e-11,Bin,8.2,8.3
Nebraska,1 wk ahead,percent,1.69127918857712e-11,Bin,8.3,8.4
Nebraska,1 wk ahead,percent,1.69127918857712e-11,Bin,8.4,8.5
Nebraska,1 wk ahead,percent,1.69127918857712e-11,Bin,8.5,8.6
Nebraska,1 wk ahead,percent,1.69127918857712e-11,Bin,8.6,8.7
Nebraska,1 wk ahead,percent,1.69127918857712e-11,Bin,8.7,8.8
Nebraska,1 wk ahead,percent,0.00199999987916979,Bin,8.8,8.9
Nebraska,1 wk ahead,percent,1.69127918857712e-11,Bin,8.9,9.0
Nebraska,1 wk ahead,percent,1.69127918857712e-11,Bin,9.0,9.1
Nebraska,1 wk ahead,percent,1.69127918857712e-11,Bin,9.1,9.2
Nebraska,1 wk ahead,percent,1.69127918857712e-11,Bin,9.2,9.3
Nebraska,1 wk ahead,percent,1.69127918857712e-11,Bin,9.3,9.4
Nebraska,1 wk ahead,percent,1.69127918857712e-11,Bin,9.4,9.5
Nebraska,1 wk ahead,percent,1.69127918857712e-11,Bin,9.5,9.6
Nebraska,1 wk ahead,percent,1.69127918857712e-11,Bin,9.6,9.7
Nebraska,1 wk ahead,percent,1.69127918857712e-11,Bin,9.7,9.8
Nebraska,1 wk ahead,percent,1.69127918857712e-11,Bin,9.8,9.9
Nebraska,1 wk ahead,percent,1.69127918857712e-11,Bin,9.9,10.0
Nebraska,1 wk ahead,percent,1.69127918857712e-11,Bin,10.0,10.1
Nebraska,1 wk ahead,percent,1.69127918857712e-11,Bin,10.1,10.2
Nebraska,1 wk ahead,percent,1.69127918857712e-11,Bin,10.2,10.3
Nebraska,1 wk ahead,percent,1.69127918857712e-11,Bin,10.3,10.4
Nebraska,1 wk ahead,percent,1.69127918857712e-11,Bin,10.4,10.5
Nebraska,1 wk ahead,percent,1.69127918857712e-11,Bin,10.5,10.6
Nebraska,1 wk ahead,percent,1.69127918857712e-11,Bin,10.6,10.7
Nebraska,1 wk ahead,percent,1.69127918857712e-11,Bin,10.7,10.8
Nebraska,1 wk ahead,percent,1.69127918857712e-11,Bin,10.8,10.9
Nebraska,1 wk ahead,percent,1.69127918857712e-11,Bin,10.9,11.0
Nebraska,1 wk ahead,percent,1.69127918857712e-11,Bin,11.0,11.1
Nebraska,1 wk ahead,percent,1.69127918857712e-11,Bin,11.1,11.2
Nebraska,1 wk ahead,percent,1.69127918857712e-11,Bin,11.2,11.3
Nebraska,1 wk ahead,percent,1.69127918857712e-11,Bin,11.3,11.4
Nebraska,1 wk ahead,percent,1.69127918857712e-11,Bin,11.4,11.5
Nebraska,1 wk ahead,percent,1.69127918857712e-11,Bin,11.5,11.6
Nebraska,1 wk ahead,percent,1.69127918857712e-11,Bin,11.6,11.7
Nebraska,1 wk ahead,percent,1.69127918857712e-11,Bin,11.7,11.8
Nebraska,1 wk ahead,percent,1.69127918857712e-11,Bin,11.8,11.9
Nebraska,1 wk ahead,percent,1.69127918857712e-11,Bin,11.9,12.0
Nebraska,1 wk ahead,percent,1.69127918857712e-11,Bin,12.0,12.1
Nebraska,1 wk ahead,percent,1.69127918857712e-11,Bin,12.1,12.2
Nebraska,1 wk ahead,percent,1.69127918857712e-11,Bin,12.2,12.3
Nebraska,1 wk ahead,percent,1.69127918857712e-11,Bin,12.3,12.4
Nebraska,1 wk ahead,percent,1.69127918857712e-11,Bin,12.4,12.5
Nebraska,1 wk ahead,percent,1.69127918857712e-11,Bin,12.5,12.6
Nebraska,1 wk ahead,percent,1.69127918857712e-11,Bin,12.6,12.7
Nebraska,1 wk ahead,percent,1.69127918857712e-11,Bin,12.7,12.8
Nebraska,1 wk ahead,percent,1.69127918857712e-11,Bin,12.8,12.9
Nebraska,1 wk ahead,percent,1.69127918857712e-11,Bin,12.9,13.0
Nebraska,1 wk ahead,percent,1.69127918857712e-11,Bin,13.0,100.0
Nebraska,2 wk ahead,percent,1.63426358848682e-09,Bin,0.0,0.1
Nebraska,2 wk ahead,percent,0.00200000377863047,Bin,0.1,0.2
Nebraska,2 wk ahead,percent,0.00800000409996137,Bin,0.2,0.3
Nebraska,2 wk ahead,percent,0.0120000043299166,Bin,0.3,0.4
Nebraska,2 wk ahead,percent,0.00800000484194348,Bin,0.4,0.5
Nebraska,2 wk ahead,percent,0.0300000031241812,Bin,0.5,0.6
Nebraska,2 wk ahead,percent,0.0300000027762735,Bin,0.6,0.7
Nebraska,2 wk ahead,percent,0.0200000029937241,Bin,0.7,0.8
Nebraska,2 wk ahead,percent,0.0460000004578207,Bin,0.8,0.9
Nebraska,2 wk ahead,percent,0.0519999993631985,Bin,0.9,1.0
Nebraska,2 wk ahead,percent,0.0779999967986544,Bin,1.0,1.1
Nebraska,2 wk ahead,percent,0.0599999975237348,Bin,1.1,1.2
Nebraska,2 wk ahead,percent,0.0559999972866833,Bin,1.2,1.3
Nebraska,2 wk ahead,percent,0.0599999965582832,Bin,1.3,1.4
Nebraska,2 wk ahead,percent,0.0519999968358073,Bin,1.4,1.5
Nebraska,2 wk ahead,percent,0.0559999963570519,Bin,1.5,1.6
Nebraska,2 wk ahead,percent,0.0499999967452597,Bin,1.6,1.7
Nebraska,2 wk ahead,percent,0.0299999982834395,Bin,1.7,1.8
Nebraska,2 wk ahead,percent,0.0339999981412163,Bin,1.8,1.9
Nebraska,2 wk ahead,percent,0.0359999982003648,Bin,1.9,2.0
Nebraska,2 wk ahead,percent,0.0379999982630358,Bin,2.0,2.1
Nebraska,2 wk ahead,percent,0.0319999988659599,Bin,2.1,2.2
Nebraska,2 wk ahead,percent,0.0219999996701534,Bin,2.2,2.3
Nebraska,2 wk ahead,percent,0.0199999997705322,Bin,2.3,2.4
Nebraska,2 wk ahead,percent,0.0140000000652684,Bin,2.4,2.5
Nebraska,2 wk ahead,percent,0.0100000001492511,Bin,2.5,2.6
Nebraska,2 wk ahead,percent,0.0299999984477336,Bin,2.6,2.7
Nebraska,2 wk ahead,percent,0.00799999988046944,Bin,2.7,2.8
Nebraska,2 wk ahead,percent,0.00400000005031019,Bin,2.8,2.9
Nebraska,2 wk ahead,percent,0.0119999994185819,Bin,2.9,3.0
Nebraska,2 wk ahead,percent,0.0099999996152122,Bin,3.0,3.1
Nebraska,2 wk ahead,percent,0.00600000004339309,Bin,3.1,3.2
Nebraska,2 wk ahead,percent,0.00200000053616868,Bin,3.2,3.3
Nebraska,2 wk ahead,percent,0.01000000017298,Bin,3.3,3.4
Nebraska,2 wk ahead,percent,0.00200000097411559,Bin,3.4,3.5
Nebraska,2 wk ahead,percent,0.00400000096980278,Bin,3.5,3.6
Nebraska,2 wk ahead,percent,0.00400000100895531,Bin,3.6,3.7
Nebraska,2 wk ahead,percent,0.0020000010807242,Bin,3.7,3.8
Nebraska,2 wk ahead,percent,0.00600000061361033,Bin,3.8,3.9
Nebraska,2 wk ahead,percent,8.30107263605233e-10,Bin,3.9,4.0
Nebraska,2 wk ahead,percent,0.00800000000484785,Bin,4.0,4.1
Nebraska,2 wk ahead,percent,0.00400000009488074,Bin,4.1,4.2
Nebraska,2 wk ahead,percent,0.00399999993817156,Bin,4.2,4.3
Nebraska,2 wk ahead,percent,1.27629597251327e-10,Bin,4.3,4.4
Nebraska,2 wk ahead,percent,0.00399999976833773,Bin,4.4,4.5
Nebraska,2 wk ahead,percent,2.90352227224826e-11,Bin,4.5,4.6
Nebraska,2 wk ahead,percent,0.00199999986749771,Bin,4.6,4.7
Nebraska,2 wk ahead,percent,1.47299180632064e-11,Bin,4.7,4.8
Nebraska,2 wk ahead,percent,0.0019999998670492,Bin,4.8,4.9
Nebraska,2 wk ahead,percent,0.0019999998670492,Bin,4.9,5.0
Nebraska,2 wk ahead,percent,0.00399999971936848,Bin,5.0,5.1
Nebraska,2 wk ahead,percent,0.0019999998670492,Bin,5.1,5.2
Nebraska,2 wk ahead,percent,0.0019999998670492,Bin,5.2,5.3
Nebraska,2 wk ahead,percent,1.47299180632064e-11,Bin,5.3,5.4
Nebraska,2 wk ahead,percent,1.47299180632064e-11,Bin,5.4,5.5
Nebraska,2 wk ahead,percent,0.0019999998670492,Bin,5.5,5.6
Nebraska,2 wk ahead,percent,1.47299180632064e-11,Bin,5.6,5.7
Nebraska,2 wk ahead,percent,1.47299180632064e-11,Bin,5.7,5.8
Nebraska,2 wk ahead,percent,0.0019999998670492,Bin,5.8,5.9
Nebraska,2 wk ahead,percent,1.47299180632064e-11,Bin,5.9,6.0
Nebraska,2 wk ahead,percent,0.0019999998670492,Bin,6.0,6.1
Nebraska,2 wk ahead,percent,1.47299180632064e-11,Bin,6.1,6.2
Nebraska,2 wk ahead,percent,1.47299180632064e-11,Bin,6.2,6.3
Nebraska,2 wk ahead,percent,1.47299180632064e-11,Bin,6.3,6.4
Nebraska,2 wk ahead,percent,0.0019999998670492,Bin,6.4,6.5
Nebraska,2 wk ahead,percent,1.47299180632064e-11,Bin,6.5,6.6
Nebraska,2 wk ahead,percent,1.47299180632064e-11,Bin,6.6,6.7
Nebraska,2 wk ahead,percent,1.47299180632064e-11,Bin,6.7,6.8
Nebraska,2 wk ahead,percent,1.47299180632064e-11,Bin,6.8,6.9
Nebraska,2 wk ahead,percent,1.47299180632064e-11,Bin,6.9,7.0
Nebraska,2 wk ahead,percent,1.47299180632064e-11,Bin,7.0,7.1
Nebraska,2 wk ahead,percent,1.47299180632064e-11,Bin,7.1,7.2
Nebraska,2 wk ahead,percent,1.47299180632064e-11,Bin,7.2,7.3
Nebraska,2 wk ahead,percent,1.47299180632064e-11,Bin,7.3,7.4
Nebraska,2 wk ahead,percent,1.47299180632064e-11,Bin,7.4,7.5
Nebraska,2 wk ahead,percent,1.47299180632064e-11,Bin,7.5,7.6
Nebraska,2 wk ahead,percent,1.47299180632064e-11,Bin,7.6,7.7
Nebraska,2 wk ahead,percent,1.47299180632064e-11,Bin,7.7,7.8
Nebraska,2 wk ahead,percent,1.47299180632064e-11,Bin,7.8,7.9
Nebraska,2 wk ahead,percent,1.47299180632064e-11,Bin,7.9,8.0
Nebraska,2 wk ahead,percent,1.47299180632065e-11,Bin,8.0,8.1
Nebraska,2 wk ahead,percent,1.47299180632067e-11,Bin,8.1,8.2
Nebraska,2 wk ahead,percent,1.47299180632067e-11,Bin,8.2,8.3
Nebraska,2 wk ahead,percent,0.0019999998670492,Bin,8.3,8.4
Nebraska,2 wk ahead,percent,1.47299180632067e-11,Bin,8.4,8.5
Nebraska,2 wk ahead,percent,1.47299180632067e-11,Bin,8.5,8.6
Nebraska,2 wk ahead,percent,1.47299180632067e-11,Bin,8.6,8.7
Nebraska,2 wk ahead,percent,1.47299180632067e-11,Bin,8.7,8.8
Nebraska,2 wk ahead,percent,1.47299180632067e-11,Bin,8.8,8.9
Nebraska,2 wk ahead,percent,1.47299180632067e-11,Bin,8.9,9.0
Nebraska,2 wk ahead,percent,1.47299180632067e-11,Bin,9.0,9.1
Nebraska,2 wk ahead,percent,1.47299180632067e-11,Bin,9.1,9.2
Nebraska,2 wk ahead,percent,1.47299180632067e-11,Bin,9.2,9.3
Nebraska,2 wk ahead,percent,1.47299180632067e-11,Bin,9.3,9.4
Nebraska,2 wk ahead,percent,1.47299180632067e-11,Bin,9.4,9.5
Nebraska,2 wk ahead,percent,1.47299180632067e-11,Bin,9.5,9.6
Nebraska,2 wk ahead,percent,1.47299180632067e-11,Bin,9.6,9.7
Nebraska,2 wk ahead,percent,1.47299180632067e-11,Bin,9.7,9.8
Nebraska,2 wk ahead,percent,1.47299180632067e-11,Bin,9.8,9.9
Nebraska,2 wk ahead,percent,1.47299180632067e-11,Bin,9.9,10.0
Nebraska,2 wk ahead,percent,1.47299180632067e-11,Bin,10.0,10.1
Nebraska,2 wk ahead,percent,1.47299180632067e-11,Bin,10.1,10.2
Nebraska,2 wk ahead,percent,1.47299180632067e-11,Bin,10.2,10.3
Nebraska,2 wk ahead,percent,1.47299180632067e-11,Bin,10.3,10.4
Nebraska,2 wk ahead,percent,1.47299180632067e-11,Bin,10.4,10.5
Nebraska,2 wk ahead,percent,1.47299180632067e-11,Bin,10.5,10.6
Nebraska,2 wk ahead,percent,1.47299180632067e-11,Bin,10.6,10.7
Nebraska,2 wk ahead,percent,1.47299180632067e-11,Bin,10.7,10.8
Nebraska,2 wk ahead,percent,1.47299180632067e-11,Bin,10.8,10.9
Nebraska,2 wk ahead,percent,1.47299180632067e-11,Bin,10.9,11.0
Nebraska,2 wk ahead,percent,1.47299180632067e-11,Bin,11.0,11.1
Nebraska,2 wk ahead,percent,1.47299180632067e-11,Bin,11.1,11.2
Nebraska,2 wk ahead,percent,1.47299180632067e-11,Bin,11.2,11.3
Nebraska,2 wk ahead,percent,1.47299180632067e-11,Bin,11.3,11.4
Nebraska,2 wk ahead,percent,1.47299180632067e-11,Bin,11.4,11.5
Nebraska,2 wk ahead,percent,1.47299180632067e-11,Bin,11.5,11.6
Nebraska,2 wk ahead,percent,1.47299180632067e-11,Bin,11.6,11.7
Nebraska,2 wk ahead,percent,1.47299180632067e-11,Bin,11.7,11.8
Nebraska,2 wk ahead,percent,1.47299180632067e-11,Bin,11.8,11.9
Nebraska,2 wk ahead,percent,1.47299180632067e-11,Bin,11.9,12.0
Nebraska,2 wk ahead,percent,1.47299180632067e-11,Bin,12.0,12.1
Nebraska,2 wk ahead,percent,1.47299180632067e-11,Bin,12.1,12.2
Nebraska,2 wk ahead,percent,1.47299180632067e-11,Bin,12.2,12.3
Nebraska,2 wk ahead,percent,1.47299180632067e-11,Bin,12.3,12.4
Nebraska,2 wk ahead,percent,1.47299180632067e-11,Bin,12.4,12.5
Nebraska,2 wk ahead,percent,1.47299180632067e-11,Bin,12.5,12.6
Nebraska,2 wk ahead,percent,1.47299180632067e-11,Bin,12.6,12.7
Nebraska,2 wk ahead,percent,1.47299180632067e-11,Bin,12.7,12.8
Nebraska,2 wk ahead,percent,1.47299180632067e-11,Bin,12.8,12.9
Nebraska,2 wk ahead,percent,1.47299180632067e-11,Bin,12.9,13.0
Nebraska,2 wk ahead,percent,1.47299180632067e-11,Bin,13.0,100.0
Nebraska,3 wk ahead,percent,3.37361304798432e-09,Bin,0.0,0.1
Nebraska,3 wk ahead,percent,9.80428821768373e-09,Bin,0.1,0.2
Nebraska,3 wk ahead,percent,0.00400001339740954,Bin,0.2,0.3
Nebraska,3 wk ahead,percent,0.0100000159927846,Bin,0.3,0.4
Nebraska,3 wk ahead,percent,0.0220000155759471,Bin,0.4,0.5
Nebraska,3 wk ahead,percent,0.0480000098584701,Bin,0.5,0.6
Nebraska,3 wk ahead,percent,0.0560000058784313,Bin,0.6,0.7
Nebraska,3 wk ahead,percent,0.0440000050267991,Bin,0.7,0.8
Nebraska,3 wk ahead,percent,0.0460000011678625,Bin,0.8,0.9
Nebraska,3 wk ahead,percent,0.0699999932050644,Bin,0.9,1.0
Nebraska,3 wk ahead,percent,0.059999993026693,Bin,1.0,1.1
Nebraska,3 wk ahead,percent,0.0979999832555064,Bin,1.1,1.2
Nebraska,3 wk ahead,percent,0.0519999915520543,Bin,1.2,1.3
Nebraska,3 wk ahead,percent,0.03799999347114,Bin,1.3,1.4
Nebraska,3 wk ahead,percent,0.0599999881556014,Bin,1.4,1.5
Nebraska,3 wk ahead,percent,0.0519999894517522,Bin,1.5,1.6
Nebraska,3 wk ahead,percent,0.051999989308487,Bin,1.6,1.7
Nebraska,3 wk ahead,percent,0.039999991901152,Bin,1.7,1.8
Nebraska,3 wk ahead,percent,0.0139999976622386,Bin,1.8,1.9
Nebraska,3 wk ahead,percent,0.029999994843297,Bin,1.9,2.0
Nebraska,3 wk ahead,percent,0.0299999956474787,Bin,2.0,2.1
Nebraska,3 wk ahead,percent,0.0159999995618599,Bin,2.1,2.2
Nebraska,3 wk ahead,percent,0.0180000000911115,Bin,2.2,2.3
Nebraska,3 wk ahead,percent,0.0100000025146127,Bin,2.3,2.4
Nebraska,3 wk ahead,percent,0.0140000021149963,Bin,2.4,2.5
Nebraska,3 wk ahead,percent,0.0140000023090164,Bin,2.5,2.6
Nebraska,3 wk ahead,percent,0.00400000446066564,Bin,2.6,2.7
Nebraska,3 wk ahead,percent,0.0160000018625152,Bin,2.7,2.8
Nebraska,3 wk ahead,percent,0.012000002425201,Bin,2.8,2.9
Nebraska,3 wk ahead,percent,0.0160000010015016,Bin,2.9,3.0
Nebraska,3 wk ahead,percent,0.00400000265645072,Bin,3.0,3.1
Nebraska,3 wk ahead,percent,0.00400000165458827,Bin,3.1,3.2
Nebraska,3 wk ahead,percent,1.5700393328109e-09,Bin,3.2,3.3
Nebraska,3 wk ahead,percent,0.00599999960280153,Bin,3.3,3.4
Nebraska,3 wk ahead,percent,4.16502081308278e-10,Bin,3.4,3.5
Nebraska,3 wk ahead,percent,0.00199999975400287,Bin,3.5,3.6
Nebraska,3 wk ahead,percent,0.00399999922384732,Bin,3.6,3.7
Nebraska,3 wk ahead,percent,0.00199999962576333,Bin,3.7,3.8
Nebraska,3 wk ahead,percent,4.65745506599273e-11,Bin,3.8,3.9
Nebraska,3 wk ahead,percent,0.00199999962576333,Bin,3.9,4.0
Nebraska,3 wk ahead,percent,0.00399999920495212,Bin,4.0,4.1
Nebraska,3 wk ahead,percent,4.65745506599273e-11,Bin,4.1,4.2
Nebraska,3 wk ahead,percent,4.65745506599273e-11,Bin,4.2,4.3
Nebraska,3 wk ahead,percent,4.65745506599273e-11,Bin,4.3,4.4
Nebraska,3 wk ahead,percent,4.65745506599273e-11,Bin,4.4,4.5
Nebraska,3 wk ahead,percent,4.65745506599273e-11,Bin,4.5,4.6
Nebraska,3 wk ahead,percent,4.65745506599273e-11,Bin,4.6,4.7
Nebraska,3 wk ahead,percent,4.65745506599273e-11,Bin,4.7,4.8
Nebraska,3 wk ahead,percent,4.65745506599273e-11,Bin,4.8,4.9
Nebraska,3 wk ahead,percent,0.00199999962576333,Bin,4.9,5.0
Nebraska,3 wk ahead,percent,0.0059999987841409,Bin,5.0,5.1
Nebraska,3 wk ahead,percent,4.65745506599273e-11,Bin,5.1,5.2
Nebraska,3 wk ahead,percent,4.65745506599273e-11,Bin,5.2,5.3
Nebraska,3 wk ahead,percent,0.00399999920495212,Bin,5.3,5.4
Nebraska,3 wk ahead,percent,4.65745506599273e-11,Bin,5.4,5.5
Nebraska,3 wk ahead,percent,0.00199999962576333,Bin,5.5,5.6
Nebraska,3 wk ahead,percent,0.00199999962576333,Bin,5.6,5.7
Nebraska,3 wk ahead,percent,4.65745506599273e-11,Bin,5.7,5.8
Nebraska,3 wk ahead,percent,4.65745506599273e-11,Bin,5.8,5.9
Nebraska,3 wk ahead,percent,4.65745506599273e-11,Bin,5.9,6.0
Nebraska,3 wk ahead,percent,4.65745506599273e-11,Bin,6.0,6.1
Nebraska,3 wk ahead,percent,0.00199999962576333,Bin,6.1,6.2
Nebraska,3 wk ahead,percent,4.65745506599273e-11,Bin,6.2,6.3
Nebraska,3 wk ahead,percent,4.65745506599273e-11,Bin,6.3,6.4
Nebraska,3 wk ahead,percent,4.65745506599273e-11,Bin,6.4,6.5
Nebraska,3 wk ahead,percent,4.65745506599273e-11,Bin,6.5,6.6
Nebraska,3 wk ahead,percent,4.65745506599273e-11,Bin,6.6,6.7
Nebraska,3 wk ahead,percent,0.00199999962576333,Bin,6.7,6.8
Nebraska,3 wk ahead,percent,4.65745506599273e-11,Bin,6.8,6.9
Nebraska,3 wk ahead,percent,4.65745506599273e-11,Bin,6.9,7.0
Nebraska,3 wk ahead,percent,4.65745506599273e-11,Bin,7.0,7.1
Nebraska,3 wk ahead,percent,4.65745506599273e-11,Bin,7.1,7.2
Nebraska,3 wk ahead,percent,4.65745506599273e-11,Bin,7.2,7.3
Nebraska,3 wk ahead,percent,4.65745506599273e-11,Bin,7.3,7.4
Nebraska,3 wk ahead,percent,4.65745506599273e-11,Bin,7.4,7.5
Nebraska,3 wk ahead,percent,4.65745506599273e-11,Bin,7.5,7.6
Nebraska,3 wk ahead,percent,4.65745506599273e-11,Bin,7.6,7.7
Nebraska,3 wk ahead,percent,0.00199999962576333,Bin,7.7,7.8
Nebraska,3 wk ahead,percent,4.65745506599273e-11,Bin,7.8,7.9
Nebraska,3 wk ahead,percent,4.65745506599273e-11,Bin,7.9,8.0
Nebraska,3 wk ahead,percent,4.65745506599277e-11,Bin,8.0,8.1
Nebraska,3 wk ahead,percent,0.00199999962576333,Bin,8.1,8.2
Nebraska,3 wk ahead,percent,4.65745506599282e-11,Bin,8.2,8.3
Nebraska,3 wk ahead,percent,4.65745506599282e-11,Bin,8.3,8.4
Nebraska,3 wk ahead,percent,4.65745506599282e-11,Bin,8.4,8.5
Nebraska,3 wk ahead,percent,4.65745506599282e-11,Bin,8.5,8.6
Nebraska,3 wk ahead,percent,4.65745506599282e-11,Bin,8.6,8.7
Nebraska,3 wk ahead,percent,4.65745506599282e-11,Bin,8.7,8.8
Nebraska,3 wk ahead,percent,4.65745506599282e-11,Bin,8.8,8.9
Nebraska,3 wk ahead,percent,4.65745506599282e-11,Bin,8.9,9.0
Nebraska,3 wk ahead,percent,4.65745506599282e-11,Bin,9.0,9.1
Nebraska,3 wk ahead,percent,4.65745506599282e-11,Bin,9.1,9.2
Nebraska,3 wk ahead,percent,4.65745506599282e-11,Bin,9.2,9.3
Nebraska,3 wk ahead,percent,4.65745506599282e-11,Bin,9.3,9.4
Nebraska,3 wk ahead,percent,4.65745506599282e-11,Bin,9.4,9.5
Nebraska,3 wk ahead,percent,4.65745506599282e-11,Bin,9.5,9.6
Nebraska,3 wk ahead,percent,4.65745506599282e-11,Bin,9.6,9.7
Nebraska,3 wk ahead,percent,4.65745506599282e-11,Bin,9.7,9.8
Nebraska,3 wk ahead,percent,4.65745506599282e-11,Bin,9.8,9.9
Nebraska,3 wk ahead,percent,4.65745506599282e-11,Bin,9.9,10.0
Nebraska,3 wk ahead,percent,4.65745506599282e-11,Bin,10.0,10.1
Nebraska,3 wk ahead,percent,4.65745506599282e-11,Bin,10.1,10.2
Nebraska,3 wk ahead,percent,4.65745506599282e-11,Bin,10.2,10.3
Nebraska,3 wk ahead,percent,4.65745506599282e-11,Bin,10.3,10.4
Nebraska,3 wk ahead,percent,4.65745506599282e-11,Bin,10.4,10.5
Nebraska,3 wk ahead,percent,4.65745506599282e-11,Bin,10.5,10.6
Nebraska,3 wk ahead,percent,4.65745506599282e-11,Bin,10.6,10.7
Nebraska,3 wk ahead,percent,4.65745506599282e-11,Bin,10.7,10.8
Nebraska,3 wk ahead,percent,4.65745506599282e-11,Bin,10.8,10.9
Nebraska,3 wk ahead,percent,4.65745506599282e-11,Bin,10.9,11.0
Nebraska,3 wk ahead,percent,4.65745506599282e-11,Bin,11.0,11.1
Nebraska,3 wk ahead,percent,4.65745506599282e-11,Bin,11.1,11.2
Nebraska,3 wk ahead,percent,0.00199999962576333,Bin,11.2,11.3
Nebraska,3 wk ahead,percent,4.65745506599282e-11,Bin,11.3,11.4
Nebraska,3 wk ahead,percent,4.65745506599282e-11,Bin,11.4,11.5
Nebraska,3 wk ahead,percent,4.65745506599282e-11,Bin,11.5,11.6
Nebraska,3 wk ahead,percent,4.65745506599282e-11,Bin,11.6,11.7
Nebraska,3 wk ahead,percent,4.65745506599282e-11,Bin,11.7,11.8
Nebraska,3 wk ahead,percent,4.65745506599282e-11,Bin,11.8,11.9
Nebraska,3 wk ahead,percent,4.65745506599282e-11,Bin,11.9,12.0
Nebraska,3 wk ahead,percent,4.65745506599282e-11,Bin,12.0,12.1
Nebraska,3 wk ahead,percent,4.65745506599282e-11,Bin,12.1,12.2
Nebraska,3 wk ahead,percent,4.65745506599282e-11,Bin,12.2,12.3
Nebraska,3 wk ahead,percent,4.65745506599282e-11,Bin,12.3,12.4
Nebraska,3 wk ahead,percent,4.65745506599282e-11,Bin,12.4,12.5
Nebraska,3 wk ahead,percent,4.65745506599282e-11,Bin,12.5,12.6
Nebraska,3 wk ahead,percent,4.65745506599282e-11,Bin,12.6,12.7
Nebraska,3 wk ahead,percent,4.65745506599282e-11,Bin,12.7,12.8
Nebraska,3 wk ahead,percent,4.65745506599282e-11,Bin,12.8,12.9
Nebraska,3 wk ahead,percent,4.65745506599282e-11,Bin,12.9,13.0
Nebraska,3 wk ahead,percent,4.65745506599282e-11,Bin,13.0,100.0
Nebraska,4 wk ahead,percent,6.62102095544692e-09,Bin,0.0,0.1
Nebraska,4 wk ahead,percent,0.00600001372015574,Bin,0.1,0.2
Nebraska,4 wk ahead,percent,0.00600001538497334,Bin,0.2,0.3
Nebraska,4 wk ahead,percent,0.0060000161355126,Bin,0.3,0.4
Nebraska,4 wk ahead,percent,0.0460000075888571,Bin,0.4,0.5
Nebraska,4 wk ahead,percent,0.0320000095837612,Bin,0.5,0.6
Nebraska,4 wk ahead,percent,0.0620000017023607,Bin,0.6,0.7
Nebraska,4 wk ahead,percent,0.0799999958427248,Bin,0.7,0.8
Nebraska,4 wk ahead,percent,0.0659999963808228,Bin,0.8,0.9
Nebraska,4 wk ahead,percent,0.0679999934782115,Bin,0.9,1.0
Nebraska,4 wk ahead,percent,0.0599999928464442,Bin,1.0,1.1
Nebraska,4 wk ahead,percent,0.0619999905007949,Bin,1.1,1.2
Nebraska,4 wk ahead,percent,0.0399999936821758,Bin,1.2,1.3
Nebraska,4 wk ahead,percent,0.0539999897938555,Bin,1.3,1.4
Nebraska,4 wk ahead,percent,0.0479999905002677,Bin,1.4,1.5
Nebraska,4 wk ahead,percent,0.0439999910808802,Bin,1.5,1.6
Nebraska,4 wk ahead,percent,0.0379999922998715,Bin,1.6,1.7
Nebraska,4 wk ahead,percent,0.0159999970732907,Bin,1.7,1.8
Nebraska,4 wk ahead,percent,0.0419999920035406,Bin,1.8,1.9
Nebraska,4 wk ahead,percent,0.0359999939313221,Bin,1.9,2.0
Nebraska,4 wk ahead,percent,0.0279999965941392,Bin,2.0,2.1
Nebraska,4 wk ahead,percent,0.0140000007827743,Bin,2.1,2.2
Nebraska,4 wk ahead,percent,0.0160000017149504,Bin,2.2,2.3
Nebraska,4 wk ahead,percent,0.0220000016395041,Bin,2.3,2.4
Nebraska,4 wk ahead,percent,0.00800000530042673,Bin,2.4,2.5
Nebraska,4 wk ahead,percent,0.0100000049450706,Bin,2.5,2.6
Nebraska,4 wk ahead,percent,0.0120000039121313,Bin,2.6,2.7
Nebraska,4 wk ahead,percent,0.00200000489029241,Bin,2.7,2.8
Nebraska,4 wk ahead,percent,0.0100000018684932,Bin,2.8,2.9
Nebraska,4 wk ahead,percent,0.00200000226077139,Bin,2.9,3.0
Nebraska,4 wk ahead,percent,0.00200000121881239,Bin,3.0,3.1
Nebraska,4 wk ahead,percent,0.0139999979685342,Bin,3.1,3.2
Nebraska,4 wk ahead,percent,0.00599999919421298,Bin,3.2,3.3
Nebraska,4 wk ahead,percent,0.00399999936572479,Bin,3.3,3.4
Nebraska,4 wk ahead,percent,0.00399999924633969,Bin,3.4,3.5
Nebraska,4 wk ahead,percent,0.00199999964371172,Bin,3.5,3.6
Nebraska,4 wk ahead,percent,0.00399999922408319,Bin,3.6,3.7
Nebraska,4 wk ahead,percent,0.00199999964371172,Bin,3.7,3.8
Nebraska,4 wk ahead,percent,6.33402407788728e-11,Bin,3.8,3.9
Nebraska,4 wk ahead,percent,0.00199999964371172,Bin,3.9,4.0
Nebraska,4 wk ahead,percent,0.00199999964371172,Bin,4.0,4.1
Nebraska,4 wk ahead,percent,6.33402407788728e-11,Bin,4.1,4.2
Nebraska,4 wk ahead,percent,0.00399999922408319,Bin,4.2,4.3
Nebraska,4 wk ahead,percent,0.00199999964371172,Bin,4.3,4.4
Nebraska,4 wk ahead,percent,6.33402407788728e-11,Bin,4.4,4.5
Nebraska,4 wk ahead,percent,0.00199999964371172,Bin,4.5,4.6
Nebraska,4 wk ahead,percent,6.33402407788728e-11,Bin,4.6,4.7
Nebraska,4 wk ahead,percent,6.33402407788728e-11,Bin,4.7,4.8
Nebraska,4 wk ahead,percent,6.33402407788728e-11,Bin,4.8,4.9
Nebraska,4 wk ahead,percent,6.33402407788728e-11,Bin,4.9,5.0
Nebraska,4 wk ahead,percent,6.33402407788728e-11,Bin,5.0,5.1
Nebraska,4 wk ahead,percent,0.00199999964371172,Bin,5.1,5.2
Nebraska,4 wk ahead,percent,6.33402407788728e-11,Bin,5.2,5.3
Nebraska,4 wk ahead,percent,6.33402407788728e-11,Bin,5.3,5.4
Nebraska,4 wk ahead,percent,6.33402407788728e-11,Bin,5.4,5.5
Nebraska,4 wk ahead,percent,6.33402407788728e-11,Bin,5.5,5.6
Nebraska,4 wk ahead,percent,6.33402407788728e-11,Bin,5.6,5.7
Nebraska,4 wk ahead,percent,0.00199999964371172,Bin,5.7,5.8
Nebraska,4 wk ahead,percent,6.33402407788728e-11,Bin,5.8,5.9
Nebraska,4 wk ahead,percent,6.33402407788728e-11,Bin,5.9,6.0
Nebraska,4 wk ahead,percent,6.33402407788728e-11,Bin,6.0,6.1
Nebraska,4 wk ahead,percent,0.00199999964371172,Bin,6.1,6.2
Nebraska,4 wk ahead,percent,6.33402407788728e-11,Bin,6.2,6.3
Nebraska,4 wk ahead,percent,6.33402407788728e-11,Bin,6.3,6.4
Nebraska,4 wk ahead,percent,6.33402407788728e-11,Bin,6.4,6.5
Nebraska,4 wk ahead,percent,6.33402407788728e-11,Bin,6.5,6.6
Nebraska,4 wk ahead,percent,6.33402407788728e-11,Bin,6.6,6.7
Nebraska,4 wk ahead,percent,0.00199999964371172,Bin,6.7,6.8
Nebraska,4 wk ahead,percent,6.33402407788728e-11,Bin,6.8,6.9
Nebraska,4 wk ahead,percent,6.33402407788728e-11,Bin,6.9,7.0
Nebraska,4 wk ahead,percent,0.00199999964371172,Bin,7.0,7.1
Nebraska,4 wk ahead,percent,6.33402407788728e-11,Bin,7.1,7.2
Nebraska,4 wk ahead,percent,6.33402407788728e-11,Bin,7.2,7.3
Nebraska,4 wk ahead,percent,6.33402407788728e-11,Bin,7.3,7.4
Nebraska,4 wk ahead,percent,6.33402407788728e-11,Bin,7.4,7.5
Nebraska,4 wk ahead,percent,6.33402407788728e-11,Bin,7.5,7.6
Nebraska,4 wk ahead,percent,6.33402407788728e-11,Bin,7.6,7.7
Nebraska,4 wk ahead,percent,6.33402407788728e-11,Bin,7.7,7.8
Nebraska,4 wk ahead,percent,6.33402407788728e-11,Bin,7.8,7.9
Nebraska,4 wk ahead,percent,6.33402407788728e-11,Bin,7.9,8.0
Nebraska,4 wk ahead,percent,6.33402407788734e-11,Bin,8.0,8.1
Nebraska,4 wk ahead,percent,6.3340240778874e-11,Bin,8.1,8.2
Nebraska,4 wk ahead,percent,6.3340240778874e-11,Bin,8.2,8.3
Nebraska,4 wk ahead,percent,6.3340240778874e-11,Bin,8.3,8.4
Nebraska,4 wk ahead,percent,6.3340240778874e-11,Bin,8.4,8.5
Nebraska,4 wk ahead,percent,6.3340240778874e-11,Bin,8.5,8.6
Nebraska,4 wk ahead,percent,6.3340240778874e-11,Bin,8.6,8.7
Nebraska,4 wk ahead,percent,6.3340240778874e-11,Bin,8.7,8.8
Nebraska,4 wk ahead,percent,6.3340240778874e-11,Bin,8.8,8.9
Nebraska,4 wk ahead,percent,6.3340240778874e-11,Bin,8.9,9.0
Nebraska,4 wk ahead,percent,6.3340240778874e-11,Bin,9.0,9.1
Nebraska,4 wk ahead,percent,6.3340240778874e-11,Bin,9.1,9.2
Nebraska,4 wk ahead,percent,6.3340240778874e-11,Bin,9.2,9.3
Nebraska,4 wk ahead,percent,6.3340240778874e-11,Bin,9.3,9.4
Nebraska,4 wk ahead,percent,6.3340240778874e-11,Bin,9.4,9.5
Nebraska,4 wk ahead,percent,6.3340240778874e-11,Bin,9.5,9.6
Nebraska,4 wk ahead,percent,6.3340240778874e-11,Bin,9.6,9.7
Nebraska,4 wk ahead,percent,6.3340240778874e-11,Bin,9.7,9.8
Nebraska,4 wk ahead,percent,0.00199999964371172,Bin,9.8,9.9
Nebraska,4 wk ahead,percent,0.00199999964371172,Bin,9.9,10.0
Nebraska,4 wk ahead,percent,6.3340240778874e-11,Bin,10.0,10.1
Nebraska,4 wk ahead,percent,6.3340240778874e-11,Bin,10.1,10.2
Nebraska,4 wk ahead,percent,6.3340240778874e-11,Bin,10.2,10.3
Nebraska,4 wk ahead,percent,6.3340240778874e-11,Bin,10.3,10.4
Nebraska,4 wk ahead,percent,6.3340240778874e-11,Bin,10.4,10.5
Nebraska,4 wk ahead,percent,6.3340240778874e-11,Bin,10.5,10.6
Nebraska,4 wk ahead,percent,6.3340240778874e-11,Bin,10.6,10.7
Nebraska,4 wk ahead,percent,6.3340240778874e-11,Bin,10.7,10.8
Nebraska,4 wk ahead,percent,6.3340240778874e-11,Bin,10.8,10.9
Nebraska,4 wk ahead,percent,6.3340240778874e-11,Bin,10.9,11.0
Nebraska,4 wk ahead,percent,6.3340240778874e-11,Bin,11.0,11.1
Nebraska,4 wk ahead,percent,6.3340240778874e-11,Bin,11.1,11.2
Nebraska,4 wk ahead,percent,6.3340240778874e-11,Bin,11.2,11.3
Nebraska,4 wk ahead,percent,6.3340240778874e-11,Bin,11.3,11.4
Nebraska,4 wk ahead,percent,6.3340240778874e-11,Bin,11.4,11.5
Nebraska,4 wk ahead,percent,6.3340240778874e-11,Bin,11.5,11.6
Nebraska,4 wk ahead,percent,6.3340240778874e-11,Bin,11.6,11.7
Nebraska,4 wk ahead,percent,6.3340240778874e-11,Bin,11.7,11.8
Nebraska,4 wk ahead,percent,6.3340240778874e-11,Bin,11.8,11.9
Nebraska,4 wk ahead,percent,6.3340240778874e-11,Bin,11.9,12.0
Nebraska,4 wk ahead,percent,6.3340240778874e-11,Bin,12.0,12.1
Nebraska,4 wk ahead,percent,6.3340240778874e-11,Bin,12.1,12.2
Nebraska,4 wk ahead,percent,6.3340240778874e-11,Bin,12.2,12.3
Nebraska,4 wk ahead,percent,6.3340240778874e-11,Bin,12.3,12.4
Nebraska,4 wk ahead,percent,6.3340240778874e-11,Bin,12.4,12.5
Nebraska,4 wk ahead,percent,6.3340240778874e-11,Bin,12.5,12.6
Nebraska,4 wk ahead,percent,6.3340240778874e-11,Bin,12.6,12.7
Nebraska,4 wk ahead,percent,6.3340240778874e-11,Bin,12.7,12.8
Nebraska,4 wk ahead,percent,6.3340240778874e-11,Bin,12.8,12.9
Nebraska,4 wk ahead,percent,6.3340240778874e-11,Bin,12.9,13.0
Nebraska,4 wk ahead,percent,6.3340240778874e-11,Bin,13.0,100.0
Nebraska,Season peak percentage,percent,2.38247533123423e-12,Bin,0.0,0.1
Nebraska,Season peak percentage,percent,4.92884595949065e-12,Bin,0.1,0.2
Nebraska,Season peak percentage,percent,5.14912822046407e-12,Bin,0.2,0.3
Nebraska,Season peak percentage,percent,5.37109946278537e-12,Bin,0.3,0.4
Nebraska,Season peak percentage,percent,5.59423812856508e-12,Bin,0.4,0.5
Nebraska,Season peak percentage,percent,5.81800582165149e-12,Bin,0.5,0.6
Nebraska,Season peak percentage,percent,6.04182738885862e-12,Bin,0.6,0.7
Nebraska,Season peak percentage,percent,6.2651361264862e-12,Bin,0.7,0.8
Nebraska,Season peak percentage,percent,6.48736923852035e-12,Bin,0.8,0.9
Nebraska,Season peak percentage,percent,6.70793287870268e-12,Bin,0.9,1.0
Nebraska,Season peak percentage,percent,6.92621122918246e-12,Bin,1.0,1.1
Nebraska,Season peak percentage,percent,7.14167732416042e-12,Bin,1.1,1.2
Nebraska,Season peak percentage,percent,7.35380420979744e-12,Bin,1.2,1.3
Nebraska,Season peak percentage,percent,7.56197346522035e-12,Bin,1.3,1.4
Nebraska,Season peak percentage,percent,7.76555560801251e-12,Bin,1.4,1.5
Nebraska,Season peak percentage,percent,7.96415687525351e-12,Bin,1.5,1.6
Nebraska,Season peak percentage,percent,8.15729742035649e-12,Bin,1.6,1.7
Nebraska,Season peak percentage,percent,8.34442106509362e-12,Bin,1.7,1.8
Nebraska,Season peak percentage,percent,8.52494747160304e-12,Bin,1.8,1.9
Nebraska,Season peak percentage,percent,8.69860196024609e-12,Bin,1.9,2.0
Nebraska,Season peak percentage,percent,8.86497408640605e-12,Bin,2.0,2.1
Nebraska,Season peak percentage,percent,9.02370155924917e-12,Bin,2.1,2.2
Nebraska,Season peak percentage,percent,9.17431742249456e-12,Bin,2.2,2.3
Nebraska,Season peak percentage,percent,9.31653418407316e-12,Bin,2.3,2.4
Nebraska,Season peak percentage,percent,9.45017901687031e-12,Bin,2.4,2.5
Nebraska,Season peak percentage,percent,9.57502122961764e-12,Bin,2.5,2.6
Nebraska,Season peak percentage,percent,9.69083068930514e-12,Bin,2.6,2.7
Nebraska,Season peak percentage,percent,9.79722601159814e-12,Bin,2.7,2.8
Nebraska,Season peak percentage,percent,9.89431348759524e-12,Bin,2.8,2.9
Nebraska,Season peak percentage,percent,9.98198133305992e-12,Bin,2.9,3.0
Nebraska,Season peak percentage,percent,1.00601914974123e-11,Bin,3.0,3.1
Nebraska,Season peak percentage,percent,1.0128766659942e-11,Bin,3.1,3.2
Nebraska,Season peak percentage,percent,1.01877159783628e-11,Bin,3.2,3.3
Nebraska,Season peak percentage,percent,1.0237222116349e-11,Bin,3.3,3.4
Nebraska,Season peak percentage,percent,1.027743678781e-11,Bin,3.4,3.5
Nebraska,Season peak percentage,percent,1.03082591209681e-11,Bin,3.5,3.6
Nebraska,Season peak percentage,percent,1.03297084560612e-11,Bin,3.6,3.7
Nebraska,Season peak percentage,percent,1.03422561426755e-11,Bin,3.7,3.8
Nebraska,Season peak percentage,percent,1.03460824024009e-11,Bin,3.8,3.9
Nebraska,Season peak percentage,percent,1.03412155405896e-11,Bin,3.9,4.0
Nebraska,Season peak percentage,percent,1.03278628399912e-11,Bin,4.0,4.1
Nebraska,Season peak percentage,percent,1.03064666547924e-11,Bin,4.1,4.2
Nebraska,Season peak percentage,percent,1.02772829246531e-11,Bin,4.2,4.3
Nebraska,Season peak percentage,percent,1.02406078813783e-11,Bin,4.3,4.4
Nebraska,Season peak percentage,percent,1.01966017650881e-11,Bin,4.4,4.5
Nebraska,Season peak percentage,percent,1.01457392857066e-11,Bin,4.5,4.6
Nebraska,Season peak percentage,percent,1.00883894389896e-11,Bin,4.6,4.7
Nebraska,Season peak percentage,percent,1.00249124293354e-11,Bin,4.7,4.8
Nebraska,Season peak percentage,percent,9.95561234757479e-12,Bin,4.8,4.9
Nebraska,Season peak percentage,percent,9.88082802475019e-12,Bin,4.9,5.0
Nebraska,Season peak percentage,percent,9.80104195408507e-12,Bin,5.0,5.1
Nebraska,Season peak percentage,percent,9.71662707453046e-12,Bin,5.1,5.2
Nebraska,Season peak percentage,percent,9.62796716120555e-12,Bin,5.2,5.3
Nebraska,Season peak percentage,percent,9.53536697293865e-12,Bin,5.3,5.4
Nebraska,Season peak percentage,percent,9.43927309629314e-12,Bin,5.4,5.5
Nebraska,Season peak percentage,percent,9.34008057573719e-12,Bin,5.5,5.6
Nebraska,Season peak percentage,percent,9.23817056331208e-12,Bin,5.6,5.7
Nebraska,Season peak percentage,percent,9.13385032068999e-12,Bin,5.7,5.8
Nebraska,Season peak percentage,percent,9.02746934382899e-12,Bin,5.8,5.9
Nebraska,Season peak percentage,percent,8.91942092888771e-12,Bin,5.9,6.0
Nebraska,Season peak percentage,percent,8.81001626334821e-12,Bin,6.0,6.1
Nebraska,Season peak percentage,percent,8.69953159512398e-12,Bin,6.1,6.2
Nebraska,Season peak percentage,percent,8.58826751107866e-12,Bin,6.2,6.3
Nebraska,Season peak percentage,percent,8.47650655210667e-12,Bin,6.3,6.4
Nebraska,Season peak percentage,percent,8.36448923559236e-12,Bin,6.4,6.5
Nebraska,Season peak percentage,percent,8.2524392823244e-12,Bin,6.5,6.6
Nebraska,Season peak percentage,percent,8.14056439204297e-12,Bin,6.6,6.7
Nebraska,Season peak percentage,percent,8.02903922528936e-12,Bin,6.7,6.8
Nebraska,Season peak percentage,percent,7.91801546780003e-12,Bin,6.8,6.9
Nebraska,Season peak percentage,percent,7.80761883748064e-12,Bin,6.9,7.0
Nebraska,Season peak percentage,percent,7.69796629214291e-12,Bin,7.0,7.1
Nebraska,Season peak percentage,percent,7.58913110239715e-12,Bin,7.1,7.2
Nebraska,Season peak percentage,percent,7.48115707544544e-12,Bin,7.2,7.3
Nebraska,Season peak percentage,percent,7.3740734903221e-12,Bin,7.3,7.4
Nebraska,Season peak percentage,percent,7.26788898887265e-12,Bin,7.4,7.5
Nebraska,Season peak percentage,percent,7.16260329961525e-12,Bin,7.5,7.6
Nebraska,Season peak percentage,percent,7.05815802445962e-12,Bin,7.6,7.7
Nebraska,Season peak percentage,percent,6.95449577223029e-12,Bin,7.7,7.8
Nebraska,Season peak percentage,percent,6.85153951089839e-12,Bin,7.8,7.9
Nebraska,Season peak percentage,percent,6.74921116368255e-12,Bin,7.9,8.0
Nebraska,Season peak percentage,percent,6.64739883967615e-12,Bin,8.0,8.1
Nebraska,Season peak percentage,percent,6.54597442869594e-12,Bin,8.1,8.2
Nebraska,Season peak percentage,percent,6.44481449486167e-12,Bin,8.2,8.3
Nebraska,Season peak percentage,percent,6.34378756979272e-12,Bin,8.3,8.4
Nebraska,Season peak percentage,percent,6.24274858779264e-12,Bin,8.4,8.5
Nebraska,Season peak percentage,percent,6.14155649739621e-12,Bin,8.5,8.6
Nebraska,Season peak percentage,percent,6.04006978579388e-12,Bin,8.6,8.7
Nebraska,Season peak percentage,percent,5.93814046718749e-12,Bin,8.7,8.8
Nebraska,Season peak percentage,percent,5.83562887628047e-12,Bin,8.8,8.9
Nebraska,Season peak percentage,percent,0.981999999129671,Bin,8.9,9.0
Nebraska,Season peak percentage,percent,5.62837563437147e-12,Bin,9.0,9.1
Nebraska,Season peak percentage,percent,5.5234047769629e-12,Bin,9.1,9.2
Nebraska,Season peak percentage,percent,5.41737616451064e-12,Bin,9.2,9.3
Nebraska,Season peak percentage,percent,5.31022869990313e-12,Bin,9.3,9.4
Nebraska,Season peak percentage,percent,5.20189859008184e-12,Bin,9.4,9.5
Nebraska,Season peak percentage,percent,5.09233423161941e-12,Bin,9.5,9.6
Nebraska,Season peak percentage,percent,4.98148662415371e-12,Bin,9.6,9.7
Nebraska,Season peak percentage,percent,0.00400000000130085,Bin,9.7,9.8
Nebraska,Season peak percentage,percent,4.75590445082464e-12,Bin,9.8,9.9
Nebraska,Season peak percentage,percent,0.00400000000107273,Bin,9.9,10.0
Nebraska,Season peak percentage,percent,0.00200000000274107,Bin,10.0,10.1
Nebraska,Season peak percentage,percent,4.40822528663957e-12,Bin,10.1,10.2
Nebraska,Season peak percentage,percent,4.29005880771524e-12,Bin,10.2,10.3
Nebraska,Season peak percentage,percent,4.17092259738785e-12,Bin,10.3,10.4
Nebraska,Season peak percentage,percent,4.05092636874618e-12,Bin,10.4,10.5
Nebraska,Season peak percentage,percent,3.93017993638819e-12,Bin,10.5,10.6
Nebraska,Season peak percentage,percent,3.80884487656323e-12,Bin,10.6,10.7
Nebraska,Season peak percentage,percent,3.68708887257535e-12,Bin,10.7,10.8
Nebraska,Season peak percentage,percent,3.56507634420726e-12,Bin,10.8,10.9
Nebraska,Season peak percentage,percent,0.00200000000165875,Bin,10.9,11.0
Nebraska,Season peak percentage,percent,3.32102312242801e-12,Bin,11.0,11.1
Nebraska,Season peak percentage,percent,3.19937173234684e-12,Bin,11.1,11.2
Nebraska,Season peak percentage,percent,0.002000000001294,Bin,11.2,11.3
Nebraska,Season peak percentage,percent,2.9578288150106e-12,Bin,11.3,11.4
Nebraska,Season peak percentage,percent,2.83836903906896e-12,Bin,11.4,11.5
Nebraska,Season peak percentage,percent,2.72004918101326e-12,Bin,11.5,11.6
Nebraska,Season peak percentage,percent,2.60306972641215e-12,Bin,11.6,11.7
Nebraska,Season peak percentage,percent,2.48762899880012e-12,Bin,11.7,11.8
Nebraska,Season peak percentage,percent,0.00200000000058972,Bin,11.8,11.9
Nebraska,Season peak percentage,percent,2.26223018539476e-12,Bin,11.9,12.0
Nebraska,Season peak percentage,percent,2.15260734127956e-12,Bin,12.0,12.1
Nebraska,Season peak percentage,percent,2.04526004895647e-12,Bin,12.1,12.2
Nebraska,Season peak percentage,percent,1.94035682444909e-12,Bin,12.2,12.3
Nebraska,Season peak percentage,percent,1.83809134908702e-12,Bin,12.3,12.4
Nebraska,Season peak percentage,percent,1.738553951963e-12,Bin,12.4,12.5
Nebraska,Season peak percentage,percent,1.64183903115014e-12,Bin,12.5,12.6
Nebraska,Season peak percentage,percent,1.54806867044645e-12,Bin,12.6,12.7
Nebraska,Season peak percentage,percent,1.45741787395524e-12,Bin,12.7,12.8
Nebraska,Season peak percentage,percent,1.36990097196156e-12,Bin,12.8,12.9
Nebraska,Season peak percentage,percent,1.28553789090376e-12,Bin,12.9,13.0
Nebraska,Season peak percentage,percent,0.00200000001125415,Bin,13.0,100.0
Nebraska,Season peak week,week,2.34559482310508e-05,Bin,40.0,41.0
Nebraska,Season peak week,week,2.34559482310508e-05,Bin,41.0,42.0
Nebraska,Season peak week,week,2.34559482310508e-05,Bin,42.0,43.0
Nebraska,Season peak week,week,2.88485831076211e-05,Bin,43.0,44.0
Nebraska,Season peak week,week,6.90599357190389e-05,Bin,44.0,45.0
Nebraska,Season peak week,week,0.000157735462466335,Bin,45.0,46.0
Nebraska,Season peak week,week,0.000325928836931011,Bin,46.0,47.0
Nebraska,Season peak week,week,0.000610689218143603,Bin,47.0,48.0
Nebraska,Season peak week,week,0.00104070480718573,Bin,48.0,49.0
Nebraska,Season peak week,week,0.00161961160182597,Bin,49.0,50.0
Nebraska,Season peak week,week,0.00231375376101792,Bin,50.0,51.0
Nebraska,Season peak week,week,0.00305367473732787,Bin,51.0,52.0
Nebraska,Season peak week,week,0.00375142502958474,Bin,52.0,53.0
Nebraska,Season peak week,week,0.00432553486075675,Bin,1.0,2.0
Nebraska,Season peak week,week,0.00472099330931807,Bin,2.0,3.0
Nebraska,Season peak week,week,0.00491620595785525,Bin,3.0,4.0
Nebraska,Season peak week,week,0.00491858027540157,Bin,4.0,5.0
Nebraska,Season peak week,week,0.00475432123843979,Bin,5.0,6.0
Nebraska,Season peak week,week,0.94260166769712,Bin,6.0,7.0
Nebraska,Season peak week,week,0.00406098010297277,Bin,7.0,8.0
Nebraska,Season peak week,week,0.00359017193282097,Bin,8.0,9.0
Nebraska,Season peak week,week,0.00306490938441365,Bin,9.0,10.0
Nebraska,Season peak week,week,0.00250625189623436,Bin,10.0,11.0
Nebraska,Season peak week,week,0.00194362940431853,Bin,11.0,12.0
Nebraska,Season peak week,week,0.00141497149672205,Bin,12.0,13.0
Nebraska,Season peak week,week,0.000958064259528696,Bin,13.0,14.0
Nebraska,Season peak week,week,0.000598673261332447,Bin,14.0,15.0
Nebraska,Season peak week,week,0.0003431301515761,Bin,15.0,16.0
Nebraska,Season peak week,week,0.000179525499159538,Bin,16.0,17.0
Nebraska,Season peak week,week,8.54385708130128e-05,Bin,17.0,18.0
Nebraska,Season peak week,week,3.68838933580572e-05,Bin,18.0,19.0
Nebraska,Season peak week,week,1.52326658757288e-05,Bin,19.0,20.0
Nebraska,Season peak week,week,0.00192303432397965,Bin,20.0,21.0
Nevada,1 wk ahead,percent,5.88109272939798e-11,Bin,0.0,0.1
Nevada,1 wk ahead,percent,3.74609821070604e-10,Bin,0.1,0.2
Nevada,1 wk ahead,percent,1.1417283532659e-09,Bin,0.2,0.3
Nevada,1 wk ahead,percent,0.00200000230084019,Bin,0.3,0.4
Nevada,1 wk ahead,percent,0.00200000372545097,Bin,0.4,0.5
Nevada,1 wk ahead,percent,0.0240000033384855,Bin,0.5,0.6
Nevada,1 wk ahead,percent,0.0200000046333483,Bin,0.6,0.7
Nevada,1 wk ahead,percent,0.0360000048622675,Bin,0.7,0.8
Nevada,1 wk ahead,percent,0.0920000021840061,Bin,0.8,0.9
Nevada,1 wk ahead,percent,0.106000001078345,Bin,0.9,1.0
Nevada,1 wk ahead,percent,0.139999996952457,Bin,1.0,1.1
Nevada,1 wk ahead,percent,0.131999994972266,Bin,1.1,1.2
Nevada,1 wk ahead,percent,0.125999993226004,Bin,1.2,1.3
Nevada,1 wk ahead,percent,0.0899999944522291,Bin,1.3,1.4
Nevada,1 wk ahead,percent,0.0799999946462213,Bin,1.4,1.5
Nevada,1 wk ahead,percent,0.0399999972706137,Bin,1.5,1.6
Nevada,1 wk ahead,percent,0.0499999965592099,Bin,1.6,1.7
Nevada,1 wk ahead,percent,0.0179999987605167,Bin,1.7,1.8
Nevada,1 wk ahead,percent,0.0179999987603763,Bin,1.8,1.9
Nevada,1 wk ahead,percent,0.00199999986314648,Bin,1.9,2.0
Nevada,1 wk ahead,percent,9.61482646084644e-12,Bin,2.0,2.1
Nevada,1 wk ahead,percent,6.79554989993912e-11,Bin,2.1,2.2
Nevada,1 wk ahead,percent,0.00999999962558586,Bin,2.2,2.3
Nevada,1 wk ahead,percent,0.00200000081424804,Bin,2.3,2.4
Nevada,1 wk ahead,percent,0.00400000161414968,Bin,2.4,2.5
Nevada,1 wk ahead,percent,2.45906667407813e-09,Bin,2.5,2.6
Nevada,1 wk ahead,percent,0.00200000196069687,Bin,2.6,2.7
Nevada,1 wk ahead,percent,0.00400000089864573,Bin,2.7,2.8
Nevada,1 wk ahead,percent,4.30599700848833e-10,Bin,2.8,2.9
Nevada,1 wk ahead,percent,1.03442974576227e-10,Bin,2.9,3.0
Nevada,1 wk ahead,percent,2.89762153703114e-11,Bin,3.0,3.1
Nevada,1 wk ahead,percent,2.82608420532528e-11,Bin,3.1,3.2
Nevada,1 wk ahead,percent,2.82608420532528e-11,Bin,3.2,3.3
Nevada,1 wk ahead,percent,2.82608420532528e-11,Bin,3.3,3.4
Nevada,1 wk ahead,percent,2.82608420532528e-11,Bin,3.4,3.5
Nevada,1 wk ahead,percent,2.82608420532528e-11,Bin,3.5,3.6
Nevada,1 wk ahead,percent,2.82608420532528e-11,Bin,3.6,3.7
Nevada,1 wk ahead,percent,2.82608420532528e-11,Bin,3.7,3.8
Nevada,1 wk ahead,percent,2.82608420532528e-11,Bin,3.8,3.9
Nevada,1 wk ahead,percent,2.82608420532528e-11,Bin,3.9,4.0
Nevada,1 wk ahead,percent,2.82608420532528e-11,Bin,4.0,4.1
Nevada,1 wk ahead,percent,2.82608420532528e-11,Bin,4.1,4.2
Nevada,1 wk ahead,percent,2.82608420532528e-11,Bin,4.2,4.3
Nevada,1 wk ahead,percent,2.82608420532528e-11,Bin,4.3,4.4
Nevada,1 wk ahead,percent,2.82608420532528e-11,Bin,4.4,4.5
Nevada,1 wk ahead,percent,2.82608420532528e-11,Bin,4.5,4.6
Nevada,1 wk ahead,percent,2.82608420532528e-11,Bin,4.6,4.7
Nevada,1 wk ahead,percent,2.82608420532528e-11,Bin,4.7,4.8
Nevada,1 wk ahead,percent,2.82608420532528e-11,Bin,4.8,4.9
Nevada,1 wk ahead,percent,2.82608420532528e-11,Bin,4.9,5.0
Nevada,1 wk ahead,percent,2.82608420532528e-11,Bin,5.0,5.1
Nevada,1 wk ahead,percent,2.82608420532528e-11,Bin,5.1,5.2
Nevada,1 wk ahead,percent,2.82608420532528e-11,Bin,5.2,5.3
Nevada,1 wk ahead,percent,2.82608420532528e-11,Bin,5.3,5.4
Nevada,1 wk ahead,percent,2.82608420532528e-11,Bin,5.4,5.5
Nevada,1 wk ahead,percent,2.82608420532528e-11,Bin,5.5,5.6
Nevada,1 wk ahead,percent,2.82608420532528e-11,Bin,5.6,5.7
Nevada,1 wk ahead,percent,2.82608420532528e-11,Bin,5.7,5.8
Nevada,1 wk ahead,percent,2.82608420532528e-11,Bin,5.8,5.9
Nevada,1 wk ahead,percent,2.82608420532528e-11,Bin,5.9,6.0
Nevada,1 wk ahead,percent,2.82608420532528e-11,Bin,6.0,6.1
Nevada,1 wk ahead,percent,2.82608420532528e-11,Bin,6.1,6.2
Nevada,1 wk ahead,percent,2.82608420532528e-11,Bin,6.2,6.3
Nevada,1 wk ahead,percent,2.82608420532528e-11,Bin,6.3,6.4
Nevada,1 wk ahead,percent,2.82608420532528e-11,Bin,6.4,6.5
Nevada,1 wk ahead,percent,2.82608420532528e-11,Bin,6.5,6.6
Nevada,1 wk ahead,percent,2.82608420532528e-11,Bin,6.6,6.7
Nevada,1 wk ahead,percent,2.82608420532528e-11,Bin,6.7,6.8
Nevada,1 wk ahead,percent,2.82608420532528e-11,Bin,6.8,6.9
Nevada,1 wk ahead,percent,2.82608420532528e-11,Bin,6.9,7.0
Nevada,1 wk ahead,percent,2.82608420532528e-11,Bin,7.0,7.1
Nevada,1 wk ahead,percent,2.82608420532528e-11,Bin,7.1,7.2
Nevada,1 wk ahead,percent,2.82608420532528e-11,Bin,7.2,7.3
Nevada,1 wk ahead,percent,2.82608420532528e-11,Bin,7.3,7.4
Nevada,1 wk ahead,percent,2.82608420532528e-11,Bin,7.4,7.5
Nevada,1 wk ahead,percent,2.82608420532528e-11,Bin,7.5,7.6
Nevada,1 wk ahead,percent,2.82608420532528e-11,Bin,7.6,7.7
Nevada,1 wk ahead,percent,2.82608420532528e-11,Bin,7.7,7.8
Nevada,1 wk ahead,percent,2.82608420532528e-11,Bin,7.8,7.9
Nevada,1 wk ahead,percent,2.82608420532528e-11,Bin,7.9,8.0
Nevada,1 wk ahead,percent,2.8260842053253e-11,Bin,8.0,8.1
Nevada,1 wk ahead,percent,2.82608420532533e-11,Bin,8.1,8.2
Nevada,1 wk ahead,percent,2.82608420532533e-11,Bin,8.2,8.3
Nevada,1 wk ahead,percent,2.82608420532533e-11,Bin,8.3,8.4
Nevada,1 wk ahead,percent,2.82608420532533e-11,Bin,8.4,8.5
Nevada,1 wk ahead,percent,2.82608420532533e-11,Bin,8.5,8.6
Nevada,1 wk ahead,percent,2.82608420532533e-11,Bin,8.6,8.7
Nevada,1 wk ahead,percent,2.82608420532533e-11,Bin,8.7,8.8
Nevada,1 wk ahead,percent,2.82608420532533e-11,Bin,8.8,8.9
Nevada,1 wk ahead,percent,2.82608420532533e-11,Bin,8.9,9.0
Nevada,1 wk ahead,percent,2.82608420532533e-11,Bin,9.0,9.1
Nevada,1 wk ahead,percent,2.82608420532533e-11,Bin,9.1,9.2
Nevada,1 wk ahead,percent,2.82608420532533e-11,Bin,9.2,9.3
Nevada,1 wk ahead,percent,2.82608420532533e-11,Bin,9.3,9.4
Nevada,1 wk ahead,percent,2.82608420532533e-11,Bin,9.4,9.5
Nevada,1 wk ahead,percent,2.82608420532533e-11,Bin,9.5,9.6
Nevada,1 wk ahead,percent,2.82608420532533e-11,Bin,9.6,9.7
Nevada,1 wk ahead,percent,2.82608420532533e-11,Bin,9.7,9.8
Nevada,1 wk ahead,percent,2.82608420532533e-11,Bin,9.8,9.9
Nevada,1 wk ahead,percent,2.82608420532533e-11,Bin,9.9,10.0
Nevada,1 wk ahead,percent,2.82608420532533e-11,Bin,10.0,10.1
Nevada,1 wk ahead,percent,2.82608420532533e-11,Bin,10.1,10.2
Nevada,1 wk ahead,percent,2.82608420532533e-11,Bin,10.2,10.3
Nevada,1 wk ahead,percent,2.82608420532533e-11,Bin,10.3,10.4
Nevada,1 wk ahead,percent,2.82608420532533e-11,Bin,10.4,10.5
Nevada,1 wk ahead,percent,2.82608420532533e-11,Bin,10.5,10.6
Nevada,1 wk ahead,percent,2.82608420532533e-11,Bin,10.6,10.7
Nevada,1 wk ahead,percent,2.82608420532533e-11,Bin,10.7,10.8
Nevada,1 wk ahead,percent,2.82608420532533e-11,Bin,10.8,10.9
Nevada,1 wk ahead,percent,2.82608420532533e-11,Bin,10.9,11.0
Nevada,1 wk ahead,percent,2.82608420532533e-11,Bin,11.0,11.1
Nevada,1 wk ahead,percent,2.82608420532533e-11,Bin,11.1,11.2
Nevada,1 wk ahead,percent,2.82608420532533e-11,Bin,11.2,11.3
Nevada,1 wk ahead,percent,2.82608420532533e-11,Bin,11.3,11.4
Nevada,1 wk ahead,percent,2.82608420532533e-11,Bin,11.4,11.5
Nevada,1 wk ahead,percent,2.82608420532533e-11,Bin,11.5,11.6
Nevada,1 wk ahead,percent,2.82608420532533e-11,Bin,11.6,11.7
Nevada,1 wk ahead,percent,2.82608420532533e-11,Bin,11.7,11.8
Nevada,1 wk ahead,percent,2.82608420532533e-11,Bin,11.8,11.9
Nevada,1 wk ahead,percent,2.82608420532533e-11,Bin,11.9,12.0
Nevada,1 wk ahead,percent,2.82608420532533e-11,Bin,12.0,12.1
Nevada,1 wk ahead,percent,2.82608420532533e-11,Bin,12.1,12.2
Nevada,1 wk ahead,percent,2.82608420532533e-11,Bin,12.2,12.3
Nevada,1 wk ahead,percent,2.82608420532533e-11,Bin,12.3,12.4
Nevada,1 wk ahead,percent,2.82608420532533e-11,Bin,12.4,12.5
Nevada,1 wk ahead,percent,2.82608420532533e-11,Bin,12.5,12.6
Nevada,1 wk ahead,percent,2.82608420532533e-11,Bin,12.6,12.7
Nevada,1 wk ahead,percent,2.82608420532533e-11,Bin,12.7,12.8
Nevada,1 wk ahead,percent,2.82608420532533e-11,Bin,12.8,12.9
Nevada,1 wk ahead,percent,2.82608420532533e-11,Bin,12.9,13.0
Nevada,1 wk ahead,percent,2.82608420532533e-11,Bin,13.0,100.0
Nevada,2 wk ahead,percent,2.23719183492398e-10,Bin,0.0,0.1
Nevada,2 wk ahead,percent,8.6917964054992e-10,Bin,0.1,0.2
Nevada,2 wk ahead,percent,0.00400000146885035,Bin,0.2,0.3
Nevada,2 wk ahead,percent,0.0120000021634265,Bin,0.3,0.4
Nevada,2 wk ahead,percent,0.024000002772563,Bin,0.4,0.5
Nevada,2 wk ahead,percent,0.0460000025327555,Bin,0.5,0.6
Nevada,2 wk ahead,percent,0.0760000012908017,Bin,0.6,0.7
Nevada,2 wk ahead,percent,0.107999999356597,Bin,0.7,0.8
Nevada,2 wk ahead,percent,0.107999999273312,Bin,0.8,0.9
Nevada,2 wk ahead,percent,0.117999998011331,Bin,0.9,1.0
Nevada,2 wk ahead,percent,0.143999995161682,Bin,1.0,1.1
Nevada,2 wk ahead,percent,0.0979999972904115,Bin,1.1,1.2
Nevada,2 wk ahead,percent,0.0839999969160511,Bin,1.2,1.3
Nevada,2 wk ahead,percent,0.0619999972732537,Bin,1.3,1.4
Nevada,2 wk ahead,percent,0.0359999982730277,Bin,1.4,1.5
Nevada,2 wk ahead,percent,0.0239999986205261,Bin,1.5,1.6
Nevada,2 wk ahead,percent,0.0119999992532006,Bin,1.6,1.7
Nevada,2 wk ahead,percent,0.00999999931042383,Bin,1.7,1.8
Nevada,2 wk ahead,percent,0.0179999987161893,Bin,1.8,1.9
Nevada,2 wk ahead,percent,0.00199999996985317,Bin,1.9,2.0
Nevada,2 wk ahead,percent,0.00799999971369238,Bin,2.0,2.1
Nevada,2 wk ahead,percent,0.00400000035573971,Bin,2.1,2.2
Nevada,2 wk ahead,percent,1.13492264129822e-09,Bin,2.2,2.3
Nevada,2 wk ahead,percent,1.61109106298425e-09,Bin,2.3,2.4
Nevada,2 wk ahead,percent,1.86242606320302e-09,Bin,2.4,2.5
Nevada,2 wk ahead,percent,1.75332456042739e-09,Bin,2.5,2.6
Nevada,2 wk ahead,percent,1.34417499801491e-09,Bin,2.6,2.7
Nevada,2 wk ahead,percent,8.3917840127098e-10,Bin,2.7,2.8
Nevada,2 wk ahead,percent,4.26623065604054e-10,Bin,2.8,2.9
Nevada,2 wk ahead,percent,0.00200000002893428,Bin,2.9,3.0
Nevada,2 wk ahead,percent,5.95240775408482e-11,Bin,3.0,3.1
Nevada,2 wk ahead,percent,2.23135657870946e-11,Bin,3.1,3.2
Nevada,2 wk ahead,percent,2.12212150411102e-11,Bin,3.2,3.3
Nevada,2 wk ahead,percent,2.12212150411102e-11,Bin,3.3,3.4
Nevada,2 wk ahead,percent,2.12212150411102e-11,Bin,3.4,3.5
Nevada,2 wk ahead,percent,2.12212150411102e-11,Bin,3.5,3.6
Nevada,2 wk ahead,percent,2.12212150411102e-11,Bin,3.6,3.7
Nevada,2 wk ahead,percent,2.12212150411102e-11,Bin,3.7,3.8
Nevada,2 wk ahead,percent,2.12212150411102e-11,Bin,3.8,3.9
Nevada,2 wk ahead,percent,2.12212150411102e-11,Bin,3.9,4.0
Nevada,2 wk ahead,percent,2.12212150411102e-11,Bin,4.0,4.1
Nevada,2 wk ahead,percent,2.12212150411102e-11,Bin,4.1,4.2
Nevada,2 wk ahead,percent,2.12212150411102e-11,Bin,4.2,4.3
Nevada,2 wk ahead,percent,2.12212150411102e-11,Bin,4.3,4.4
Nevada,2 wk ahead,percent,2.12212150411102e-11,Bin,4.4,4.5
Nevada,2 wk ahead,percent,2.12212150411102e-11,Bin,4.5,4.6
Nevada,2 wk ahead,percent,2.12212150411102e-11,Bin,4.6,4.7
Nevada,2 wk ahead,percent,2.12212150411102e-11,Bin,4.7,4.8
Nevada,2 wk ahead,percent,2.12212150411102e-11,Bin,4.8,4.9
Nevada,2 wk ahead,percent,2.12212150411102e-11,Bin,4.9,5.0
Nevada,2 wk ahead,percent,2.12212150411102e-11,Bin,5.0,5.1
Nevada,2 wk ahead,percent,2.12212150411102e-11,Bin,5.1,5.2
Nevada,2 wk ahead,percent,2.12212150411102e-11,Bin,5.2,5.3
Nevada,2 wk ahead,percent,2.12212150411102e-11,Bin,5.3,5.4
Nevada,2 wk ahead,percent,2.12212150411102e-11,Bin,5.4,5.5
Nevada,2 wk ahead,percent,2.12212150411102e-11,Bin,5.5,5.6
Nevada,2 wk ahead,percent,2.12212150411102e-11,Bin,5.6,5.7
Nevada,2 wk ahead,percent,2.12212150411102e-11,Bin,5.7,5.8
Nevada,2 wk ahead,percent,2.12212150411102e-11,Bin,5.8,5.9
Nevada,2 wk ahead,percent,2.12212150411102e-11,Bin,5.9,6.0
Nevada,2 wk ahead,percent,2.12212150411102e-11,Bin,6.0,6.1
Nevada,2 wk ahead,percent,2.12212150411102e-11,Bin,6.1,6.2
Nevada,2 wk ahead,percent,2.12212150411102e-11,Bin,6.2,6.3
Nevada,2 wk ahead,percent,2.12212150411102e-11,Bin,6.3,6.4
Nevada,2 wk ahead,percent,2.12212150411102e-11,Bin,6.4,6.5
Nevada,2 wk ahead,percent,2.12212150411102e-11,Bin,6.5,6.6
Nevada,2 wk ahead,percent,2.12212150411102e-11,Bin,6.6,6.7
Nevada,2 wk ahead,percent,2.12212150411102e-11,Bin,6.7,6.8
Nevada,2 wk ahead,percent,2.12212150411102e-11,Bin,6.8,6.9
Nevada,2 wk ahead,percent,2.12212150411102e-11,Bin,6.9,7.0
Nevada,2 wk ahead,percent,2.12212150411102e-11,Bin,7.0,7.1
Nevada,2 wk ahead,percent,2.12212150411102e-11,Bin,7.1,7.2
Nevada,2 wk ahead,percent,2.12212150411102e-11,Bin,7.2,7.3
Nevada,2 wk ahead,percent,2.12212150411102e-11,Bin,7.3,7.4
Nevada,2 wk ahead,percent,2.12212150411102e-11,Bin,7.4,7.5
Nevada,2 wk ahead,percent,2.12212150411102e-11,Bin,7.5,7.6
Nevada,2 wk ahead,percent,2.12212150411102e-11,Bin,7.6,7.7
Nevada,2 wk ahead,percent,2.12212150411102e-11,Bin,7.7,7.8
Nevada,2 wk ahead,percent,2.12212150411102e-11,Bin,7.8,7.9
Nevada,2 wk ahead,percent,2.12212150411102e-11,Bin,7.9,8.0
Nevada,2 wk ahead,percent,2.12212150411104e-11,Bin,8.0,8.1
Nevada,2 wk ahead,percent,2.12212150411106e-11,Bin,8.1,8.2
Nevada,2 wk ahead,percent,2.12212150411106e-11,Bin,8.2,8.3
Nevada,2 wk ahead,percent,2.12212150411106e-11,Bin,8.3,8.4
Nevada,2 wk ahead,percent,2.12212150411106e-11,Bin,8.4,8.5
Nevada,2 wk ahead,percent,2.12212150411106e-11,Bin,8.5,8.6
Nevada,2 wk ahead,percent,2.12212150411106e-11,Bin,8.6,8.7
Nevada,2 wk ahead,percent,2.12212150411106e-11,Bin,8.7,8.8
Nevada,2 wk ahead,percent,2.12212150411106e-11,Bin,8.8,8.9
Nevada,2 wk ahead,percent,2.12212150411106e-11,Bin,8.9,9.0
Nevada,2 wk ahead,percent,2.12212150411106e-11,Bin,9.0,9.1
Nevada,2 wk ahead,percent,2.12212150411106e-11,Bin,9.1,9.2
Nevada,2 wk ahead,percent,2.12212150411106e-11,Bin,9.2,9.3
Nevada,2 wk ahead,percent,2.12212150411106e-11,Bin,9.3,9.4
Nevada,2 wk ahead,percent,2.12212150411106e-11,Bin,9.4,9.5
Nevada,2 wk ahead,percent,2.12212150411106e-11,Bin,9.5,9.6
Nevada,2 wk ahead,percent,2.12212150411106e-11,Bin,9.6,9.7
Nevada,2 wk ahead,percent,2.12212150411106e-11,Bin,9.7,9.8
Nevada,2 wk ahead,percent,2.12212150411106e-11,Bin,9.8,9.9
Nevada,2 wk ahead,percent,2.12212150411106e-11,Bin,9.9,10.0
Nevada,2 wk ahead,percent,2.12212150411106e-11,Bin,10.0,10.1
Nevada,2 wk ahead,percent,2.12212150411106e-11,Bin,10.1,10.2
Nevada,2 wk ahead,percent,2.12212150411106e-11,Bin,10.2,10.3
Nevada,2 wk ahead,percent,2.12212150411106e-11,Bin,10.3,10.4
Nevada,2 wk ahead,percent,2.12212150411106e-11,Bin,10.4,10.5
Nevada,2 wk ahead,percent,2.12212150411106e-11,Bin,10.5,10.6
Nevada,2 wk ahead,percent,2.12212150411106e-11,Bin,10.6,10.7
Nevada,2 wk ahead,percent,2.12212150411106e-11,Bin,10.7,10.8
Nevada,2 wk ahead,percent,2.12212150411106e-11,Bin,10.8,10.9
Nevada,2 wk ahead,percent,2.12212150411106e-11,Bin,10.9,11.0
Nevada,2 wk ahead,percent,2.12212150411106e-11,Bin,11.0,11.1
Nevada,2 wk ahead,percent,2.12212150411106e-11,Bin,11.1,11.2
Nevada,2 wk ahead,percent,2.12212150411106e-11,Bin,11.2,11.3
Nevada,2 wk ahead,percent,2.12212150411106e-11,Bin,11.3,11.4
Nevada,2 wk ahead,percent,2.12212150411106e-11,Bin,11.4,11.5
Nevada,2 wk ahead,percent,2.12212150411106e-11,Bin,11.5,11.6
Nevada,2 wk ahead,percent,2.12212150411106e-11,Bin,11.6,11.7
Nevada,2 wk ahead,percent,2.12212150411106e-11,Bin,11.7,11.8
Nevada,2 wk ahead,percent,2.12212150411106e-11,Bin,11.8,11.9
Nevada,2 wk ahead,percent,2.12212150411106e-11,Bin,11.9,12.0
Nevada,2 wk ahead,percent,2.12212150411106e-11,Bin,12.0,12.1
Nevada,2 wk ahead,percent,2.12212150411106e-11,Bin,12.1,12.2
Nevada,2 wk ahead,percent,2.12212150411106e-11,Bin,12.2,12.3
Nevada,2 wk ahead,percent,2.12212150411106e-11,Bin,12.3,12.4
Nevada,2 wk ahead,percent,2.12212150411106e-11,Bin,12.4,12.5
Nevada,2 wk ahead,percent,2.12212150411106e-11,Bin,12.5,12.6
Nevada,2 wk ahead,percent,2.12212150411106e-11,Bin,12.6,12.7
Nevada,2 wk ahead,percent,2.12212150411106e-11,Bin,12.7,12.8
Nevada,2 wk ahead,percent,2.12212150411106e-11,Bin,12.8,12.9
Nevada,2 wk ahead,percent,2.12212150411106e-11,Bin,12.9,13.0
Nevada,2 wk ahead,percent,2.12212150411106e-11,Bin,13.0,100.0
Nevada,3 wk ahead,percent,7.75656760178649e-10,Bin,0.0,0.1
Nevada,3 wk ahead,percent,6.66685313056163e-09,Bin,0.1,0.2
Nevada,3 wk ahead,percent,0.00200001993080213,Bin,0.2,0.3
Nevada,3 wk ahead,percent,0.0260000235170235,Bin,0.3,0.4
Nevada,3 wk ahead,percent,0.0240000150846505,Bin,0.4,0.5
Nevada,3 wk ahead,percent,0.0659999972127387,Bin,0.5,0.6
Nevada,3 wk ahead,percent,0.0879999969044879,Bin,0.6,0.7
Nevada,3 wk ahead,percent,0.117999999995858,Bin,0.7,0.8
Nevada,3 wk ahead,percent,0.112000001895753,Bin,0.8,0.9
Nevada,3 wk ahead,percent,0.141999984391878,Bin,0.9,1.0
Nevada,3 wk ahead,percent,0.12399997795292,Bin,1.0,1.1
Nevada,3 wk ahead,percent,0.0979999806697311,Bin,1.1,1.2
Nevada,3 wk ahead,percent,0.0539999923490652,Bin,1.2,1.3
Nevada,3 wk ahead,percent,0.0499999976233578,Bin,1.3,1.4
Nevada,3 wk ahead,percent,0.0280000024554692,Bin,1.4,1.5
Nevada,3 wk ahead,percent,0.0259999984928965,Bin,1.5,1.6
Nevada,3 wk ahead,percent,0.0159999975025519,Bin,1.6,1.7
Nevada,3 wk ahead,percent,0.00999999802247307,Bin,1.7,1.8
Nevada,3 wk ahead,percent,0.00599999884307363,Bin,1.8,1.9
Nevada,3 wk ahead,percent,0.00399999926388485,Bin,1.9,2.0
Nevada,3 wk ahead,percent,0.00199999968469607,Bin,2.0,2.1
Nevada,3 wk ahead,percent,1.0550728252005e-10,Bin,2.1,2.2
Nevada,3 wk ahead,percent,0.00199999968469607,Bin,2.2,2.3
Nevada,3 wk ahead,percent,1.0550728252005e-10,Bin,2.3,2.4
Nevada,3 wk ahead,percent,1.0550728252005e-10,Bin,2.4,2.5
Nevada,3 wk ahead,percent,0.00199999968469607,Bin,2.5,2.6
Nevada,3 wk ahead,percent,1.0550728252005e-10,Bin,2.6,2.7
Nevada,3 wk ahead,percent,1.0550728252005e-10,Bin,2.7,2.8
Nevada,3 wk ahead,percent,1.0550728252005e-10,Bin,2.8,2.9
Nevada,3 wk ahead,percent,1.0550728252005e-10,Bin,2.9,3.0
Nevada,3 wk ahead,percent,1.0550728252005e-10,Bin,3.0,3.1
Nevada,3 wk ahead,percent,1.0550728252005e-10,Bin,3.1,3.2
Nevada,3 wk ahead,percent,1.0550728252005e-10,Bin,3.2,3.3
Nevada,3 wk ahead,percent,1.0550728252005e-10,Bin,3.3,3.4
Nevada,3 wk ahead,percent,1.0550728252005e-10,Bin,3.4,3.5
Nevada,3 wk ahead,percent,1.0550728252005e-10,Bin,3.5,3.6
Nevada,3 wk ahead,percent,1.0550728252005e-10,Bin,3.6,3.7
Nevada,3 wk ahead,percent,1.0550728252005e-10,Bin,3.7,3.8
Nevada,3 wk ahead,percent,1.0550728252005e-10,Bin,3.8,3.9
Nevada,3 wk ahead,percent,1.0550728252005e-10,Bin,3.9,4.0
Nevada,3 wk ahead,percent,1.0550728252005e-10,Bin,4.0,4.1
Nevada,3 wk ahead,percent,1.0550728252005e-10,Bin,4.1,4.2
Nevada,3 wk ahead,percent,1.0550728252005e-10,Bin,4.2,4.3
Nevada,3 wk ahead,percent,1.0550728252005e-10,Bin,4.3,4.4
Nevada,3 wk ahead,percent,1.0550728252005e-10,Bin,4.4,4.5
Nevada,3 wk ahead,percent,1.0550728252005e-10,Bin,4.5,4.6
Nevada,3 wk ahead,percent,1.0550728252005e-10,Bin,4.6,4.7
Nevada,3 wk ahead,percent,1.0550728252005e-10,Bin,4.7,4.8
Nevada,3 wk ahead,percent,1.0550728252005e-10,Bin,4.8,4.9
Nevada,3 wk ahead,percent,1.0550728252005e-10,Bin,4.9,5.0
Nevada,3 wk ahead,percent,1.0550728252005e-10,Bin,5.0,5.1
Nevada,3 wk ahead,percent,1.0550728252005e-10,Bin,5.1,5.2
Nevada,3 wk ahead,percent,1.0550728252005e-10,Bin,5.2,5.3
Nevada,3 wk ahead,percent,1.0550728252005e-10,Bin,5.3,5.4
Nevada,3 wk ahead,percent,1.0550728252005e-10,Bin,5.4,5.5
Nevada,3 wk ahead,percent,1.0550728252005e-10,Bin,5.5,5.6
Nevada,3 wk ahead,percent,1.0550728252005e-10,Bin,5.6,5.7
Nevada,3 wk ahead,percent,1.0550728252005e-10,Bin,5.7,5.8
Nevada,3 wk ahead,percent,1.0550728252005e-10,Bin,5.8,5.9
Nevada,3 wk ahead,percent,1.0550728252005e-10,Bin,5.9,6.0
Nevada,3 wk ahead,percent,1.0550728252005e-10,Bin,6.0,6.1
Nevada,3 wk ahead,percent,1.0550728252005e-10,Bin,6.1,6.2
Nevada,3 wk ahead,percent,1.0550728252005e-10,Bin,6.2,6.3
Nevada,3 wk ahead,percent,1.0550728252005e-10,Bin,6.3,6.4
Nevada,3 wk ahead,percent,1.0550728252005e-10,Bin,6.4,6.5
Nevada,3 wk ahead,percent,1.0550728252005e-10,Bin,6.5,6.6
Nevada,3 wk ahead,percent,1.0550728252005e-10,Bin,6.6,6.7
Nevada,3 wk ahead,percent,1.0550728252005e-10,Bin,6.7,6.8
Nevada,3 wk ahead,percent,1.0550728252005e-10,Bin,6.8,6.9
Nevada,3 wk ahead,percent,1.0550728252005e-10,Bin,6.9,7.0
Nevada,3 wk ahead,percent,1.0550728252005e-10,Bin,7.0,7.1
Nevada,3 wk ahead,percent,1.0550728252005e-10,Bin,7.1,7.2
Nevada,3 wk ahead,percent,1.0550728252005e-10,Bin,7.2,7.3
Nevada,3 wk ahead,percent,1.0550728252005e-10,Bin,7.3,7.4
Nevada,3 wk ahead,percent,1.0550728252005e-10,Bin,7.4,7.5
Nevada,3 wk ahead,percent,1.0550728252005e-10,Bin,7.5,7.6
Nevada,3 wk ahead,percent,1.0550728252005e-10,Bin,7.6,7.7
Nevada,3 wk ahead,percent,1.0550728252005e-10,Bin,7.7,7.8
Nevada,3 wk ahead,percent,1.0550728252005e-10,Bin,7.8,7.9
Nevada,3 wk ahead,percent,1.0550728252005e-10,Bin,7.9,8.0
Nevada,3 wk ahead,percent,1.05507282520051e-10,Bin,8.0,8.1
Nevada,3 wk ahead,percent,1.05507282520052e-10,Bin,8.1,8.2
Nevada,3 wk ahead,percent,1.05507282520052e-10,Bin,8.2,8.3
Nevada,3 wk ahead,percent,1.05507282520052e-10,Bin,8.3,8.4
Nevada,3 wk ahead,percent,1.05507282520052e-10,Bin,8.4,8.5
Nevada,3 wk ahead,percent,1.05507282520052e-10,Bin,8.5,8.6
Nevada,3 wk ahead,percent,1.05507282520052e-10,Bin,8.6,8.7
Nevada,3 wk ahead,percent,1.05507282520052e-10,Bin,8.7,8.8
Nevada,3 wk ahead,percent,1.05507282520052e-10,Bin,8.8,8.9
Nevada,3 wk ahead,percent,1.05507282520052e-10,Bin,8.9,9.0
Nevada,3 wk ahead,percent,1.05507282520052e-10,Bin,9.0,9.1
Nevada,3 wk ahead,percent,1.05507282520052e-10,Bin,9.1,9.2
Nevada,3 wk ahead,percent,1.05507282520052e-10,Bin,9.2,9.3
Nevada,3 wk ahead,percent,1.05507282520052e-10,Bin,9.3,9.4
Nevada,3 wk ahead,percent,1.05507282520052e-10,Bin,9.4,9.5
Nevada,3 wk ahead,percent,1.05507282520052e-10,Bin,9.5,9.6
Nevada,3 wk ahead,percent,1.05507282520052e-10,Bin,9.6,9.7
Nevada,3 wk ahead,percent,1.05507282520052e-10,Bin,9.7,9.8
Nevada,3 wk ahead,percent,1.05507282520052e-10,Bin,9.8,9.9
Nevada,3 wk ahead,percent,1.05507282520052e-10,Bin,9.9,10.0
Nevada,3 wk ahead,percent,1.05507282520052e-10,Bin,10.0,10.1
Nevada,3 wk ahead,percent,1.05507282520052e-10,Bin,10.1,10.2
Nevada,3 wk ahead,percent,1.05507282520052e-10,Bin,10.2,10.3
Nevada,3 wk ahead,percent,1.05507282520052e-10,Bin,10.3,10.4
Nevada,3 wk ahead,percent,1.05507282520052e-10,Bin,10.4,10.5
Nevada,3 wk ahead,percent,1.05507282520052e-10,Bin,10.5,10.6
Nevada,3 wk ahead,percent,1.05507282520052e-10,Bin,10.6,10.7
Nevada,3 wk ahead,percent,1.05507282520052e-10,Bin,10.7,10.8
Nevada,3 wk ahead,percent,1.05507282520052e-10,Bin,10.8,10.9
Nevada,3 wk ahead,percent,1.05507282520052e-10,Bin,10.9,11.0
Nevada,3 wk ahead,percent,1.05507282520052e-10,Bin,11.0,11.1
Nevada,3 wk ahead,percent,1.05507282520052e-10,Bin,11.1,11.2
Nevada,3 wk ahead,percent,1.05507282520052e-10,Bin,11.2,11.3
Nevada,3 wk ahead,percent,1.05507282520052e-10,Bin,11.3,11.4
Nevada,3 wk ahead,percent,1.05507282520052e-10,Bin,11.4,11.5
Nevada,3 wk ahead,percent,1.05507282520052e-10,Bin,11.5,11.6
Nevada,3 wk ahead,percent,1.05507282520052e-10,Bin,11.6,11.7
Nevada,3 wk ahead,percent,1.05507282520052e-10,Bin,11.7,11.8
Nevada,3 wk ahead,percent,1.05507282520052e-10,Bin,11.8,11.9
Nevada,3 wk ahead,percent,1.05507282520052e-10,Bin,11.9,12.0
Nevada,3 wk ahead,percent,1.05507282520052e-10,Bin,12.0,12.1
Nevada,3 wk ahead,percent,1.05507282520052e-10,Bin,12.1,12.2
Nevada,3 wk ahead,percent,1.05507282520052e-10,Bin,12.2,12.3
Nevada,3 wk ahead,percent,1.05507282520052e-10,Bin,12.3,12.4
Nevada,3 wk ahead,percent,1.05507282520052e-10,Bin,12.4,12.5
Nevada,3 wk ahead,percent,1.05507282520052e-10,Bin,12.5,12.6
Nevada,3 wk ahead,percent,1.05507282520052e-10,Bin,12.6,12.7
Nevada,3 wk ahead,percent,1.05507282520052e-10,Bin,12.7,12.8
Nevada,3 wk ahead,percent,1.05507282520052e-10,Bin,12.8,12.9
Nevada,3 wk ahead,percent,1.05507282520052e-10,Bin,12.9,13.0
Nevada,3 wk ahead,percent,1.05507282520052e-10,Bin,13.0,100.0
Nevada,4 wk ahead,percent,1.2336657683178e-09,Bin,0.0,0.1
Nevada,4 wk ahead,percent,0.00200000410926565,Bin,0.1,0.2
Nevada,4 wk ahead,percent,0.00600000677945727,Bin,0.2,0.3
Nevada,4 wk ahead,percent,0.0300000053131445,Bin,0.3,0.4
Nevada,4 wk ahead,percent,0.058000002408453,Bin,0.4,0.5
Nevada,4 wk ahead,percent,0.105999995040399,Bin,0.5,0.6
Nevada,4 wk ahead,percent,0.155999987537344,Bin,0.6,0.7
Nevada,4 wk ahead,percent,0.145999992324644,Bin,0.7,0.8
Nevada,4 wk ahead,percent,0.0960000035187258,Bin,0.8,0.9
Nevada,4 wk ahead,percent,0.0960000011246315,Bin,0.9,1.0
Nevada,4 wk ahead,percent,0.0919999974259872,Bin,1.0,1.1
Nevada,4 wk ahead,percent,0.0799999955822266,Bin,1.1,1.2
Nevada,4 wk ahead,percent,0.0479999994348008,Bin,1.2,1.3
Nevada,4 wk ahead,percent,0.0280000016302824,Bin,1.3,1.4
Nevada,4 wk ahead,percent,0.0180000015594929,Bin,1.4,1.5
Nevada,4 wk ahead,percent,0.0140000001220885,Bin,1.5,1.6
Nevada,4 wk ahead,percent,0.00600000008485567,Bin,1.6,1.7
Nevada,4 wk ahead,percent,0.00399999960436492,Bin,1.7,1.8
Nevada,4 wk ahead,percent,0.00799999843513969,Bin,1.8,1.9
Nevada,4 wk ahead,percent,7.13385387201955e-11,Bin,1.9,2.0
Nevada,4 wk ahead,percent,0.00399999923208149,Bin,2.0,2.1
Nevada,4 wk ahead,percent,7.13385387201951e-11,Bin,2.1,2.2
Nevada,4 wk ahead,percent,7.13385387201951e-11,Bin,2.2,2.3
Nevada,4 wk ahead,percent,0.00199999965171002,Bin,2.3,2.4
Nevada,4 wk ahead,percent,7.13385387201951e-11,Bin,2.4,2.5
Nevada,4 wk ahead,percent,7.13385387201951e-11,Bin,2.5,2.6
Nevada,4 wk ahead,percent,7.13385387201951e-11,Bin,2.6,2.7
Nevada,4 wk ahead,percent,7.13385387201951e-11,Bin,2.7,2.8
Nevada,4 wk ahead,percent,7.13385387201951e-11,Bin,2.8,2.9
Nevada,4 wk ahead,percent,7.13385387201951e-11,Bin,2.9,3.0
Nevada,4 wk ahead,percent,7.13385387201951e-11,Bin,3.0,3.1
Nevada,4 wk ahead,percent,7.13385387201951e-11,Bin,3.1,3.2
Nevada,4 wk ahead,percent,7.13385387201951e-11,Bin,3.2,3.3
Nevada,4 wk ahead,percent,7.13385387201951e-11,Bin,3.3,3.4
Nevada,4 wk ahead,percent,7.13385387201951e-11,Bin,3.4,3.5
Nevada,4 wk ahead,percent,7.13385387201951e-11,Bin,3.5,3.6
Nevada,4 wk ahead,percent,7.13385387201951e-11,Bin,3.6,3.7
Nevada,4 wk ahead,percent,7.13385387201951e-11,Bin,3.7,3.8
Nevada,4 wk ahead,percent,7.13385387201951e-11,Bin,3.8,3.9
Nevada,4 wk ahead,percent,7.13385387201951e-11,Bin,3.9,4.0
Nevada,4 wk ahead,percent,7.13385387201951e-11,Bin,4.0,4.1
Nevada,4 wk ahead,percent,7.13385387201951e-11,Bin,4.1,4.2
Nevada,4 wk ahead,percent,7.13385387201951e-11,Bin,4.2,4.3
Nevada,4 wk ahead,percent,7.13385387201951e-11,Bin,4.3,4.4
Nevada,4 wk ahead,percent,7.13385387201951e-11,Bin,4.4,4.5
Nevada,4 wk ahead,percent,7.13385387201951e-11,Bin,4.5,4.6
Nevada,4 wk ahead,percent,7.13385387201951e-11,Bin,4.6,4.7
Nevada,4 wk ahead,percent,7.13385387201951e-11,Bin,4.7,4.8
Nevada,4 wk ahead,percent,7.13385387201951e-11,Bin,4.8,4.9
Nevada,4 wk ahead,percent,7.13385387201951e-11,Bin,4.9,5.0
Nevada,4 wk ahead,percent,7.13385387201951e-11,Bin,5.0,5.1
Nevada,4 wk ahead,percent,7.13385387201951e-11,Bin,5.1,5.2
Nevada,4 wk ahead,percent,7.13385387201951e-11,Bin,5.2,5.3
Nevada,4 wk ahead,percent,7.13385387201951e-11,Bin,5.3,5.4
Nevada,4 wk ahead,percent,7.13385387201951e-11,Bin,5.4,5.5
Nevada,4 wk ahead,percent,7.13385387201951e-11,Bin,5.5,5.6
Nevada,4 wk ahead,percent,7.13385387201951e-11,Bin,5.6,5.7
Nevada,4 wk ahead,percent,7.13385387201951e-11,Bin,5.7,5.8
Nevada,4 wk ahead,percent,7.13385387201951e-11,Bin,5.8,5.9
Nevada,4 wk ahead,percent,7.13385387201951e-11,Bin,5.9,6.0
Nevada,4 wk ahead,percent,7.13385387201951e-11,Bin,6.0,6.1
Nevada,4 wk ahead,percent,7.13385387201951e-11,Bin,6.1,6.2
Nevada,4 wk ahead,percent,7.13385387201951e-11,Bin,6.2,6.3
Nevada,4 wk ahead,percent,7.13385387201951e-11,Bin,6.3,6.4
Nevada,4 wk ahead,percent,7.13385387201951e-11,Bin,6.4,6.5
Nevada,4 wk ahead,percent,7.13385387201951e-11,Bin,6.5,6.6
Nevada,4 wk ahead,percent,7.13385387201951e-11,Bin,6.6,6.7
Nevada,4 wk ahead,percent,7.13385387201951e-11,Bin,6.7,6.8
Nevada,4 wk ahead,percent,7.13385387201951e-11,Bin,6.8,6.9
Nevada,4 wk ahead,percent,7.13385387201951e-11,Bin,6.9,7.0
Nevada,4 wk ahead,percent,7.13385387201951e-11,Bin,7.0,7.1
Nevada,4 wk ahead,percent,7.13385387201951e-11,Bin,7.1,7.2
Nevada,4 wk ahead,percent,7.13385387201951e-11,Bin,7.2,7.3
Nevada,4 wk ahead,percent,7.13385387201951e-11,Bin,7.3,7.4
Nevada,4 wk ahead,percent,7.13385387201951e-11,Bin,7.4,7.5
Nevada,4 wk ahead,percent,7.13385387201951e-11,Bin,7.5,7.6
Nevada,4 wk ahead,percent,7.13385387201951e-11,Bin,7.6,7.7
Nevada,4 wk ahead,percent,7.13385387201951e-11,Bin,7.7,7.8
Nevada,4 wk ahead,percent,7.13385387201951e-11,Bin,7.8,7.9
Nevada,4 wk ahead,percent,7.13385387201951e-11,Bin,7.9,8.0
Nevada,4 wk ahead,percent,7.13385387201958e-11,Bin,8.0,8.1
Nevada,4 wk ahead,percent,7.13385387201964e-11,Bin,8.1,8.2
Nevada,4 wk ahead,percent,7.13385387201964e-11,Bin,8.2,8.3
Nevada,4 wk ahead,percent,7.13385387201964e-11,Bin,8.3,8.4
Nevada,4 wk ahead,percent,7.13385387201964e-11,Bin,8.4,8.5
Nevada,4 wk ahead,percent,7.13385387201964e-11,Bin,8.5,8.6
Nevada,4 wk ahead,percent,7.13385387201964e-11,Bin,8.6,8.7
Nevada,4 wk ahead,percent,7.13385387201964e-11,Bin,8.7,8.8
Nevada,4 wk ahead,percent,7.13385387201964e-11,Bin,8.8,8.9
Nevada,4 wk ahead,percent,7.13385387201964e-11,Bin,8.9,9.0
Nevada,4 wk ahead,percent,7.13385387201964e-11,Bin,9.0,9.1
Nevada,4 wk ahead,percent,7.13385387201964e-11,Bin,9.1,9.2
Nevada,4 wk ahead,percent,7.13385387201964e-11,Bin,9.2,9.3
Nevada,4 wk ahead,percent,7.13385387201964e-11,Bin,9.3,9.4
Nevada,4 wk ahead,percent,7.13385387201964e-11,Bin,9.4,9.5
Nevada,4 wk ahead,percent,7.13385387201964e-11,Bin,9.5,9.6
Nevada,4 wk ahead,percent,7.13385387201964e-11,Bin,9.6,9.7
Nevada,4 wk ahead,percent,7.13385387201964e-11,Bin,9.7,9.8
Nevada,4 wk ahead,percent,7.13385387201964e-11,Bin,9.8,9.9
Nevada,4 wk ahead,percent,7.13385387201964e-11,Bin,9.9,10.0
Nevada,4 wk ahead,percent,7.13385387201964e-11,Bin,10.0,10.1
Nevada,4 wk ahead,percent,7.13385387201964e-11,Bin,10.1,10.2
Nevada,4 wk ahead,percent,7.13385387201964e-11,Bin,10.2,10.3
Nevada,4 wk ahead,percent,7.13385387201964e-11,Bin,10.3,10.4
Nevada,4 wk ahead,percent,7.13385387201964e-11,Bin,10.4,10.5
Nevada,4 wk ahead,percent,7.13385387201964e-11,Bin,10.5,10.6
Nevada,4 wk ahead,percent,7.13385387201964e-11,Bin,10.6,10.7
Nevada,4 wk ahead,percent,7.13385387201964e-11,Bin,10.7,10.8
Nevada,4 wk ahead,percent,7.13385387201964e-11,Bin,10.8,10.9
Nevada,4 wk ahead,percent,7.13385387201964e-11,Bin,10.9,11.0
Nevada,4 wk ahead,percent,7.13385387201964e-11,Bin,11.0,11.1
Nevada,4 wk ahead,percent,7.13385387201964e-11,Bin,11.1,11.2
Nevada,4 wk ahead,percent,7.13385387201964e-11,Bin,11.2,11.3
Nevada,4 wk ahead,percent,7.13385387201964e-11,Bin,11.3,11.4
Nevada,4 wk ahead,percent,7.13385387201964e-11,Bin,11.4,11.5
Nevada,4 wk ahead,percent,7.13385387201964e-11,Bin,11.5,11.6
Nevada,4 wk ahead,percent,7.13385387201964e-11,Bin,11.6,11.7
Nevada,4 wk ahead,percent,7.13385387201964e-11,Bin,11.7,11.8
Nevada,4 wk ahead,percent,7.13385387201964e-11,Bin,11.8,11.9
Nevada,4 wk ahead,percent,7.13385387201964e-11,Bin,11.9,12.0
Nevada,4 wk ahead,percent,7.13385387201964e-11,Bin,12.0,12.1
Nevada,4 wk ahead,percent,7.13385387201964e-11,Bin,12.1,12.2
Nevada,4 wk ahead,percent,7.13385387201964e-11,Bin,12.2,12.3
Nevada,4 wk ahead,percent,7.13385387201964e-11,Bin,12.3,12.4
Nevada,4 wk ahead,percent,7.13385387201964e-11,Bin,12.4,12.5
Nevada,4 wk ahead,percent,7.13385387201964e-11,Bin,12.5,12.6
Nevada,4 wk ahead,percent,7.13385387201964e-11,Bin,12.6,12.7
Nevada,4 wk ahead,percent,7.13385387201964e-11,Bin,12.7,12.8
Nevada,4 wk ahead,percent,7.13385387201964e-11,Bin,12.8,12.9
Nevada,4 wk ahead,percent,7.13385387201964e-11,Bin,12.9,13.0
Nevada,4 wk ahead,percent,7.13385387201964e-11,Bin,13.0,100.0
Nevada,Season peak percentage,percent,4.95893141444884e-14,Bin,0.0,0.1
Nevada,Season peak percentage,percent,1.3685167255489e-13,Bin,0.1,0.2
Nevada,Season peak percentage,percent,2.05449906499871e-13,Bin,0.2,0.3
Nevada,Season peak percentage,percent,3.02870592194441e-13,Bin,0.3,0.4
Nevada,Season peak percentage,percent,4.38495802300143e-13,Bin,0.4,0.5
Nevada,Season peak percentage,percent,6.23476929234519e-13,Bin,0.5,0.6
Nevada,Season peak percentage,percent,8.70895333114235e-13,Bin,0.6,0.7
Nevada,Season peak percentage,percent,1.19533748398865e-12,Bin,0.7,0.8
Nevada,Season peak percentage,percent,1.61229227128611e-12,Bin,0.8,0.9
Nevada,Season peak percentage,percent,2.13745979315057e-12,Bin,0.9,1.0
Nevada,Season peak percentage,percent,2.78588243335931e-12,Bin,1.0,1.1
Nevada,Season peak percentage,percent,3.57048598817749e-12,Bin,1.1,1.2
Nevada,Season peak percentage,percent,4.50067140533156e-12,Bin,1.2,1.3
Nevada,Season peak percentage,percent,5.58084720987523e-12,Bin,1.3,1.4
Nevada,Season peak percentage,percent,6.80927225931702e-12,Bin,1.4,1.5
Nevada,Season peak percentage,percent,8.17695912190576e-12,Bin,1.5,1.6
Nevada,Season peak percentage,percent,9.6667178668718e-12,Bin,1.6,1.7
Nevada,Season peak percentage,percent,1.12533498602209e-11,Bin,1.7,1.8
Nevada,Season peak percentage,percent,1.29046094566275e-11,Bin,1.8,1.9
Nevada,Season peak percentage,percent,1.45822465643049e-11,Bin,1.9,2.0
Nevada,Season peak percentage,percent,1.62443676285584e-11,Bin,2.0,2.1
Nevada,Season peak percentage,percent,1.78484651833638e-11,Bin,2.1,2.2
Nevada,Season peak percentage,percent,1.93542887891502e-11,Bin,2.2,2.3
Nevada,Season peak percentage,percent,2.07272248365528e-11,Bin,2.3,2.4
Nevada,Season peak percentage,percent,2.19414619774339e-11,Bin,2.4,2.5
Nevada,Season peak percentage,percent,2.29820026294554e-11,Bin,2.5,2.6
Nevada,Season peak percentage,percent,2.38456309089381e-11,Bin,2.6,2.7
Nevada,Season peak percentage,percent,2.45413794969594e-11,Bin,2.7,2.8
Nevada,Season peak percentage,percent,2.50886469910516e-11,Bin,2.8,2.9
Nevada,Season peak percentage,percent,2.5514554219212e-11,Bin,2.9,3.0
Nevada,Season peak percentage,percent,2.585029169945e-11,Bin,3.0,3.1
Nevada,Season peak percentage,percent,2.61266787179474e-11,Bin,3.1,3.2
Nevada,Season peak percentage,percent,2.63700224441381e-11,Bin,3.2,3.3
Nevada,Season peak percentage,percent,2.65983417510048e-11,Bin,3.3,3.4
Nevada,Season peak percentage,percent,2.68187189309611e-11,Bin,3.4,3.5
Nevada,Season peak percentage,percent,2.70261455332984e-11,Bin,3.5,3.6
Nevada,Season peak percentage,percent,0.999999999135084,Bin,3.6,3.7
Nevada,Season peak percentage,percent,2.73255549285833e-11,Bin,3.7,3.8
Nevada,Season peak percentage,percent,2.73581622123581e-11,Bin,3.8,3.9
Nevada,Season peak percentage,percent,2.72660835572857e-11,Bin,3.9,4.0
Nevada,Season peak percentage,percent,2.70154294013252e-11,Bin,4.0,4.1
Nevada,Season peak percentage,percent,2.65779770390271e-11,Bin,4.1,4.2
Nevada,Season peak percentage,percent,2.5934077184396e-11,Bin,4.2,4.3
Nevada,Season peak percentage,percent,2.5075107329018e-11,Bin,4.3,4.4
Nevada,Season peak percentage,percent,2.4004185602366e-11,Bin,4.4,4.5
Nevada,Season peak percentage,percent,2.27358003552937e-11,Bin,4.5,4.6
Nevada,Season peak percentage,percent,2.12949270827662e-11,Bin,4.6,4.7
Nevada,Season peak percentage,percent,1.97143898594899e-11,Bin,4.7,4.8
Nevada,Season peak percentage,percent,1.80326481429665e-11,Bin,4.8,4.9
Nevada,Season peak percentage,percent,1.62912706458224e-11,Bin,4.9,5.0
Nevada,Season peak percentage,percent,1.4532099940732e-11,Bin,5.0,5.1
Nevada,Season peak percentage,percent,1.27950013277576e-11,Bin,5.1,5.2
Nevada,Season peak percentage,percent,1.11161517302376e-11,Bin,5.2,5.3
Nevada,Season peak percentage,percent,9.52639738265034e-12,Bin,5.3,5.4
Nevada,Season peak percentage,percent,8.05021041691032e-12,Bin,5.4,5.5
Nevada,Season peak percentage,percent,6.70565424131915e-12,Bin,5.5,5.6
Nevada,Season peak percentage,percent,5.50400623241286e-12,Bin,5.6,5.7
Nevada,Season peak percentage,percent,4.44990992125034e-12,Bin,5.7,5.8
Nevada,Season peak percentage,percent,3.54234932344146e-12,Bin,5.8,5.9
Nevada,Season peak percentage,percent,2.77553798099041e-12,Bin,5.9,6.0
Nevada,Season peak percentage,percent,2.13977562687737e-12,Bin,6.0,6.1
Nevada,Season peak percentage,percent,1.62257188432501e-12,Bin,6.1,6.2
Nevada,Season peak percentage,percent,1.2097301552098e-12,Bin,6.2,6.3
Nevada,Season peak percentage,percent,8.86538223837861e-13,Bin,6.3,6.4
Nevada,Season peak percentage,percent,6.38461009055523e-13,Bin,6.4,6.5
Nevada,Season peak percentage,percent,4.51723246425538e-13,Bin,6.5,6.6
Nevada,Season peak percentage,percent,3.13860935084033e-13,Bin,6.6,6.7
Nevada,Season peak percentage,percent,2.14145528067474e-13,Bin,6.7,6.8
Nevada,Season peak percentage,percent,1.4345131049598e-13,Bin,6.8,6.9
Nevada,Season peak percentage,percent,9.62139581095595e-14,Bin,6.9,7.0
Nevada,Season peak percentage,percent,8.68056796710056e-14,Bin,7.0,7.1
Nevada,Season peak percentage,percent,8.68056796710056e-14,Bin,7.1,7.2
Nevada,Season peak percentage,percent,8.68056796710056e-14,Bin,7.2,7.3
Nevada,Season peak percentage,percent,8.68056796710056e-14,Bin,7.3,7.4
Nevada,Season peak percentage,percent,8.68056796710056e-14,Bin,7.4,7.5
Nevada,Season peak percentage,percent,8.68056796710056e-14,Bin,7.5,7.6
Nevada,Season peak percentage,percent,8.68056796710056e-14,Bin,7.6,7.7
Nevada,Season peak percentage,percent,8.68056796710056e-14,Bin,7.7,7.8
Nevada,Season peak percentage,percent,8.68056796710056e-14,Bin,7.8,7.9
Nevada,Season peak percentage,percent,8.68056796710056e-14,Bin,7.9,8.0
Nevada,Season peak percentage,percent,8.68056796710064e-14,Bin,8.0,8.1
Nevada,Season peak percentage,percent,8.68056796710071e-14,Bin,8.1,8.2
Nevada,Season peak percentage,percent,8.68056796710071e-14,Bin,8.2,8.3
Nevada,Season peak percentage,percent,8.68056796710071e-14,Bin,8.3,8.4
Nevada,Season peak percentage,percent,8.68056796710071e-14,Bin,8.4,8.5
Nevada,Season peak percentage,percent,8.68056796710071e-14,Bin,8.5,8.6
Nevada,Season peak percentage,percent,8.68056796710071e-14,Bin,8.6,8.7
Nevada,Season peak percentage,percent,8.68056796710071e-14,Bin,8.7,8.8
Nevada,Season peak percentage,percent,8.68056796710071e-14,Bin,8.8,8.9
Nevada,Season peak percentage,percent,8.68056796710071e-14,Bin,8.9,9.0
Nevada,Season peak percentage,percent,8.68056796710071e-14,Bin,9.0,9.1
Nevada,Season peak percentage,percent,8.68056796710071e-14,Bin,9.1,9.2
Nevada,Season peak percentage,percent,8.68056796710071e-14,Bin,9.2,9.3
Nevada,Season peak percentage,percent,8.68056796710071e-14,Bin,9.3,9.4
Nevada,Season peak percentage,percent,8.68056796710071e-14,Bin,9.4,9.5
Nevada,Season peak percentage,percent,8.68056796710071e-14,Bin,9.5,9.6
Nevada,Season peak percentage,percent,8.68056796710071e-14,Bin,9.6,9.7
Nevada,Season peak percentage,percent,8.68056796710071e-14,Bin,9.7,9.8
Nevada,Season peak percentage,percent,8.68056796710071e-14,Bin,9.8,9.9
Nevada,Season peak percentage,percent,8.68056796710071e-14,Bin,9.9,10.0
Nevada,Season peak percentage,percent,8.68056796710071e-14,Bin,10.0,10.1
Nevada,Season peak percentage,percent,8.68056796710071e-14,Bin,10.1,10.2
Nevada,Season peak percentage,percent,8.68056796710071e-14,Bin,10.2,10.3
Nevada,Season peak percentage,percent,8.68056796710071e-14,Bin,10.3,10.4
Nevada,Season peak percentage,percent,8.68056796710071e-14,Bin,10.4,10.5
Nevada,Season peak percentage,percent,8.68056796710071e-14,Bin,10.5,10.6
Nevada,Season peak percentage,percent,8.68056796710071e-14,Bin,10.6,10.7
Nevada,Season peak percentage,percent,8.68056796710071e-14,Bin,10.7,10.8
Nevada,Season peak percentage,percent,8.68056796710071e-14,Bin,10.8,10.9
Nevada,Season peak percentage,percent,8.68056796710071e-14,Bin,10.9,11.0
Nevada,Season peak percentage,percent,8.68056796710071e-14,Bin,11.0,11.1
Nevada,Season peak percentage,percent,8.68056796710071e-14,Bin,11.1,11.2
Nevada,Season peak percentage,percent,8.68056796710071e-14,Bin,11.2,11.3
Nevada,Season peak percentage,percent,8.68056796710071e-14,Bin,11.3,11.4
Nevada,Season peak percentage,percent,8.68056796710071e-14,Bin,11.4,11.5
Nevada,Season peak percentage,percent,8.68056796710071e-14,Bin,11.5,11.6
Nevada,Season peak percentage,percent,8.68056796710071e-14,Bin,11.6,11.7
Nevada,Season peak percentage,percent,8.68056796710071e-14,Bin,11.7,11.8
Nevada,Season peak percentage,percent,8.68056796710071e-14,Bin,11.8,11.9
Nevada,Season peak percentage,percent,8.68056796710071e-14,Bin,11.9,12.0
Nevada,Season peak percentage,percent,8.68056796710071e-14,Bin,12.0,12.1
Nevada,Season peak percentage,percent,8.68056796710071e-14,Bin,12.1,12.2
Nevada,Season peak percentage,percent,8.68056796710071e-14,Bin,12.2,12.3
Nevada,Season peak percentage,percent,8.68056796710071e-14,Bin,12.3,12.4
Nevada,Season peak percentage,percent,8.68056796710071e-14,Bin,12.4,12.5
Nevada,Season peak percentage,percent,8.68056796710071e-14,Bin,12.5,12.6
Nevada,Season peak percentage,percent,8.68056796710071e-14,Bin,12.6,12.7
Nevada,Season peak percentage,percent,8.68056796710071e-14,Bin,12.7,12.8
Nevada,Season peak percentage,percent,8.68056796710071e-14,Bin,12.8,12.9
Nevada,Season peak percentage,percent,8.68056796710071e-14,Bin,12.9,13.0
Nevada,Season peak percentage,percent,8.68056796710071e-14,Bin,13.0,100.0
Nevada,Season peak week,week,2.51625197186086e-05,Bin,40.0,41.0
Nevada,Season peak week,week,2.51625197186086e-05,Bin,41.0,42.0
Nevada,Season peak week,week,2.51625197186086e-05,Bin,42.0,43.0
Nevada,Season peak week,week,2.51625197186086e-05,Bin,43.0,44.0
Nevada,Season peak week,week,3.47520198660054e-05,Bin,44.0,45.0
Nevada,Season peak week,week,9.23374197132261e-05,Bin,45.0,46.0
Nevada,Season peak week,week,0.000221839141178075,Bin,46.0,47.0
Nevada,Season peak week,week,0.000469567017901088,Bin,47.0,48.0
Nevada,Season peak week,week,0.000877194335636891,Bin,48.0,49.0
Nevada,Season peak week,week,0.00145010723785611,Bin,49.0,50.0
Nevada,Season peak week,week,0.00213096194792877,Bin,50.0,51.0
Nevada,Season peak week,week,0.00280490100018584,Bin,51.0,52.0
Nevada,Season peak week,week,0.943403192687716,Bin,52.0,53.0
Nevada,Season peak week,week,0.00369572936622142,Bin,1.0,2.0
Nevada,Season peak week,week,0.00387211241794635,Bin,2.0,3.0
Nevada,Season peak week,week,0.00396492974027816,Bin,3.0,4.0
Nevada,Season peak week,week,0.0040564335501305,Bin,4.0,5.0
Nevada,Season peak week,week,0.00417264278160659,Bin,5.0,6.0
Nevada,Season peak week,week,0.0042798366251506,Bin,6.0,7.0
Nevada,Season peak week,week,0.00431438782878044,Bin,7.0,8.0
Nevada,Season peak week,week,0.0042138329794495,Bin,8.0,9.0
Nevada,Season peak week,week,0.00393551689616533,Bin,9.0,10.0
Nevada,Season peak week,week,0.00347003339602391,Bin,10.0,11.0
Nevada,Season peak week,week,0.00285248283560274,Bin,11.0,12.0
Nevada,Season peak week,week,0.00216117384691529,Bin,12.0,13.0
Nevada,Season peak week,week,0.00149461697826949,Bin,13.0,14.0
Nevada,Season peak week,week,0.000936284398478493,Bin,14.0,15.0
Nevada,Season peak week,week,0.000528111925199913,Bin,15.0,16.0
Nevada,Season peak week,week,0.00026696871989833,Bin,16.0,17.0
Nevada,Season peak week,week,0.00012050037021146,Bin,17.0,18.0
Nevada,Season peak week,week,4.84106285153563e-05,Bin,18.0,19.0
Nevada,Season peak week,week,1.77422990162841e-05,Bin,19.0,20.0
Nevada,Season peak week,week,1.27495292825736e-05,Bin,20.0,21.0
New Hampshire,1 wk ahead,percent,4.63843878413693e-09,Bin,0.0,0.1
New Hampshire,1 wk ahead,percent,0.00800001750508002,Bin,0.1,0.2
New Hampshire,1 wk ahead,percent,0.0440000104869134,Bin,0.2,0.3
New Hampshire,1 wk ahead,percent,0.0480000029188469,Bin,0.3,0.4
New Hampshire,1 wk ahead,percent,0.12599999676565,Bin,0.4,0.5
New Hampshire,1 wk ahead,percent,0.183999993540892,Bin,0.5,0.6
New Hampshire,1 wk ahead,percent,0.117999997172058,Bin,0.6,0.7
New Hampshire,1 wk ahead,percent,0.0959999945791891,Bin,0.7,0.8
New Hampshire,1 wk ahead,percent,0.12199999167817,Bin,0.8,0.9
New Hampshire,1 wk ahead,percent,0.0599999959349897,Bin,0.9,1.0
New Hampshire,1 wk ahead,percent,0.0699999952462747,Bin,1.0,1.1
New Hampshire,1 wk ahead,percent,0.0419999971746767,Bin,1.1,1.2
New Hampshire,1 wk ahead,percent,0.0179999988275927,Bin,1.2,1.3
New Hampshire,1 wk ahead,percent,0.0219999985521067,Bin,1.3,1.4
New Hampshire,1 wk ahead,percent,0.0199999986898497,Bin,1.4,1.5
New Hampshire,1 wk ahead,percent,0.00199999992953669,Bin,1.5,1.6
New Hampshire,1 wk ahead,percent,0.00399999979179369,Bin,1.6,1.7
New Hampshire,1 wk ahead,percent,6.7279692849738e-11,Bin,1.7,1.8
New Hampshire,1 wk ahead,percent,0.00599999965405069,Bin,1.8,1.9
New Hampshire,1 wk ahead,percent,6.7279692849738e-11,Bin,1.9,2.0
New Hampshire,1 wk ahead,percent,0.00399999979179369,Bin,2.0,2.1
New Hampshire,1 wk ahead,percent,6.72796928497377e-11,Bin,2.1,2.2
New Hampshire,1 wk ahead,percent,0.00199999992953669,Bin,2.2,2.3
New Hampshire,1 wk ahead,percent,6.72796928497377e-11,Bin,2.3,2.4
New Hampshire,1 wk ahead,percent,0.00399999979179369,Bin,2.4,2.5
New Hampshire,1 wk ahead,percent,6.72796928497377e-11,Bin,2.5,2.6
New Hampshire,1 wk ahead,percent,6.72796928497377e-11,Bin,2.6,2.7
New Hampshire,1 wk ahead,percent,6.72796928497377e-11,Bin,2.7,2.8
New Hampshire,1 wk ahead,percent,6.72796928497377e-11,Bin,2.8,2.9
New Hampshire,1 wk ahead,percent,6.72796928497377e-11,Bin,2.9,3.0
New Hampshire,1 wk ahead,percent,6.72796928497377e-11,Bin,3.0,3.1
New Hampshire,1 wk ahead,percent,6.72796928497377e-11,Bin,3.1,3.2
New Hampshire,1 wk ahead,percent,6.72796928497377e-11,Bin,3.2,3.3
New Hampshire,1 wk ahead,percent,6.72796928497377e-11,Bin,3.3,3.4
New Hampshire,1 wk ahead,percent,6.72796928497377e-11,Bin,3.4,3.5
New Hampshire,1 wk ahead,percent,6.72796928497377e-11,Bin,3.5,3.6
New Hampshire,1 wk ahead,percent,6.72796928497377e-11,Bin,3.6,3.7
New Hampshire,1 wk ahead,percent,6.72796928497377e-11,Bin,3.7,3.8
New Hampshire,1 wk ahead,percent,6.72796928497377e-11,Bin,3.8,3.9
New Hampshire,1 wk ahead,percent,6.72796928497377e-11,Bin,3.9,4.0
New Hampshire,1 wk ahead,percent,6.72796928497377e-11,Bin,4.0,4.1
New Hampshire,1 wk ahead,percent,6.72796928497377e-11,Bin,4.1,4.2
New Hampshire,1 wk ahead,percent,6.72796928497377e-11,Bin,4.2,4.3
New Hampshire,1 wk ahead,percent,6.72796928497377e-11,Bin,4.3,4.4
New Hampshire,1 wk ahead,percent,6.72796928497377e-11,Bin,4.4,4.5
New Hampshire,1 wk ahead,percent,6.72796928497377e-11,Bin,4.5,4.6
New Hampshire,1 wk ahead,percent,6.72796928497377e-11,Bin,4.6,4.7
New Hampshire,1 wk ahead,percent,6.72796928497377e-11,Bin,4.7,4.8
New Hampshire,1 wk ahead,percent,6.72796928497377e-11,Bin,4.8,4.9
New Hampshire,1 wk ahead,percent,6.72796928497377e-11,Bin,4.9,5.0
New Hampshire,1 wk ahead,percent,6.72796928497377e-11,Bin,5.0,5.1
New Hampshire,1 wk ahead,percent,6.72796928497377e-11,Bin,5.1,5.2
New Hampshire,1 wk ahead,percent,6.72796928497377e-11,Bin,5.2,5.3
New Hampshire,1 wk ahead,percent,6.72796928497377e-11,Bin,5.3,5.4
New Hampshire,1 wk ahead,percent,6.72796928497377e-11,Bin,5.4,5.5
New Hampshire,1 wk ahead,percent,6.72796928497377e-11,Bin,5.5,5.6
New Hampshire,1 wk ahead,percent,6.72796928497377e-11,Bin,5.6,5.7
New Hampshire,1 wk ahead,percent,6.72796928497377e-11,Bin,5.7,5.8
New Hampshire,1 wk ahead,percent,6.72796928497377e-11,Bin,5.8,5.9
New Hampshire,1 wk ahead,percent,6.72796928497377e-11,Bin,5.9,6.0
New Hampshire,1 wk ahead,percent,6.72796928497377e-11,Bin,6.0,6.1
New Hampshire,1 wk ahead,percent,6.72796928497377e-11,Bin,6.1,6.2
New Hampshire,1 wk ahead,percent,6.72796928497377e-11,Bin,6.2,6.3
New Hampshire,1 wk ahead,percent,6.72796928497377e-11,Bin,6.3,6.4
New Hampshire,1 wk ahead,percent,6.72796928497377e-11,Bin,6.4,6.5
New Hampshire,1 wk ahead,percent,6.72796928497377e-11,Bin,6.5,6.6
New Hampshire,1 wk ahead,percent,6.72796928497377e-11,Bin,6.6,6.7
New Hampshire,1 wk ahead,percent,6.72796928497377e-11,Bin,6.7,6.8
New Hampshire,1 wk ahead,percent,6.72796928497377e-11,Bin,6.8,6.9
New Hampshire,1 wk ahead,percent,6.72796928497377e-11,Bin,6.9,7.0
New Hampshire,1 wk ahead,percent,6.72796928497377e-11,Bin,7.0,7.1
New Hampshire,1 wk ahead,percent,6.72796928497377e-11,Bin,7.1,7.2
New Hampshire,1 wk ahead,percent,6.72796928497377e-11,Bin,7.2,7.3
New Hampshire,1 wk ahead,percent,6.72796928497377e-11,Bin,7.3,7.4
New Hampshire,1 wk ahead,percent,6.72796928497377e-11,Bin,7.4,7.5
New Hampshire,1 wk ahead,percent,6.72796928497377e-11,Bin,7.5,7.6
New Hampshire,1 wk ahead,percent,6.72796928497377e-11,Bin,7.6,7.7
New Hampshire,1 wk ahead,percent,6.72796928497377e-11,Bin,7.7,7.8
New Hampshire,1 wk ahead,percent,6.72796928497377e-11,Bin,7.8,7.9
New Hampshire,1 wk ahead,percent,6.72796928497377e-11,Bin,7.9,8.0
New Hampshire,1 wk ahead,percent,6.72796928497383e-11,Bin,8.0,8.1
New Hampshire,1 wk ahead,percent,6.72796928497389e-11,Bin,8.1,8.2
New Hampshire,1 wk ahead,percent,6.72796928497389e-11,Bin,8.2,8.3
New Hampshire,1 wk ahead,percent,6.72796928497389e-11,Bin,8.3,8.4
New Hampshire,1 wk ahead,percent,6.72796928497389e-11,Bin,8.4,8.5
New Hampshire,1 wk ahead,percent,6.72796928497389e-11,Bin,8.5,8.6
New Hampshire,1 wk ahead,percent,6.72796928497389e-11,Bin,8.6,8.7
New Hampshire,1 wk ahead,percent,6.72796928497389e-11,Bin,8.7,8.8
New Hampshire,1 wk ahead,percent,6.72796928497389e-11,Bin,8.8,8.9
New Hampshire,1 wk ahead,percent,6.72796928497389e-11,Bin,8.9,9.0
New Hampshire,1 wk ahead,percent,6.72796928497389e-11,Bin,9.0,9.1
New Hampshire,1 wk ahead,percent,6.72796928497389e-11,Bin,9.1,9.2
New Hampshire,1 wk ahead,percent,6.72796928497389e-11,Bin,9.2,9.3
New Hampshire,1 wk ahead,percent,6.72796928497389e-11,Bin,9.3,9.4
New Hampshire,1 wk ahead,percent,6.72796928497389e-11,Bin,9.4,9.5
New Hampshire,1 wk ahead,percent,6.72796928497389e-11,Bin,9.5,9.6
New Hampshire,1 wk ahead,percent,6.72796928497389e-11,Bin,9.6,9.7
New Hampshire,1 wk ahead,percent,6.72796928497389e-11,Bin,9.7,9.8
New Hampshire,1 wk ahead,percent,6.72796928497389e-11,Bin,9.8,9.9
New Hampshire,1 wk ahead,percent,6.72796928497389e-11,Bin,9.9,10.0
New Hampshire,1 wk ahead,percent,6.72796928497389e-11,Bin,10.0,10.1
New Hampshire,1 wk ahead,percent,6.72796928497389e-11,Bin,10.1,10.2
New Hampshire,1 wk ahead,percent,6.72796928497389e-11,Bin,10.2,10.3
New Hampshire,1 wk ahead,percent,6.72796928497389e-11,Bin,10.3,10.4
New Hampshire,1 wk ahead,percent,6.72796928497389e-11,Bin,10.4,10.5
New Hampshire,1 wk ahead,percent,6.72796928497389e-11,Bin,10.5,10.6
New Hampshire,1 wk ahead,percent,6.72796928497389e-11,Bin,10.6,10.7
New Hampshire,1 wk ahead,percent,6.72796928497389e-11,Bin,10.7,10.8
New Hampshire,1 wk ahead,percent,6.72796928497389e-11,Bin,10.8,10.9
New Hampshire,1 wk ahead,percent,6.72796928497389e-11,Bin,10.9,11.0
New Hampshire,1 wk ahead,percent,6.72796928497389e-11,Bin,11.0,11.1
New Hampshire,1 wk ahead,percent,6.72796928497389e-11,Bin,11.1,11.2
New Hampshire,1 wk ahead,percent,6.72796928497389e-11,Bin,11.2,11.3
New Hampshire,1 wk ahead,percent,6.72796928497389e-11,Bin,11.3,11.4
New Hampshire,1 wk ahead,percent,6.72796928497389e-11,Bin,11.4,11.5
New Hampshire,1 wk ahead,percent,6.72796928497389e-11,Bin,11.5,11.6
New Hampshire,1 wk ahead,percent,6.72796928497389e-11,Bin,11.6,11.7
New Hampshire,1 wk ahead,percent,6.72796928497389e-11,Bin,11.7,11.8
New Hampshire,1 wk ahead,percent,6.72796928497389e-11,Bin,11.8,11.9
New Hampshire,1 wk ahead,percent,6.72796928497389e-11,Bin,11.9,12.0
New Hampshire,1 wk ahead,percent,6.72796928497389e-11,Bin,12.0,12.1
New Hampshire,1 wk ahead,percent,6.72796928497389e-11,Bin,12.1,12.2
New Hampshire,1 wk ahead,percent,6.72796928497389e-11,Bin,12.2,12.3
New Hampshire,1 wk ahead,percent,6.72796928497389e-11,Bin,12.3,12.4
New Hampshire,1 wk ahead,percent,6.72796928497389e-11,Bin,12.4,12.5
New Hampshire,1 wk ahead,percent,6.72796928497389e-11,Bin,12.5,12.6
New Hampshire,1 wk ahead,percent,6.72796928497389e-11,Bin,12.6,12.7
New Hampshire,1 wk ahead,percent,6.72796928497389e-11,Bin,12.7,12.8
New Hampshire,1 wk ahead,percent,6.72796928497389e-11,Bin,12.8,12.9
New Hampshire,1 wk ahead,percent,6.72796928497389e-11,Bin,12.9,13.0
New Hampshire,1 wk ahead,percent,6.72796928497389e-11,Bin,13.0,100.0
New Hampshire,2 wk ahead,percent,5.56857596581271e-09,Bin,0.0,0.1
New Hampshire,2 wk ahead,percent,0.00600002101954704,Bin,0.1,0.2
New Hampshire,2 wk ahead,percent,0.0420000046629136,Bin,0.2,0.3
New Hampshire,2 wk ahead,percent,0.093999995737735,Bin,0.3,0.4
New Hampshire,2 wk ahead,percent,0.154000001235722,Bin,0.4,0.5
New Hampshire,2 wk ahead,percent,0.15599999441536,Bin,0.5,0.6
New Hampshire,2 wk ahead,percent,0.133999992766821,Bin,0.6,0.7
New Hampshire,2 wk ahead,percent,0.107999997437567,Bin,0.7,0.8
New Hampshire,2 wk ahead,percent,0.0779999952883002,Bin,0.8,0.9
New Hampshire,2 wk ahead,percent,0.0719999947549666,Bin,0.9,1.0
New Hampshire,2 wk ahead,percent,0.0339999975607632,Bin,1.0,1.1
New Hampshire,2 wk ahead,percent,0.0259999981514861,Bin,1.1,1.2
New Hampshire,2 wk ahead,percent,0.0239999982991668,Bin,1.2,1.3
New Hampshire,2 wk ahead,percent,0.0219999984468475,Bin,1.3,1.4
New Hampshire,2 wk ahead,percent,0.0139999990375704,Bin,1.4,1.5
New Hampshire,2 wk ahead,percent,0.00999999933293183,Bin,1.5,1.6
New Hampshire,2 wk ahead,percent,0.00599999962829327,Bin,1.6,1.7
New Hampshire,2 wk ahead,percent,0.00399999977597399,Bin,1.7,1.8
New Hampshire,2 wk ahead,percent,0.00399999977597399,Bin,1.8,1.9
New Hampshire,2 wk ahead,percent,0.00199999992365471,Bin,1.9,2.0
New Hampshire,2 wk ahead,percent,0.00399999977597399,Bin,2.0,2.1
New Hampshire,2 wk ahead,percent,7.13354269824612e-11,Bin,2.1,2.2
New Hampshire,2 wk ahead,percent,7.13354269824612e-11,Bin,2.2,2.3
New Hampshire,2 wk ahead,percent,7.13354269824612e-11,Bin,2.3,2.4
New Hampshire,2 wk ahead,percent,7.13354269824612e-11,Bin,2.4,2.5
New Hampshire,2 wk ahead,percent,0.00199999992365471,Bin,2.5,2.6
New Hampshire,2 wk ahead,percent,7.13354269824612e-11,Bin,2.6,2.7
New Hampshire,2 wk ahead,percent,7.13354269824612e-11,Bin,2.7,2.8
New Hampshire,2 wk ahead,percent,7.13354269824612e-11,Bin,2.8,2.9
New Hampshire,2 wk ahead,percent,0.00199999992365471,Bin,2.9,3.0
New Hampshire,2 wk ahead,percent,7.13354269824612e-11,Bin,3.0,3.1
New Hampshire,2 wk ahead,percent,7.13354269824612e-11,Bin,3.1,3.2
New Hampshire,2 wk ahead,percent,0.00199999992365471,Bin,3.2,3.3
New Hampshire,2 wk ahead,percent,7.13354269824612e-11,Bin,3.3,3.4
New Hampshire,2 wk ahead,percent,7.13354269824612e-11,Bin,3.4,3.5
New Hampshire,2 wk ahead,percent,7.13354269824612e-11,Bin,3.5,3.6
New Hampshire,2 wk ahead,percent,7.13354269824612e-11,Bin,3.6,3.7
New Hampshire,2 wk ahead,percent,7.13354269824612e-11,Bin,3.7,3.8
New Hampshire,2 wk ahead,percent,7.13354269824612e-11,Bin,3.8,3.9
New Hampshire,2 wk ahead,percent,7.13354269824612e-11,Bin,3.9,4.0
New Hampshire,2 wk ahead,percent,7.13354269824612e-11,Bin,4.0,4.1
New Hampshire,2 wk ahead,percent,7.13354269824612e-11,Bin,4.1,4.2
New Hampshire,2 wk ahead,percent,7.13354269824612e-11,Bin,4.2,4.3
New Hampshire,2 wk ahead,percent,7.13354269824612e-11,Bin,4.3,4.4
New Hampshire,2 wk ahead,percent,7.13354269824612e-11,Bin,4.4,4.5
New Hampshire,2 wk ahead,percent,7.13354269824612e-11,Bin,4.5,4.6
New Hampshire,2 wk ahead,percent,7.13354269824612e-11,Bin,4.6,4.7
New Hampshire,2 wk ahead,percent,7.13354269824612e-11,Bin,4.7,4.8
New Hampshire,2 wk ahead,percent,7.13354269824612e-11,Bin,4.8,4.9
New Hampshire,2 wk ahead,percent,7.13354269824612e-11,Bin,4.9,5.0
New Hampshire,2 wk ahead,percent,7.13354269824612e-11,Bin,5.0,5.1
New Hampshire,2 wk ahead,percent,7.13354269824612e-11,Bin,5.1,5.2
New Hampshire,2 wk ahead,percent,7.13354269824612e-11,Bin,5.2,5.3
New Hampshire,2 wk ahead,percent,7.13354269824612e-11,Bin,5.3,5.4
New Hampshire,2 wk ahead,percent,7.13354269824612e-11,Bin,5.4,5.5
New Hampshire,2 wk ahead,percent,7.13354269824612e-11,Bin,5.5,5.6
New Hampshire,2 wk ahead,percent,7.13354269824612e-11,Bin,5.6,5.7
New Hampshire,2 wk ahead,percent,7.13354269824612e-11,Bin,5.7,5.8
New Hampshire,2 wk ahead,percent,7.13354269824612e-11,Bin,5.8,5.9
New Hampshire,2 wk ahead,percent,7.13354269824612e-11,Bin,5.9,6.0
New Hampshire,2 wk ahead,percent,7.13354269824612e-11,Bin,6.0,6.1
New Hampshire,2 wk ahead,percent,7.13354269824612e-11,Bin,6.1,6.2
New Hampshire,2 wk ahead,percent,7.13354269824612e-11,Bin,6.2,6.3
New Hampshire,2 wk ahead,percent,7.13354269824612e-11,Bin,6.3,6.4
New Hampshire,2 wk ahead,percent,7.13354269824612e-11,Bin,6.4,6.5
New Hampshire,2 wk ahead,percent,7.13354269824612e-11,Bin,6.5,6.6
New Hampshire,2 wk ahead,percent,7.13354269824612e-11,Bin,6.6,6.7
New Hampshire,2 wk ahead,percent,7.13354269824612e-11,Bin,6.7,6.8
New Hampshire,2 wk ahead,percent,7.13354269824612e-11,Bin,6.8,6.9
New Hampshire,2 wk ahead,percent,7.13354269824612e-11,Bin,6.9,7.0
New Hampshire,2 wk ahead,percent,7.13354269824612e-11,Bin,7.0,7.1
New Hampshire,2 wk ahead,percent,7.13354269824612e-11,Bin,7.1,7.2
New Hampshire,2 wk ahead,percent,7.13354269824612e-11,Bin,7.2,7.3
New Hampshire,2 wk ahead,percent,7.13354269824612e-11,Bin,7.3,7.4
New Hampshire,2 wk ahead,percent,7.13354269824612e-11,Bin,7.4,7.5
New Hampshire,2 wk ahead,percent,7.13354269824612e-11,Bin,7.5,7.6
New Hampshire,2 wk ahead,percent,7.13354269824612e-11,Bin,7.6,7.7
New Hampshire,2 wk ahead,percent,7.13354269824612e-11,Bin,7.7,7.8
New Hampshire,2 wk ahead,percent,7.13354269824612e-11,Bin,7.8,7.9
New Hampshire,2 wk ahead,percent,7.13354269824612e-11,Bin,7.9,8.0
New Hampshire,2 wk ahead,percent,7.13354269824618e-11,Bin,8.0,8.1
New Hampshire,2 wk ahead,percent,7.13354269824624e-11,Bin,8.1,8.2
New Hampshire,2 wk ahead,percent,7.13354269824624e-11,Bin,8.2,8.3
New Hampshire,2 wk ahead,percent,7.13354269824624e-11,Bin,8.3,8.4
New Hampshire,2 wk ahead,percent,7.13354269824624e-11,Bin,8.4,8.5
New Hampshire,2 wk ahead,percent,7.13354269824624e-11,Bin,8.5,8.6
New Hampshire,2 wk ahead,percent,7.13354269824624e-11,Bin,8.6,8.7
New Hampshire,2 wk ahead,percent,7.13354269824624e-11,Bin,8.7,8.8
New Hampshire,2 wk ahead,percent,7.13354269824624e-11,Bin,8.8,8.9
New Hampshire,2 wk ahead,percent,7.13354269824624e-11,Bin,8.9,9.0
New Hampshire,2 wk ahead,percent,7.13354269824624e-11,Bin,9.0,9.1
New Hampshire,2 wk ahead,percent,7.13354269824624e-11,Bin,9.1,9.2
New Hampshire,2 wk ahead,percent,7.13354269824624e-11,Bin,9.2,9.3
New Hampshire,2 wk ahead,percent,7.13354269824624e-11,Bin,9.3,9.4
New Hampshire,2 wk ahead,percent,7.13354269824624e-11,Bin,9.4,9.5
New Hampshire,2 wk ahead,percent,7.13354269824624e-11,Bin,9.5,9.6
New Hampshire,2 wk ahead,percent,7.13354269824624e-11,Bin,9.6,9.7
New Hampshire,2 wk ahead,percent,7.13354269824624e-11,Bin,9.7,9.8
New Hampshire,2 wk ahead,percent,7.13354269824624e-11,Bin,9.8,9.9
New Hampshire,2 wk ahead,percent,7.13354269824624e-11,Bin,9.9,10.0
New Hampshire,2 wk ahead,percent,7.13354269824624e-11,Bin,10.0,10.1
New Hampshire,2 wk ahead,percent,7.13354269824624e-11,Bin,10.1,10.2
New Hampshire,2 wk ahead,percent,7.13354269824624e-11,Bin,10.2,10.3
New Hampshire,2 wk ahead,percent,7.13354269824624e-11,Bin,10.3,10.4
New Hampshire,2 wk ahead,percent,7.13354269824624e-11,Bin,10.4,10.5
New Hampshire,2 wk ahead,percent,7.13354269824624e-11,Bin,10.5,10.6
New Hampshire,2 wk ahead,percent,7.13354269824624e-11,Bin,10.6,10.7
New Hampshire,2 wk ahead,percent,7.13354269824624e-11,Bin,10.7,10.8
New Hampshire,2 wk ahead,percent,7.13354269824624e-11,Bin,10.8,10.9
New Hampshire,2 wk ahead,percent,7.13354269824624e-11,Bin,10.9,11.0
New Hampshire,2 wk ahead,percent,7.13354269824624e-11,Bin,11.0,11.1
New Hampshire,2 wk ahead,percent,7.13354269824624e-11,Bin,11.1,11.2
New Hampshire,2 wk ahead,percent,7.13354269824624e-11,Bin,11.2,11.3
New Hampshire,2 wk ahead,percent,7.13354269824624e-11,Bin,11.3,11.4
New Hampshire,2 wk ahead,percent,7.13354269824624e-11,Bin,11.4,11.5
New Hampshire,2 wk ahead,percent,7.13354269824624e-11,Bin,11.5,11.6
New Hampshire,2 wk ahead,percent,7.13354269824624e-11,Bin,11.6,11.7
New Hampshire,2 wk ahead,percent,7.13354269824624e-11,Bin,11.7,11.8
New Hampshire,2 wk ahead,percent,7.13354269824624e-11,Bin,11.8,11.9
New Hampshire,2 wk ahead,percent,7.13354269824624e-11,Bin,11.9,12.0
New Hampshire,2 wk ahead,percent,7.13354269824624e-11,Bin,12.0,12.1
New Hampshire,2 wk ahead,percent,7.13354269824624e-11,Bin,12.1,12.2
New Hampshire,2 wk ahead,percent,7.13354269824624e-11,Bin,12.2,12.3
New Hampshire,2 wk ahead,percent,7.13354269824624e-11,Bin,12.3,12.4
New Hampshire,2 wk ahead,percent,7.13354269824624e-11,Bin,12.4,12.5
New Hampshire,2 wk ahead,percent,7.13354269824624e-11,Bin,12.5,12.6
New Hampshire,2 wk ahead,percent,7.13354269824624e-11,Bin,12.6,12.7
New Hampshire,2 wk ahead,percent,7.13354269824624e-11,Bin,12.7,12.8
New Hampshire,2 wk ahead,percent,7.13354269824624e-11,Bin,12.8,12.9
New Hampshire,2 wk ahead,percent,7.13354269824624e-11,Bin,12.9,13.0
New Hampshire,2 wk ahead,percent,7.13354269824624e-11,Bin,13.0,100.0
New Hampshire,3 wk ahead,percent,3.48776060831073e-08,Bin,0.0,0.1
New Hampshire,3 wk ahead,percent,0.0220000655809553,Bin,0.1,0.2
New Hampshire,3 wk ahead,percent,0.0839999935209547,Bin,0.2,0.3
New Hampshire,3 wk ahead,percent,0.143999976858224,Bin,0.3,0.4
New Hampshire,3 wk ahead,percent,0.149999993446,Bin,0.4,0.5
New Hampshire,3 wk ahead,percent,0.139999992024588,Bin,0.5,0.6
New Hampshire,3 wk ahead,percent,0.119999976193041,Bin,0.6,0.7
New Hampshire,3 wk ahead,percent,0.0879999817991173,Bin,0.7,0.8
New Hampshire,3 wk ahead,percent,0.0519999893737192,Bin,0.8,0.9
New Hampshire,3 wk ahead,percent,0.0659999864280407,Bin,0.9,1.0
New Hampshire,3 wk ahead,percent,0.0299999940026425,Bin,1.0,1.1
New Hampshire,3 wk ahead,percent,0.0239999952650762,Bin,1.1,1.2
New Hampshire,3 wk ahead,percent,0.0179999965275098,Bin,1.2,1.3
New Hampshire,3 wk ahead,percent,0.0119999977899435,Bin,1.3,1.4
New Hampshire,3 wk ahead,percent,0.00599999905237714,Bin,1.4,1.5
New Hampshire,3 wk ahead,percent,0.0119999977899435,Bin,1.5,1.6
New Hampshire,3 wk ahead,percent,0.00799999863156593,Bin,1.6,1.7
New Hampshire,3 wk ahead,percent,0.00799999863156593,Bin,1.7,1.8
New Hampshire,3 wk ahead,percent,0.00199999989399957,Bin,1.8,1.9
New Hampshire,3 wk ahead,percent,0.00199999989399957,Bin,1.9,2.0
New Hampshire,3 wk ahead,percent,0.00399999947318836,Bin,2.0,2.1
New Hampshire,3 wk ahead,percent,0.00199999989399957,Bin,2.1,2.2
New Hampshire,3 wk ahead,percent,0.00399999947318836,Bin,2.2,2.3
New Hampshire,3 wk ahead,percent,3.14810790785386e-10,Bin,2.3,2.4
New Hampshire,3 wk ahead,percent,3.14810790785386e-10,Bin,2.4,2.5
New Hampshire,3 wk ahead,percent,0.00199999989399957,Bin,2.5,2.6
New Hampshire,3 wk ahead,percent,3.14810790785386e-10,Bin,2.6,2.7
New Hampshire,3 wk ahead,percent,3.14810790785386e-10,Bin,2.7,2.8
New Hampshire,3 wk ahead,percent,3.14810790785386e-10,Bin,2.8,2.9
New Hampshire,3 wk ahead,percent,3.14810790785386e-10,Bin,2.9,3.0
New Hampshire,3 wk ahead,percent,3.14810790785386e-10,Bin,3.0,3.1
New Hampshire,3 wk ahead,percent,3.14810790785386e-10,Bin,3.1,3.2
New Hampshire,3 wk ahead,percent,3.14810790785386e-10,Bin,3.2,3.3
New Hampshire,3 wk ahead,percent,3.14810790785386e-10,Bin,3.3,3.4
New Hampshire,3 wk ahead,percent,3.14810790785386e-10,Bin,3.4,3.5
New Hampshire,3 wk ahead,percent,3.14810790785386e-10,Bin,3.5,3.6
New Hampshire,3 wk ahead,percent,3.14810790785386e-10,Bin,3.6,3.7
New Hampshire,3 wk ahead,percent,3.14810790785386e-10,Bin,3.7,3.8
New Hampshire,3 wk ahead,percent,3.14810790785386e-10,Bin,3.8,3.9
New Hampshire,3 wk ahead,percent,3.14810790785386e-10,Bin,3.9,4.0
New Hampshire,3 wk ahead,percent,3.14810790785386e-10,Bin,4.0,4.1
New Hampshire,3 wk ahead,percent,3.14810790785386e-10,Bin,4.1,4.2
New Hampshire,3 wk ahead,percent,3.14810790785386e-10,Bin,4.2,4.3
New Hampshire,3 wk ahead,percent,3.14810790785386e-10,Bin,4.3,4.4
New Hampshire,3 wk ahead,percent,3.14810790785386e-10,Bin,4.4,4.5
New Hampshire,3 wk ahead,percent,3.14810790785386e-10,Bin,4.5,4.6
New Hampshire,3 wk ahead,percent,3.14810790785386e-10,Bin,4.6,4.7
New Hampshire,3 wk ahead,percent,3.14810790785386e-10,Bin,4.7,4.8
New Hampshire,3 wk ahead,percent,3.14810790785386e-10,Bin,4.8,4.9
New Hampshire,3 wk ahead,percent,3.14810790785386e-10,Bin,4.9,5.0
New Hampshire,3 wk ahead,percent,3.14810790785386e-10,Bin,5.0,5.1
New Hampshire,3 wk ahead,percent,3.14810790785386e-10,Bin,5.1,5.2
New Hampshire,3 wk ahead,percent,3.14810790785386e-10,Bin,5.2,5.3
New Hampshire,3 wk ahead,percent,3.14810790785386e-10,Bin,5.3,5.4
New Hampshire,3 wk ahead,percent,3.14810790785386e-10,Bin,5.4,5.5
New Hampshire,3 wk ahead,percent,3.14810790785386e-10,Bin,5.5,5.6
New Hampshire,3 wk ahead,percent,3.14810790785386e-10,Bin,5.6,5.7
New Hampshire,3 wk ahead,percent,3.14810790785386e-10,Bin,5.7,5.8
New Hampshire,3 wk ahead,percent,3.14810790785386e-10,Bin,5.8,5.9
New Hampshire,3 wk ahead,percent,3.14810790785386e-10,Bin,5.9,6.0
New Hampshire,3 wk ahead,percent,3.14810790785386e-10,Bin,6.0,6.1
New Hampshire,3 wk ahead,percent,3.14810790785386e-10,Bin,6.1,6.2
New Hampshire,3 wk ahead,percent,3.14810790785386e-10,Bin,6.2,6.3
New Hampshire,3 wk ahead,percent,3.14810790785386e-10,Bin,6.3,6.4
New Hampshire,3 wk ahead,percent,3.14810790785386e-10,Bin,6.4,6.5
New Hampshire,3 wk ahead,percent,3.14810790785386e-10,Bin,6.5,6.6
New Hampshire,3 wk ahead,percent,3.14810790785386e-10,Bin,6.6,6.7
New Hampshire,3 wk ahead,percent,3.14810790785386e-10,Bin,6.7,6.8
New Hampshire,3 wk ahead,percent,3.14810790785386e-10,Bin,6.8,6.9
New Hampshire,3 wk ahead,percent,3.14810790785386e-10,Bin,6.9,7.0
New Hampshire,3 wk ahead,percent,3.14810790785386e-10,Bin,7.0,7.1
New Hampshire,3 wk ahead,percent,3.14810790785386e-10,Bin,7.1,7.2
New Hampshire,3 wk ahead,percent,3.14810790785386e-10,Bin,7.2,7.3
New Hampshire,3 wk ahead,percent,3.14810790785386e-10,Bin,7.3,7.4
New Hampshire,3 wk ahead,percent,3.14810790785386e-10,Bin,7.4,7.5
New Hampshire,3 wk ahead,percent,3.14810790785386e-10,Bin,7.5,7.6
New Hampshire,3 wk ahead,percent,3.14810790785386e-10,Bin,7.6,7.7
New Hampshire,3 wk ahead,percent,3.14810790785386e-10,Bin,7.7,7.8
New Hampshire,3 wk ahead,percent,3.14810790785386e-10,Bin,7.8,7.9
New Hampshire,3 wk ahead,percent,3.14810790785386e-10,Bin,7.9,8.0
New Hampshire,3 wk ahead,percent,3.14810790785389e-10,Bin,8.0,8.1
New Hampshire,3 wk ahead,percent,3.14810790785392e-10,Bin,8.1,8.2
New Hampshire,3 wk ahead,percent,3.14810790785392e-10,Bin,8.2,8.3
New Hampshire,3 wk ahead,percent,3.14810790785392e-10,Bin,8.3,8.4
New Hampshire,3 wk ahead,percent,3.14810790785392e-10,Bin,8.4,8.5
New Hampshire,3 wk ahead,percent,3.14810790785392e-10,Bin,8.5,8.6
New Hampshire,3 wk ahead,percent,3.14810790785392e-10,Bin,8.6,8.7
New Hampshire,3 wk ahead,percent,3.14810790785392e-10,Bin,8.7,8.8
New Hampshire,3 wk ahead,percent,3.14810790785392e-10,Bin,8.8,8.9
New Hampshire,3 wk ahead,percent,3.14810790785392e-10,Bin,8.9,9.0
New Hampshire,3 wk ahead,percent,3.14810790785392e-10,Bin,9.0,9.1
New Hampshire,3 wk ahead,percent,3.14810790785392e-10,Bin,9.1,9.2
New Hampshire,3 wk ahead,percent,3.14810790785392e-10,Bin,9.2,9.3
New Hampshire,3 wk ahead,percent,3.14810790785392e-10,Bin,9.3,9.4
New Hampshire,3 wk ahead,percent,3.14810790785392e-10,Bin,9.4,9.5
New Hampshire,3 wk ahead,percent,3.14810790785392e-10,Bin,9.5,9.6
New Hampshire,3 wk ahead,percent,3.14810790785392e-10,Bin,9.6,9.7
New Hampshire,3 wk ahead,percent,3.14810790785392e-10,Bin,9.7,9.8
New Hampshire,3 wk ahead,percent,3.14810790785392e-10,Bin,9.8,9.9
New Hampshire,3 wk ahead,percent,3.14810790785392e-10,Bin,9.9,10.0
New Hampshire,3 wk ahead,percent,3.14810790785392e-10,Bin,10.0,10.1
New Hampshire,3 wk ahead,percent,3.14810790785392e-10,Bin,10.1,10.2
New Hampshire,3 wk ahead,percent,3.14810790785392e-10,Bin,10.2,10.3
New Hampshire,3 wk ahead,percent,3.14810790785392e-10,Bin,10.3,10.4
New Hampshire,3 wk ahead,percent,3.14810790785392e-10,Bin,10.4,10.5
New Hampshire,3 wk ahead,percent,3.14810790785392e-10,Bin,10.5,10.6
New Hampshire,3 wk ahead,percent,3.14810790785392e-10,Bin,10.6,10.7
New Hampshire,3 wk ahead,percent,3.14810790785392e-10,Bin,10.7,10.8
New Hampshire,3 wk ahead,percent,3.14810790785392e-10,Bin,10.8,10.9
New Hampshire,3 wk ahead,percent,3.14810790785392e-10,Bin,10.9,11.0
New Hampshire,3 wk ahead,percent,3.14810790785392e-10,Bin,11.0,11.1
New Hampshire,3 wk ahead,percent,3.14810790785392e-10,Bin,11.1,11.2
New Hampshire,3 wk ahead,percent,3.14810790785392e-10,Bin,11.2,11.3
New Hampshire,3 wk ahead,percent,3.14810790785392e-10,Bin,11.3,11.4
New Hampshire,3 wk ahead,percent,3.14810790785392e-10,Bin,11.4,11.5
New Hampshire,3 wk ahead,percent,3.14810790785392e-10,Bin,11.5,11.6
New Hampshire,3 wk ahead,percent,3.14810790785392e-10,Bin,11.6,11.7
New Hampshire,3 wk ahead,percent,3.14810790785392e-10,Bin,11.7,11.8
New Hampshire,3 wk ahead,percent,3.14810790785392e-10,Bin,11.8,11.9
New Hampshire,3 wk ahead,percent,3.14810790785392e-10,Bin,11.9,12.0
New Hampshire,3 wk ahead,percent,3.14810790785392e-10,Bin,12.0,12.1
New Hampshire,3 wk ahead,percent,3.14810790785392e-10,Bin,12.1,12.2
New Hampshire,3 wk ahead,percent,3.14810790785392e-10,Bin,12.2,12.3
New Hampshire,3 wk ahead,percent,3.14810790785392e-10,Bin,12.3,12.4
New Hampshire,3 wk ahead,percent,3.14810790785392e-10,Bin,12.4,12.5
New Hampshire,3 wk ahead,percent,3.14810790785392e-10,Bin,12.5,12.6
New Hampshire,3 wk ahead,percent,3.14810790785392e-10,Bin,12.6,12.7
New Hampshire,3 wk ahead,percent,3.14810790785392e-10,Bin,12.7,12.8
New Hampshire,3 wk ahead,percent,3.14810790785392e-10,Bin,12.8,12.9
New Hampshire,3 wk ahead,percent,3.14810790785392e-10,Bin,12.9,13.0
New Hampshire,3 wk ahead,percent,3.14810790785392e-10,Bin,13.0,100.0
New Hampshire,4 wk ahead,percent,4.38271378293761e-08,Bin,0.0,0.1
New Hampshire,4 wk ahead,percent,0.0600000553658032,Bin,0.1,0.2
New Hampshire,4 wk ahead,percent,0.127999994589409,Bin,0.2,0.3
New Hampshire,4 wk ahead,percent,0.159999994527887,Bin,0.3,0.4
New Hampshire,4 wk ahead,percent,0.143999987382163,Bin,0.4,0.5
New Hampshire,4 wk ahead,percent,0.13199997416822,Bin,0.5,0.6
New Hampshire,4 wk ahead,percent,0.107999977572296,Bin,0.6,0.7
New Hampshire,4 wk ahead,percent,0.0679999859648665,Bin,0.7,0.8
New Hampshire,4 wk ahead,percent,0.0779999838667239,Bin,0.8,0.9
New Hampshire,4 wk ahead,percent,0.0339999930985514,Bin,0.9,1.0
New Hampshire,4 wk ahead,percent,0.0159999968752081,Bin,1.0,1.1
New Hampshire,4 wk ahead,percent,0.0259999947770655,Bin,1.1,1.2
New Hampshire,4 wk ahead,percent,0.00999999813409371,Bin,1.2,1.3
New Hampshire,4 wk ahead,percent,0.00799999855372224,Bin,1.3,1.4
New Hampshire,4 wk ahead,percent,0.00599999897335076,Bin,1.4,1.5
New Hampshire,4 wk ahead,percent,0.00799999855372224,Bin,1.5,1.6
New Hampshire,4 wk ahead,percent,2.32236330295392e-10,Bin,1.6,1.7
New Hampshire,4 wk ahead,percent,0.00199999981260781,Bin,1.7,1.8
New Hampshire,4 wk ahead,percent,2.32236330295392e-10,Bin,1.8,1.9
New Hampshire,4 wk ahead,percent,0.00599999897335076,Bin,1.9,2.0
New Hampshire,4 wk ahead,percent,2.32236330295391e-10,Bin,2.0,2.1
New Hampshire,4 wk ahead,percent,0.00199999981260781,Bin,2.1,2.2
New Hampshire,4 wk ahead,percent,2.32236330295391e-10,Bin,2.2,2.3
New Hampshire,4 wk ahead,percent,0.00199999981260781,Bin,2.3,2.4
New Hampshire,4 wk ahead,percent,2.32236330295391e-10,Bin,2.4,2.5
New Hampshire,4 wk ahead,percent,2.32236330295391e-10,Bin,2.5,2.6
New Hampshire,4 wk ahead,percent,2.32236330295391e-10,Bin,2.6,2.7
New Hampshire,4 wk ahead,percent,2.32236330295391e-10,Bin,2.7,2.8
New Hampshire,4 wk ahead,percent,2.32236330295391e-10,Bin,2.8,2.9
New Hampshire,4 wk ahead,percent,2.32236330295391e-10,Bin,2.9,3.0
New Hampshire,4 wk ahead,percent,2.32236330295391e-10,Bin,3.0,3.1
New Hampshire,4 wk ahead,percent,2.32236330295391e-10,Bin,3.1,3.2
New Hampshire,4 wk ahead,percent,2.32236330295391e-10,Bin,3.2,3.3
New Hampshire,4 wk ahead,percent,2.32236330295391e-10,Bin,3.3,3.4
New Hampshire,4 wk ahead,percent,2.32236330295391e-10,Bin,3.4,3.5
New Hampshire,4 wk ahead,percent,2.32236330295391e-10,Bin,3.5,3.6
New Hampshire,4 wk ahead,percent,2.32236330295391e-10,Bin,3.6,3.7
New Hampshire,4 wk ahead,percent,2.32236330295391e-10,Bin,3.7,3.8
New Hampshire,4 wk ahead,percent,2.32236330295391e-10,Bin,3.8,3.9
New Hampshire,4 wk ahead,percent,2.32236330295391e-10,Bin,3.9,4.0
New Hampshire,4 wk ahead,percent,2.32236330295391e-10,Bin,4.0,4.1
New Hampshire,4 wk ahead,percent,2.32236330295391e-10,Bin,4.1,4.2
New Hampshire,4 wk ahead,percent,2.32236330295391e-10,Bin,4.2,4.3
New Hampshire,4 wk ahead,percent,0.00199999981260781,Bin,4.3,4.4
New Hampshire,4 wk ahead,percent,2.32236330295391e-10,Bin,4.4,4.5
New Hampshire,4 wk ahead,percent,2.32236330295391e-10,Bin,4.5,4.6
New Hampshire,4 wk ahead,percent,2.32236330295391e-10,Bin,4.6,4.7
New Hampshire,4 wk ahead,percent,2.32236330295391e-10,Bin,4.7,4.8
New Hampshire,4 wk ahead,percent,2.32236330295391e-10,Bin,4.8,4.9
New Hampshire,4 wk ahead,percent,2.32236330295391e-10,Bin,4.9,5.0
New Hampshire,4 wk ahead,percent,2.32236330295391e-10,Bin,5.0,5.1
New Hampshire,4 wk ahead,percent,2.32236330295391e-10,Bin,5.1,5.2
New Hampshire,4 wk ahead,percent,2.32236330295391e-10,Bin,5.2,5.3
New Hampshire,4 wk ahead,percent,2.32236330295391e-10,Bin,5.3,5.4
New Hampshire,4 wk ahead,percent,2.32236330295391e-10,Bin,5.4,5.5
New Hampshire,4 wk ahead,percent,2.32236330295391e-10,Bin,5.5,5.6
New Hampshire,4 wk ahead,percent,2.32236330295391e-10,Bin,5.6,5.7
New Hampshire,4 wk ahead,percent,2.32236330295391e-10,Bin,5.7,5.8
New Hampshire,4 wk ahead,percent,2.32236330295391e-10,Bin,5.8,5.9
New Hampshire,4 wk ahead,percent,2.32236330295391e-10,Bin,5.9,6.0
New Hampshire,4 wk ahead,percent,2.32236330295391e-10,Bin,6.0,6.1
New Hampshire,4 wk ahead,percent,2.32236330295391e-10,Bin,6.1,6.2
New Hampshire,4 wk ahead,percent,2.32236330295391e-10,Bin,6.2,6.3
New Hampshire,4 wk ahead,percent,2.32236330295391e-10,Bin,6.3,6.4
New Hampshire,4 wk ahead,percent,2.32236330295391e-10,Bin,6.4,6.5
New Hampshire,4 wk ahead,percent,2.32236330295391e-10,Bin,6.5,6.6
New Hampshire,4 wk ahead,percent,2.32236330295391e-10,Bin,6.6,6.7
New Hampshire,4 wk ahead,percent,2.32236330295391e-10,Bin,6.7,6.8
New Hampshire,4 wk ahead,percent,2.32236330295391e-10,Bin,6.8,6.9
New Hampshire,4 wk ahead,percent,2.32236330295391e-10,Bin,6.9,7.0
New Hampshire,4 wk ahead,percent,2.32236330295391e-10,Bin,7.0,7.1
New Hampshire,4 wk ahead,percent,2.32236330295391e-10,Bin,7.1,7.2
New Hampshire,4 wk ahead,percent,2.32236330295391e-10,Bin,7.2,7.3
New Hampshire,4 wk ahead,percent,2.32236330295391e-10,Bin,7.3,7.4
New Hampshire,4 wk ahead,percent,2.32236330295391e-10,Bin,7.4,7.5
New Hampshire,4 wk ahead,percent,2.32236330295391e-10,Bin,7.5,7.6
New Hampshire,4 wk ahead,percent,2.32236330295391e-10,Bin,7.6,7.7
New Hampshire,4 wk ahead,percent,2.32236330295391e-10,Bin,7.7,7.8
New Hampshire,4 wk ahead,percent,2.32236330295391e-10,Bin,7.8,7.9
New Hampshire,4 wk ahead,percent,2.32236330295391e-10,Bin,7.9,8.0
New Hampshire,4 wk ahead,percent,2.32236330295393e-10,Bin,8.0,8.1
New Hampshire,4 wk ahead,percent,2.32236330295395e-10,Bin,8.1,8.2
New Hampshire,4 wk ahead,percent,2.32236330295395e-10,Bin,8.2,8.3
New Hampshire,4 wk ahead,percent,2.32236330295395e-10,Bin,8.3,8.4
New Hampshire,4 wk ahead,percent,2.32236330295395e-10,Bin,8.4,8.5
New Hampshire,4 wk ahead,percent,2.32236330295395e-10,Bin,8.5,8.6
New Hampshire,4 wk ahead,percent,2.32236330295395e-10,Bin,8.6,8.7
New Hampshire,4 wk ahead,percent,2.32236330295395e-10,Bin,8.7,8.8
New Hampshire,4 wk ahead,percent,2.32236330295395e-10,Bin,8.8,8.9
New Hampshire,4 wk ahead,percent,2.32236330295395e-10,Bin,8.9,9.0
New Hampshire,4 wk ahead,percent,2.32236330295395e-10,Bin,9.0,9.1
New Hampshire,4 wk ahead,percent,2.32236330295395e-10,Bin,9.1,9.2
New Hampshire,4 wk ahead,percent,2.32236330295395e-10,Bin,9.2,9.3
New Hampshire,4 wk ahead,percent,2.32236330295395e-10,Bin,9.3,9.4
New Hampshire,4 wk ahead,percent,2.32236330295395e-10,Bin,9.4,9.5
New Hampshire,4 wk ahead,percent,2.32236330295395e-10,Bin,9.5,9.6
New Hampshire,4 wk ahead,percent,2.32236330295395e-10,Bin,9.6,9.7
New Hampshire,4 wk ahead,percent,2.32236330295395e-10,Bin,9.7,9.8
New Hampshire,4 wk ahead,percent,2.32236330295395e-10,Bin,9.8,9.9
New Hampshire,4 wk ahead,percent,2.32236330295395e-10,Bin,9.9,10.0
New Hampshire,4 wk ahead,percent,2.32236330295395e-10,Bin,10.0,10.1
New Hampshire,4 wk ahead,percent,2.32236330295395e-10,Bin,10.1,10.2
New Hampshire,4 wk ahead,percent,2.32236330295395e-10,Bin,10.2,10.3
New Hampshire,4 wk ahead,percent,2.32236330295395e-10,Bin,10.3,10.4
New Hampshire,4 wk ahead,percent,2.32236330295395e-10,Bin,10.4,10.5
New Hampshire,4 wk ahead,percent,2.32236330295395e-10,Bin,10.5,10.6
New Hampshire,4 wk ahead,percent,2.32236330295395e-10,Bin,10.6,10.7
New Hampshire,4 wk ahead,percent,2.32236330295395e-10,Bin,10.7,10.8
New Hampshire,4 wk ahead,percent,2.32236330295395e-10,Bin,10.8,10.9
New Hampshire,4 wk ahead,percent,2.32236330295395e-10,Bin,10.9,11.0
New Hampshire,4 wk ahead,percent,2.32236330295395e-10,Bin,11.0,11.1
New Hampshire,4 wk ahead,percent,2.32236330295395e-10,Bin,11.1,11.2
New Hampshire,4 wk ahead,percent,2.32236330295395e-10,Bin,11.2,11.3
New Hampshire,4 wk ahead,percent,2.32236330295395e-10,Bin,11.3,11.4
New Hampshire,4 wk ahead,percent,2.32236330295395e-10,Bin,11.4,11.5
New Hampshire,4 wk ahead,percent,2.32236330295395e-10,Bin,11.5,11.6
New Hampshire,4 wk ahead,percent,2.32236330295395e-10,Bin,11.6,11.7
New Hampshire,4 wk ahead,percent,2.32236330295395e-10,Bin,11.7,11.8
New Hampshire,4 wk ahead,percent,2.32236330295395e-10,Bin,11.8,11.9
New Hampshire,4 wk ahead,percent,2.32236330295395e-10,Bin,11.9,12.0
New Hampshire,4 wk ahead,percent,2.32236330295395e-10,Bin,12.0,12.1
New Hampshire,4 wk ahead,percent,2.32236330295395e-10,Bin,12.1,12.2
New Hampshire,4 wk ahead,percent,2.32236330295395e-10,Bin,12.2,12.3
New Hampshire,4 wk ahead,percent,2.32236330295395e-10,Bin,12.3,12.4
New Hampshire,4 wk ahead,percent,2.32236330295395e-10,Bin,12.4,12.5
New Hampshire,4 wk ahead,percent,2.32236330295395e-10,Bin,12.5,12.6
New Hampshire,4 wk ahead,percent,2.32236330295395e-10,Bin,12.6,12.7
New Hampshire,4 wk ahead,percent,2.32236330295395e-10,Bin,12.7,12.8
New Hampshire,4 wk ahead,percent,2.32236330295395e-10,Bin,12.8,12.9
New Hampshire,4 wk ahead,percent,2.32236330295395e-10,Bin,12.9,13.0
New Hampshire,4 wk ahead,percent,2.32236330295395e-10,Bin,13.0,100.0
New Hampshire,Season peak percentage,percent,5.39872262376995e-12,Bin,0.0,0.1
New Hampshire,Season peak percentage,percent,1.2865620243734e-11,Bin,0.1,0.2
New Hampshire,Season peak percentage,percent,1.58919050690265e-11,Bin,0.2,0.3
New Hampshire,Season peak percentage,percent,1.91947400536002e-11,Bin,0.3,0.4
New Hampshire,Season peak percentage,percent,2.27043752528395e-11,Bin,0.4,0.5
New Hampshire,Season peak percentage,percent,2.63317897255512e-11,Bin,0.5,0.6
New Hampshire,Season peak percentage,percent,2.99677672925385e-11,Bin,0.6,0.7
New Hampshire,Season peak percentage,percent,3.3484826000191e-11,Bin,0.7,0.8
New Hampshire,Season peak percentage,percent,3.67422616808971e-11,Bin,0.8,0.9
New Hampshire,Season peak percentage,percent,3.95960586639485e-11,Bin,0.9,1.0
New Hampshire,Season peak percentage,percent,4.19107984654038e-11,Bin,1.0,1.1
New Hampshire,Season peak percentage,percent,4.35736851397885e-11,Bin,1.1,1.2
New Hampshire,Season peak percentage,percent,4.45046636477565e-11,Bin,1.2,1.3
New Hampshire,Season peak percentage,percent,4.4661168429014e-11,Bin,1.3,1.4
New Hampshire,Season peak percentage,percent,4.40391047570158e-11,Bin,1.4,1.5
New Hampshire,Season peak percentage,percent,4.26695692586121e-11,Bin,1.5,1.6
New Hampshire,Season peak percentage,percent,4.06128226794134e-11,Bin,1.6,1.7
New Hampshire,Season peak percentage,percent,3.79581377765058e-11,Bin,1.7,1.8
New Hampshire,Season peak percentage,percent,3.48219899646023e-11,Bin,1.8,1.9
New Hampshire,Season peak percentage,percent,3.13493179155377e-11,Bin,1.9,2.0
New Hampshire,Season peak percentage,percent,2.77112131585632e-11,Bin,2.0,2.1
New Hampshire,Season peak percentage,percent,2.4096756648483e-11,Bin,2.1,2.2
New Hampshire,Season peak percentage,percent,2.06973835320058e-11,Bin,2.2,2.3
New Hampshire,Season peak percentage,percent,1.76856341209952e-11,Bin,2.3,2.4
New Hampshire,Season peak percentage,percent,1.51913591053583e-11,Bin,2.4,2.5
New Hampshire,Season peak percentage,percent,1.32815209685062e-11,Bin,2.5,2.6
New Hampshire,Season peak percentage,percent,1.19503343035717e-11,Bin,2.6,2.7
New Hampshire,Season peak percentage,percent,1.11208016873181e-11,Bin,2.7,2.8
New Hampshire,Season peak percentage,percent,1.06593420569112e-11,Bin,2.8,2.9
New Hampshire,Season peak percentage,percent,1.04018067187532e-11,Bin,2.9,3.0
New Hampshire,Season peak percentage,percent,1.01827632076808e-11,Bin,3.0,3.1
New Hampshire,Season peak percentage,percent,9.8639422670213e-12,Bin,3.1,3.2
New Hampshire,Season peak percentage,percent,9.35468155236056e-12,Bin,3.2,3.3
New Hampshire,Season peak percentage,percent,8.62129949014934e-12,Bin,3.3,3.4
New Hampshire,Season peak percentage,percent,7.68343713385481e-12,Bin,3.4,3.5
New Hampshire,Season peak percentage,percent,6.60166000809102e-12,Bin,3.5,3.6
New Hampshire,Season peak percentage,percent,5.45817052457887e-12,Bin,3.6,3.7
New Hampshire,Season peak percentage,percent,4.3375046326313e-12,Bin,3.7,3.8
New Hampshire,Season peak percentage,percent,3.31086544093459e-12,Bin,3.8,3.9
New Hampshire,Season peak percentage,percent,2.42637621828298e-12,Bin,3.9,4.0
New Hampshire,Season peak percentage,percent,1.70685341708865e-12,Bin,4.0,4.1
New Hampshire,Season peak percentage,percent,1.15235288665068e-12,Bin,4.1,4.2
New Hampshire,Season peak percentage,percent,7.4659671338529e-13,Bin,4.2,4.3
New Hampshire,Season peak percentage,percent,4.64168345938245e-13,Bin,4.3,4.4
New Hampshire,Season peak percentage,percent,2.76900828174645e-13,Bin,4.4,4.5
New Hampshire,Season peak percentage,percent,1.58517217985692e-13,Bin,4.5,4.6
New Hampshire,Season peak percentage,percent,1.03813338108981e-13,Bin,4.6,4.7
New Hampshire,Season peak percentage,percent,1.02322011905524e-13,Bin,4.7,4.8
New Hampshire,Season peak percentage,percent,1.02322011905524e-13,Bin,4.8,4.9
New Hampshire,Season peak percentage,percent,1.02322011905524e-13,Bin,4.9,5.0
New Hampshire,Season peak percentage,percent,1.02322011905524e-13,Bin,5.0,5.1
New Hampshire,Season peak percentage,percent,1.02322011905524e-13,Bin,5.1,5.2
New Hampshire,Season peak percentage,percent,1.02322011905524e-13,Bin,5.2,5.3
New Hampshire,Season peak percentage,percent,1.02322011905524e-13,Bin,5.3,5.4
New Hampshire,Season peak percentage,percent,1.02322011905524e-13,Bin,5.4,5.5
New Hampshire,Season peak percentage,percent,1.02322011905524e-13,Bin,5.5,5.6
New Hampshire,Season peak percentage,percent,1.02322011905524e-13,Bin,5.6,5.7
New Hampshire,Season peak percentage,percent,1.02322011905524e-13,Bin,5.7,5.8
New Hampshire,Season peak percentage,percent,1.02322011905524e-13,Bin,5.8,5.9
New Hampshire,Season peak percentage,percent,1.02322011905524e-13,Bin,5.9,6.0
New Hampshire,Season peak percentage,percent,1.02322011905524e-13,Bin,6.0,6.1
New Hampshire,Season peak percentage,percent,1.02322011905524e-13,Bin,6.1,6.2
New Hampshire,Season peak percentage,percent,1.02322011905524e-13,Bin,6.2,6.3
New Hampshire,Season peak percentage,percent,1.02322011905524e-13,Bin,6.3,6.4
New Hampshire,Season peak percentage,percent,1.02322011905524e-13,Bin,6.4,6.5
New Hampshire,Season peak percentage,percent,1.02322011905524e-13,Bin,6.5,6.6
New Hampshire,Season peak percentage,percent,1.02322011905524e-13,Bin,6.6,6.7
New Hampshire,Season peak percentage,percent,0.999999999107982,Bin,6.7,6.8
New Hampshire,Season peak percentage,percent,1.02322011905524e-13,Bin,6.8,6.9
New Hampshire,Season peak percentage,percent,1.02322011905524e-13,Bin,6.9,7.0
New Hampshire,Season peak percentage,percent,1.02322011905524e-13,Bin,7.0,7.1
New Hampshire,Season peak percentage,percent,1.02322011905524e-13,Bin,7.1,7.2
New Hampshire,Season peak percentage,percent,1.02322011905524e-13,Bin,7.2,7.3
New Hampshire,Season peak percentage,percent,1.02322011905524e-13,Bin,7.3,7.4
New Hampshire,Season peak percentage,percent,1.02322011905524e-13,Bin,7.4,7.5
New Hampshire,Season peak percentage,percent,1.02322011905524e-13,Bin,7.5,7.6
New Hampshire,Season peak percentage,percent,1.02322011905524e-13,Bin,7.6,7.7
New Hampshire,Season peak percentage,percent,1.02322011905524e-13,Bin,7.7,7.8
New Hampshire,Season peak percentage,percent,1.02322011905524e-13,Bin,7.8,7.9
New Hampshire,Season peak percentage,percent,1.02322011905524e-13,Bin,7.9,8.0
New Hampshire,Season peak percentage,percent,1.02322011905525e-13,Bin,8.0,8.1
New Hampshire,Season peak percentage,percent,1.02322011905526e-13,Bin,8.1,8.2
New Hampshire,Season peak percentage,percent,1.02322011905526e-13,Bin,8.2,8.3
New Hampshire,Season peak percentage,percent,1.02322011905526e-13,Bin,8.3,8.4
New Hampshire,Season peak percentage,percent,1.02322011905526e-13,Bin,8.4,8.5
New Hampshire,Season peak percentage,percent,1.02322011905526e-13,Bin,8.5,8.6
New Hampshire,Season peak percentage,percent,1.02322011905526e-13,Bin,8.6,8.7
New Hampshire,Season peak percentage,percent,1.02322011905526e-13,Bin,8.7,8.8
New Hampshire,Season peak percentage,percent,1.02322011905526e-13,Bin,8.8,8.9
New Hampshire,Season peak percentage,percent,1.02322011905526e-13,Bin,8.9,9.0
New Hampshire,Season peak percentage,percent,1.02322011905526e-13,Bin,9.0,9.1
New Hampshire,Season peak percentage,percent,1.02322011905526e-13,Bin,9.1,9.2
New Hampshire,Season peak percentage,percent,1.02322011905526e-13,Bin,9.2,9.3
New Hampshire,Season peak percentage,percent,1.02322011905526e-13,Bin,9.3,9.4
New Hampshire,Season peak percentage,percent,1.02322011905526e-13,Bin,9.4,9.5
New Hampshire,Season peak percentage,percent,1.02322011905526e-13,Bin,9.5,9.6
New Hampshire,Season peak percentage,percent,1.02322011905526e-13,Bin,9.6,9.7
New Hampshire,Season peak percentage,percent,1.02322011905526e-13,Bin,9.7,9.8
New Hampshire,Season peak percentage,percent,1.02322011905526e-13,Bin,9.8,9.9
New Hampshire,Season peak percentage,percent,1.02322011905526e-13,Bin,9.9,10.0
New Hampshire,Season peak percentage,percent,1.02322011905526e-13,Bin,10.0,10.1
New Hampshire,Season peak percentage,percent,1.02322011905526e-13,Bin,10.1,10.2
New Hampshire,Season peak percentage,percent,1.02322011905526e-13,Bin,10.2,10.3
New Hampshire,Season peak percentage,percent,1.02322011905526e-13,Bin,10.3,10.4
New Hampshire,Season peak percentage,percent,1.02322011905526e-13,Bin,10.4,10.5
New Hampshire,Season peak percentage,percent,1.02322011905526e-13,Bin,10.5,10.6
New Hampshire,Season peak percentage,percent,1.02322011905526e-13,Bin,10.6,10.7
New Hampshire,Season peak percentage,percent,1.02322011905526e-13,Bin,10.7,10.8
New Hampshire,Season peak percentage,percent,1.02322011905526e-13,Bin,10.8,10.9
New Hampshire,Season peak percentage,percent,1.02322011905526e-13,Bin,10.9,11.0
New Hampshire,Season peak percentage,percent,1.02322011905526e-13,Bin,11.0,11.1
New Hampshire,Season peak percentage,percent,1.02322011905526e-13,Bin,11.1,11.2
New Hampshire,Season peak percentage,percent,1.02322011905526e-13,Bin,11.2,11.3
New Hampshire,Season peak percentage,percent,1.02322011905526e-13,Bin,11.3,11.4
New Hampshire,Season peak percentage,percent,1.02322011905526e-13,Bin,11.4,11.5
New Hampshire,Season peak percentage,percent,1.02322011905526e-13,Bin,11.5,11.6
New Hampshire,Season peak percentage,percent,1.02322011905526e-13,Bin,11.6,11.7
New Hampshire,Season peak percentage,percent,1.02322011905526e-13,Bin,11.7,11.8
New Hampshire,Season peak percentage,percent,1.02322011905526e-13,Bin,11.8,11.9
New Hampshire,Season peak percentage,percent,1.02322011905526e-13,Bin,11.9,12.0
New Hampshire,Season peak percentage,percent,1.02322011905526e-13,Bin,12.0,12.1
New Hampshire,Season peak percentage,percent,1.02322011905526e-13,Bin,12.1,12.2
New Hampshire,Season peak percentage,percent,1.02322011905526e-13,Bin,12.2,12.3
New Hampshire,Season peak percentage,percent,1.02322011905526e-13,Bin,12.3,12.4
New Hampshire,Season peak percentage,percent,1.02322011905526e-13,Bin,12.4,12.5
New Hampshire,Season peak percentage,percent,1.02322011905526e-13,Bin,12.5,12.6
New Hampshire,Season peak percentage,percent,1.02322011905526e-13,Bin,12.6,12.7
New Hampshire,Season peak percentage,percent,1.02322011905526e-13,Bin,12.7,12.8
New Hampshire,Season peak percentage,percent,1.02322011905526e-13,Bin,12.8,12.9
New Hampshire,Season peak percentage,percent,1.02322011905526e-13,Bin,12.9,13.0
New Hampshire,Season peak percentage,percent,1.02322011905526e-13,Bin,13.0,100.0
New Hampshire,Season peak week,week,0.000660557543650471,Bin,40.0,41.0
New Hampshire,Season peak week,week,0.00081835926168707,Bin,41.0,42.0
New Hampshire,Season peak week,week,0.000980458764847255,Bin,42.0,43.0
New Hampshire,Season peak week,week,0.00114092694059369,Bin,43.0,44.0
New Hampshire,Season peak week,week,0.00129629066988307,Bin,44.0,45.0
New Hampshire,Season peak week,week,0.00144656135021946,Bin,45.0,46.0
New Hampshire,Season peak week,week,0.00159521687165199,Bin,46.0,47.0
New Hampshire,Season peak week,week,0.00174797324721931,Bin,47.0,48.0
New Hampshire,Season peak week,week,0.00191058023189657,Bin,48.0,49.0
New Hampshire,Season peak week,week,0.00208620290239525,Bin,49.0,50.0
New Hampshire,Season peak week,week,0.00227317908292355,Bin,50.0,51.0
New Hampshire,Season peak week,week,0.00246392473076037,Bin,51.0,52.0
New Hampshire,Season peak week,week,0.0026454112023634,Bin,52.0,53.0
New Hampshire,Season peak week,week,0.00280132518962933,Bin,1.0,2.0
New Hampshire,Season peak week,week,0.00291540873377742,Bin,2.0,3.0
New Hampshire,Season peak week,week,0.00297509027081137,Bin,3.0,4.0
New Hampshire,Season peak week,week,0.00297445658426395,Bin,4.0,5.0
New Hampshire,Season peak week,week,0.00291561151750025,Bin,5.0,6.0
New Hampshire,Season peak week,week,0.942862727073869,Bin,6.0,7.0
New Hampshire,Season peak week,week,0.00266560334402355,Bin,7.0,8.0
New Hampshire,Season peak week,week,0.00250379177872958,Bin,8.0,9.0
New Hampshire,Season peak week,week,0.00233510746717522,Bin,9.0,10.0
New Hampshire,Season peak week,week,0.00216697363588041,Bin,10.0,11.0
New Hampshire,Season peak week,week,0.00200094288273432,Bin,11.0,12.0
New Hampshire,Season peak week,week,0.00183393696624905,Bin,12.0,13.0
New Hampshire,Season peak week,week,0.00166089458204554,Bin,13.0,14.0
New Hampshire,Season peak week,week,0.0014778082772066,Bin,14.0,15.0
New Hampshire,Season peak week,week,0.00128409346987363,Bin,15.0,16.0
New Hampshire,Season peak week,week,0.00108353410477414,Bin,16.0,17.0
New Hampshire,Season peak week,week,0.000883619427114202,Bin,17.0,18.0
New Hampshire,Season peak week,week,0.000693696364984655,Bin,18.0,19.0
New Hampshire,Season peak week,week,0.000522666579623281,Bin,19.0,20.0
New Hampshire,Season peak week,week,0.00037706894964217,Bin,20.0,21.0
New Jersey,1 wk ahead,percent,1.69868464493909e-11,Bin,0.0,0.1
New Jersey,1 wk ahead,percent,3.39736928987818e-11,Bin,0.1,0.2
New Jersey,1 wk ahead,percent,0.00799999948300169,Bin,0.2,0.3
New Jersey,1 wk ahead,percent,3.39736928987818e-11,Bin,0.3,0.4
New Jersey,1 wk ahead,percent,3.39736928987818e-11,Bin,0.4,0.5
New Jersey,1 wk ahead,percent,3.39736928987818e-11,Bin,0.5,0.6
New Jersey,1 wk ahead,percent,0.00399999975848769,Bin,0.6,0.7
New Jersey,1 wk ahead,percent,9.17715718432774e-11,Bin,0.7,0.8
New Jersey,1 wk ahead,percent,0.00400000027981904,Bin,0.8,0.9
New Jersey,1 wk ahead,percent,0.00400000147988754,Bin,0.9,1.0
New Jersey,1 wk ahead,percent,0.00800000232528711,Bin,1.0,1.1
New Jersey,1 wk ahead,percent,0.0180000012082051,Bin,1.1,1.2
New Jersey,1 wk ahead,percent,0.0160000000130228,Bin,1.2,1.3
New Jersey,1 wk ahead,percent,0.00800000004004345,Bin,1.3,1.4
New Jersey,1 wk ahead,percent,0.0120000009170167,Bin,1.4,1.5
New Jersey,1 wk ahead,percent,0.0240000028136687,Bin,1.5,1.6
New Jersey,1 wk ahead,percent,0.0440000033318714,Bin,1.6,1.7
New Jersey,1 wk ahead,percent,0.0720000011007685,Bin,1.7,1.8
New Jersey,1 wk ahead,percent,0.0700000016285176,Bin,1.8,1.9
New Jersey,1 wk ahead,percent,0.0960000020792745,Bin,1.9,2.0
New Jersey,1 wk ahead,percent,0.120000001255546,Bin,2.0,2.1
New Jersey,1 wk ahead,percent,0.0880000005282875,Bin,2.1,2.2
New Jersey,1 wk ahead,percent,0.0839999968217338,Bin,2.2,2.3
New Jersey,1 wk ahead,percent,0.075999995328585,Bin,2.3,2.4
New Jersey,1 wk ahead,percent,0.0139999991154145,Bin,2.4,2.5
New Jersey,1 wk ahead,percent,0.0459999968893389,Bin,2.5,2.6
New Jersey,1 wk ahead,percent,0.0379999974403109,Bin,2.6,2.7
New Jersey,1 wk ahead,percent,0.0419999971648249,Bin,2.7,2.8
New Jersey,1 wk ahead,percent,0.0419999971648249,Bin,2.8,2.9
New Jersey,1 wk ahead,percent,0.0159999989554839,Bin,2.9,3.0
New Jersey,1 wk ahead,percent,0.00999999936871286,Bin,3.0,3.1
New Jersey,1 wk ahead,percent,0.00199999991968486,Bin,3.1,3.2
New Jersey,1 wk ahead,percent,5.74278593093351e-11,Bin,3.2,3.3
New Jersey,1 wk ahead,percent,0.00399999978194186,Bin,3.3,3.4
New Jersey,1 wk ahead,percent,0.00799999950645586,Bin,3.4,3.5
New Jersey,1 wk ahead,percent,0.00199999991968486,Bin,3.5,3.6
New Jersey,1 wk ahead,percent,5.74278593093351e-11,Bin,3.6,3.7
New Jersey,1 wk ahead,percent,0.00399999978194186,Bin,3.7,3.8
New Jersey,1 wk ahead,percent,5.74278593093351e-11,Bin,3.8,3.9
New Jersey,1 wk ahead,percent,5.74278593093351e-11,Bin,3.9,4.0
New Jersey,1 wk ahead,percent,5.74278593093351e-11,Bin,4.0,4.1
New Jersey,1 wk ahead,percent,5.74278593093351e-11,Bin,4.1,4.2
New Jersey,1 wk ahead,percent,5.74278593093351e-11,Bin,4.2,4.3
New Jersey,1 wk ahead,percent,0.00199999991968486,Bin,4.3,4.4
New Jersey,1 wk ahead,percent,5.74278593093351e-11,Bin,4.4,4.5
New Jersey,1 wk ahead,percent,0.00399999978194186,Bin,4.5,4.6
New Jersey,1 wk ahead,percent,5.74278593093351e-11,Bin,4.6,4.7
New Jersey,1 wk ahead,percent,0.00399999978194186,Bin,4.7,4.8
New Jersey,1 wk ahead,percent,0.00399999978194186,Bin,4.8,4.9
New Jersey,1 wk ahead,percent,5.74278593093351e-11,Bin,4.9,5.0
New Jersey,1 wk ahead,percent,5.74278593093351e-11,Bin,5.0,5.1
New Jersey,1 wk ahead,percent,5.74278593093351e-11,Bin,5.1,5.2
New Jersey,1 wk ahead,percent,5.74278593093351e-11,Bin,5.2,5.3
New Jersey,1 wk ahead,percent,5.74278593093351e-11,Bin,5.3,5.4
New Jersey,1 wk ahead,percent,5.74278593093351e-11,Bin,5.4,5.5
New Jersey,1 wk ahead,percent,5.74278593093351e-11,Bin,5.5,5.6
New Jersey,1 wk ahead,percent,5.74278593093351e-11,Bin,5.6,5.7
New Jersey,1 wk ahead,percent,5.74278593093351e-11,Bin,5.7,5.8
New Jersey,1 wk ahead,percent,5.74278593093351e-11,Bin,5.8,5.9
New Jersey,1 wk ahead,percent,5.74278593093351e-11,Bin,5.9,6.0
New Jersey,1 wk ahead,percent,5.74278593093351e-11,Bin,6.0,6.1
New Jersey,1 wk ahead,percent,5.74278593093351e-11,Bin,6.1,6.2
New Jersey,1 wk ahead,percent,5.74278593093351e-11,Bin,6.2,6.3
New Jersey,1 wk ahead,percent,5.74278593093351e-11,Bin,6.3,6.4
New Jersey,1 wk ahead,percent,5.74278593093351e-11,Bin,6.4,6.5
New Jersey,1 wk ahead,percent,5.74278593093351e-11,Bin,6.5,6.6
New Jersey,1 wk ahead,percent,5.74278593093351e-11,Bin,6.6,6.7
New Jersey,1 wk ahead,percent,5.74278593093351e-11,Bin,6.7,6.8
New Jersey,1 wk ahead,percent,5.74278593093351e-11,Bin,6.8,6.9
New Jersey,1 wk ahead,percent,5.74278593093351e-11,Bin,6.9,7.0
New Jersey,1 wk ahead,percent,5.74278593093351e-11,Bin,7.0,7.1
New Jersey,1 wk ahead,percent,5.74278593093351e-11,Bin,7.1,7.2
New Jersey,1 wk ahead,percent,5.74278593093351e-11,Bin,7.2,7.3
New Jersey,1 wk ahead,percent,5.74278593093351e-11,Bin,7.3,7.4
New Jersey,1 wk ahead,percent,5.74278593093351e-11,Bin,7.4,7.5
New Jersey,1 wk ahead,percent,5.74278593093351e-11,Bin,7.5,7.6
New Jersey,1 wk ahead,percent,5.74278593093351e-11,Bin,7.6,7.7
New Jersey,1 wk ahead,percent,5.74278593093351e-11,Bin,7.7,7.8
New Jersey,1 wk ahead,percent,5.74278593093351e-11,Bin,7.8,7.9
New Jersey,1 wk ahead,percent,5.74278593093351e-11,Bin,7.9,8.0
New Jersey,1 wk ahead,percent,5.74278593093356e-11,Bin,8.0,8.1
New Jersey,1 wk ahead,percent,5.74278593093362e-11,Bin,8.1,8.2
New Jersey,1 wk ahead,percent,5.74278593093362e-11,Bin,8.2,8.3
New Jersey,1 wk ahead,percent,5.74278593093362e-11,Bin,8.3,8.4
New Jersey,1 wk ahead,percent,5.74278593093362e-11,Bin,8.4,8.5
New Jersey,1 wk ahead,percent,5.74278593093362e-11,Bin,8.5,8.6
New Jersey,1 wk ahead,percent,5.74278593093362e-11,Bin,8.6,8.7
New Jersey,1 wk ahead,percent,5.74278593093362e-11,Bin,8.7,8.8
New Jersey,1 wk ahead,percent,5.74278593093362e-11,Bin,8.8,8.9
New Jersey,1 wk ahead,percent,5.74278593093362e-11,Bin,8.9,9.0
New Jersey,1 wk ahead,percent,5.74278593093362e-11,Bin,9.0,9.1
New Jersey,1 wk ahead,percent,5.74278593093362e-11,Bin,9.1,9.2
New Jersey,1 wk ahead,percent,5.74278593093362e-11,Bin,9.2,9.3
New Jersey,1 wk ahead,percent,5.74278593093362e-11,Bin,9.3,9.4
New Jersey,1 wk ahead,percent,5.74278593093362e-11,Bin,9.4,9.5
New Jersey,1 wk ahead,percent,5.74278593093362e-11,Bin,9.5,9.6
New Jersey,1 wk ahead,percent,5.74278593093362e-11,Bin,9.6,9.7
New Jersey,1 wk ahead,percent,5.74278593093362e-11,Bin,9.7,9.8
New Jersey,1 wk ahead,percent,5.74278593093362e-11,Bin,9.8,9.9
New Jersey,1 wk ahead,percent,5.74278593093362e-11,Bin,9.9,10.0
New Jersey,1 wk ahead,percent,5.74278593093362e-11,Bin,10.0,10.1
New Jersey,1 wk ahead,percent,5.74278593093362e-11,Bin,10.1,10.2
New Jersey,1 wk ahead,percent,5.74278593093362e-11,Bin,10.2,10.3
New Jersey,1 wk ahead,percent,5.74278593093362e-11,Bin,10.3,10.4
New Jersey,1 wk ahead,percent,5.74278593093362e-11,Bin,10.4,10.5
New Jersey,1 wk ahead,percent,5.74278593093362e-11,Bin,10.5,10.6
New Jersey,1 wk ahead,percent,5.74278593093362e-11,Bin,10.6,10.7
New Jersey,1 wk ahead,percent,5.74278593093362e-11,Bin,10.7,10.8
New Jersey,1 wk ahead,percent,5.74278593093362e-11,Bin,10.8,10.9
New Jersey,1 wk ahead,percent,0.00199999991968486,Bin,10.9,11.0
New Jersey,1 wk ahead,percent,5.74278593093362e-11,Bin,11.0,11.1
New Jersey,1 wk ahead,percent,5.74278593093362e-11,Bin,11.1,11.2
New Jersey,1 wk ahead,percent,5.74278593093362e-11,Bin,11.2,11.3
New Jersey,1 wk ahead,percent,5.74278593093362e-11,Bin,11.3,11.4
New Jersey,1 wk ahead,percent,5.74278593093362e-11,Bin,11.4,11.5
New Jersey,1 wk ahead,percent,5.74278593093362e-11,Bin,11.5,11.6
New Jersey,1 wk ahead,percent,5.74278593093362e-11,Bin,11.6,11.7
New Jersey,1 wk ahead,percent,5.74278593093362e-11,Bin,11.7,11.8
New Jersey,1 wk ahead,percent,5.74278593093362e-11,Bin,11.8,11.9
New Jersey,1 wk ahead,percent,5.74278593093362e-11,Bin,11.9,12.0
New Jersey,1 wk ahead,percent,5.74278593093362e-11,Bin,12.0,12.1
New Jersey,1 wk ahead,percent,5.74278593093362e-11,Bin,12.1,12.2
New Jersey,1 wk ahead,percent,5.74278593093362e-11,Bin,12.2,12.3
New Jersey,1 wk ahead,percent,5.74278593093362e-11,Bin,12.3,12.4
New Jersey,1 wk ahead,percent,5.74278593093362e-11,Bin,12.4,12.5
New Jersey,1 wk ahead,percent,5.74278593093362e-11,Bin,12.5,12.6
New Jersey,1 wk ahead,percent,5.74278593093362e-11,Bin,12.6,12.7
New Jersey,1 wk ahead,percent,5.74278593093362e-11,Bin,12.7,12.8
New Jersey,1 wk ahead,percent,5.74278593093362e-11,Bin,12.8,12.9
New Jersey,1 wk ahead,percent,5.74278593093362e-11,Bin,12.9,13.0
New Jersey,1 wk ahead,percent,5.74278593093362e-11,Bin,13.0,100.0
New Jersey,2 wk ahead,percent,3.3799662553591e-11,Bin,0.0,0.1
New Jersey,2 wk ahead,percent,2.37495072809223e-10,Bin,0.1,0.2
New Jersey,2 wk ahead,percent,0.00200000064351394,Bin,0.2,0.3
New Jersey,2 wk ahead,percent,1.7403924357565e-09,Bin,0.3,0.4
New Jersey,2 wk ahead,percent,2.52914334347236e-09,Bin,0.4,0.5
New Jersey,2 wk ahead,percent,0.00600000198572735,Bin,0.5,0.6
New Jersey,2 wk ahead,percent,0.00400000124585393,Bin,0.6,0.7
New Jersey,2 wk ahead,percent,0.00999999990767591,Bin,0.7,0.8
New Jersey,2 wk ahead,percent,0.00599999973608676,Bin,0.8,0.9
New Jersey,2 wk ahead,percent,0.0199999985601143,Bin,0.9,1.0
New Jersey,2 wk ahead,percent,0.015999998859686,Bin,1.0,1.1
New Jersey,2 wk ahead,percent,0.00799999962900859,Bin,1.1,1.2
New Jersey,2 wk ahead,percent,0.0199999994118816,Bin,1.2,1.3
New Jersey,2 wk ahead,percent,0.0379999996984621,Bin,1.3,1.4
New Jersey,2 wk ahead,percent,0.0440000017129118,Bin,1.4,1.5
New Jersey,2 wk ahead,percent,0.0640000022152422,Bin,1.5,1.6
New Jersey,2 wk ahead,percent,0.0720000015201425,Bin,1.6,1.7
New Jersey,2 wk ahead,percent,0.0859999983905101,Bin,1.7,1.8
New Jersey,2 wk ahead,percent,0.0819999964644929,Bin,1.8,1.9
New Jersey,2 wk ahead,percent,0.0819999957630123,Bin,1.9,2.0
New Jersey,2 wk ahead,percent,0.0779999971307238,Bin,2.0,2.1
New Jersey,2 wk ahead,percent,0.0520000009635364,Bin,2.1,2.2
New Jersey,2 wk ahead,percent,0.0660000012612078,Bin,2.2,2.3
New Jersey,2 wk ahead,percent,0.03800000321787,Bin,2.3,2.4
New Jersey,2 wk ahead,percent,0.0360000019763552,Bin,2.4,2.5
New Jersey,2 wk ahead,percent,0.0360000000868411,Bin,2.5,2.6
New Jersey,2 wk ahead,percent,0.0359999985385386,Bin,2.6,2.7
New Jersey,2 wk ahead,percent,0.0299999981522154,Bin,2.7,2.8
New Jersey,2 wk ahead,percent,0.0159999988959563,Bin,2.8,2.9
New Jersey,2 wk ahead,percent,0.0119999991465755,Bin,2.9,3.0
New Jersey,2 wk ahead,percent,0.00399999973729837,Bin,3.0,3.1
New Jersey,2 wk ahead,percent,0.00599999958961765,Bin,3.1,3.2
New Jersey,2 wk ahead,percent,0.00599999958961765,Bin,3.2,3.3
New Jersey,2 wk ahead,percent,0.00399999973729837,Bin,3.3,3.4
New Jersey,2 wk ahead,percent,3.26598149079741e-11,Bin,3.4,3.5
New Jersey,2 wk ahead,percent,0.00199999988497909,Bin,3.5,3.6
New Jersey,2 wk ahead,percent,3.26598149079741e-11,Bin,3.6,3.7
New Jersey,2 wk ahead,percent,0.00199999988497909,Bin,3.7,3.8
New Jersey,2 wk ahead,percent,3.26598149079741e-11,Bin,3.8,3.9
New Jersey,2 wk ahead,percent,0.00199999988497909,Bin,3.9,4.0
New Jersey,2 wk ahead,percent,3.26598149079741e-11,Bin,4.0,4.1
New Jersey,2 wk ahead,percent,0.00199999988497909,Bin,4.1,4.2
New Jersey,2 wk ahead,percent,3.26598149079741e-11,Bin,4.2,4.3
New Jersey,2 wk ahead,percent,3.26598149079741e-11,Bin,4.3,4.4
New Jersey,2 wk ahead,percent,3.26598149079741e-11,Bin,4.4,4.5
New Jersey,2 wk ahead,percent,0.00199999988497909,Bin,4.5,4.6
New Jersey,2 wk ahead,percent,3.26598149079741e-11,Bin,4.6,4.7
New Jersey,2 wk ahead,percent,3.26598149079741e-11,Bin,4.7,4.8
New Jersey,2 wk ahead,percent,3.26598149079741e-11,Bin,4.8,4.9
New Jersey,2 wk ahead,percent,0.00199999988497909,Bin,4.9,5.0
New Jersey,2 wk ahead,percent,3.26598149079741e-11,Bin,5.0,5.1
New Jersey,2 wk ahead,percent,3.26598149079741e-11,Bin,5.1,5.2
New Jersey,2 wk ahead,percent,3.26598149079741e-11,Bin,5.2,5.3
New Jersey,2 wk ahead,percent,3.26598149079741e-11,Bin,5.3,5.4
New Jersey,2 wk ahead,percent,3.26598149079741e-11,Bin,5.4,5.5
New Jersey,2 wk ahead,percent,3.26598149079741e-11,Bin,5.5,5.6
New Jersey,2 wk ahead,percent,3.26598149079741e-11,Bin,5.6,5.7
New Jersey,2 wk ahead,percent,3.26598149079741e-11,Bin,5.7,5.8
New Jersey,2 wk ahead,percent,0.00199999988497909,Bin,5.8,5.9
New Jersey,2 wk ahead,percent,3.26598149079741e-11,Bin,5.9,6.0
New Jersey,2 wk ahead,percent,3.26598149079741e-11,Bin,6.0,6.1
New Jersey,2 wk ahead,percent,3.26598149079741e-11,Bin,6.1,6.2
New Jersey,2 wk ahead,percent,3.26598149079741e-11,Bin,6.2,6.3
New Jersey,2 wk ahead,percent,3.26598149079741e-11,Bin,6.3,6.4
New Jersey,2 wk ahead,percent,3.26598149079741e-11,Bin,6.4,6.5
New Jersey,2 wk ahead,percent,3.26598149079741e-11,Bin,6.5,6.6
New Jersey,2 wk ahead,percent,3.26598149079741e-11,Bin,6.6,6.7
New Jersey,2 wk ahead,percent,3.26598149079741e-11,Bin,6.7,6.8
New Jersey,2 wk ahead,percent,3.26598149079741e-11,Bin,6.8,6.9
New Jersey,2 wk ahead,percent,3.26598149079741e-11,Bin,6.9,7.0
New Jersey,2 wk ahead,percent,3.26598149079741e-11,Bin,7.0,7.1
New Jersey,2 wk ahead,percent,3.26598149079741e-11,Bin,7.1,7.2
New Jersey,2 wk ahead,percent,3.26598149079741e-11,Bin,7.2,7.3
New Jersey,2 wk ahead,percent,3.26598149079741e-11,Bin,7.3,7.4
New Jersey,2 wk ahead,percent,3.26598149079741e-11,Bin,7.4,7.5
New Jersey,2 wk ahead,percent,3.26598149079741e-11,Bin,7.5,7.6
New Jersey,2 wk ahead,percent,3.26598149079741e-11,Bin,7.6,7.7
New Jersey,2 wk ahead,percent,0.00199999988497909,Bin,7.7,7.8
New Jersey,2 wk ahead,percent,3.26598149079741e-11,Bin,7.8,7.9
New Jersey,2 wk ahead,percent,3.26598149079741e-11,Bin,7.9,8.0
New Jersey,2 wk ahead,percent,3.26598149079744e-11,Bin,8.0,8.1
New Jersey,2 wk ahead,percent,3.26598149079747e-11,Bin,8.1,8.2
New Jersey,2 wk ahead,percent,3.26598149079747e-11,Bin,8.2,8.3
New Jersey,2 wk ahead,percent,3.26598149079747e-11,Bin,8.3,8.4
New Jersey,2 wk ahead,percent,0.00199999988497909,Bin,8.4,8.5
New Jersey,2 wk ahead,percent,3.26598149079747e-11,Bin,8.5,8.6
New Jersey,2 wk ahead,percent,3.26598149079747e-11,Bin,8.6,8.7
New Jersey,2 wk ahead,percent,3.26598149079747e-11,Bin,8.7,8.8
New Jersey,2 wk ahead,percent,3.26598149079747e-11,Bin,8.8,8.9
New Jersey,2 wk ahead,percent,3.26598149079747e-11,Bin,8.9,9.0
New Jersey,2 wk ahead,percent,3.26598149079747e-11,Bin,9.0,9.1
New Jersey,2 wk ahead,percent,3.26598149079747e-11,Bin,9.1,9.2
New Jersey,2 wk ahead,percent,3.26598149079747e-11,Bin,9.2,9.3
New Jersey,2 wk ahead,percent,3.26598149079747e-11,Bin,9.3,9.4
New Jersey,2 wk ahead,percent,3.26598149079747e-11,Bin,9.4,9.5
New Jersey,2 wk ahead,percent,3.26598149079747e-11,Bin,9.5,9.6
New Jersey,2 wk ahead,percent,3.26598149079747e-11,Bin,9.6,9.7
New Jersey,2 wk ahead,percent,3.26598149079747e-11,Bin,9.7,9.8
New Jersey,2 wk ahead,percent,3.26598149079747e-11,Bin,9.8,9.9
New Jersey,2 wk ahead,percent,3.26598149079747e-11,Bin,9.9,10.0
New Jersey,2 wk ahead,percent,3.26598149079747e-11,Bin,10.0,10.1
New Jersey,2 wk ahead,percent,3.26598149079747e-11,Bin,10.1,10.2
New Jersey,2 wk ahead,percent,3.26598149079747e-11,Bin,10.2,10.3
New Jersey,2 wk ahead,percent,3.26598149079747e-11,Bin,10.3,10.4
New Jersey,2 wk ahead,percent,0.00199999988497909,Bin,10.4,10.5
New Jersey,2 wk ahead,percent,3.26598149079747e-11,Bin,10.5,10.6
New Jersey,2 wk ahead,percent,3.26598149079747e-11,Bin,10.6,10.7
New Jersey,2 wk ahead,percent,3.26598149079747e-11,Bin,10.7,10.8
New Jersey,2 wk ahead,percent,3.26598149079747e-11,Bin,10.8,10.9
New Jersey,2 wk ahead,percent,3.26598149079747e-11,Bin,10.9,11.0
New Jersey,2 wk ahead,percent,3.26598149079747e-11,Bin,11.0,11.1
New Jersey,2 wk ahead,percent,3.26598149079747e-11,Bin,11.1,11.2
New Jersey,2 wk ahead,percent,3.26598149079747e-11,Bin,11.2,11.3
New Jersey,2 wk ahead,percent,3.26598149079747e-11,Bin,11.3,11.4
New Jersey,2 wk ahead,percent,3.26598149079747e-11,Bin,11.4,11.5
New Jersey,2 wk ahead,percent,3.26598149079747e-11,Bin,11.5,11.6
New Jersey,2 wk ahead,percent,3.26598149079747e-11,Bin,11.6,11.7
New Jersey,2 wk ahead,percent,3.26598149079747e-11,Bin,11.7,11.8
New Jersey,2 wk ahead,percent,3.26598149079747e-11,Bin,11.8,11.9
New Jersey,2 wk ahead,percent,3.26598149079747e-11,Bin,11.9,12.0
New Jersey,2 wk ahead,percent,3.26598149079747e-11,Bin,12.0,12.1
New Jersey,2 wk ahead,percent,3.26598149079747e-11,Bin,12.1,12.2
New Jersey,2 wk ahead,percent,3.26598149079747e-11,Bin,12.2,12.3
New Jersey,2 wk ahead,percent,3.26598149079747e-11,Bin,12.3,12.4
New Jersey,2 wk ahead,percent,3.26598149079747e-11,Bin,12.4,12.5
New Jersey,2 wk ahead,percent,3.26598149079747e-11,Bin,12.5,12.6
New Jersey,2 wk ahead,percent,3.26598149079747e-11,Bin,12.6,12.7
New Jersey,2 wk ahead,percent,3.26598149079747e-11,Bin,12.7,12.8
New Jersey,2 wk ahead,percent,3.26598149079747e-11,Bin,12.8,12.9
New Jersey,2 wk ahead,percent,3.26598149079747e-11,Bin,12.9,13.0
New Jersey,2 wk ahead,percent,3.26598149079747e-11,Bin,13.0,100.0
New Jersey,3 wk ahead,percent,7.63888884637714e-10,Bin,0.0,0.1
New Jersey,3 wk ahead,percent,1.8558562189138e-09,Bin,0.1,0.2
New Jersey,3 wk ahead,percent,2.29819146564967e-09,Bin,0.2,0.3
New Jersey,3 wk ahead,percent,0.00200000229184081,Bin,0.3,0.4
New Jersey,3 wk ahead,percent,0.004000002225708,Bin,0.4,0.5
New Jersey,3 wk ahead,percent,0.0140000004031739,Bin,0.5,0.6
New Jersey,3 wk ahead,percent,0.00200000315005396,Bin,0.6,0.7
New Jersey,3 wk ahead,percent,0.00800000209197854,Bin,0.7,0.8
New Jersey,3 wk ahead,percent,0.0279999981325429,Bin,0.8,0.9
New Jersey,3 wk ahead,percent,0.0219999997544235,Bin,0.9,1.0
New Jersey,3 wk ahead,percent,0.0239999998559616,Bin,1.0,1.1
New Jersey,3 wk ahead,percent,0.0539999942508904,Bin,1.1,1.2
New Jersey,3 wk ahead,percent,0.0319999997544713,Bin,1.2,1.3
New Jersey,3 wk ahead,percent,0.0379999994796513,Bin,1.3,1.4
New Jersey,3 wk ahead,percent,0.0759999925033493,Bin,1.4,1.5
New Jersey,3 wk ahead,percent,0.0759999934621266,Bin,1.5,1.6
New Jersey,3 wk ahead,percent,0.0659999963797663,Bin,1.6,1.7
New Jersey,3 wk ahead,percent,0.0919999915134431,Bin,1.7,1.8
New Jersey,3 wk ahead,percent,0.0679999969219108,Bin,1.8,1.9
New Jersey,3 wk ahead,percent,0.0559999995518545,Bin,1.9,2.0
New Jersey,3 wk ahead,percent,0.050000000679961,Bin,2.0,2.1
New Jersey,3 wk ahead,percent,0.0559999990714482,Bin,2.1,2.2
New Jersey,3 wk ahead,percent,0.0380000023337074,Bin,2.2,2.3
New Jersey,3 wk ahead,percent,0.0240000046071111,Bin,2.3,2.4
New Jersey,3 wk ahead,percent,0.0420000000286494,Bin,2.4,2.5
New Jersey,3 wk ahead,percent,0.0300000016692091,Bin,2.5,2.6
New Jersey,3 wk ahead,percent,0.0120000045051266,Bin,2.6,2.7
New Jersey,3 wk ahead,percent,0.00600000477832893,Bin,2.7,2.8
New Jersey,3 wk ahead,percent,0.0120000025225579,Bin,2.8,2.9
New Jersey,3 wk ahead,percent,0.00800000240376232,Bin,2.9,3.0
New Jersey,3 wk ahead,percent,0.00200000277540641,Bin,3.0,3.1
New Jersey,3 wk ahead,percent,0.00200000198568467,Bin,3.1,3.2
New Jersey,3 wk ahead,percent,0.00600000047699137,Bin,3.2,3.3
New Jersey,3 wk ahead,percent,0.00599999994143576,Bin,3.3,3.4
New Jersey,3 wk ahead,percent,0.00799999911285689,Bin,3.4,3.5
New Jersey,3 wk ahead,percent,5.02025213307156e-10,Bin,3.5,3.6
New Jersey,3 wk ahead,percent,0.00199999988063459,Bin,3.6,3.7
New Jersey,3 wk ahead,percent,0.00599999890967907,Bin,3.7,3.8
New Jersey,3 wk ahead,percent,9.33495745643606e-11,Bin,3.8,3.9
New Jersey,3 wk ahead,percent,0.00399999920642424,Bin,3.9,4.0
New Jersey,3 wk ahead,percent,0.00199999961134632,Bin,4.0,4.1
New Jersey,3 wk ahead,percent,3.21349318339164e-11,Bin,4.1,4.2
New Jersey,3 wk ahead,percent,3.21349318339164e-11,Bin,4.2,4.3
New Jersey,3 wk ahead,percent,0.00199999961132372,Bin,4.3,4.4
New Jersey,3 wk ahead,percent,0.00199999961132372,Bin,4.4,4.5
New Jersey,3 wk ahead,percent,3.21349318339164e-11,Bin,4.5,4.6
New Jersey,3 wk ahead,percent,3.21349318339164e-11,Bin,4.6,4.7
New Jersey,3 wk ahead,percent,0.00199999961132372,Bin,4.7,4.8
New Jersey,3 wk ahead,percent,3.21349318339164e-11,Bin,4.8,4.9
New Jersey,3 wk ahead,percent,3.21349318339164e-11,Bin,4.9,5.0
New Jersey,3 wk ahead,percent,3.21349318339164e-11,Bin,5.0,5.1
New Jersey,3 wk ahead,percent,3.21349318339164e-11,Bin,5.1,5.2
New Jersey,3 wk ahead,percent,3.21349318339164e-11,Bin,5.2,5.3
New Jersey,3 wk ahead,percent,3.21349318339164e-11,Bin,5.3,5.4
New Jersey,3 wk ahead,percent,3.21349318339164e-11,Bin,5.4,5.5
New Jersey,3 wk ahead,percent,3.21349318339164e-11,Bin,5.5,5.6
New Jersey,3 wk ahead,percent,3.21349318339164e-11,Bin,5.6,5.7
New Jersey,3 wk ahead,percent,0.00199999961132372,Bin,5.7,5.8
New Jersey,3 wk ahead,percent,3.21349318339164e-11,Bin,5.8,5.9
New Jersey,3 wk ahead,percent,3.21349318339164e-11,Bin,5.9,6.0
New Jersey,3 wk ahead,percent,3.21349318339164e-11,Bin,6.0,6.1
New Jersey,3 wk ahead,percent,3.21349318339164e-11,Bin,6.1,6.2
New Jersey,3 wk ahead,percent,3.21349318339164e-11,Bin,6.2,6.3
New Jersey,3 wk ahead,percent,3.21349318339164e-11,Bin,6.3,6.4
New Jersey,3 wk ahead,percent,3.21349318339164e-11,Bin,6.4,6.5
New Jersey,3 wk ahead,percent,3.21349318339164e-11,Bin,6.5,6.6
New Jersey,3 wk ahead,percent,3.21349318339164e-11,Bin,6.6,6.7
New Jersey,3 wk ahead,percent,3.21349318339164e-11,Bin,6.7,6.8
New Jersey,3 wk ahead,percent,3.21349318339164e-11,Bin,6.8,6.9
New Jersey,3 wk ahead,percent,3.21349318339164e-11,Bin,6.9,7.0
New Jersey,3 wk ahead,percent,0.00199999961132372,Bin,7.0,7.1
New Jersey,3 wk ahead,percent,3.21349318339164e-11,Bin,7.1,7.2
New Jersey,3 wk ahead,percent,3.21349318339164e-11,Bin,7.2,7.3
New Jersey,3 wk ahead,percent,3.21349318339164e-11,Bin,7.3,7.4
New Jersey,3 wk ahead,percent,3.21349318339164e-11,Bin,7.4,7.5
New Jersey,3 wk ahead,percent,3.21349318339164e-11,Bin,7.5,7.6
New Jersey,3 wk ahead,percent,3.21349318339164e-11,Bin,7.6,7.7
New Jersey,3 wk ahead,percent,3.21349318339164e-11,Bin,7.7,7.8
New Jersey,3 wk ahead,percent,3.21349318339164e-11,Bin,7.8,7.9
New Jersey,3 wk ahead,percent,3.21349318339164e-11,Bin,7.9,8.0
New Jersey,3 wk ahead,percent,0.00199999961132372,Bin,8.0,8.1
New Jersey,3 wk ahead,percent,3.2134931833917e-11,Bin,8.1,8.2
New Jersey,3 wk ahead,percent,3.2134931833917e-11,Bin,8.2,8.3
New Jersey,3 wk ahead,percent,3.2134931833917e-11,Bin,8.3,8.4
New Jersey,3 wk ahead,percent,3.2134931833917e-11,Bin,8.4,8.5
New Jersey,3 wk ahead,percent,3.2134931833917e-11,Bin,8.5,8.6
New Jersey,3 wk ahead,percent,0.0039999991905125,Bin,8.6,8.7
New Jersey,3 wk ahead,percent,3.2134931833917e-11,Bin,8.7,8.8
New Jersey,3 wk ahead,percent,0.00199999961132372,Bin,8.8,8.9
New Jersey,3 wk ahead,percent,3.2134931833917e-11,Bin,8.9,9.0
New Jersey,3 wk ahead,percent,3.2134931833917e-11,Bin,9.0,9.1
New Jersey,3 wk ahead,percent,0.00199999961132372,Bin,9.1,9.2
New Jersey,3 wk ahead,percent,3.2134931833917e-11,Bin,9.2,9.3
New Jersey,3 wk ahead,percent,3.2134931833917e-11,Bin,9.3,9.4
New Jersey,3 wk ahead,percent,3.2134931833917e-11,Bin,9.4,9.5
New Jersey,3 wk ahead,percent,3.2134931833917e-11,Bin,9.5,9.6
New Jersey,3 wk ahead,percent,3.2134931833917e-11,Bin,9.6,9.7
New Jersey,3 wk ahead,percent,3.2134931833917e-11,Bin,9.7,9.8
New Jersey,3 wk ahead,percent,3.2134931833917e-11,Bin,9.8,9.9
New Jersey,3 wk ahead,percent,3.2134931833917e-11,Bin,9.9,10.0
New Jersey,3 wk ahead,percent,3.2134931833917e-11,Bin,10.0,10.1
New Jersey,3 wk ahead,percent,3.2134931833917e-11,Bin,10.1,10.2
New Jersey,3 wk ahead,percent,3.2134931833917e-11,Bin,10.2,10.3
New Jersey,3 wk ahead,percent,3.2134931833917e-11,Bin,10.3,10.4
New Jersey,3 wk ahead,percent,3.2134931833917e-11,Bin,10.4,10.5
New Jersey,3 wk ahead,percent,3.2134931833917e-11,Bin,10.5,10.6
New Jersey,3 wk ahead,percent,3.2134931833917e-11,Bin,10.6,10.7
New Jersey,3 wk ahead,percent,3.2134931833917e-11,Bin,10.7,10.8
New Jersey,3 wk ahead,percent,3.2134931833917e-11,Bin,10.8,10.9
New Jersey,3 wk ahead,percent,3.2134931833917e-11,Bin,10.9,11.0
New Jersey,3 wk ahead,percent,3.2134931833917e-11,Bin,11.0,11.1
New Jersey,3 wk ahead,percent,3.2134931833917e-11,Bin,11.1,11.2
New Jersey,3 wk ahead,percent,3.2134931833917e-11,Bin,11.2,11.3
New Jersey,3 wk ahead,percent,0.00199999961132372,Bin,11.3,11.4
New Jersey,3 wk ahead,percent,3.2134931833917e-11,Bin,11.4,11.5
New Jersey,3 wk ahead,percent,3.2134931833917e-11,Bin,11.5,11.6
New Jersey,3 wk ahead,percent,3.2134931833917e-11,Bin,11.6,11.7
New Jersey,3 wk ahead,percent,3.2134931833917e-11,Bin,11.7,11.8
New Jersey,3 wk ahead,percent,3.2134931833917e-11,Bin,11.8,11.9
New Jersey,3 wk ahead,percent,3.2134931833917e-11,Bin,11.9,12.0
New Jersey,3 wk ahead,percent,3.2134931833917e-11,Bin,12.0,12.1
New Jersey,3 wk ahead,percent,3.2134931833917e-11,Bin,12.1,12.2
New Jersey,3 wk ahead,percent,3.2134931833917e-11,Bin,12.2,12.3
New Jersey,3 wk ahead,percent,3.2134931833917e-11,Bin,12.3,12.4
New Jersey,3 wk ahead,percent,3.2134931833917e-11,Bin,12.4,12.5
New Jersey,3 wk ahead,percent,3.2134931833917e-11,Bin,12.5,12.6
New Jersey,3 wk ahead,percent,3.2134931833917e-11,Bin,12.6,12.7
New Jersey,3 wk ahead,percent,3.2134931833917e-11,Bin,12.7,12.8
New Jersey,3 wk ahead,percent,3.2134931833917e-11,Bin,12.8,12.9
New Jersey,3 wk ahead,percent,3.2134931833917e-11,Bin,12.9,13.0
New Jersey,3 wk ahead,percent,3.2134931833917e-11,Bin,13.0,100.0
New Jersey,4 wk ahead,percent,2.00873388959795e-09,Bin,0.0,0.1
New Jersey,4 wk ahead,percent,0.0020000039952898,Bin,0.1,0.2
New Jersey,4 wk ahead,percent,4.50188605393569e-09,Bin,0.2,0.3
New Jersey,4 wk ahead,percent,0.00400000322024104,Bin,0.3,0.4
New Jersey,4 wk ahead,percent,0.00800000159875483,Bin,0.4,0.5
New Jersey,4 wk ahead,percent,0.0139999995404185,Bin,0.5,0.6
New Jersey,4 wk ahead,percent,0.0219999973871465,Bin,0.6,0.7
New Jersey,4 wk ahead,percent,0.0179999983509301,Bin,0.7,0.8
New Jersey,4 wk ahead,percent,0.0219999983937953,Bin,0.8,0.9
New Jersey,4 wk ahead,percent,0.0359999970948668,Bin,0.9,1.0
New Jersey,4 wk ahead,percent,0.0539999955093949,Bin,1.0,1.1
New Jersey,4 wk ahead,percent,0.0420000003755851,Bin,1.1,1.2
New Jersey,4 wk ahead,percent,0.0599999986337634,Bin,1.2,1.3
New Jersey,4 wk ahead,percent,0.0619999995778925,Bin,1.3,1.4
New Jersey,4 wk ahead,percent,0.0639999997468995,Bin,1.4,1.5
New Jersey,4 wk ahead,percent,0.0779999967643835,Bin,1.5,1.6
New Jersey,4 wk ahead,percent,0.075999996753517,Bin,1.6,1.7
New Jersey,4 wk ahead,percent,0.0540000007496736,Bin,1.7,1.8
New Jersey,4 wk ahead,percent,0.0619999983232603,Bin,1.8,1.9
New Jersey,4 wk ahead,percent,0.0519999994883379,Bin,1.9,2.0
New Jersey,4 wk ahead,percent,0.0360000016378227,Bin,2.0,2.1
New Jersey,4 wk ahead,percent,0.0320000009787957,Bin,2.1,2.2
New Jersey,4 wk ahead,percent,0.0180000022521688,Bin,2.2,2.3
New Jersey,4 wk ahead,percent,0.0379999964792013,Bin,2.3,2.4
New Jersey,4 wk ahead,percent,0.037999995277932,Bin,2.4,2.5
New Jersey,4 wk ahead,percent,0.0100000005288313,Bin,2.5,2.6
New Jersey,4 wk ahead,percent,0.0120000000915651,Bin,2.6,2.7
New Jersey,4 wk ahead,percent,0.0120000005168543,Bin,2.7,2.8
New Jersey,4 wk ahead,percent,0.0080000019220215,Bin,2.8,2.9
New Jersey,4 wk ahead,percent,0.00800000229943588,Bin,2.9,3.0
New Jersey,4 wk ahead,percent,0.00600000268369655,Bin,3.0,3.1
New Jersey,4 wk ahead,percent,0.00800000178270681,Bin,3.1,3.2
New Jersey,4 wk ahead,percent,0.00400000184141224,Bin,3.2,3.3
New Jersey,4 wk ahead,percent,0.0040000009899516,Bin,3.3,3.4
New Jersey,4 wk ahead,percent,0.00400000026003693,Bin,3.4,3.5
New Jersey,4 wk ahead,percent,0.00599999932287396,Bin,3.5,3.6
New Jersey,4 wk ahead,percent,2.71097255763289e-10,Bin,3.6,3.7
New Jersey,4 wk ahead,percent,0.00399999927197781,Bin,3.7,3.8
New Jersey,4 wk ahead,percent,4.84500847602858e-11,Bin,3.8,3.9
New Jersey,4 wk ahead,percent,4.50468625723315e-11,Bin,3.9,4.0
New Jersey,4 wk ahead,percent,0.00199999962541834,Bin,4.0,4.1
New Jersey,4 wk ahead,percent,0.00199999962541834,Bin,4.1,4.2
New Jersey,4 wk ahead,percent,0.00199999962541834,Bin,4.2,4.3
New Jersey,4 wk ahead,percent,0.00199999962541834,Bin,4.3,4.4
New Jersey,4 wk ahead,percent,4.50468625723315e-11,Bin,4.4,4.5
New Jersey,4 wk ahead,percent,0.00199999962541834,Bin,4.5,4.6
New Jersey,4 wk ahead,percent,4.50468625723315e-11,Bin,4.6,4.7
New Jersey,4 wk ahead,percent,0.00599999878616129,Bin,4.7,4.8
New Jersey,4 wk ahead,percent,4.50468625723315e-11,Bin,4.8,4.9
New Jersey,4 wk ahead,percent,0.00199999962541834,Bin,4.9,5.0
New Jersey,4 wk ahead,percent,4.50468625723315e-11,Bin,5.0,5.1
New Jersey,4 wk ahead,percent,0.00199999962541834,Bin,5.1,5.2
New Jersey,4 wk ahead,percent,4.50468625723315e-11,Bin,5.2,5.3
New Jersey,4 wk ahead,percent,4.50468625723315e-11,Bin,5.3,5.4
New Jersey,4 wk ahead,percent,4.50468625723315e-11,Bin,5.4,5.5
New Jersey,4 wk ahead,percent,4.50468625723315e-11,Bin,5.5,5.6
New Jersey,4 wk ahead,percent,4.50468625723315e-11,Bin,5.6,5.7
New Jersey,4 wk ahead,percent,4.50468625723315e-11,Bin,5.7,5.8
New Jersey,4 wk ahead,percent,4.50468625723315e-11,Bin,5.8,5.9
New Jersey,4 wk ahead,percent,4.50468625723315e-11,Bin,5.9,6.0
New Jersey,4 wk ahead,percent,4.50468625723315e-11,Bin,6.0,6.1
New Jersey,4 wk ahead,percent,4.50468625723315e-11,Bin,6.1,6.2
New Jersey,4 wk ahead,percent,4.50468625723315e-11,Bin,6.2,6.3
New Jersey,4 wk ahead,percent,4.50468625723315e-11,Bin,6.3,6.4
New Jersey,4 wk ahead,percent,4.50468625723315e-11,Bin,6.4,6.5
New Jersey,4 wk ahead,percent,4.50468625723315e-11,Bin,6.5,6.6
New Jersey,4 wk ahead,percent,4.50468625723315e-11,Bin,6.6,6.7
New Jersey,4 wk ahead,percent,4.50468625723315e-11,Bin,6.7,6.8
New Jersey,4 wk ahead,percent,4.50468625723315e-11,Bin,6.8,6.9
New Jersey,4 wk ahead,percent,4.50468625723315e-11,Bin,6.9,7.0
New Jersey,4 wk ahead,percent,4.50468625723315e-11,Bin,7.0,7.1
New Jersey,4 wk ahead,percent,4.50468625723315e-11,Bin,7.1,7.2
New Jersey,4 wk ahead,percent,4.50468625723315e-11,Bin,7.2,7.3
New Jersey,4 wk ahead,percent,4.50468625723315e-11,Bin,7.3,7.4
New Jersey,4 wk ahead,percent,4.50468625723315e-11,Bin,7.4,7.5
New Jersey,4 wk ahead,percent,4.50468625723315e-11,Bin,7.5,7.6
New Jersey,4 wk ahead,percent,4.50468625723315e-11,Bin,7.6,7.7
New Jersey,4 wk ahead,percent,4.50468625723315e-11,Bin,7.7,7.8
New Jersey,4 wk ahead,percent,4.50468625723315e-11,Bin,7.8,7.9
New Jersey,4 wk ahead,percent,4.50468625723315e-11,Bin,7.9,8.0
New Jersey,4 wk ahead,percent,4.50468625723319e-11,Bin,8.0,8.1
New Jersey,4 wk ahead,percent,4.50468625723323e-11,Bin,8.1,8.2
New Jersey,4 wk ahead,percent,4.50468625723323e-11,Bin,8.2,8.3
New Jersey,4 wk ahead,percent,0.00199999962541834,Bin,8.3,8.4
New Jersey,4 wk ahead,percent,4.50468625723323e-11,Bin,8.4,8.5
New Jersey,4 wk ahead,percent,4.50468625723323e-11,Bin,8.5,8.6
New Jersey,4 wk ahead,percent,4.50468625723323e-11,Bin,8.6,8.7
New Jersey,4 wk ahead,percent,4.50468625723323e-11,Bin,8.7,8.8
New Jersey,4 wk ahead,percent,4.50468625723323e-11,Bin,8.8,8.9
New Jersey,4 wk ahead,percent,4.50468625723323e-11,Bin,8.9,9.0
New Jersey,4 wk ahead,percent,4.50468625723323e-11,Bin,9.0,9.1
New Jersey,4 wk ahead,percent,4.50468625723323e-11,Bin,9.1,9.2
New Jersey,4 wk ahead,percent,4.50468625723323e-11,Bin,9.2,9.3
New Jersey,4 wk ahead,percent,4.50468625723323e-11,Bin,9.3,9.4
New Jersey,4 wk ahead,percent,4.50468625723323e-11,Bin,9.4,9.5
New Jersey,4 wk ahead,percent,4.50468625723323e-11,Bin,9.5,9.6
New Jersey,4 wk ahead,percent,4.50468625723323e-11,Bin,9.6,9.7
New Jersey,4 wk ahead,percent,4.50468625723323e-11,Bin,9.7,9.8
New Jersey,4 wk ahead,percent,4.50468625723323e-11,Bin,9.8,9.9
New Jersey,4 wk ahead,percent,4.50468625723323e-11,Bin,9.9,10.0
New Jersey,4 wk ahead,percent,4.50468625723323e-11,Bin,10.0,10.1
New Jersey,4 wk ahead,percent,4.50468625723323e-11,Bin,10.1,10.2
New Jersey,4 wk ahead,percent,4.50468625723323e-11,Bin,10.2,10.3
New Jersey,4 wk ahead,percent,4.50468625723323e-11,Bin,10.3,10.4
New Jersey,4 wk ahead,percent,4.50468625723323e-11,Bin,10.4,10.5
New Jersey,4 wk ahead,percent,4.50468625723323e-11,Bin,10.5,10.6
New Jersey,4 wk ahead,percent,4.50468625723323e-11,Bin,10.6,10.7
New Jersey,4 wk ahead,percent,4.50468625723323e-11,Bin,10.7,10.8
New Jersey,4 wk ahead,percent,4.50468625723323e-11,Bin,10.8,10.9
New Jersey,4 wk ahead,percent,4.50468625723323e-11,Bin,10.9,11.0
New Jersey,4 wk ahead,percent,4.50468625723323e-11,Bin,11.0,11.1
New Jersey,4 wk ahead,percent,4.50468625723323e-11,Bin,11.1,11.2
New Jersey,4 wk ahead,percent,4.50468625723323e-11,Bin,11.2,11.3
New Jersey,4 wk ahead,percent,4.50468625723323e-11,Bin,11.3,11.4
New Jersey,4 wk ahead,percent,4.50468625723323e-11,Bin,11.4,11.5
New Jersey,4 wk ahead,percent,4.50468625723323e-11,Bin,11.5,11.6
New Jersey,4 wk ahead,percent,4.50468625723323e-11,Bin,11.6,11.7
New Jersey,4 wk ahead,percent,4.50468625723323e-11,Bin,11.7,11.8
New Jersey,4 wk ahead,percent,4.50468625723323e-11,Bin,11.8,11.9
New Jersey,4 wk ahead,percent,4.50468625723323e-11,Bin,11.9,12.0
New Jersey,4 wk ahead,percent,4.50468625723323e-11,Bin,12.0,12.1
New Jersey,4 wk ahead,percent,4.50468625723323e-11,Bin,12.1,12.2
New Jersey,4 wk ahead,percent,4.50468625723323e-11,Bin,12.2,12.3
New Jersey,4 wk ahead,percent,4.50468625723323e-11,Bin,12.3,12.4
New Jersey,4 wk ahead,percent,4.50468625723323e-11,Bin,12.4,12.5
New Jersey,4 wk ahead,percent,4.50468625723323e-11,Bin,12.5,12.6
New Jersey,4 wk ahead,percent,4.50468625723323e-11,Bin,12.6,12.7
New Jersey,4 wk ahead,percent,4.50468625723323e-11,Bin,12.7,12.8
New Jersey,4 wk ahead,percent,4.50468625723323e-11,Bin,12.8,12.9
New Jersey,4 wk ahead,percent,4.50468625723323e-11,Bin,12.9,13.0
New Jersey,4 wk ahead,percent,4.50468625723323e-11,Bin,13.0,100.0
New Jersey,Season peak percentage,percent,1.10001373758507e-12,Bin,0.0,0.1
New Jersey,Season peak percentage,percent,2.40021556324319e-12,Bin,0.1,0.2
New Jersey,Season peak percentage,percent,2.67589053176869e-12,Bin,0.2,0.3
New Jersey,Season peak percentage,percent,2.959266190594e-12,Bin,0.3,0.4
New Jersey,Season peak percentage,percent,3.24667240031932e-12,Bin,0.4,0.5
New Jersey,Season peak percentage,percent,3.53414160917925e-12,Bin,0.5,0.6
New Jersey,Season peak percentage,percent,3.81756951889026e-12,Bin,0.6,0.7
New Jersey,Season peak percentage,percent,4.09282285218464e-12,Bin,0.7,0.8
New Jersey,Season peak percentage,percent,4.35594713026875e-12,Bin,0.8,0.9
New Jersey,Season peak percentage,percent,4.6034930483657e-12,Bin,0.9,1.0
New Jersey,Season peak percentage,percent,4.83240482275213e-12,Bin,1.0,1.1
New Jersey,Season peak percentage,percent,5.04051715763811e-12,Bin,1.1,1.2
New Jersey,Season peak percentage,percent,5.22654858981011e-12,Bin,1.2,1.3
New Jersey,Season peak percentage,percent,5.3901820950084e-12,Bin,1.3,1.4
New Jersey,Season peak percentage,percent,5.53224061780587e-12,Bin,1.4,1.5
New Jersey,Season peak percentage,percent,5.65478481389191e-12,Bin,1.5,1.6
New Jersey,Season peak percentage,percent,5.76075281617057e-12,Bin,1.6,1.7
New Jersey,Season peak percentage,percent,5.85427287976997e-12,Bin,1.7,1.8
New Jersey,Season peak percentage,percent,5.94034389679165e-12,Bin,1.8,1.9
New Jersey,Season peak percentage,percent,6.02462334113709e-12,Bin,1.9,2.0
New Jersey,Season peak percentage,percent,6.113311519378e-12,Bin,2.0,2.1
New Jersey,Season peak percentage,percent,6.21285925357052e-12,Bin,2.1,2.2
New Jersey,Season peak percentage,percent,6.32969278554514e-12,Bin,2.2,2.3
New Jersey,Season peak percentage,percent,6.4701259781501e-12,Bin,2.3,2.4
New Jersey,Season peak percentage,percent,6.63977639040854e-12,Bin,2.4,2.5
New Jersey,Season peak percentage,percent,6.84368516805714e-12,Bin,2.5,2.6
New Jersey,Season peak percentage,percent,7.08610189672283e-12,Bin,2.6,2.7
New Jersey,Season peak percentage,percent,7.37015635864505e-12,Bin,2.7,2.8
New Jersey,Season peak percentage,percent,7.69762154528129e-12,Bin,2.8,2.9
New Jersey,Season peak percentage,percent,8.06946503002829e-12,Bin,2.9,3.0
New Jersey,Season peak percentage,percent,8.48533728668402e-12,Bin,3.0,3.1
New Jersey,Season peak percentage,percent,8.94351859644903e-12,Bin,3.1,3.2
New Jersey,Season peak percentage,percent,9.4412788382645e-12,Bin,3.2,3.3
New Jersey,Season peak percentage,percent,9.97506313786541e-12,Bin,3.3,3.4
New Jersey,Season peak percentage,percent,1.05399663789074e-11,Bin,3.4,3.5
New Jersey,Season peak percentage,percent,1.11306736606552e-11,Bin,3.5,3.6
New Jersey,Season peak percentage,percent,1.17410129259868e-11,Bin,3.6,3.7
New Jersey,Season peak percentage,percent,1.23642717691437e-11,Bin,3.7,3.8
New Jersey,Season peak percentage,percent,1.29933845106525e-11,Bin,3.8,3.9
New Jersey,Season peak percentage,percent,1.36210428254196e-11,Bin,3.9,4.0
New Jersey,Season peak percentage,percent,1.42397512575101e-11,Bin,4.0,4.1
New Jersey,Season peak percentage,percent,1.48421371076877e-11,Bin,4.1,4.2
New Jersey,Season peak percentage,percent,1.54209256462762e-11,Bin,4.2,4.3
New Jersey,Season peak percentage,percent,1.59691460757676e-11,Bin,4.3,4.4
New Jersey,Season peak percentage,percent,1.64803873119596e-11,Bin,4.4,4.5
New Jersey,Season peak percentage,percent,1.69485566847467e-11,Bin,4.5,4.6
New Jersey,Season peak percentage,percent,1.73684386790658e-11,Bin,4.6,4.7
New Jersey,Season peak percentage,percent,1.77357597978668e-11,Bin,4.7,4.8
New Jersey,Season peak percentage,percent,1.80467772278717e-11,Bin,4.8,4.9
New Jersey,Season peak percentage,percent,1.82988509396474e-11,Bin,4.9,5.0
New Jersey,Season peak percentage,percent,1.84902780274438e-11,Bin,5.0,5.1
New Jersey,Season peak percentage,percent,1.86205996749474e-11,Bin,5.1,5.2
New Jersey,Season peak percentage,percent,1.86895425018831e-11,Bin,5.2,5.3
New Jersey,Season peak percentage,percent,1.86983969147254e-11,Bin,5.3,5.4
New Jersey,Season peak percentage,percent,1.86487534018874e-11,Bin,5.4,5.5
New Jersey,Season peak percentage,percent,1.85426416502141e-11,Bin,5.5,5.6
New Jersey,Season peak percentage,percent,1.83827362390373e-11,Bin,5.6,5.7
New Jersey,Season peak percentage,percent,1.81720357830115e-11,Bin,5.7,5.8
New Jersey,Season peak percentage,percent,1.7913177051023e-11,Bin,5.8,5.9
New Jersey,Season peak percentage,percent,1.76089908544858e-11,Bin,5.9,6.0
New Jersey,Season peak percentage,percent,1.72622428282233e-11,Bin,6.0,6.1
New Jersey,Season peak percentage,percent,1.68753968129659e-11,Bin,6.1,6.2
New Jersey,Season peak percentage,percent,1.64504403506687e-11,Bin,6.2,6.3
New Jersey,Season peak percentage,percent,1.59894738025995e-11,Bin,6.3,6.4
New Jersey,Season peak percentage,percent,1.54942213312136e-11,Bin,6.4,6.5
New Jersey,Season peak percentage,percent,1.49663162457784e-11,Bin,6.5,6.6
New Jersey,Season peak percentage,percent,1.44076092697949e-11,Bin,6.6,6.7
New Jersey,Season peak percentage,percent,1.38199416433826e-11,Bin,6.7,6.8
New Jersey,Season peak percentage,percent,1.32054778381625e-11,Bin,6.8,6.9
New Jersey,Season peak percentage,percent,1.25667997414153e-11,Bin,6.9,7.0
New Jersey,Season peak percentage,percent,1.19071182926113e-11,Bin,7.0,7.1
New Jersey,Season peak percentage,percent,1.12299388875289e-11,Bin,7.1,7.2
New Jersey,Season peak percentage,percent,1.05394670486186e-11,Bin,7.2,7.3
New Jersey,Season peak percentage,percent,9.84040400627738e-12,Bin,7.3,7.4
New Jersey,Season peak percentage,percent,9.13784771217985e-12,Bin,7.4,7.5
New Jersey,Season peak percentage,percent,8.43725604359076e-12,Bin,7.5,7.6
New Jersey,Season peak percentage,percent,7.74420010549156e-12,Bin,7.6,7.7
New Jersey,Season peak percentage,percent,7.06432485987177e-12,Bin,7.7,7.8
New Jersey,Season peak percentage,percent,6.40309568701771e-12,Bin,7.8,7.9
New Jersey,Season peak percentage,percent,5.76566768782705e-12,Bin,7.9,8.0
New Jersey,Season peak percentage,percent,5.1565448063311e-12,Bin,8.0,8.1
New Jersey,Season peak percentage,percent,4.57986992944418e-12,Bin,8.1,8.2
New Jersey,Season peak percentage,percent,4.03892250603071e-12,Bin,8.2,8.3
New Jersey,Season peak percentage,percent,3.53610603765203e-12,Bin,8.3,8.4
New Jersey,Season peak percentage,percent,3.07316760589242e-12,Bin,8.4,8.5
New Jersey,Season peak percentage,percent,2.65089914717244e-12,Bin,8.5,8.6
New Jersey,Season peak percentage,percent,2.26927122568539e-12,Bin,8.6,8.7
New Jersey,Season peak percentage,percent,1.92779006194492e-12,Bin,8.7,8.8
New Jersey,Season peak percentage,percent,1.62504251507809e-12,Bin,8.8,8.9
New Jersey,Season peak percentage,percent,1.3590393949884e-12,Bin,8.9,9.0
New Jersey,Season peak percentage,percent,1.12764080920676e-12,Bin,9.0,9.1
New Jersey,Season peak percentage,percent,9.28233823486862e-13,Bin,9.1,9.2
New Jersey,Season peak percentage,percent,7.57988403576268e-13,Bin,9.2,9.3
New Jersey,Season peak percentage,percent,6.13926573993994e-13,Bin,9.3,9.4
New Jersey,Season peak percentage,percent,4.93295246702468e-13,Bin,9.4,9.5
New Jersey,Season peak percentage,percent,3.93104544266986e-13,Bin,9.5,9.6
New Jersey,Season peak percentage,percent,3.10704201611449e-13,Bin,9.6,9.7
New Jersey,Season peak percentage,percent,2.4358603806543e-13,Bin,9.7,9.8
New Jersey,Season peak percentage,percent,1.8940542349241e-13,Bin,9.8,9.9
New Jersey,Season peak percentage,percent,1.46035210209318e-13,Bin,9.9,10.0
New Jersey,Season peak percentage,percent,1.11675051292584e-13,Bin,10.0,10.1
New Jersey,Season peak percentage,percent,8.47536137251455e-14,Bin,10.1,10.2
New Jersey,Season peak percentage,percent,7.47329138647208e-14,Bin,10.2,10.3
New Jersey,Season peak percentage,percent,7.47329138647208e-14,Bin,10.3,10.4
New Jersey,Season peak percentage,percent,7.47329138647208e-14,Bin,10.4,10.5
New Jersey,Season peak percentage,percent,7.47329138647208e-14,Bin,10.5,10.6
New Jersey,Season peak percentage,percent,7.47329138647208e-14,Bin,10.6,10.7
New Jersey,Season peak percentage,percent,7.47329138647208e-14,Bin,10.7,10.8
New Jersey,Season peak percentage,percent,7.47329138647208e-14,Bin,10.8,10.9
New Jersey,Season peak percentage,percent,7.47329138647208e-14,Bin,10.9,11.0
New Jersey,Season peak percentage,percent,7.47329138647208e-14,Bin,11.0,11.1
New Jersey,Season peak percentage,percent,7.47329138647208e-14,Bin,11.1,11.2
New Jersey,Season peak percentage,percent,0.995999999111523,Bin,11.2,11.3
New Jersey,Season peak percentage,percent,0.00199999999829049,Bin,11.3,11.4
New Jersey,Season peak percentage,percent,7.47329138647208e-14,Bin,11.4,11.5
New Jersey,Season peak percentage,percent,7.47329138647208e-14,Bin,11.5,11.6
New Jersey,Season peak percentage,percent,7.47329138647208e-14,Bin,11.6,11.7
New Jersey,Season peak percentage,percent,7.47329138647208e-14,Bin,11.7,11.8
New Jersey,Season peak percentage,percent,7.47329138647208e-14,Bin,11.8,11.9
New Jersey,Season peak percentage,percent,0.00199999999829049,Bin,11.9,12.0
New Jersey,Season peak percentage,percent,7.47329138647208e-14,Bin,12.0,12.1
New Jersey,Season peak percentage,percent,7.47329138647208e-14,Bin,12.1,12.2
New Jersey,Season peak percentage,percent,7.47329138647208e-14,Bin,12.2,12.3
New Jersey,Season peak percentage,percent,7.47329138647208e-14,Bin,12.3,12.4
New Jersey,Season peak percentage,percent,7.47329138647208e-14,Bin,12.4,12.5
New Jersey,Season peak percentage,percent,7.47329138647208e-14,Bin,12.5,12.6
New Jersey,Season peak percentage,percent,7.47329138647208e-14,Bin,12.6,12.7
New Jersey,Season peak percentage,percent,7.47329138647208e-14,Bin,12.7,12.8
New Jersey,Season peak percentage,percent,7.47329138647208e-14,Bin,12.8,12.9
New Jersey,Season peak percentage,percent,7.47329138647208e-14,Bin,12.9,13.0
New Jersey,Season peak percentage,percent,7.47329138647208e-14,Bin,13.0,100.0
New Jersey,Season peak week,week,8.41727006365753e-05,Bin,40.0,41.0
New Jersey,Season peak week,week,0.000167249257563102,Bin,41.0,42.0
New Jersey,Season peak week,week,0.000299552467166791,Bin,42.0,43.0
New Jersey,Season peak week,week,0.000484363934437468,Bin,43.0,44.0
New Jersey,Season peak week,week,0.000709111601399091,Bin,44.0,45.0
New Jersey,Season peak week,week,0.000945199268618963,Bin,45.0,46.0
New Jersey,Season peak week,week,0.001159187409372,Bin,46.0,47.0
New Jersey,Season peak week,week,0.00133264557719379,Bin,47.0,48.0
New Jersey,Season peak week,week,0.00147922984293099,Bin,48.0,49.0
New Jersey,Season peak week,week,0.00164545872073668,Bin,49.0,50.0
New Jersey,Season peak week,week,0.00189029081032188,Bin,50.0,51.0
New Jersey,Season peak week,week,0.00225282752246525,Bin,51.0,52.0
New Jersey,Season peak week,week,0.00272638512197173,Bin,52.0,53.0
New Jersey,Season peak week,week,0.00325437779157563,Bin,1.0,2.0
New Jersey,Season peak week,week,0.00374981886911213,Bin,2.0,3.0
New Jersey,Season peak week,week,0.00412732598958582,Bin,3.0,4.0
New Jersey,Season peak week,week,0.00433109162512151,Bin,4.0,5.0
New Jersey,Season peak week,week,0.00434692637058946,Bin,5.0,6.0
New Jersey,Season peak week,week,0.0041965511785079,Bin,6.0,7.0
New Jersey,Season peak week,week,0.942091441969541,Bin,7.0,8.0
New Jersey,Season peak week,week,0.00356013489760064,Bin,8.0,9.0
New Jersey,Season peak week,week,0.00314592888301584,Bin,9.0,10.0
New Jersey,Season peak week,week,0.00269679551122485,Bin,10.0,11.0
New Jersey,Season peak week,week,0.00222670867647451,Bin,11.0,12.0
New Jersey,Season peak week,week,0.00175348535830391,Bin,12.0,13.0
New Jersey,Season peak week,week,0.00130268484285408,Bin,13.0,14.0
New Jersey,Season peak week,week,0.000903595766311461,Bin,14.0,15.0
New Jersey,Season peak week,week,0.000580005944011363,Bin,15.0,16.0
New Jersey,Season peak week,week,0.000342041758132593,Bin,16.0,17.0
New Jersey,Season peak week,week,0.000184293202513194,Bin,17.0,18.0
New Jersey,Season peak week,week,9.03422365745393e-05,Bin,18.0,19.0
New Jersey,Season peak week,week,4.0170393171775e-05,Bin,19.0,20.0
New Jersey,Season peak week,week,0.00190060450096337,Bin,20.0,21.0
New Mexico,1 wk ahead,percent,1.28188021489574e-11,Bin,0.0,0.1
New Mexico,1 wk ahead,percent,2.56376042979149e-11,Bin,0.1,0.2
New Mexico,1 wk ahead,percent,2.56376042979149e-11,Bin,0.2,0.3
New Mexico,1 wk ahead,percent,2.56376042979149e-11,Bin,0.3,0.4
New Mexico,1 wk ahead,percent,2.56376042979149e-11,Bin,0.4,0.5
New Mexico,1 wk ahead,percent,2.56376042979149e-11,Bin,0.5,0.6
New Mexico,1 wk ahead,percent,0.00799999947466561,Bin,0.6,0.7
New Mexico,1 wk ahead,percent,0.00199999988798616,Bin,0.7,0.8
New Mexico,1 wk ahead,percent,0.00599999966099161,Bin,0.8,0.9
New Mexico,1 wk ahead,percent,0.0619999960453277,Bin,0.9,1.0
New Mexico,1 wk ahead,percent,0.0939999945311725,Bin,1.0,1.1
New Mexico,1 wk ahead,percent,0.111999994735457,Bin,1.1,1.2
New Mexico,1 wk ahead,percent,0.177999992402594,Bin,1.2,1.3
New Mexico,1 wk ahead,percent,0.217999992085704,Bin,1.3,1.4
New Mexico,1 wk ahead,percent,0.108000001469123,Bin,1.4,1.5
New Mexico,1 wk ahead,percent,0.0840000037875314,Bin,1.5,1.6
New Mexico,1 wk ahead,percent,0.0340000068569373,Bin,1.6,1.7
New Mexico,1 wk ahead,percent,0.0360000055836689,Bin,1.7,1.8
New Mexico,1 wk ahead,percent,0.0240000046526128,Bin,1.8,1.9
New Mexico,1 wk ahead,percent,0.0100000035015432,Bin,1.9,2.0
New Mexico,1 wk ahead,percent,0.00800000170176839,Bin,2.0,2.1
New Mexico,1 wk ahead,percent,0.00200000080457323,Bin,2.1,2.2
New Mexico,1 wk ahead,percent,0.00799999974707819,Bin,2.2,2.3
New Mexico,1 wk ahead,percent,7.00009971708141e-11,Bin,2.3,2.4
New Mexico,1 wk ahead,percent,3.05933204988389e-11,Bin,2.4,2.5
New Mexico,1 wk ahead,percent,0.00199999989285032,Bin,2.5,2.6
New Mexico,1 wk ahead,percent,3.05933204988389e-11,Bin,2.6,2.7
New Mexico,1 wk ahead,percent,3.05933204988389e-11,Bin,2.7,2.8
New Mexico,1 wk ahead,percent,3.05933204988389e-11,Bin,2.8,2.9
New Mexico,1 wk ahead,percent,0.00399999975510732,Bin,2.9,3.0
New Mexico,1 wk ahead,percent,3.05933204988389e-11,Bin,3.0,3.1
New Mexico,1 wk ahead,percent,3.05933204988389e-11,Bin,3.1,3.2
New Mexico,1 wk ahead,percent,3.05933204988389e-11,Bin,3.2,3.3
New Mexico,1 wk ahead,percent,3.05933204988389e-11,Bin,3.3,3.4
New Mexico,1 wk ahead,percent,3.05933204988389e-11,Bin,3.4,3.5
New Mexico,1 wk ahead,percent,3.05933204988389e-11,Bin,3.5,3.6
New Mexico,1 wk ahead,percent,3.05933204988389e-11,Bin,3.6,3.7
New Mexico,1 wk ahead,percent,3.05933204988389e-11,Bin,3.7,3.8
New Mexico,1 wk ahead,percent,3.05933204988389e-11,Bin,3.8,3.9
New Mexico,1 wk ahead,percent,3.05933204988389e-11,Bin,3.9,4.0
New Mexico,1 wk ahead,percent,3.05933204988389e-11,Bin,4.0,4.1
New Mexico,1 wk ahead,percent,3.05933204988389e-11,Bin,4.1,4.2
New Mexico,1 wk ahead,percent,3.05933204988389e-11,Bin,4.2,4.3
New Mexico,1 wk ahead,percent,3.05933204988389e-11,Bin,4.3,4.4
New Mexico,1 wk ahead,percent,3.05933204988389e-11,Bin,4.4,4.5
New Mexico,1 wk ahead,percent,3.05933204988389e-11,Bin,4.5,4.6
New Mexico,1 wk ahead,percent,3.05933204988389e-11,Bin,4.6,4.7
New Mexico,1 wk ahead,percent,3.05933204988389e-11,Bin,4.7,4.8
New Mexico,1 wk ahead,percent,3.05933204988389e-11,Bin,4.8,4.9
New Mexico,1 wk ahead,percent,3.05933204988389e-11,Bin,4.9,5.0
New Mexico,1 wk ahead,percent,3.05933204988389e-11,Bin,5.0,5.1
New Mexico,1 wk ahead,percent,3.05933204988389e-11,Bin,5.1,5.2
New Mexico,1 wk ahead,percent,3.05933204988389e-11,Bin,5.2,5.3
New Mexico,1 wk ahead,percent,3.05933204988389e-11,Bin,5.3,5.4
New Mexico,1 wk ahead,percent,3.05933204988389e-11,Bin,5.4,5.5
New Mexico,1 wk ahead,percent,3.05933204988389e-11,Bin,5.5,5.6
New Mexico,1 wk ahead,percent,3.05933204988389e-11,Bin,5.6,5.7
New Mexico,1 wk ahead,percent,3.05933204988389e-11,Bin,5.7,5.8
New Mexico,1 wk ahead,percent,3.05933204988389e-11,Bin,5.8,5.9
New Mexico,1 wk ahead,percent,3.05933204988389e-11,Bin,5.9,6.0
New Mexico,1 wk ahead,percent,3.05933204988389e-11,Bin,6.0,6.1
New Mexico,1 wk ahead,percent,3.05933204988389e-11,Bin,6.1,6.2
New Mexico,1 wk ahead,percent,3.05933204988389e-11,Bin,6.2,6.3
New Mexico,1 wk ahead,percent,3.05933204988389e-11,Bin,6.3,6.4
New Mexico,1 wk ahead,percent,3.05933204988389e-11,Bin,6.4,6.5
New Mexico,1 wk ahead,percent,3.05933204988389e-11,Bin,6.5,6.6
New Mexico,1 wk ahead,percent,3.05933204988389e-11,Bin,6.6,6.7
New Mexico,1 wk ahead,percent,3.05933204988389e-11,Bin,6.7,6.8
New Mexico,1 wk ahead,percent,3.05933204988389e-11,Bin,6.8,6.9
New Mexico,1 wk ahead,percent,3.05933204988389e-11,Bin,6.9,7.0
New Mexico,1 wk ahead,percent,3.05933204988389e-11,Bin,7.0,7.1
New Mexico,1 wk ahead,percent,3.05933204988389e-11,Bin,7.1,7.2
New Mexico,1 wk ahead,percent,3.05933204988389e-11,Bin,7.2,7.3
New Mexico,1 wk ahead,percent,3.05933204988389e-11,Bin,7.3,7.4
New Mexico,1 wk ahead,percent,3.05933204988389e-11,Bin,7.4,7.5
New Mexico,1 wk ahead,percent,3.05933204988389e-11,Bin,7.5,7.6
New Mexico,1 wk ahead,percent,3.05933204988389e-11,Bin,7.6,7.7
New Mexico,1 wk ahead,percent,3.05933204988389e-11,Bin,7.7,7.8
New Mexico,1 wk ahead,percent,3.05933204988389e-11,Bin,7.8,7.9
New Mexico,1 wk ahead,percent,3.05933204988389e-11,Bin,7.9,8.0
New Mexico,1 wk ahead,percent,3.05933204988392e-11,Bin,8.0,8.1
New Mexico,1 wk ahead,percent,3.05933204988395e-11,Bin,8.1,8.2
New Mexico,1 wk ahead,percent,3.05933204988395e-11,Bin,8.2,8.3
New Mexico,1 wk ahead,percent,3.05933204988395e-11,Bin,8.3,8.4
New Mexico,1 wk ahead,percent,3.05933204988395e-11,Bin,8.4,8.5
New Mexico,1 wk ahead,percent,3.05933204988395e-11,Bin,8.5,8.6
New Mexico,1 wk ahead,percent,3.05933204988395e-11,Bin,8.6,8.7
New Mexico,1 wk ahead,percent,3.05933204988395e-11,Bin,8.7,8.8
New Mexico,1 wk ahead,percent,3.05933204988395e-11,Bin,8.8,8.9
New Mexico,1 wk ahead,percent,3.05933204988395e-11,Bin,8.9,9.0
New Mexico,1 wk ahead,percent,3.05933204988395e-11,Bin,9.0,9.1
New Mexico,1 wk ahead,percent,3.05933204988395e-11,Bin,9.1,9.2
New Mexico,1 wk ahead,percent,3.05933204988395e-11,Bin,9.2,9.3
New Mexico,1 wk ahead,percent,3.05933204988395e-11,Bin,9.3,9.4
New Mexico,1 wk ahead,percent,3.05933204988395e-11,Bin,9.4,9.5
New Mexico,1 wk ahead,percent,3.05933204988395e-11,Bin,9.5,9.6
New Mexico,1 wk ahead,percent,3.05933204988395e-11,Bin,9.6,9.7
New Mexico,1 wk ahead,percent,3.05933204988395e-11,Bin,9.7,9.8
New Mexico,1 wk ahead,percent,3.05933204988395e-11,Bin,9.8,9.9
New Mexico,1 wk ahead,percent,3.05933204988395e-11,Bin,9.9,10.0
New Mexico,1 wk ahead,percent,3.05933204988395e-11,Bin,10.0,10.1
New Mexico,1 wk ahead,percent,3.05933204988395e-11,Bin,10.1,10.2
New Mexico,1 wk ahead,percent,3.05933204988395e-11,Bin,10.2,10.3
New Mexico,1 wk ahead,percent,3.05933204988395e-11,Bin,10.3,10.4
New Mexico,1 wk ahead,percent,3.05933204988395e-11,Bin,10.4,10.5
New Mexico,1 wk ahead,percent,3.05933204988395e-11,Bin,10.5,10.6
New Mexico,1 wk ahead,percent,3.05933204988395e-11,Bin,10.6,10.7
New Mexico,1 wk ahead,percent,3.05933204988395e-11,Bin,10.7,10.8
New Mexico,1 wk ahead,percent,3.05933204988395e-11,Bin,10.8,10.9
New Mexico,1 wk ahead,percent,3.05933204988395e-11,Bin,10.9,11.0
New Mexico,1 wk ahead,percent,3.05933204988395e-11,Bin,11.0,11.1
New Mexico,1 wk ahead,percent,3.05933204988395e-11,Bin,11.1,11.2
New Mexico,1 wk ahead,percent,3.05933204988395e-11,Bin,11.2,11.3
New Mexico,1 wk ahead,percent,3.05933204988395e-11,Bin,11.3,11.4
New Mexico,1 wk ahead,percent,3.05933204988395e-11,Bin,11.4,11.5
New Mexico,1 wk ahead,percent,3.05933204988395e-11,Bin,11.5,11.6
New Mexico,1 wk ahead,percent,3.05933204988395e-11,Bin,11.6,11.7
New Mexico,1 wk ahead,percent,3.05933204988395e-11,Bin,11.7,11.8
New Mexico,1 wk ahead,percent,3.05933204988395e-11,Bin,11.8,11.9
New Mexico,1 wk ahead,percent,3.05933204988395e-11,Bin,11.9,12.0
New Mexico,1 wk ahead,percent,3.05933204988395e-11,Bin,12.0,12.1
New Mexico,1 wk ahead,percent,3.05933204988395e-11,Bin,12.1,12.2
New Mexico,1 wk ahead,percent,3.05933204988395e-11,Bin,12.2,12.3
New Mexico,1 wk ahead,percent,3.05933204988395e-11,Bin,12.3,12.4
New Mexico,1 wk ahead,percent,3.05933204988395e-11,Bin,12.4,12.5
New Mexico,1 wk ahead,percent,3.05933204988395e-11,Bin,12.5,12.6
New Mexico,1 wk ahead,percent,3.05933204988395e-11,Bin,12.6,12.7
New Mexico,1 wk ahead,percent,3.05933204988395e-11,Bin,12.7,12.8
New Mexico,1 wk ahead,percent,3.05933204988395e-11,Bin,12.8,12.9
New Mexico,1 wk ahead,percent,3.05933204988395e-11,Bin,12.9,13.0
New Mexico,1 wk ahead,percent,3.05933204988395e-11,Bin,13.0,100.0
New Mexico,2 wk ahead,percent,6.0714076035731e-11,Bin,0.0,0.1
New Mexico,2 wk ahead,percent,1.21428152071462e-10,Bin,0.1,0.2
New Mexico,2 wk ahead,percent,1.21428152071462e-10,Bin,0.2,0.3
New Mexico,2 wk ahead,percent,1.21428152071462e-10,Bin,0.3,0.4
New Mexico,2 wk ahead,percent,1.21428152071462e-10,Bin,0.4,0.5
New Mexico,2 wk ahead,percent,1.21428152071462e-10,Bin,0.5,0.6
New Mexico,2 wk ahead,percent,0.00399999982606671,Bin,0.6,0.7
New Mexico,2 wk ahead,percent,0.0119999992353438,Bin,0.7,0.8
New Mexico,2 wk ahead,percent,0.0379999973154945,Bin,0.8,0.9
New Mexico,2 wk ahead,percent,0.0959999930327536,Bin,0.9,1.0
New Mexico,2 wk ahead,percent,0.121999991112904,Bin,1.0,1.1
New Mexico,2 wk ahead,percent,0.117999991408266,Bin,1.1,1.2
New Mexico,2 wk ahead,percent,0.143999989488416,Bin,1.2,1.3
New Mexico,2 wk ahead,percent,0.153999990743009,Bin,1.3,1.4
New Mexico,2 wk ahead,percent,0.114000016780333,Bin,1.4,1.5
New Mexico,2 wk ahead,percent,0.0580000056671569,Bin,1.5,1.6
New Mexico,2 wk ahead,percent,0.0320000115686588,Bin,1.6,1.7
New Mexico,2 wk ahead,percent,0.0380000012769536,Bin,1.7,1.8
New Mexico,2 wk ahead,percent,0.0220000030637796,Bin,1.8,1.9
New Mexico,2 wk ahead,percent,0.0199999986379406,Bin,1.9,2.0
New Mexico,2 wk ahead,percent,0.0079999995195708,Bin,2.0,2.1
New Mexico,2 wk ahead,percent,0.00599999966725152,Bin,2.1,2.2
New Mexico,2 wk ahead,percent,0.00399999981493224,Bin,2.2,2.3
New Mexico,2 wk ahead,percent,0.00599999966725152,Bin,2.3,2.4
New Mexico,2 wk ahead,percent,1.1029368205913e-10,Bin,2.4,2.5
New Mexico,2 wk ahead,percent,1.1029368205913e-10,Bin,2.5,2.6
New Mexico,2 wk ahead,percent,0.00399999981493224,Bin,2.6,2.7
New Mexico,2 wk ahead,percent,1.1029368205913e-10,Bin,2.7,2.8
New Mexico,2 wk ahead,percent,1.1029368205913e-10,Bin,2.8,2.9
New Mexico,2 wk ahead,percent,1.1029368205913e-10,Bin,2.9,3.0
New Mexico,2 wk ahead,percent,1.1029368205913e-10,Bin,3.0,3.1
New Mexico,2 wk ahead,percent,1.1029368205913e-10,Bin,3.1,3.2
New Mexico,2 wk ahead,percent,1.1029368205913e-10,Bin,3.2,3.3
New Mexico,2 wk ahead,percent,1.1029368205913e-10,Bin,3.3,3.4
New Mexico,2 wk ahead,percent,1.1029368205913e-10,Bin,3.4,3.5
New Mexico,2 wk ahead,percent,1.1029368205913e-10,Bin,3.5,3.6
New Mexico,2 wk ahead,percent,1.1029368205913e-10,Bin,3.6,3.7
New Mexico,2 wk ahead,percent,1.1029368205913e-10,Bin,3.7,3.8
New Mexico,2 wk ahead,percent,1.1029368205913e-10,Bin,3.8,3.9
New Mexico,2 wk ahead,percent,1.1029368205913e-10,Bin,3.9,4.0
New Mexico,2 wk ahead,percent,1.1029368205913e-10,Bin,4.0,4.1
New Mexico,2 wk ahead,percent,1.1029368205913e-10,Bin,4.1,4.2
New Mexico,2 wk ahead,percent,1.1029368205913e-10,Bin,4.2,4.3
New Mexico,2 wk ahead,percent,1.1029368205913e-10,Bin,4.3,4.4
New Mexico,2 wk ahead,percent,1.1029368205913e-10,Bin,4.4,4.5
New Mexico,2 wk ahead,percent,1.1029368205913e-10,Bin,4.5,4.6
New Mexico,2 wk ahead,percent,1.1029368205913e-10,Bin,4.6,4.7
New Mexico,2 wk ahead,percent,1.1029368205913e-10,Bin,4.7,4.8
New Mexico,2 wk ahead,percent,1.1029368205913e-10,Bin,4.8,4.9
New Mexico,2 wk ahead,percent,1.1029368205913e-10,Bin,4.9,5.0
New Mexico,2 wk ahead,percent,1.1029368205913e-10,Bin,5.0,5.1
New Mexico,2 wk ahead,percent,1.1029368205913e-10,Bin,5.1,5.2
New Mexico,2 wk ahead,percent,1.1029368205913e-10,Bin,5.2,5.3
New Mexico,2 wk ahead,percent,1.1029368205913e-10,Bin,5.3,5.4
New Mexico,2 wk ahead,percent,1.1029368205913e-10,Bin,5.4,5.5
New Mexico,2 wk ahead,percent,1.1029368205913e-10,Bin,5.5,5.6
New Mexico,2 wk ahead,percent,1.1029368205913e-10,Bin,5.6,5.7
New Mexico,2 wk ahead,percent,1.1029368205913e-10,Bin,5.7,5.8
New Mexico,2 wk ahead,percent,1.1029368205913e-10,Bin,5.8,5.9
New Mexico,2 wk ahead,percent,1.1029368205913e-10,Bin,5.9,6.0
New Mexico,2 wk ahead,percent,1.1029368205913e-10,Bin,6.0,6.1
New Mexico,2 wk ahead,percent,1.1029368205913e-10,Bin,6.1,6.2
New Mexico,2 wk ahead,percent,1.1029368205913e-10,Bin,6.2,6.3
New Mexico,2 wk ahead,percent,1.1029368205913e-10,Bin,6.3,6.4
New Mexico,2 wk ahead,percent,1.1029368205913e-10,Bin,6.4,6.5
New Mexico,2 wk ahead,percent,1.1029368205913e-10,Bin,6.5,6.6
New Mexico,2 wk ahead,percent,1.1029368205913e-10,Bin,6.6,6.7
New Mexico,2 wk ahead,percent,1.1029368205913e-10,Bin,6.7,6.8
New Mexico,2 wk ahead,percent,1.1029368205913e-10,Bin,6.8,6.9
New Mexico,2 wk ahead,percent,1.1029368205913e-10,Bin,6.9,7.0
New Mexico,2 wk ahead,percent,1.1029368205913e-10,Bin,7.0,7.1
New Mexico,2 wk ahead,percent,1.1029368205913e-10,Bin,7.1,7.2
New Mexico,2 wk ahead,percent,1.1029368205913e-10,Bin,7.2,7.3
New Mexico,2 wk ahead,percent,1.1029368205913e-10,Bin,7.3,7.4
New Mexico,2 wk ahead,percent,1.1029368205913e-10,Bin,7.4,7.5
New Mexico,2 wk ahead,percent,1.1029368205913e-10,Bin,7.5,7.6
New Mexico,2 wk ahead,percent,1.1029368205913e-10,Bin,7.6,7.7
New Mexico,2 wk ahead,percent,1.1029368205913e-10,Bin,7.7,7.8
New Mexico,2 wk ahead,percent,1.1029368205913e-10,Bin,7.8,7.9
New Mexico,2 wk ahead,percent,1.1029368205913e-10,Bin,7.9,8.0
New Mexico,2 wk ahead,percent,1.10293682059131e-10,Bin,8.0,8.1
New Mexico,2 wk ahead,percent,1.10293682059132e-10,Bin,8.1,8.2
New Mexico,2 wk ahead,percent,1.10293682059132e-10,Bin,8.2,8.3
New Mexico,2 wk ahead,percent,1.10293682059132e-10,Bin,8.3,8.4
New Mexico,2 wk ahead,percent,1.10293682059132e-10,Bin,8.4,8.5
New Mexico,2 wk ahead,percent,1.10293682059132e-10,Bin,8.5,8.6
New Mexico,2 wk ahead,percent,1.10293682059132e-10,Bin,8.6,8.7
New Mexico,2 wk ahead,percent,1.10293682059132e-10,Bin,8.7,8.8
New Mexico,2 wk ahead,percent,1.10293682059132e-10,Bin,8.8,8.9
New Mexico,2 wk ahead,percent,1.10293682059132e-10,Bin,8.9,9.0
New Mexico,2 wk ahead,percent,1.10293682059132e-10,Bin,9.0,9.1
New Mexico,2 wk ahead,percent,1.10293682059132e-10,Bin,9.1,9.2
New Mexico,2 wk ahead,percent,1.10293682059132e-10,Bin,9.2,9.3
New Mexico,2 wk ahead,percent,1.10293682059132e-10,Bin,9.3,9.4
New Mexico,2 wk ahead,percent,1.10293682059132e-10,Bin,9.4,9.5
New Mexico,2 wk ahead,percent,1.10293682059132e-10,Bin,9.5,9.6
New Mexico,2 wk ahead,percent,1.10293682059132e-10,Bin,9.6,9.7
New Mexico,2 wk ahead,percent,1.10293682059132e-10,Bin,9.7,9.8
New Mexico,2 wk ahead,percent,1.10293682059132e-10,Bin,9.8,9.9
New Mexico,2 wk ahead,percent,1.10293682059132e-10,Bin,9.9,10.0
New Mexico,2 wk ahead,percent,1.10293682059132e-10,Bin,10.0,10.1
New Mexico,2 wk ahead,percent,1.10293682059132e-10,Bin,10.1,10.2
New Mexico,2 wk ahead,percent,1.10293682059132e-10,Bin,10.2,10.3
New Mexico,2 wk ahead,percent,1.10293682059132e-10,Bin,10.3,10.4
New Mexico,2 wk ahead,percent,1.10293682059132e-10,Bin,10.4,10.5
New Mexico,2 wk ahead,percent,1.10293682059132e-10,Bin,10.5,10.6
New Mexico,2 wk ahead,percent,1.10293682059132e-10,Bin,10.6,10.7
New Mexico,2 wk ahead,percent,1.10293682059132e-10,Bin,10.7,10.8
New Mexico,2 wk ahead,percent,1.10293682059132e-10,Bin,10.8,10.9
New Mexico,2 wk ahead,percent,1.10293682059132e-10,Bin,10.9,11.0
New Mexico,2 wk ahead,percent,1.10293682059132e-10,Bin,11.0,11.1
New Mexico,2 wk ahead,percent,1.10293682059132e-10,Bin,11.1,11.2
New Mexico,2 wk ahead,percent,1.10293682059132e-10,Bin,11.2,11.3
New Mexico,2 wk ahead,percent,1.10293682059132e-10,Bin,11.3,11.4
New Mexico,2 wk ahead,percent,1.10293682059132e-10,Bin,11.4,11.5
New Mexico,2 wk ahead,percent,1.10293682059132e-10,Bin,11.5,11.6
New Mexico,2 wk ahead,percent,1.10293682059132e-10,Bin,11.6,11.7
New Mexico,2 wk ahead,percent,1.10293682059132e-10,Bin,11.7,11.8
New Mexico,2 wk ahead,percent,1.10293682059132e-10,Bin,11.8,11.9
New Mexico,2 wk ahead,percent,1.10293682059132e-10,Bin,11.9,12.0
New Mexico,2 wk ahead,percent,1.10293682059132e-10,Bin,12.0,12.1
New Mexico,2 wk ahead,percent,1.10293682059132e-10,Bin,12.1,12.2
New Mexico,2 wk ahead,percent,1.10293682059132e-10,Bin,12.2,12.3
New Mexico,2 wk ahead,percent,1.10293682059132e-10,Bin,12.3,12.4
New Mexico,2 wk ahead,percent,1.10293682059132e-10,Bin,12.4,12.5
New Mexico,2 wk ahead,percent,1.10293682059132e-10,Bin,12.5,12.6
New Mexico,2 wk ahead,percent,1.10293682059132e-10,Bin,12.6,12.7
New Mexico,2 wk ahead,percent,1.10293682059132e-10,Bin,12.7,12.8
New Mexico,2 wk ahead,percent,1.10293682059132e-10,Bin,12.8,12.9
New Mexico,2 wk ahead,percent,1.10293682059132e-10,Bin,12.9,13.0
New Mexico,2 wk ahead,percent,1.10293682059132e-10,Bin,13.0,100.0
New Mexico,3 wk ahead,percent,4.81247892345895e-11,Bin,0.0,0.1
New Mexico,3 wk ahead,percent,9.6249578469179e-11,Bin,0.1,0.2
New Mexico,3 wk ahead,percent,9.6249578469179e-11,Bin,0.2,0.3
New Mexico,3 wk ahead,percent,9.6249578469179e-11,Bin,0.3,0.4
New Mexico,3 wk ahead,percent,0.00199999967543836,Bin,0.4,0.5
New Mexico,3 wk ahead,percent,0.00199999967543836,Bin,0.5,0.6
New Mexico,3 wk ahead,percent,0.0159999967297598,Bin,0.6,0.7
New Mexico,3 wk ahead,percent,0.023999995046515,Bin,0.7,0.8
New Mexico,3 wk ahead,percent,0.0819999828613841,Bin,0.8,0.9
New Mexico,3 wk ahead,percent,0.0939999809387098,Bin,0.9,1.0
New Mexico,3 wk ahead,percent,0.141999973697654,Bin,1.0,1.1
New Mexico,3 wk ahead,percent,0.133999982557598,Bin,1.1,1.2
New Mexico,3 wk ahead,percent,0.119999995907254,Bin,1.2,1.3
New Mexico,3 wk ahead,percent,0.118000004565128,Bin,1.3,1.4
New Mexico,3 wk ahead,percent,0.0800000143075397,Bin,1.4,1.5
New Mexico,3 wk ahead,percent,0.0540000183804586,Bin,1.5,1.6
New Mexico,3 wk ahead,percent,0.0500000180490957,Bin,1.6,1.7
New Mexico,3 wk ahead,percent,0.01800001860365,Bin,1.7,1.8
New Mexico,3 wk ahead,percent,0.0160000079871164,Bin,1.8,1.9
New Mexico,3 wk ahead,percent,0.0179999995746152,Bin,1.9,2.0
New Mexico,3 wk ahead,percent,0.00999999845366598,Bin,2.0,2.1
New Mexico,3 wk ahead,percent,0.00599999889084106,Bin,2.1,2.2
New Mexico,3 wk ahead,percent,0.00599999889084106,Bin,2.2,2.3
New Mexico,3 wk ahead,percent,1.53274712513428e-10,Bin,2.3,2.4
New Mexico,3 wk ahead,percent,0.00399999931165228,Bin,2.4,2.5
New Mexico,3 wk ahead,percent,1.53274712513428e-10,Bin,2.5,2.6
New Mexico,3 wk ahead,percent,1.53274712513428e-10,Bin,2.6,2.7
New Mexico,3 wk ahead,percent,0.0019999997324635,Bin,2.7,2.8
New Mexico,3 wk ahead,percent,1.53274712513428e-10,Bin,2.8,2.9
New Mexico,3 wk ahead,percent,1.53274712513428e-10,Bin,2.9,3.0
New Mexico,3 wk ahead,percent,1.53274712513428e-10,Bin,3.0,3.1
New Mexico,3 wk ahead,percent,1.53274712513428e-10,Bin,3.1,3.2
New Mexico,3 wk ahead,percent,1.53274712513428e-10,Bin,3.2,3.3
New Mexico,3 wk ahead,percent,1.53274712513428e-10,Bin,3.3,3.4
New Mexico,3 wk ahead,percent,1.53274712513428e-10,Bin,3.4,3.5
New Mexico,3 wk ahead,percent,1.53274712513428e-10,Bin,3.5,3.6
New Mexico,3 wk ahead,percent,1.53274712513428e-10,Bin,3.6,3.7
New Mexico,3 wk ahead,percent,1.53274712513428e-10,Bin,3.7,3.8
New Mexico,3 wk ahead,percent,1.53274712513428e-10,Bin,3.8,3.9
New Mexico,3 wk ahead,percent,0.0019999997324635,Bin,3.9,4.0
New Mexico,3 wk ahead,percent,1.53274712513428e-10,Bin,4.0,4.1
New Mexico,3 wk ahead,percent,1.53274712513428e-10,Bin,4.1,4.2
New Mexico,3 wk ahead,percent,1.53274712513428e-10,Bin,4.2,4.3
New Mexico,3 wk ahead,percent,1.53274712513428e-10,Bin,4.3,4.4
New Mexico,3 wk ahead,percent,1.53274712513428e-10,Bin,4.4,4.5
New Mexico,3 wk ahead,percent,1.53274712513428e-10,Bin,4.5,4.6
New Mexico,3 wk ahead,percent,1.53274712513428e-10,Bin,4.6,4.7
New Mexico,3 wk ahead,percent,1.53274712513428e-10,Bin,4.7,4.8
New Mexico,3 wk ahead,percent,1.53274712513428e-10,Bin,4.8,4.9
New Mexico,3 wk ahead,percent,1.53274712513428e-10,Bin,4.9,5.0
New Mexico,3 wk ahead,percent,1.53274712513428e-10,Bin,5.0,5.1
New Mexico,3 wk ahead,percent,1.53274712513428e-10,Bin,5.1,5.2
New Mexico,3 wk ahead,percent,1.53274712513428e-10,Bin,5.2,5.3
New Mexico,3 wk ahead,percent,1.53274712513428e-10,Bin,5.3,5.4
New Mexico,3 wk ahead,percent,1.53274712513428e-10,Bin,5.4,5.5
New Mexico,3 wk ahead,percent,1.53274712513428e-10,Bin,5.5,5.6
New Mexico,3 wk ahead,percent,1.53274712513428e-10,Bin,5.6,5.7
New Mexico,3 wk ahead,percent,1.53274712513428e-10,Bin,5.7,5.8
New Mexico,3 wk ahead,percent,1.53274712513428e-10,Bin,5.8,5.9
New Mexico,3 wk ahead,percent,1.53274712513428e-10,Bin,5.9,6.0
New Mexico,3 wk ahead,percent,1.53274712513428e-10,Bin,6.0,6.1
New Mexico,3 wk ahead,percent,1.53274712513428e-10,Bin,6.1,6.2
New Mexico,3 wk ahead,percent,1.53274712513428e-10,Bin,6.2,6.3
New Mexico,3 wk ahead,percent,1.53274712513428e-10,Bin,6.3,6.4
New Mexico,3 wk ahead,percent,1.53274712513428e-10,Bin,6.4,6.5
New Mexico,3 wk ahead,percent,1.53274712513428e-10,Bin,6.5,6.6
New Mexico,3 wk ahead,percent,1.53274712513428e-10,Bin,6.6,6.7
New Mexico,3 wk ahead,percent,1.53274712513428e-10,Bin,6.7,6.8
New Mexico,3 wk ahead,percent,1.53274712513428e-10,Bin,6.8,6.9
New Mexico,3 wk ahead,percent,1.53274712513428e-10,Bin,6.9,7.0
New Mexico,3 wk ahead,percent,1.53274712513428e-10,Bin,7.0,7.1
New Mexico,3 wk ahead,percent,1.53274712513428e-10,Bin,7.1,7.2
New Mexico,3 wk ahead,percent,1.53274712513428e-10,Bin,7.2,7.3
New Mexico,3 wk ahead,percent,1.53274712513428e-10,Bin,7.3,7.4
New Mexico,3 wk ahead,percent,1.53274712513428e-10,Bin,7.4,7.5
New Mexico,3 wk ahead,percent,1.53274712513428e-10,Bin,7.5,7.6
New Mexico,3 wk ahead,percent,1.53274712513428e-10,Bin,7.6,7.7
New Mexico,3 wk ahead,percent,1.53274712513428e-10,Bin,7.7,7.8
New Mexico,3 wk ahead,percent,1.53274712513428e-10,Bin,7.8,7.9
New Mexico,3 wk ahead,percent,1.53274712513428e-10,Bin,7.9,8.0
New Mexico,3 wk ahead,percent,1.53274712513429e-10,Bin,8.0,8.1
New Mexico,3 wk ahead,percent,1.53274712513431e-10,Bin,8.1,8.2
New Mexico,3 wk ahead,percent,1.53274712513431e-10,Bin,8.2,8.3
New Mexico,3 wk ahead,percent,1.53274712513431e-10,Bin,8.3,8.4
New Mexico,3 wk ahead,percent,1.53274712513431e-10,Bin,8.4,8.5
New Mexico,3 wk ahead,percent,1.53274712513431e-10,Bin,8.5,8.6
New Mexico,3 wk ahead,percent,1.53274712513431e-10,Bin,8.6,8.7
New Mexico,3 wk ahead,percent,1.53274712513431e-10,Bin,8.7,8.8
New Mexico,3 wk ahead,percent,1.53274712513431e-10,Bin,8.8,8.9
New Mexico,3 wk ahead,percent,1.53274712513431e-10,Bin,8.9,9.0
New Mexico,3 wk ahead,percent,1.53274712513431e-10,Bin,9.0,9.1
New Mexico,3 wk ahead,percent,1.53274712513431e-10,Bin,9.1,9.2
New Mexico,3 wk ahead,percent,1.53274712513431e-10,Bin,9.2,9.3
New Mexico,3 wk ahead,percent,1.53274712513431e-10,Bin,9.3,9.4
New Mexico,3 wk ahead,percent,1.53274712513431e-10,Bin,9.4,9.5
New Mexico,3 wk ahead,percent,1.53274712513431e-10,Bin,9.5,9.6
New Mexico,3 wk ahead,percent,1.53274712513431e-10,Bin,9.6,9.7
New Mexico,3 wk ahead,percent,1.53274712513431e-10,Bin,9.7,9.8
New Mexico,3 wk ahead,percent,1.53274712513431e-10,Bin,9.8,9.9
New Mexico,3 wk ahead,percent,1.53274712513431e-10,Bin,9.9,10.0
New Mexico,3 wk ahead,percent,1.53274712513431e-10,Bin,10.0,10.1
New Mexico,3 wk ahead,percent,1.53274712513431e-10,Bin,10.1,10.2
New Mexico,3 wk ahead,percent,1.53274712513431e-10,Bin,10.2,10.3
New Mexico,3 wk ahead,percent,1.53274712513431e-10,Bin,10.3,10.4
New Mexico,3 wk ahead,percent,1.53274712513431e-10,Bin,10.4,10.5
New Mexico,3 wk ahead,percent,1.53274712513431e-10,Bin,10.5,10.6
New Mexico,3 wk ahead,percent,1.53274712513431e-10,Bin,10.6,10.7
New Mexico,3 wk ahead,percent,1.53274712513431e-10,Bin,10.7,10.8
New Mexico,3 wk ahead,percent,1.53274712513431e-10,Bin,10.8,10.9
New Mexico,3 wk ahead,percent,1.53274712513431e-10,Bin,10.9,11.0
New Mexico,3 wk ahead,percent,1.53274712513431e-10,Bin,11.0,11.1
New Mexico,3 wk ahead,percent,1.53274712513431e-10,Bin,11.1,11.2
New Mexico,3 wk ahead,percent,1.53274712513431e-10,Bin,11.2,11.3
New Mexico,3 wk ahead,percent,1.53274712513431e-10,Bin,11.3,11.4
New Mexico,3 wk ahead,percent,1.53274712513431e-10,Bin,11.4,11.5
New Mexico,3 wk ahead,percent,1.53274712513431e-10,Bin,11.5,11.6
New Mexico,3 wk ahead,percent,1.53274712513431e-10,Bin,11.6,11.7
New Mexico,3 wk ahead,percent,1.53274712513431e-10,Bin,11.7,11.8
New Mexico,3 wk ahead,percent,1.53274712513431e-10,Bin,11.8,11.9
New Mexico,3 wk ahead,percent,1.53274712513431e-10,Bin,11.9,12.0
New Mexico,3 wk ahead,percent,1.53274712513431e-10,Bin,12.0,12.1
New Mexico,3 wk ahead,percent,1.53274712513431e-10,Bin,12.1,12.2
New Mexico,3 wk ahead,percent,1.53274712513431e-10,Bin,12.2,12.3
New Mexico,3 wk ahead,percent,1.53274712513431e-10,Bin,12.3,12.4
New Mexico,3 wk ahead,percent,1.53274712513431e-10,Bin,12.4,12.5
New Mexico,3 wk ahead,percent,1.53274712513431e-10,Bin,12.5,12.6
New Mexico,3 wk ahead,percent,1.53274712513431e-10,Bin,12.6,12.7
New Mexico,3 wk ahead,percent,1.53274712513431e-10,Bin,12.7,12.8
New Mexico,3 wk ahead,percent,1.53274712513431e-10,Bin,12.8,12.9
New Mexico,3 wk ahead,percent,1.53274712513431e-10,Bin,12.9,13.0
New Mexico,3 wk ahead,percent,1.53274712513431e-10,Bin,13.0,100.0
New Mexico,4 wk ahead,percent,2.79453962478846e-11,Bin,0.0,0.1
New Mexico,4 wk ahead,percent,5.58907924957692e-11,Bin,0.1,0.2
New Mexico,4 wk ahead,percent,5.58907924957692e-11,Bin,0.2,0.3
New Mexico,4 wk ahead,percent,5.58907924957692e-11,Bin,0.3,0.4
New Mexico,4 wk ahead,percent,0.00199999968095355,Bin,0.4,0.5
New Mexico,4 wk ahead,percent,0.00399999956408652,Bin,0.5,0.6
New Mexico,4 wk ahead,percent,0.00999999911634493,Bin,0.6,0.7
New Mexico,4 wk ahead,percent,0.057999990554672,Bin,0.7,0.8
New Mexico,4 wk ahead,percent,0.0919999853679162,Bin,0.8,0.9
New Mexico,4 wk ahead,percent,0.111999982981176,Bin,0.9,1.0
New Mexico,4 wk ahead,percent,0.117999983209473,Bin,1.0,1.1
New Mexico,4 wk ahead,percent,0.145999978761842,Bin,1.1,1.2
New Mexico,4 wk ahead,percent,0.117999986067711,Bin,1.2,1.3
New Mexico,4 wk ahead,percent,0.123999986358239,Bin,1.3,1.4
New Mexico,4 wk ahead,percent,0.0719999994874433,Bin,1.4,1.5
New Mexico,4 wk ahead,percent,0.0380000092017253,Bin,1.5,1.6
New Mexico,4 wk ahead,percent,0.0300000120586093,Bin,1.6,1.7
New Mexico,4 wk ahead,percent,0.0280000113302978,Bin,1.7,1.8
New Mexico,4 wk ahead,percent,0.0180000113680824,Bin,1.8,1.9
New Mexico,4 wk ahead,percent,0.00800001224884721,Bin,1.9,2.0
New Mexico,4 wk ahead,percent,0.0100000114099232,Bin,2.0,2.1
New Mexico,4 wk ahead,percent,0.00200001205858005,Bin,2.1,2.2
New Mexico,4 wk ahead,percent,0.00200000943354415,Bin,2.2,2.3
New Mexico,4 wk ahead,percent,0.0020000057789962,Bin,2.3,2.4
New Mexico,4 wk ahead,percent,0.00400000214577331,Bin,2.4,2.5
New Mexico,4 wk ahead,percent,1.07669477906438e-09,Bin,2.5,2.6
New Mexico,4 wk ahead,percent,2.87597768874153e-10,Bin,2.6,2.7
New Mexico,4 wk ahead,percent,1.03438954893071e-10,Bin,2.7,2.8
New Mexico,4 wk ahead,percent,1.02641189848055e-10,Bin,2.8,2.9
New Mexico,4 wk ahead,percent,0.00199999968301267,Bin,2.9,3.0
New Mexico,4 wk ahead,percent,1.02641189848055e-10,Bin,3.0,3.1
New Mexico,4 wk ahead,percent,1.02641189848055e-10,Bin,3.1,3.2
New Mexico,4 wk ahead,percent,1.02641189848055e-10,Bin,3.2,3.3
New Mexico,4 wk ahead,percent,1.02641189848055e-10,Bin,3.3,3.4
New Mexico,4 wk ahead,percent,1.02641189848055e-10,Bin,3.4,3.5
New Mexico,4 wk ahead,percent,1.02641189848055e-10,Bin,3.5,3.6
New Mexico,4 wk ahead,percent,1.02641189848055e-10,Bin,3.6,3.7
New Mexico,4 wk ahead,percent,1.02641189848055e-10,Bin,3.7,3.8
New Mexico,4 wk ahead,percent,1.02641189848055e-10,Bin,3.8,3.9
New Mexico,4 wk ahead,percent,1.02641189848055e-10,Bin,3.9,4.0
New Mexico,4 wk ahead,percent,1.02641189848055e-10,Bin,4.0,4.1
New Mexico,4 wk ahead,percent,1.02641189848055e-10,Bin,4.1,4.2
New Mexico,4 wk ahead,percent,1.02641189848055e-10,Bin,4.2,4.3
New Mexico,4 wk ahead,percent,1.02641189848055e-10,Bin,4.3,4.4
New Mexico,4 wk ahead,percent,1.02641189848055e-10,Bin,4.4,4.5
New Mexico,4 wk ahead,percent,1.02641189848055e-10,Bin,4.5,4.6
New Mexico,4 wk ahead,percent,1.02641189848055e-10,Bin,4.6,4.7
New Mexico,4 wk ahead,percent,1.02641189848055e-10,Bin,4.7,4.8
New Mexico,4 wk ahead,percent,1.02641189848055e-10,Bin,4.8,4.9
New Mexico,4 wk ahead,percent,1.02641189848055e-10,Bin,4.9,5.0
New Mexico,4 wk ahead,percent,1.02641189848055e-10,Bin,5.0,5.1
New Mexico,4 wk ahead,percent,1.02641189848055e-10,Bin,5.1,5.2
New Mexico,4 wk ahead,percent,1.02641189848055e-10,Bin,5.2,5.3
New Mexico,4 wk ahead,percent,1.02641189848055e-10,Bin,5.3,5.4
New Mexico,4 wk ahead,percent,1.02641189848055e-10,Bin,5.4,5.5
New Mexico,4 wk ahead,percent,1.02641189848055e-10,Bin,5.5,5.6
New Mexico,4 wk ahead,percent,1.02641189848055e-10,Bin,5.6,5.7
New Mexico,4 wk ahead,percent,1.02641189848055e-10,Bin,5.7,5.8
New Mexico,4 wk ahead,percent,1.02641189848055e-10,Bin,5.8,5.9
New Mexico,4 wk ahead,percent,1.02641189848055e-10,Bin,5.9,6.0
New Mexico,4 wk ahead,percent,1.02641189848055e-10,Bin,6.0,6.1
New Mexico,4 wk ahead,percent,1.02641189848055e-10,Bin,6.1,6.2
New Mexico,4 wk ahead,percent,1.02641189848055e-10,Bin,6.2,6.3
New Mexico,4 wk ahead,percent,1.02641189848055e-10,Bin,6.3,6.4
New Mexico,4 wk ahead,percent,1.02641189848055e-10,Bin,6.4,6.5
New Mexico,4 wk ahead,percent,1.02641189848055e-10,Bin,6.5,6.6
New Mexico,4 wk ahead,percent,1.02641189848055e-10,Bin,6.6,6.7
New Mexico,4 wk ahead,percent,1.02641189848055e-10,Bin,6.7,6.8
New Mexico,4 wk ahead,percent,1.02641189848055e-10,Bin,6.8,6.9
New Mexico,4 wk ahead,percent,1.02641189848055e-10,Bin,6.9,7.0
New Mexico,4 wk ahead,percent,1.02641189848055e-10,Bin,7.0,7.1
New Mexico,4 wk ahead,percent,1.02641189848055e-10,Bin,7.1,7.2
New Mexico,4 wk ahead,percent,1.02641189848055e-10,Bin,7.2,7.3
New Mexico,4 wk ahead,percent,1.02641189848055e-10,Bin,7.3,7.4
New Mexico,4 wk ahead,percent,1.02641189848055e-10,Bin,7.4,7.5
New Mexico,4 wk ahead,percent,1.02641189848055e-10,Bin,7.5,7.6
New Mexico,4 wk ahead,percent,1.02641189848055e-10,Bin,7.6,7.7
New Mexico,4 wk ahead,percent,1.02641189848055e-10,Bin,7.7,7.8
New Mexico,4 wk ahead,percent,1.02641189848055e-10,Bin,7.8,7.9
New Mexico,4 wk ahead,percent,1.02641189848055e-10,Bin,7.9,8.0
New Mexico,4 wk ahead,percent,1.02641189848056e-10,Bin,8.0,8.1
New Mexico,4 wk ahead,percent,1.02641189848057e-10,Bin,8.1,8.2
New Mexico,4 wk ahead,percent,1.02641189848057e-10,Bin,8.2,8.3
New Mexico,4 wk ahead,percent,1.02641189848057e-10,Bin,8.3,8.4
New Mexico,4 wk ahead,percent,1.02641189848057e-10,Bin,8.4,8.5
New Mexico,4 wk ahead,percent,1.02641189848057e-10,Bin,8.5,8.6
New Mexico,4 wk ahead,percent,1.02641189848057e-10,Bin,8.6,8.7
New Mexico,4 wk ahead,percent,1.02641189848057e-10,Bin,8.7,8.8
New Mexico,4 wk ahead,percent,1.02641189848057e-10,Bin,8.8,8.9
New Mexico,4 wk ahead,percent,1.02641189848057e-10,Bin,8.9,9.0
New Mexico,4 wk ahead,percent,1.02641189848057e-10,Bin,9.0,9.1
New Mexico,4 wk ahead,percent,1.02641189848057e-10,Bin,9.1,9.2
New Mexico,4 wk ahead,percent,1.02641189848057e-10,Bin,9.2,9.3
New Mexico,4 wk ahead,percent,1.02641189848057e-10,Bin,9.3,9.4
New Mexico,4 wk ahead,percent,1.02641189848057e-10,Bin,9.4,9.5
New Mexico,4 wk ahead,percent,1.02641189848057e-10,Bin,9.5,9.6
New Mexico,4 wk ahead,percent,1.02641189848057e-10,Bin,9.6,9.7
New Mexico,4 wk ahead,percent,1.02641189848057e-10,Bin,9.7,9.8
New Mexico,4 wk ahead,percent,1.02641189848057e-10,Bin,9.8,9.9
New Mexico,4 wk ahead,percent,1.02641189848057e-10,Bin,9.9,10.0
New Mexico,4 wk ahead,percent,1.02641189848057e-10,Bin,10.0,10.1
New Mexico,4 wk ahead,percent,1.02641189848057e-10,Bin,10.1,10.2
New Mexico,4 wk ahead,percent,1.02641189848057e-10,Bin,10.2,10.3
New Mexico,4 wk ahead,percent,1.02641189848057e-10,Bin,10.3,10.4
New Mexico,4 wk ahead,percent,1.02641189848057e-10,Bin,10.4,10.5
New Mexico,4 wk ahead,percent,1.02641189848057e-10,Bin,10.5,10.6
New Mexico,4 wk ahead,percent,1.02641189848057e-10,Bin,10.6,10.7
New Mexico,4 wk ahead,percent,1.02641189848057e-10,Bin,10.7,10.8
New Mexico,4 wk ahead,percent,1.02641189848057e-10,Bin,10.8,10.9
New Mexico,4 wk ahead,percent,1.02641189848057e-10,Bin,10.9,11.0
New Mexico,4 wk ahead,percent,1.02641189848057e-10,Bin,11.0,11.1
New Mexico,4 wk ahead,percent,1.02641189848057e-10,Bin,11.1,11.2
New Mexico,4 wk ahead,percent,1.02641189848057e-10,Bin,11.2,11.3
New Mexico,4 wk ahead,percent,1.02641189848057e-10,Bin,11.3,11.4
New Mexico,4 wk ahead,percent,1.02641189848057e-10,Bin,11.4,11.5
New Mexico,4 wk ahead,percent,1.02641189848057e-10,Bin,11.5,11.6
New Mexico,4 wk ahead,percent,1.02641189848057e-10,Bin,11.6,11.7
New Mexico,4 wk ahead,percent,1.02641189848057e-10,Bin,11.7,11.8
New Mexico,4 wk ahead,percent,1.02641189848057e-10,Bin,11.8,11.9
New Mexico,4 wk ahead,percent,1.02641189848057e-10,Bin,11.9,12.0
New Mexico,4 wk ahead,percent,1.02641189848057e-10,Bin,12.0,12.1
New Mexico,4 wk ahead,percent,1.02641189848057e-10,Bin,12.1,12.2
New Mexico,4 wk ahead,percent,1.02641189848057e-10,Bin,12.2,12.3
New Mexico,4 wk ahead,percent,1.02641189848057e-10,Bin,12.3,12.4
New Mexico,4 wk ahead,percent,1.02641189848057e-10,Bin,12.4,12.5
New Mexico,4 wk ahead,percent,1.02641189848057e-10,Bin,12.5,12.6
New Mexico,4 wk ahead,percent,1.02641189848057e-10,Bin,12.6,12.7
New Mexico,4 wk ahead,percent,1.02641189848057e-10,Bin,12.7,12.8
New Mexico,4 wk ahead,percent,1.02641189848057e-10,Bin,12.8,12.9
New Mexico,4 wk ahead,percent,1.02641189848057e-10,Bin,12.9,13.0
New Mexico,4 wk ahead,percent,1.02641189848057e-10,Bin,13.0,100.0
New Mexico,Season peak percentage,percent,6.9891402385044e-14,Bin,0.0,0.1
New Mexico,Season peak percentage,percent,1.39782804770088e-13,Bin,0.1,0.2
New Mexico,Season peak percentage,percent,1.39782804770088e-13,Bin,0.2,0.3
New Mexico,Season peak percentage,percent,1.39782804770088e-13,Bin,0.3,0.4
New Mexico,Season peak percentage,percent,1.39782804770088e-13,Bin,0.4,0.5
New Mexico,Season peak percentage,percent,1.39782804770088e-13,Bin,0.5,0.6
New Mexico,Season peak percentage,percent,1.39782804770088e-13,Bin,0.6,0.7
New Mexico,Season peak percentage,percent,1.39782804770088e-13,Bin,0.7,0.8
New Mexico,Season peak percentage,percent,1.39782804770088e-13,Bin,0.8,0.9
New Mexico,Season peak percentage,percent,1.39782804770088e-13,Bin,0.9,1.0
New Mexico,Season peak percentage,percent,1.39782804770088e-13,Bin,1.0,1.1
New Mexico,Season peak percentage,percent,1.39782804770088e-13,Bin,1.1,1.2
New Mexico,Season peak percentage,percent,1.39782804770088e-13,Bin,1.2,1.3
New Mexico,Season peak percentage,percent,1.39782804770088e-13,Bin,1.3,1.4
New Mexico,Season peak percentage,percent,1.39782804770088e-13,Bin,1.4,1.5
New Mexico,Season peak percentage,percent,1.39782804770088e-13,Bin,1.5,1.6
New Mexico,Season peak percentage,percent,1.39782804770088e-13,Bin,1.6,1.7
New Mexico,Season peak percentage,percent,1.39782804770088e-13,Bin,1.7,1.8
New Mexico,Season peak percentage,percent,1.39782804770088e-13,Bin,1.8,1.9
New Mexico,Season peak percentage,percent,1.39782804770088e-13,Bin,1.9,2.0
New Mexico,Season peak percentage,percent,1.39782804770088e-13,Bin,2.0,2.1
New Mexico,Season peak percentage,percent,1.39782804770088e-13,Bin,2.1,2.2
New Mexico,Season peak percentage,percent,1.39782804770088e-13,Bin,2.2,2.3
New Mexico,Season peak percentage,percent,1.39782804770088e-13,Bin,2.3,2.4
New Mexico,Season peak percentage,percent,1.39782804770088e-13,Bin,2.4,2.5
New Mexico,Season peak percentage,percent,1.75739963413019e-13,Bin,2.5,2.6
New Mexico,Season peak percentage,percent,3.42513994365737e-13,Bin,2.6,2.7
New Mexico,Season peak percentage,percent,6.38528644614765e-13,Bin,2.7,2.8
New Mexico,Season peak percentage,percent,1.12184053837493e-12,Bin,2.8,2.9
New Mexico,Season peak percentage,percent,1.85737120311069e-12,Bin,2.9,3.0
New Mexico,Season peak percentage,percent,2.89825101838861e-12,Bin,3.0,3.1
New Mexico,Season peak percentage,percent,4.26223720229166e-12,Bin,3.1,3.2
New Mexico,Season peak percentage,percent,5.9078217985469e-12,Bin,3.2,3.3
New Mexico,Season peak percentage,percent,7.71936021106266e-12,Bin,3.3,3.4
New Mexico,Season peak percentage,percent,9.51095338527278e-12,Bin,3.4,3.5
New Mexico,Season peak percentage,percent,1.10567505706675e-11,Bin,3.5,3.6
New Mexico,Season peak percentage,percent,1.21436149249188e-11,Bin,3.6,3.7
New Mexico,Season peak percentage,percent,1.26339547445986e-11,Bin,3.7,3.8
New Mexico,Season peak percentage,percent,1.25180852474061e-11,Bin,3.8,3.9
New Mexico,Season peak percentage,percent,1.19369885558975e-11,Bin,3.9,4.0
New Mexico,Season peak percentage,percent,1.11664483794442e-11,Bin,4.0,4.1
New Mexico,Season peak percentage,percent,1.05615981691936e-11,Bin,4.1,4.2
New Mexico,Season peak percentage,percent,1.04774543089255e-11,Bin,4.2,4.3
New Mexico,Season peak percentage,percent,1.11805291637725e-11,Bin,4.3,4.4
New Mexico,Season peak percentage,percent,1.27739976013204e-11,Bin,4.4,4.5
New Mexico,Season peak percentage,percent,1.5153758846911e-11,Bin,4.5,4.6
New Mexico,Season peak percentage,percent,1.80072320482355e-11,Bin,4.6,4.7
New Mexico,Season peak percentage,percent,2.08656310552158e-11,Bin,4.7,4.8
New Mexico,Season peak percentage,percent,2.32000466948936e-11,Bin,4.8,4.9
New Mexico,Season peak percentage,percent,2.45450618188046e-11,Bin,4.9,5.0
New Mexico,Season peak percentage,percent,2.46131941645055e-11,Bin,5.0,5.1
New Mexico,Season peak percentage,percent,2.33709494492114e-11,Bin,5.1,5.2
New Mexico,Season peak percentage,percent,2.10492094228698e-11,Bin,5.2,5.3
New Mexico,Season peak percentage,percent,1.80901745844679e-11,Bin,5.3,5.4
New Mexico,Season peak percentage,percent,1.50524679537083e-11,Bin,5.4,5.5
New Mexico,Season peak percentage,percent,1.25042984853465e-11,Bin,5.5,5.6
New Mexico,Season peak percentage,percent,1.09356308751497e-11,Bin,5.6,5.7
New Mexico,Season peak percentage,percent,1.06984144432295e-11,Bin,5.7,5.8
New Mexico,Season peak percentage,percent,1.19716880647168e-11,Bin,5.8,5.9
New Mexico,Season peak percentage,percent,1.4743226526937e-11,Bin,5.9,6.0
New Mexico,Season peak percentage,percent,1.87995091581998e-11,Bin,6.0,6.1
New Mexico,Season peak percentage,percent,2.37317979091664e-11,Bin,6.1,6.2
New Mexico,Season peak percentage,percent,2.89731065494507e-11,Bin,6.2,6.3
New Mexico,Season peak percentage,percent,3.38718141236817e-11,Bin,6.3,6.4
New Mexico,Season peak percentage,percent,3.78003176091508e-11,Bin,6.4,6.5
New Mexico,Season peak percentage,percent,4.02690961592372e-11,Bin,6.5,6.6
New Mexico,Season peak percentage,percent,4.10171305759667e-11,Bin,6.6,6.7
New Mexico,Season peak percentage,percent,4.00422817877815e-11,Bin,6.7,6.8
New Mexico,Season peak percentage,percent,3.75704263905459e-11,Bin,6.8,6.9
New Mexico,Season peak percentage,percent,3.39766382087337e-11,Bin,6.9,7.0
New Mexico,Season peak percentage,percent,2.9688898731875e-11,Bin,7.0,7.1
New Mexico,Season peak percentage,percent,2.51089506250394e-11,Bin,7.1,7.2
New Mexico,Season peak percentage,percent,2.05666056627508e-11,Bin,7.2,7.3
New Mexico,Season peak percentage,percent,1.63059232676488e-11,Bin,7.3,7.4
New Mexico,Season peak percentage,percent,1.24920685128533e-11,Bin,7.4,7.5
New Mexico,Season peak percentage,percent,9.22403507004957e-12,Bin,7.5,7.6
New Mexico,Season peak percentage,percent,6.54434625597486e-12,Bin,7.6,7.7
New Mexico,Season peak percentage,percent,4.44752241415614e-12,Bin,7.7,7.8
New Mexico,Season peak percentage,percent,2.88631468098409e-12,Bin,7.8,7.9
New Mexico,Season peak percentage,percent,1.78403127724e-12,Bin,7.9,8.0
New Mexico,Season peak percentage,percent,1.04793242327254e-12,Bin,8.0,8.1
New Mexico,Season peak percentage,percent,5.8381924918695e-13,Bin,8.1,8.2
New Mexico,Season peak percentage,percent,3.0806261850365e-13,Bin,8.2,8.3
New Mexico,Season peak percentage,percent,1.56104670924928e-13,Bin,8.3,8.4
New Mexico,Season peak percentage,percent,1.23701967109854e-13,Bin,8.4,8.5
New Mexico,Season peak percentage,percent,1.23701967109854e-13,Bin,8.5,8.6
New Mexico,Season peak percentage,percent,1.23701967109854e-13,Bin,8.6,8.7
New Mexico,Season peak percentage,percent,1.23701967109854e-13,Bin,8.7,8.8
New Mexico,Season peak percentage,percent,1.23701967109854e-13,Bin,8.8,8.9
New Mexico,Season peak percentage,percent,1.23701967109854e-13,Bin,8.9,9.0
New Mexico,Season peak percentage,percent,1.23701967109854e-13,Bin,9.0,9.1
New Mexico,Season peak percentage,percent,1.23701967109854e-13,Bin,9.1,9.2
New Mexico,Season peak percentage,percent,1.23701967109854e-13,Bin,9.2,9.3
New Mexico,Season peak percentage,percent,1.23701967109854e-13,Bin,9.3,9.4
New Mexico,Season peak percentage,percent,1.23701967109854e-13,Bin,9.4,9.5
New Mexico,Season peak percentage,percent,1.23701967109854e-13,Bin,9.5,9.6
New Mexico,Season peak percentage,percent,1.23701967109854e-13,Bin,9.6,9.7
New Mexico,Season peak percentage,percent,1.23701967109854e-13,Bin,9.7,9.8
New Mexico,Season peak percentage,percent,1.23701967109854e-13,Bin,9.8,9.9
New Mexico,Season peak percentage,percent,0.999999999108004,Bin,9.9,10.0
New Mexico,Season peak percentage,percent,1.23701967109854e-13,Bin,10.0,10.1
New Mexico,Season peak percentage,percent,1.23701967109854e-13,Bin,10.1,10.2
New Mexico,Season peak percentage,percent,1.23701967109854e-13,Bin,10.2,10.3
New Mexico,Season peak percentage,percent,1.23701967109854e-13,Bin,10.3,10.4
New Mexico,Season peak percentage,percent,1.23701967109854e-13,Bin,10.4,10.5
New Mexico,Season peak percentage,percent,1.23701967109854e-13,Bin,10.5,10.6
New Mexico,Season peak percentage,percent,1.23701967109854e-13,Bin,10.6,10.7
New Mexico,Season peak percentage,percent,1.23701967109854e-13,Bin,10.7,10.8
New Mexico,Season peak percentage,percent,1.23701967109854e-13,Bin,10.8,10.9
New Mexico,Season peak percentage,percent,1.23701967109854e-13,Bin,10.9,11.0
New Mexico,Season peak percentage,percent,1.23701967109854e-13,Bin,11.0,11.1
New Mexico,Season peak percentage,percent,1.23701967109854e-13,Bin,11.1,11.2
New Mexico,Season peak percentage,percent,1.23701967109854e-13,Bin,11.2,11.3
New Mexico,Season peak percentage,percent,1.23701967109854e-13,Bin,11.3,11.4
New Mexico,Season peak percentage,percent,1.23701967109854e-13,Bin,11.4,11.5
New Mexico,Season peak percentage,percent,1.23701967109854e-13,Bin,11.5,11.6
New Mexico,Season peak percentage,percent,1.23701967109854e-13,Bin,11.6,11.7
New Mexico,Season peak percentage,percent,1.23701967109854e-13,Bin,11.7,11.8
New Mexico,Season peak percentage,percent,1.23701967109854e-13,Bin,11.8,11.9
New Mexico,Season peak percentage,percent,1.23701967109854e-13,Bin,11.9,12.0
New Mexico,Season peak percentage,percent,1.23701967109854e-13,Bin,12.0,12.1
New Mexico,Season peak percentage,percent,1.23701967109854e-13,Bin,12.1,12.2
New Mexico,Season peak percentage,percent,1.23701967109854e-13,Bin,12.2,12.3
New Mexico,Season peak percentage,percent,1.23701967109854e-13,Bin,12.3,12.4
New Mexico,Season peak percentage,percent,1.23701967109854e-13,Bin,12.4,12.5
New Mexico,Season peak percentage,percent,1.23701967109854e-13,Bin,12.5,12.6
New Mexico,Season peak percentage,percent,1.23701967109854e-13,Bin,12.6,12.7
New Mexico,Season peak percentage,percent,1.23701967109854e-13,Bin,12.7,12.8
New Mexico,Season peak percentage,percent,1.23701967109854e-13,Bin,12.8,12.9
New Mexico,Season peak percentage,percent,1.23701967109854e-13,Bin,12.9,13.0
New Mexico,Season peak percentage,percent,1.23701967109854e-13,Bin,13.0,100.0
New Mexico,Season peak week,week,5.89307926874939e-05,Bin,40.0,41.0
New Mexico,Season peak week,week,5.89307926874939e-05,Bin,41.0,42.0
New Mexico,Season peak week,week,5.89307926874939e-05,Bin,42.0,43.0
New Mexico,Season peak week,week,5.89307926874939e-05,Bin,43.0,44.0
New Mexico,Season peak week,week,5.89307926874939e-05,Bin,44.0,45.0
New Mexico,Season peak week,week,5.89307926874939e-05,Bin,45.0,46.0
New Mexico,Season peak week,week,5.89307926874939e-05,Bin,46.0,47.0
New Mexico,Season peak week,week,5.89307926874939e-05,Bin,47.0,48.0
New Mexico,Season peak week,week,8.30556029388598e-05,Bin,48.0,49.0
New Mexico,Season peak week,week,0.000477753438221959,Bin,49.0,50.0
New Mexico,Season peak week,week,0.00191210361115015,Bin,50.0,51.0
New Mexico,Season peak week,week,0.00461340822768041,Bin,51.0,52.0
New Mexico,Season peak week,week,0.00680661071721843,Bin,52.0,53.0
New Mexico,Season peak week,week,0.00623296464310381,Bin,1.0,2.0
New Mexico,Season peak week,week,0.00361168792790864,Bin,2.0,3.0
New Mexico,Season peak week,week,0.00154493205136253,Bin,3.0,4.0
New Mexico,Season peak week,week,0.00136285712040224,Bin,4.0,5.0
New Mexico,Season peak week,week,0.942892329224504,Bin,5.0,6.0
New Mexico,Season peak week,week,0.00479257894865205,Bin,6.0,7.0
New Mexico,Season peak week,week,0.00603584780818733,Bin,7.0,8.0
New Mexico,Season peak week,week,0.00649764490580758,Bin,8.0,9.0
New Mexico,Season peak week,week,0.00598914061978756,Bin,9.0,10.0
New Mexico,Season peak week,week,0.00402424344227549,Bin,10.0,11.0
New Mexico,Season peak week,week,0.00172740415185871,Bin,11.0,12.0
New Mexico,Season peak week,week,0.000446953110389632,Bin,12.0,13.0
New Mexico,Season peak week,week,7.96794873628614e-05,Bin,13.0,14.0
New Mexico,Season peak week,week,5.67655170981697e-05,Bin,14.0,15.0
New Mexico,Season peak week,week,5.67655170981697e-05,Bin,15.0,16.0
New Mexico,Season peak week,week,5.67655170981697e-05,Bin,16.0,17.0
New Mexico,Season peak week,week,5.67655170981697e-05,Bin,17.0,18.0
New Mexico,Season peak week,week,5.67655170981697e-05,Bin,18.0,19.0
New Mexico,Season peak week,week,5.67655170981697e-05,Bin,19.0,20.0
New Mexico,Season peak week,week,5.67655170981697e-05,Bin,20.0,21.0
New York,1 wk ahead,percent,4.56184402556314e-11,Bin,0.0,0.1
New York,1 wk ahead,percent,9.12368805112628e-11,Bin,0.1,0.2
New York,1 wk ahead,percent,9.12368805112628e-11,Bin,0.2,0.3
New York,1 wk ahead,percent,9.12368805112628e-11,Bin,0.3,0.4
New York,1 wk ahead,percent,9.12368805112628e-11,Bin,0.4,0.5
New York,1 wk ahead,percent,9.12368805112628e-11,Bin,0.5,0.6
New York,1 wk ahead,percent,9.12368805112629e-11,Bin,0.6,0.7
New York,1 wk ahead,percent,9.12368805112629e-11,Bin,0.7,0.8
New York,1 wk ahead,percent,9.12368805112629e-11,Bin,0.8,0.9
New York,1 wk ahead,percent,9.12368805112629e-11,Bin,0.9,1.0
New York,1 wk ahead,percent,9.12368805112629e-11,Bin,1.0,1.1
New York,1 wk ahead,percent,1.27039979073509e-09,Bin,1.1,1.2
New York,1 wk ahead,percent,0.00600000555543385,Bin,1.2,1.3
New York,1 wk ahead,percent,0.025999998524174,Bin,1.3,1.4
New York,1 wk ahead,percent,0.0779999972330173,Bin,1.4,1.5
New York,1 wk ahead,percent,0.194000009871767,Bin,1.5,1.6
New York,1 wk ahead,percent,0.289999998426907,Bin,1.6,1.7
New York,1 wk ahead,percent,0.237999987507341,Bin,1.7,1.8
New York,1 wk ahead,percent,0.0739999950118586,Bin,1.8,1.9
New York,1 wk ahead,percent,0.045999996940081,Bin,1.9,2.0
New York,1 wk ahead,percent,0.023999998455254,Bin,2.0,2.1
New York,1 wk ahead,percent,1.08169948722926e-10,Bin,2.1,2.2
New York,1 wk ahead,percent,0.0119999992817119,Bin,2.2,2.3
New York,1 wk ahead,percent,0.00199999997042695,Bin,2.3,2.4
New York,1 wk ahead,percent,1.08169948722926e-10,Bin,2.4,2.5
New York,1 wk ahead,percent,0.00599999969494095,Bin,2.5,2.6
New York,1 wk ahead,percent,0.00199999997042695,Bin,2.6,2.7
New York,1 wk ahead,percent,1.08169948722926e-10,Bin,2.7,2.8
New York,1 wk ahead,percent,1.08169948722926e-10,Bin,2.8,2.9
New York,1 wk ahead,percent,0.00199999997042695,Bin,2.9,3.0
New York,1 wk ahead,percent,1.08169948722926e-10,Bin,3.0,3.1
New York,1 wk ahead,percent,1.08169948722926e-10,Bin,3.1,3.2
New York,1 wk ahead,percent,1.08169948722926e-10,Bin,3.2,3.3
New York,1 wk ahead,percent,1.08169948722926e-10,Bin,3.3,3.4
New York,1 wk ahead,percent,1.08169948722926e-10,Bin,3.4,3.5
New York,1 wk ahead,percent,1.08169948722926e-10,Bin,3.5,3.6
New York,1 wk ahead,percent,1.08169948722926e-10,Bin,3.6,3.7
New York,1 wk ahead,percent,1.08169948722926e-10,Bin,3.7,3.8
New York,1 wk ahead,percent,1.08169948722926e-10,Bin,3.8,3.9
New York,1 wk ahead,percent,1.08169948722926e-10,Bin,3.9,4.0
New York,1 wk ahead,percent,1.08169948722926e-10,Bin,4.0,4.1
New York,1 wk ahead,percent,1.08169948722926e-10,Bin,4.1,4.2
New York,1 wk ahead,percent,1.08169948722926e-10,Bin,4.2,4.3
New York,1 wk ahead,percent,1.08169948722926e-10,Bin,4.3,4.4
New York,1 wk ahead,percent,1.08169948722926e-10,Bin,4.4,4.5
New York,1 wk ahead,percent,1.08169948722926e-10,Bin,4.5,4.6
New York,1 wk ahead,percent,1.08169948722926e-10,Bin,4.6,4.7
New York,1 wk ahead,percent,1.08169948722926e-10,Bin,4.7,4.8
New York,1 wk ahead,percent,1.08169948722926e-10,Bin,4.8,4.9
New York,1 wk ahead,percent,1.08169948722926e-10,Bin,4.9,5.0
New York,1 wk ahead,percent,1.08169948722926e-10,Bin,5.0,5.1
New York,1 wk ahead,percent,1.08169948722926e-10,Bin,5.1,5.2
New York,1 wk ahead,percent,1.08169948722926e-10,Bin,5.2,5.3
New York,1 wk ahead,percent,1.08169948722926e-10,Bin,5.3,5.4
New York,1 wk ahead,percent,1.08169948722926e-10,Bin,5.4,5.5
New York,1 wk ahead,percent,1.08169948722926e-10,Bin,5.5,5.6
New York,1 wk ahead,percent,1.08169948722926e-10,Bin,5.6,5.7
New York,1 wk ahead,percent,1.08169948722926e-10,Bin,5.7,5.8
New York,1 wk ahead,percent,1.08169948722926e-10,Bin,5.8,5.9
New York,1 wk ahead,percent,1.08169948722926e-10,Bin,5.9,6.0
New York,1 wk ahead,percent,1.08169948722926e-10,Bin,6.0,6.1
New York,1 wk ahead,percent,1.08169948722926e-10,Bin,6.1,6.2
New York,1 wk ahead,percent,1.08169948722926e-10,Bin,6.2,6.3
New York,1 wk ahead,percent,1.08169948722926e-10,Bin,6.3,6.4
New York,1 wk ahead,percent,1.08169948722926e-10,Bin,6.4,6.5
New York,1 wk ahead,percent,1.08169948722926e-10,Bin,6.5,6.6
New York,1 wk ahead,percent,1.08169948722926e-10,Bin,6.6,6.7
New York,1 wk ahead,percent,1.08169948722926e-10,Bin,6.7,6.8
New York,1 wk ahead,percent,1.08169948722926e-10,Bin,6.8,6.9
New York,1 wk ahead,percent,1.08169948722926e-10,Bin,6.9,7.0
New York,1 wk ahead,percent,1.08169948722926e-10,Bin,7.0,7.1
New York,1 wk ahead,percent,1.08169948722926e-10,Bin,7.1,7.2
New York,1 wk ahead,percent,1.08169948722926e-10,Bin,7.2,7.3
New York,1 wk ahead,percent,1.08169948722926e-10,Bin,7.3,7.4
New York,1 wk ahead,percent,1.08169948722926e-10,Bin,7.4,7.5
New York,1 wk ahead,percent,1.08169948722926e-10,Bin,7.5,7.6
New York,1 wk ahead,percent,1.08169948722926e-10,Bin,7.6,7.7
New York,1 wk ahead,percent,1.08169948722926e-10,Bin,7.7,7.8
New York,1 wk ahead,percent,1.08169948722926e-10,Bin,7.8,7.9
New York,1 wk ahead,percent,1.08169948722926e-10,Bin,7.9,8.0
New York,1 wk ahead,percent,1.08169948722927e-10,Bin,8.0,8.1
New York,1 wk ahead,percent,1.08169948722928e-10,Bin,8.1,8.2
New York,1 wk ahead,percent,1.08169948722928e-10,Bin,8.2,8.3
New York,1 wk ahead,percent,1.08169948722928e-10,Bin,8.3,8.4
New York,1 wk ahead,percent,1.08169948722928e-10,Bin,8.4,8.5
New York,1 wk ahead,percent,1.08169948722928e-10,Bin,8.5,8.6
New York,1 wk ahead,percent,1.08169948722928e-10,Bin,8.6,8.7
New York,1 wk ahead,percent,1.08169948722928e-10,Bin,8.7,8.8
New York,1 wk ahead,percent,1.08169948722928e-10,Bin,8.8,8.9
New York,1 wk ahead,percent,1.08169948722928e-10,Bin,8.9,9.0
New York,1 wk ahead,percent,1.08169948722928e-10,Bin,9.0,9.1
New York,1 wk ahead,percent,1.08169948722928e-10,Bin,9.1,9.2
New York,1 wk ahead,percent,1.08169948722928e-10,Bin,9.2,9.3
New York,1 wk ahead,percent,1.08169948722928e-10,Bin,9.3,9.4
New York,1 wk ahead,percent,1.08169948722928e-10,Bin,9.4,9.5
New York,1 wk ahead,percent,1.08169948722928e-10,Bin,9.5,9.6
New York,1 wk ahead,percent,1.08169948722928e-10,Bin,9.6,9.7
New York,1 wk ahead,percent,1.08169948722928e-10,Bin,9.7,9.8
New York,1 wk ahead,percent,1.08169948722928e-10,Bin,9.8,9.9
New York,1 wk ahead,percent,1.08169948722928e-10,Bin,9.9,10.0
New York,1 wk ahead,percent,1.08169948722928e-10,Bin,10.0,10.1
New York,1 wk ahead,percent,1.08169948722928e-10,Bin,10.1,10.2
New York,1 wk ahead,percent,1.08169948722928e-10,Bin,10.2,10.3
New York,1 wk ahead,percent,1.08169948722928e-10,Bin,10.3,10.4
New York,1 wk ahead,percent,1.08169948722928e-10,Bin,10.4,10.5
New York,1 wk ahead,percent,1.08169948722928e-10,Bin,10.5,10.6
New York,1 wk ahead,percent,1.08169948722928e-10,Bin,10.6,10.7
New York,1 wk ahead,percent,1.08169948722928e-10,Bin,10.7,10.8
New York,1 wk ahead,percent,1.08169948722928e-10,Bin,10.8,10.9
New York,1 wk ahead,percent,1.08169948722928e-10,Bin,10.9,11.0
New York,1 wk ahead,percent,1.08169948722928e-10,Bin,11.0,11.1
New York,1 wk ahead,percent,1.08169948722928e-10,Bin,11.1,11.2
New York,1 wk ahead,percent,1.08169948722928e-10,Bin,11.2,11.3
New York,1 wk ahead,percent,1.08169948722928e-10,Bin,11.3,11.4
New York,1 wk ahead,percent,1.08169948722928e-10,Bin,11.4,11.5
New York,1 wk ahead,percent,1.08169948722928e-10,Bin,11.5,11.6
New York,1 wk ahead,percent,1.08169948722928e-10,Bin,11.6,11.7
New York,1 wk ahead,percent,1.08169948722928e-10,Bin,11.7,11.8
New York,1 wk ahead,percent,1.08169948722928e-10,Bin,11.8,11.9
New York,1 wk ahead,percent,1.08169948722928e-10,Bin,11.9,12.0
New York,1 wk ahead,percent,1.08169948722928e-10,Bin,12.0,12.1
New York,1 wk ahead,percent,1.08169948722928e-10,Bin,12.1,12.2
New York,1 wk ahead,percent,1.08169948722928e-10,Bin,12.2,12.3
New York,1 wk ahead,percent,1.08169948722928e-10,Bin,12.3,12.4
New York,1 wk ahead,percent,1.08169948722928e-10,Bin,12.4,12.5
New York,1 wk ahead,percent,1.08169948722928e-10,Bin,12.5,12.6
New York,1 wk ahead,percent,1.08169948722928e-10,Bin,12.6,12.7
New York,1 wk ahead,percent,1.08169948722928e-10,Bin,12.7,12.8
New York,1 wk ahead,percent,1.08169948722928e-10,Bin,12.8,12.9
New York,1 wk ahead,percent,1.08169948722928e-10,Bin,12.9,13.0
New York,1 wk ahead,percent,1.08169948722928e-10,Bin,13.0,100.0
New York,2 wk ahead,percent,3.01735617001039e-11,Bin,0.0,0.1
New York,2 wk ahead,percent,6.03471234002078e-11,Bin,0.1,0.2
New York,2 wk ahead,percent,6.03471234002077e-11,Bin,0.2,0.3
New York,2 wk ahead,percent,6.03471234002077e-11,Bin,0.3,0.4
New York,2 wk ahead,percent,6.03471234002077e-11,Bin,0.4,0.5
New York,2 wk ahead,percent,6.03471234002078e-11,Bin,0.5,0.6
New York,2 wk ahead,percent,6.03471234002078e-11,Bin,0.6,0.7
New York,2 wk ahead,percent,6.03471234002078e-11,Bin,0.7,0.8
New York,2 wk ahead,percent,6.03471234002078e-11,Bin,0.8,0.9
New York,2 wk ahead,percent,6.03471234002078e-11,Bin,0.9,1.0
New York,2 wk ahead,percent,6.03471234002078e-11,Bin,1.0,1.1
New York,2 wk ahead,percent,0.00600000011150084,Bin,1.1,1.2
New York,2 wk ahead,percent,0.0440000007825934,Bin,1.2,1.3
New York,2 wk ahead,percent,0.121999994420834,Bin,1.3,1.4
New York,2 wk ahead,percent,0.205999988055532,Bin,1.4,1.5
New York,2 wk ahead,percent,0.223999996185541,Bin,1.5,1.6
New York,2 wk ahead,percent,0.180000006466521,Bin,1.6,1.7
New York,2 wk ahead,percent,0.0940000069199361,Bin,1.7,1.8
New York,2 wk ahead,percent,0.0519999981350239,Bin,1.8,1.9
New York,2 wk ahead,percent,0.0199999986467449,Bin,1.9,2.0
New York,2 wk ahead,percent,0.0179999987923314,Bin,2.0,2.1
New York,2 wk ahead,percent,0.00399999982609645,Bin,2.1,2.2
New York,2 wk ahead,percent,0.0139999990876929,Bin,2.2,2.3
New York,2 wk ahead,percent,1.21457892405628e-10,Bin,2.3,2.4
New York,2 wk ahead,percent,0.00199999997377717,Bin,2.4,2.5
New York,2 wk ahead,percent,0.00199999997377717,Bin,2.5,2.6
New York,2 wk ahead,percent,0.00199999997377717,Bin,2.6,2.7
New York,2 wk ahead,percent,0.00199999997377717,Bin,2.7,2.8
New York,2 wk ahead,percent,0.00199999997377717,Bin,2.8,2.9
New York,2 wk ahead,percent,0.00199999997377717,Bin,2.9,3.0
New York,2 wk ahead,percent,0.00199999997377717,Bin,3.0,3.1
New York,2 wk ahead,percent,1.21457892405628e-10,Bin,3.1,3.2
New York,2 wk ahead,percent,1.21457892405628e-10,Bin,3.2,3.3
New York,2 wk ahead,percent,1.21457892405628e-10,Bin,3.3,3.4
New York,2 wk ahead,percent,0.00199999997377717,Bin,3.4,3.5
New York,2 wk ahead,percent,1.21457892405628e-10,Bin,3.5,3.6
New York,2 wk ahead,percent,1.21457892405628e-10,Bin,3.6,3.7
New York,2 wk ahead,percent,1.21457892405628e-10,Bin,3.7,3.8
New York,2 wk ahead,percent,1.21457892405628e-10,Bin,3.8,3.9
New York,2 wk ahead,percent,1.21457892405628e-10,Bin,3.9,4.0
New York,2 wk ahead,percent,1.21457892405628e-10,Bin,4.0,4.1
New York,2 wk ahead,percent,1.21457892405628e-10,Bin,4.1,4.2
New York,2 wk ahead,percent,1.21457892405628e-10,Bin,4.2,4.3
New York,2 wk ahead,percent,1.21457892405628e-10,Bin,4.3,4.4
New York,2 wk ahead,percent,1.21457892405628e-10,Bin,4.4,4.5
New York,2 wk ahead,percent,1.21457892405628e-10,Bin,4.5,4.6
New York,2 wk ahead,percent,1.21457892405628e-10,Bin,4.6,4.7
New York,2 wk ahead,percent,1.21457892405628e-10,Bin,4.7,4.8
New York,2 wk ahead,percent,1.21457892405628e-10,Bin,4.8,4.9
New York,2 wk ahead,percent,1.21457892405628e-10,Bin,4.9,5.0
New York,2 wk ahead,percent,1.21457892405628e-10,Bin,5.0,5.1
New York,2 wk ahead,percent,1.21457892405628e-10,Bin,5.1,5.2
New York,2 wk ahead,percent,1.21457892405628e-10,Bin,5.2,5.3
New York,2 wk ahead,percent,1.21457892405628e-10,Bin,5.3,5.4
New York,2 wk ahead,percent,1.21457892405628e-10,Bin,5.4,5.5
New York,2 wk ahead,percent,1.21457892405628e-10,Bin,5.5,5.6
New York,2 wk ahead,percent,1.21457892405628e-10,Bin,5.6,5.7
New York,2 wk ahead,percent,1.21457892405628e-10,Bin,5.7,5.8
New York,2 wk ahead,percent,1.21457892405628e-10,Bin,5.8,5.9
New York,2 wk ahead,percent,1.21457892405628e-10,Bin,5.9,6.0
New York,2 wk ahead,percent,1.21457892405628e-10,Bin,6.0,6.1
New York,2 wk ahead,percent,1.21457892405628e-10,Bin,6.1,6.2
New York,2 wk ahead,percent,1.21457892405628e-10,Bin,6.2,6.3
New York,2 wk ahead,percent,1.21457892405628e-10,Bin,6.3,6.4
New York,2 wk ahead,percent,1.21457892405628e-10,Bin,6.4,6.5
New York,2 wk ahead,percent,1.21457892405628e-10,Bin,6.5,6.6
New York,2 wk ahead,percent,1.21457892405628e-10,Bin,6.6,6.7
New York,2 wk ahead,percent,1.21457892405628e-10,Bin,6.7,6.8
New York,2 wk ahead,percent,1.21457892405628e-10,Bin,6.8,6.9
New York,2 wk ahead,percent,1.21457892405628e-10,Bin,6.9,7.0
New York,2 wk ahead,percent,1.21457892405628e-10,Bin,7.0,7.1
New York,2 wk ahead,percent,1.21457892405628e-10,Bin,7.1,7.2
New York,2 wk ahead,percent,1.21457892405628e-10,Bin,7.2,7.3
New York,2 wk ahead,percent,1.21457892405628e-10,Bin,7.3,7.4
New York,2 wk ahead,percent,1.21457892405628e-10,Bin,7.4,7.5
New York,2 wk ahead,percent,1.21457892405628e-10,Bin,7.5,7.6
New York,2 wk ahead,percent,1.21457892405628e-10,Bin,7.6,7.7
New York,2 wk ahead,percent,1.21457892405628e-10,Bin,7.7,7.8
New York,2 wk ahead,percent,1.21457892405628e-10,Bin,7.8,7.9
New York,2 wk ahead,percent,1.21457892405628e-10,Bin,7.9,8.0
New York,2 wk ahead,percent,1.21457892405629e-10,Bin,8.0,8.1
New York,2 wk ahead,percent,1.2145789240563e-10,Bin,8.1,8.2
New York,2 wk ahead,percent,1.2145789240563e-10,Bin,8.2,8.3
New York,2 wk ahead,percent,1.2145789240563e-10,Bin,8.3,8.4
New York,2 wk ahead,percent,1.2145789240563e-10,Bin,8.4,8.5
New York,2 wk ahead,percent,1.2145789240563e-10,Bin,8.5,8.6
New York,2 wk ahead,percent,1.2145789240563e-10,Bin,8.6,8.7
New York,2 wk ahead,percent,1.2145789240563e-10,Bin,8.7,8.8
New York,2 wk ahead,percent,1.2145789240563e-10,Bin,8.8,8.9
New York,2 wk ahead,percent,1.2145789240563e-10,Bin,8.9,9.0
New York,2 wk ahead,percent,1.2145789240563e-10,Bin,9.0,9.1
New York,2 wk ahead,percent,1.2145789240563e-10,Bin,9.1,9.2
New York,2 wk ahead,percent,1.2145789240563e-10,Bin,9.2,9.3
New York,2 wk ahead,percent,1.2145789240563e-10,Bin,9.3,9.4
New York,2 wk ahead,percent,1.2145789240563e-10,Bin,9.4,9.5
New York,2 wk ahead,percent,1.2145789240563e-10,Bin,9.5,9.6
New York,2 wk ahead,percent,1.2145789240563e-10,Bin,9.6,9.7
New York,2 wk ahead,percent,1.2145789240563e-10,Bin,9.7,9.8
New York,2 wk ahead,percent,1.2145789240563e-10,Bin,9.8,9.9
New York,2 wk ahead,percent,1.2145789240563e-10,Bin,9.9,10.0
New York,2 wk ahead,percent,1.2145789240563e-10,Bin,10.0,10.1
New York,2 wk ahead,percent,1.2145789240563e-10,Bin,10.1,10.2
New York,2 wk ahead,percent,1.2145789240563e-10,Bin,10.2,10.3
New York,2 wk ahead,percent,1.2145789240563e-10,Bin,10.3,10.4
New York,2 wk ahead,percent,1.2145789240563e-10,Bin,10.4,10.5
New York,2 wk ahead,percent,1.2145789240563e-10,Bin,10.5,10.6
New York,2 wk ahead,percent,1.2145789240563e-10,Bin,10.6,10.7
New York,2 wk ahead,percent,1.2145789240563e-10,Bin,10.7,10.8
New York,2 wk ahead,percent,1.2145789240563e-10,Bin,10.8,10.9
New York,2 wk ahead,percent,1.2145789240563e-10,Bin,10.9,11.0
New York,2 wk ahead,percent,1.2145789240563e-10,Bin,11.0,11.1
New York,2 wk ahead,percent,1.2145789240563e-10,Bin,11.1,11.2
New York,2 wk ahead,percent,1.2145789240563e-10,Bin,11.2,11.3
New York,2 wk ahead,percent,1.2145789240563e-10,Bin,11.3,11.4
New York,2 wk ahead,percent,1.2145789240563e-10,Bin,11.4,11.5
New York,2 wk ahead,percent,1.2145789240563e-10,Bin,11.5,11.6
New York,2 wk ahead,percent,1.2145789240563e-10,Bin,11.6,11.7
New York,2 wk ahead,percent,1.2145789240563e-10,Bin,11.7,11.8
New York,2 wk ahead,percent,1.2145789240563e-10,Bin,11.8,11.9
New York,2 wk ahead,percent,1.2145789240563e-10,Bin,11.9,12.0
New York,2 wk ahead,percent,1.2145789240563e-10,Bin,12.0,12.1
New York,2 wk ahead,percent,1.2145789240563e-10,Bin,12.1,12.2
New York,2 wk ahead,percent,1.2145789240563e-10,Bin,12.2,12.3
New York,2 wk ahead,percent,1.2145789240563e-10,Bin,12.3,12.4
New York,2 wk ahead,percent,1.2145789240563e-10,Bin,12.4,12.5
New York,2 wk ahead,percent,1.2145789240563e-10,Bin,12.5,12.6
New York,2 wk ahead,percent,1.2145789240563e-10,Bin,12.6,12.7
New York,2 wk ahead,percent,1.2145789240563e-10,Bin,12.7,12.8
New York,2 wk ahead,percent,1.2145789240563e-10,Bin,12.8,12.9
New York,2 wk ahead,percent,1.2145789240563e-10,Bin,12.9,13.0
New York,2 wk ahead,percent,1.2145789240563e-10,Bin,13.0,100.0
New York,3 wk ahead,percent,1.00195217078509e-10,Bin,0.0,0.1
New York,3 wk ahead,percent,2.00390434157019e-10,Bin,0.1,0.2
New York,3 wk ahead,percent,2.00390434157019e-10,Bin,0.2,0.3
New York,3 wk ahead,percent,2.00390434157019e-10,Bin,0.3,0.4
New York,3 wk ahead,percent,2.00390434157019e-10,Bin,0.4,0.5
New York,3 wk ahead,percent,2.00390434157019e-10,Bin,0.5,0.6
New York,3 wk ahead,percent,2.00390434157019e-10,Bin,0.6,0.7
New York,3 wk ahead,percent,2.00390434157019e-10,Bin,0.7,0.8
New York,3 wk ahead,percent,2.00390434157019e-10,Bin,0.8,0.9
New York,3 wk ahead,percent,2.21827452306204e-10,Bin,0.9,1.0
New York,3 wk ahead,percent,0.0080000029216126,Bin,1.0,1.1
New York,3 wk ahead,percent,0.0380000076626453,Bin,1.1,1.2
New York,3 wk ahead,percent,0.121999978853645,Bin,1.2,1.3
New York,3 wk ahead,percent,0.227999960969763,Bin,1.3,1.4
New York,3 wk ahead,percent,0.225999991242967,Bin,1.4,1.5
New York,3 wk ahead,percent,0.130000033463083,Bin,1.5,1.6
New York,3 wk ahead,percent,0.10200000927715,Bin,1.6,1.7
New York,3 wk ahead,percent,0.058000003878464,Bin,1.7,1.8
New York,3 wk ahead,percent,0.0379999988682542,Bin,1.8,1.9
New York,3 wk ahead,percent,0.0119999977981527,Bin,1.9,2.0
New York,3 wk ahead,percent,0.0079999985071563,Bin,2.0,2.1
New York,3 wk ahead,percent,0.0079999985071563,Bin,2.1,2.2
New York,3 wk ahead,percent,0.00199999976958995,Bin,2.2,2.3
New York,3 wk ahead,percent,0.00199999976958995,Bin,2.3,2.4
New York,3 wk ahead,percent,0.00599999892796752,Bin,2.4,2.5
New York,3 wk ahead,percent,0.00399999934877873,Bin,2.5,2.6
New York,3 wk ahead,percent,1.90401165355355e-10,Bin,2.6,2.7
New York,3 wk ahead,percent,1.90401165355355e-10,Bin,2.7,2.8
New York,3 wk ahead,percent,0.00199999976958995,Bin,2.8,2.9
New York,3 wk ahead,percent,0.00399999934877873,Bin,2.9,3.0
New York,3 wk ahead,percent,0.00199999976958995,Bin,3.0,3.1
New York,3 wk ahead,percent,1.90401165355355e-10,Bin,3.1,3.2
New York,3 wk ahead,percent,1.90401165355355e-10,Bin,3.2,3.3
New York,3 wk ahead,percent,1.90401165355355e-10,Bin,3.3,3.4
New York,3 wk ahead,percent,1.90401165355355e-10,Bin,3.4,3.5
New York,3 wk ahead,percent,1.90401165355355e-10,Bin,3.5,3.6
New York,3 wk ahead,percent,1.90401165355355e-10,Bin,3.6,3.7
New York,3 wk ahead,percent,1.90401165355355e-10,Bin,3.7,3.8
New York,3 wk ahead,percent,1.90401165355355e-10,Bin,3.8,3.9
New York,3 wk ahead,percent,1.90401165355355e-10,Bin,3.9,4.0
New York,3 wk ahead,percent,1.90401165355355e-10,Bin,4.0,4.1
New York,3 wk ahead,percent,1.90401165355355e-10,Bin,4.1,4.2
New York,3 wk ahead,percent,1.90401165355355e-10,Bin,4.2,4.3
New York,3 wk ahead,percent,1.90401165355355e-10,Bin,4.3,4.4
New York,3 wk ahead,percent,1.90401165355355e-10,Bin,4.4,4.5
New York,3 wk ahead,percent,1.90401165355355e-10,Bin,4.5,4.6
New York,3 wk ahead,percent,1.90401165355355e-10,Bin,4.6,4.7
New York,3 wk ahead,percent,1.90401165355355e-10,Bin,4.7,4.8
New York,3 wk ahead,percent,1.90401165355355e-10,Bin,4.8,4.9
New York,3 wk ahead,percent,1.90401165355355e-10,Bin,4.9,5.0
New York,3 wk ahead,percent,1.90401165355355e-10,Bin,5.0,5.1
New York,3 wk ahead,percent,1.90401165355355e-10,Bin,5.1,5.2
New York,3 wk ahead,percent,1.90401165355355e-10,Bin,5.2,5.3
New York,3 wk ahead,percent,1.90401165355355e-10,Bin,5.3,5.4
New York,3 wk ahead,percent,1.90401165355355e-10,Bin,5.4,5.5
New York,3 wk ahead,percent,1.90401165355355e-10,Bin,5.5,5.6
New York,3 wk ahead,percent,1.90401165355355e-10,Bin,5.6,5.7
New York,3 wk ahead,percent,1.90401165355355e-10,Bin,5.7,5.8
New York,3 wk ahead,percent,1.90401165355355e-10,Bin,5.8,5.9
New York,3 wk ahead,percent,1.90401165355355e-10,Bin,5.9,6.0
New York,3 wk ahead,percent,1.90401165355355e-10,Bin,6.0,6.1
New York,3 wk ahead,percent,1.90401165355355e-10,Bin,6.1,6.2
New York,3 wk ahead,percent,1.90401165355355e-10,Bin,6.2,6.3
New York,3 wk ahead,percent,1.90401165355355e-10,Bin,6.3,6.4
New York,3 wk ahead,percent,1.90401165355355e-10,Bin,6.4,6.5
New York,3 wk ahead,percent,1.90401165355355e-10,Bin,6.5,6.6
New York,3 wk ahead,percent,1.90401165355355e-10,Bin,6.6,6.7
New York,3 wk ahead,percent,1.90401165355355e-10,Bin,6.7,6.8
New York,3 wk ahead,percent,1.90401165355355e-10,Bin,6.8,6.9
New York,3 wk ahead,percent,1.90401165355355e-10,Bin,6.9,7.0
New York,3 wk ahead,percent,1.90401165355355e-10,Bin,7.0,7.1
New York,3 wk ahead,percent,1.90401165355355e-10,Bin,7.1,7.2
New York,3 wk ahead,percent,1.90401165355355e-10,Bin,7.2,7.3
New York,3 wk ahead,percent,1.90401165355355e-10,Bin,7.3,7.4
New York,3 wk ahead,percent,1.90401165355355e-10,Bin,7.4,7.5
New York,3 wk ahead,percent,1.90401165355355e-10,Bin,7.5,7.6
New York,3 wk ahead,percent,1.90401165355355e-10,Bin,7.6,7.7
New York,3 wk ahead,percent,1.90401165355355e-10,Bin,7.7,7.8
New York,3 wk ahead,percent,1.90401165355355e-10,Bin,7.8,7.9
New York,3 wk ahead,percent,1.90401165355355e-10,Bin,7.9,8.0
New York,3 wk ahead,percent,1.90401165355356e-10,Bin,8.0,8.1
New York,3 wk ahead,percent,1.90401165355358e-10,Bin,8.1,8.2
New York,3 wk ahead,percent,1.90401165355358e-10,Bin,8.2,8.3
New York,3 wk ahead,percent,1.90401165355358e-10,Bin,8.3,8.4
New York,3 wk ahead,percent,1.90401165355358e-10,Bin,8.4,8.5
New York,3 wk ahead,percent,1.90401165355358e-10,Bin,8.5,8.6
New York,3 wk ahead,percent,1.90401165355358e-10,Bin,8.6,8.7
New York,3 wk ahead,percent,1.90401165355358e-10,Bin,8.7,8.8
New York,3 wk ahead,percent,1.90401165355358e-10,Bin,8.8,8.9
New York,3 wk ahead,percent,1.90401165355358e-10,Bin,8.9,9.0
New York,3 wk ahead,percent,1.90401165355358e-10,Bin,9.0,9.1
New York,3 wk ahead,percent,1.90401165355358e-10,Bin,9.1,9.2
New York,3 wk ahead,percent,1.90401165355358e-10,Bin,9.2,9.3
New York,3 wk ahead,percent,1.90401165355358e-10,Bin,9.3,9.4
New York,3 wk ahead,percent,1.90401165355358e-10,Bin,9.4,9.5
New York,3 wk ahead,percent,1.90401165355358e-10,Bin,9.5,9.6
New York,3 wk ahead,percent,1.90401165355358e-10,Bin,9.6,9.7
New York,3 wk ahead,percent,1.90401165355358e-10,Bin,9.7,9.8
New York,3 wk ahead,percent,1.90401165355358e-10,Bin,9.8,9.9
New York,3 wk ahead,percent,1.90401165355358e-10,Bin,9.9,10.0
New York,3 wk ahead,percent,1.90401165355358e-10,Bin,10.0,10.1
New York,3 wk ahead,percent,1.90401165355358e-10,Bin,10.1,10.2
New York,3 wk ahead,percent,1.90401165355358e-10,Bin,10.2,10.3
New York,3 wk ahead,percent,1.90401165355358e-10,Bin,10.3,10.4
New York,3 wk ahead,percent,1.90401165355358e-10,Bin,10.4,10.5
New York,3 wk ahead,percent,1.90401165355358e-10,Bin,10.5,10.6
New York,3 wk ahead,percent,1.90401165355358e-10,Bin,10.6,10.7
New York,3 wk ahead,percent,1.90401165355358e-10,Bin,10.7,10.8
New York,3 wk ahead,percent,1.90401165355358e-10,Bin,10.8,10.9
New York,3 wk ahead,percent,1.90401165355358e-10,Bin,10.9,11.0
New York,3 wk ahead,percent,1.90401165355358e-10,Bin,11.0,11.1
New York,3 wk ahead,percent,1.90401165355358e-10,Bin,11.1,11.2
New York,3 wk ahead,percent,1.90401165355358e-10,Bin,11.2,11.3
New York,3 wk ahead,percent,1.90401165355358e-10,Bin,11.3,11.4
New York,3 wk ahead,percent,1.90401165355358e-10,Bin,11.4,11.5
New York,3 wk ahead,percent,1.90401165355358e-10,Bin,11.5,11.6
New York,3 wk ahead,percent,1.90401165355358e-10,Bin,11.6,11.7
New York,3 wk ahead,percent,1.90401165355358e-10,Bin,11.7,11.8
New York,3 wk ahead,percent,1.90401165355358e-10,Bin,11.8,11.9
New York,3 wk ahead,percent,1.90401165355358e-10,Bin,11.9,12.0
New York,3 wk ahead,percent,1.90401165355358e-10,Bin,12.0,12.1
New York,3 wk ahead,percent,1.90401165355358e-10,Bin,12.1,12.2
New York,3 wk ahead,percent,1.90401165355358e-10,Bin,12.2,12.3
New York,3 wk ahead,percent,1.90401165355358e-10,Bin,12.3,12.4
New York,3 wk ahead,percent,1.90401165355358e-10,Bin,12.4,12.5
New York,3 wk ahead,percent,1.90401165355358e-10,Bin,12.5,12.6
New York,3 wk ahead,percent,1.90401165355358e-10,Bin,12.6,12.7
New York,3 wk ahead,percent,1.90401165355358e-10,Bin,12.7,12.8
New York,3 wk ahead,percent,1.90401165355358e-10,Bin,12.8,12.9
New York,3 wk ahead,percent,1.90401165355358e-10,Bin,12.9,13.0
New York,3 wk ahead,percent,1.90401165355358e-10,Bin,13.0,100.0
New York,4 wk ahead,percent,7.45474785324812e-11,Bin,0.0,0.1
New York,4 wk ahead,percent,1.49094957064962e-10,Bin,0.1,0.2
New York,4 wk ahead,percent,1.49094957064962e-10,Bin,0.2,0.3
New York,4 wk ahead,percent,1.49094957064962e-10,Bin,0.3,0.4
New York,4 wk ahead,percent,1.49094957064962e-10,Bin,0.4,0.5
New York,4 wk ahead,percent,1.49094957064963e-10,Bin,0.5,0.6
New York,4 wk ahead,percent,1.49094957064963e-10,Bin,0.6,0.7
New York,4 wk ahead,percent,1.49094957064963e-10,Bin,0.7,0.8
New York,4 wk ahead,percent,1.49094957064963e-10,Bin,0.8,0.9
New York,4 wk ahead,percent,1.49094957064963e-10,Bin,0.9,1.0
New York,4 wk ahead,percent,0.0319999934350386,Bin,1.0,1.1
New York,4 wk ahead,percent,0.119999975388706,Bin,1.1,1.2
New York,4 wk ahead,percent,0.205999963939505,Bin,1.2,1.3
New York,4 wk ahead,percent,0.213999985112014,Bin,1.3,1.4
New York,4 wk ahead,percent,0.180000017556287,Bin,1.4,1.5
New York,4 wk ahead,percent,0.114000035899869,Bin,1.5,1.6
New York,4 wk ahead,percent,0.0640000190930371,Bin,1.6,1.7
New York,4 wk ahead,percent,0.018000003088075,Bin,1.7,1.8
New York,4 wk ahead,percent,0.0139999975572923,Bin,1.8,1.9
New York,4 wk ahead,percent,0.0119999976205031,Bin,1.9,2.0
New York,4 wk ahead,percent,0.00799999845976015,Bin,2.0,2.1
New York,4 wk ahead,percent,0.00999999804013162,Bin,2.1,2.2
New York,4 wk ahead,percent,0.00199999971864572,Bin,2.2,2.3
New York,4 wk ahead,percent,1.38274242545444e-10,Bin,2.3,2.4
New York,4 wk ahead,percent,0.00599999887938867,Bin,2.4,2.5
New York,4 wk ahead,percent,1.38274242545444e-10,Bin,2.5,2.6
New York,4 wk ahead,percent,1.38274242545444e-10,Bin,2.6,2.7
New York,4 wk ahead,percent,1.38274242545444e-10,Bin,2.7,2.8
New York,4 wk ahead,percent,1.38274242545444e-10,Bin,2.8,2.9
New York,4 wk ahead,percent,1.38274242545444e-10,Bin,2.9,3.0
New York,4 wk ahead,percent,1.38274242545444e-10,Bin,3.0,3.1
New York,4 wk ahead,percent,1.38274242545444e-10,Bin,3.1,3.2
New York,4 wk ahead,percent,1.38274242545444e-10,Bin,3.2,3.3
New York,4 wk ahead,percent,1.38274242545444e-10,Bin,3.3,3.4
New York,4 wk ahead,percent,1.38274242545444e-10,Bin,3.4,3.5
New York,4 wk ahead,percent,1.38274242545444e-10,Bin,3.5,3.6
New York,4 wk ahead,percent,1.38274242545444e-10,Bin,3.6,3.7
New York,4 wk ahead,percent,1.38274242545444e-10,Bin,3.7,3.8
New York,4 wk ahead,percent,1.38274242545444e-10,Bin,3.8,3.9
New York,4 wk ahead,percent,1.38274242545444e-10,Bin,3.9,4.0
New York,4 wk ahead,percent,1.38274242545444e-10,Bin,4.0,4.1
New York,4 wk ahead,percent,1.38274242545444e-10,Bin,4.1,4.2
New York,4 wk ahead,percent,1.38274242545444e-10,Bin,4.2,4.3
New York,4 wk ahead,percent,1.38274242545444e-10,Bin,4.3,4.4
New York,4 wk ahead,percent,1.38274242545444e-10,Bin,4.4,4.5
New York,4 wk ahead,percent,1.38274242545444e-10,Bin,4.5,4.6
New York,4 wk ahead,percent,1.38274242545444e-10,Bin,4.6,4.7
New York,4 wk ahead,percent,1.38274242545444e-10,Bin,4.7,4.8
New York,4 wk ahead,percent,1.38274242545444e-10,Bin,4.8,4.9
New York,4 wk ahead,percent,1.38274242545444e-10,Bin,4.9,5.0
New York,4 wk ahead,percent,1.38274242545444e-10,Bin,5.0,5.1
New York,4 wk ahead,percent,1.38274242545444e-10,Bin,5.1,5.2
New York,4 wk ahead,percent,1.38274242545444e-10,Bin,5.2,5.3
New York,4 wk ahead,percent,1.38274242545444e-10,Bin,5.3,5.4
New York,4 wk ahead,percent,1.38274242545444e-10,Bin,5.4,5.5
New York,4 wk ahead,percent,1.38274242545444e-10,Bin,5.5,5.6
New York,4 wk ahead,percent,1.38274242545444e-10,Bin,5.6,5.7
New York,4 wk ahead,percent,1.38274242545444e-10,Bin,5.7,5.8
New York,4 wk ahead,percent,1.38274242545444e-10,Bin,5.8,5.9
New York,4 wk ahead,percent,1.38274242545444e-10,Bin,5.9,6.0
New York,4 wk ahead,percent,1.38274242545444e-10,Bin,6.0,6.1
New York,4 wk ahead,percent,1.38274242545444e-10,Bin,6.1,6.2
New York,4 wk ahead,percent,1.38274242545444e-10,Bin,6.2,6.3
New York,4 wk ahead,percent,1.38274242545444e-10,Bin,6.3,6.4
New York,4 wk ahead,percent,1.38274242545444e-10,Bin,6.4,6.5
New York,4 wk ahead,percent,1.38274242545444e-10,Bin,6.5,6.6
New York,4 wk ahead,percent,1.38274242545444e-10,Bin,6.6,6.7
New York,4 wk ahead,percent,1.38274242545444e-10,Bin,6.7,6.8
New York,4 wk ahead,percent,1.38274242545444e-10,Bin,6.8,6.9
New York,4 wk ahead,percent,1.38274242545444e-10,Bin,6.9,7.0
New York,4 wk ahead,percent,1.38274242545444e-10,Bin,7.0,7.1
New York,4 wk ahead,percent,1.38274242545444e-10,Bin,7.1,7.2
New York,4 wk ahead,percent,1.38274242545444e-10,Bin,7.2,7.3
New York,4 wk ahead,percent,1.38274242545444e-10,Bin,7.3,7.4
New York,4 wk ahead,percent,1.38274242545444e-10,Bin,7.4,7.5
New York,4 wk ahead,percent,1.38274242545444e-10,Bin,7.5,7.6
New York,4 wk ahead,percent,1.38274242545444e-10,Bin,7.6,7.7
New York,4 wk ahead,percent,1.38274242545444e-10,Bin,7.7,7.8
New York,4 wk ahead,percent,1.38274242545444e-10,Bin,7.8,7.9
New York,4 wk ahead,percent,1.38274242545444e-10,Bin,7.9,8.0
New York,4 wk ahead,percent,1.38274242545445e-10,Bin,8.0,8.1
New York,4 wk ahead,percent,1.38274242545446e-10,Bin,8.1,8.2
New York,4 wk ahead,percent,1.38274242545446e-10,Bin,8.2,8.3
New York,4 wk ahead,percent,1.38274242545446e-10,Bin,8.3,8.4
New York,4 wk ahead,percent,1.38274242545446e-10,Bin,8.4,8.5
New York,4 wk ahead,percent,1.38274242545446e-10,Bin,8.5,8.6
New York,4 wk ahead,percent,1.38274242545446e-10,Bin,8.6,8.7
New York,4 wk ahead,percent,1.38274242545446e-10,Bin,8.7,8.8
New York,4 wk ahead,percent,1.38274242545446e-10,Bin,8.8,8.9
New York,4 wk ahead,percent,1.38274242545446e-10,Bin,8.9,9.0
New York,4 wk ahead,percent,1.38274242545446e-10,Bin,9.0,9.1
New York,4 wk ahead,percent,1.38274242545446e-10,Bin,9.1,9.2
New York,4 wk ahead,percent,1.38274242545446e-10,Bin,9.2,9.3
New York,4 wk ahead,percent,1.38274242545446e-10,Bin,9.3,9.4
New York,4 wk ahead,percent,1.38274242545446e-10,Bin,9.4,9.5
New York,4 wk ahead,percent,1.38274242545446e-10,Bin,9.5,9.6
New York,4 wk ahead,percent,1.38274242545446e-10,Bin,9.6,9.7
New York,4 wk ahead,percent,1.38274242545446e-10,Bin,9.7,9.8
New York,4 wk ahead,percent,1.38274242545446e-10,Bin,9.8,9.9
New York,4 wk ahead,percent,1.38274242545446e-10,Bin,9.9,10.0
New York,4 wk ahead,percent,1.38274242545446e-10,Bin,10.0,10.1
New York,4 wk ahead,percent,1.38274242545446e-10,Bin,10.1,10.2
New York,4 wk ahead,percent,1.38274242545446e-10,Bin,10.2,10.3
New York,4 wk ahead,percent,1.38274242545446e-10,Bin,10.3,10.4
New York,4 wk ahead,percent,1.38274242545446e-10,Bin,10.4,10.5
New York,4 wk ahead,percent,1.38274242545446e-10,Bin,10.5,10.6
New York,4 wk ahead,percent,1.38274242545446e-10,Bin,10.6,10.7
New York,4 wk ahead,percent,1.38274242545446e-10,Bin,10.7,10.8
New York,4 wk ahead,percent,1.38274242545446e-10,Bin,10.8,10.9
New York,4 wk ahead,percent,1.38274242545446e-10,Bin,10.9,11.0
New York,4 wk ahead,percent,1.38274242545446e-10,Bin,11.0,11.1
New York,4 wk ahead,percent,1.38274242545446e-10,Bin,11.1,11.2
New York,4 wk ahead,percent,1.38274242545446e-10,Bin,11.2,11.3
New York,4 wk ahead,percent,1.38274242545446e-10,Bin,11.3,11.4
New York,4 wk ahead,percent,1.38274242545446e-10,Bin,11.4,11.5
New York,4 wk ahead,percent,1.38274242545446e-10,Bin,11.5,11.6
New York,4 wk ahead,percent,1.38274242545446e-10,Bin,11.6,11.7
New York,4 wk ahead,percent,1.38274242545446e-10,Bin,11.7,11.8
New York,4 wk ahead,percent,1.38274242545446e-10,Bin,11.8,11.9
New York,4 wk ahead,percent,1.38274242545446e-10,Bin,11.9,12.0
New York,4 wk ahead,percent,1.38274242545446e-10,Bin,12.0,12.1
New York,4 wk ahead,percent,1.38274242545446e-10,Bin,12.1,12.2
New York,4 wk ahead,percent,1.38274242545446e-10,Bin,12.2,12.3
New York,4 wk ahead,percent,1.38274242545446e-10,Bin,12.3,12.4
New York,4 wk ahead,percent,1.38274242545446e-10,Bin,12.4,12.5
New York,4 wk ahead,percent,1.38274242545446e-10,Bin,12.5,12.6
New York,4 wk ahead,percent,1.38274242545446e-10,Bin,12.6,12.7
New York,4 wk ahead,percent,1.38274242545446e-10,Bin,12.7,12.8
New York,4 wk ahead,percent,1.38274242545446e-10,Bin,12.8,12.9
New York,4 wk ahead,percent,1.38274242545446e-10,Bin,12.9,13.0
New York,4 wk ahead,percent,1.38274242545446e-10,Bin,13.0,100.0
New York,Season peak percentage,percent,1.11364564148569e-13,Bin,0.0,0.1
New York,Season peak percentage,percent,2.22729128297137e-13,Bin,0.1,0.2
New York,Season peak percentage,percent,2.22729128297137e-13,Bin,0.2,0.3
New York,Season peak percentage,percent,2.22729128297137e-13,Bin,0.3,0.4
New York,Season peak percentage,percent,2.22729128297137e-13,Bin,0.4,0.5
New York,Season peak percentage,percent,2.22729128297137e-13,Bin,0.5,0.6
New York,Season peak percentage,percent,2.22729128297137e-13,Bin,0.6,0.7
New York,Season peak percentage,percent,2.22729128297137e-13,Bin,0.7,0.8
New York,Season peak percentage,percent,2.22729128297137e-13,Bin,0.8,0.9
New York,Season peak percentage,percent,2.22729128297137e-13,Bin,0.9,1.0
New York,Season peak percentage,percent,2.22729128297137e-13,Bin,1.0,1.1
New York,Season peak percentage,percent,2.22729128297137e-13,Bin,1.1,1.2
New York,Season peak percentage,percent,2.22729128297137e-13,Bin,1.2,1.3
New York,Season peak percentage,percent,2.22729128297137e-13,Bin,1.3,1.4
New York,Season peak percentage,percent,2.22729128297137e-13,Bin,1.4,1.5
New York,Season peak percentage,percent,2.22729128297137e-13,Bin,1.5,1.6
New York,Season peak percentage,percent,2.22729128297137e-13,Bin,1.6,1.7
New York,Season peak percentage,percent,2.22729128297137e-13,Bin,1.7,1.8
New York,Season peak percentage,percent,2.34113783357092e-13,Bin,1.8,1.9
New York,Season peak percentage,percent,5.45688017502463e-13,Bin,1.9,2.0
New York,Season peak percentage,percent,1.41248456604277e-12,Bin,2.0,2.1
New York,Season peak percentage,percent,3.1583953739953e-12,Bin,2.1,2.2
New York,Season peak percentage,percent,6.10081524951202e-12,Bin,2.2,2.3
New York,Season peak percentage,percent,1.01807403170689e-11,Bin,2.3,2.4
New York,Season peak percentage,percent,1.46770162609815e-11,Bin,2.4,2.5
New York,Season peak percentage,percent,1.82813910888937e-11,Bin,2.5,2.6
New York,Season peak percentage,percent,1.96829756141798e-11,Bin,2.6,2.7
New York,Season peak percentage,percent,1.83535571030229e-11,Bin,2.7,2.8
New York,Season peak percentage,percent,1.49498482969041e-11,Bin,2.8,2.9
New York,Season peak percentage,percent,1.10366720127931e-11,Bin,2.9,3.0
New York,Season peak percentage,percent,8.43437027287929e-12,Bin,3.0,3.1
New York,Season peak percentage,percent,8.70448392341054e-12,Bin,3.1,3.2
New York,Season peak percentage,percent,1.29194020672641e-11,Bin,3.2,3.3
New York,Season peak percentage,percent,2.14158925560215e-11,Bin,3.3,3.4
New York,Season peak percentage,percent,3.33152521510358e-11,Bin,3.4,3.5
New York,Season peak percentage,percent,4.61590828287283e-11,Bin,3.5,3.6
New York,Season peak percentage,percent,5.63411050216433e-11,Bin,3.6,3.7
New York,Season peak percentage,percent,6.05751846303068e-11,Bin,3.7,3.8
New York,Season peak percentage,percent,5.76655817866511e-11,Bin,3.8,3.9
New York,Season peak percentage,percent,4.92855406504702e-11,Bin,3.9,4.0
New York,Season peak percentage,percent,3.90816958259033e-11,Bin,4.0,4.1
New York,Season peak percentage,percent,3.06653264442517e-11,Bin,4.1,4.2
New York,Season peak percentage,percent,2.58910135807707e-11,Bin,4.2,4.3
New York,Season peak percentage,percent,2.44704865274726e-11,Bin,4.3,4.4
New York,Season peak percentage,percent,2.48692666308899e-11,Bin,4.4,4.5
New York,Season peak percentage,percent,2.55276891021486e-11,Bin,4.5,4.6
New York,Season peak percentage,percent,2.54889246005731e-11,Bin,4.6,4.7
New York,Season peak percentage,percent,2.43093192339226e-11,Bin,4.7,4.8
New York,Season peak percentage,percent,2.17979710891021e-11,Bin,4.8,4.9
New York,Season peak percentage,percent,1.80327694158653e-11,Bin,4.9,5.0
New York,Season peak percentage,percent,1.35182527332292e-11,Bin,5.0,5.1
New York,Season peak percentage,percent,9.11691023376226e-12,Bin,5.1,5.2
New York,Season peak percentage,percent,5.70876147336948e-12,Bin,5.2,5.3
New York,Season peak percentage,percent,3.88646125106233e-12,Bin,5.3,5.4
New York,Season peak percentage,percent,3.89435142008799e-12,Bin,5.4,5.5
New York,Season peak percentage,percent,5.68567780450226e-12,Bin,5.5,5.6
New York,Season peak percentage,percent,8.87789851328687e-12,Bin,5.6,5.7
New York,Season peak percentage,percent,1.26230076092292e-11,Bin,5.7,5.8
New York,Season peak percentage,percent,1.56767465688693e-11,Bin,5.8,5.9
New York,Season peak percentage,percent,1.68570596765752e-11,Bin,5.9,6.0
New York,Season peak percentage,percent,1.56662702038384e-11,Bin,6.0,6.1
New York,Season peak percentage,percent,1.25792613691036e-11,Bin,6.1,6.2
New York,Season peak percentage,percent,8.72591079879093e-12,Bin,6.2,6.3
New York,Season peak percentage,percent,5.22904671010908e-12,Bin,6.3,6.4
New York,Season peak percentage,percent,2.70708498645563e-12,Bin,6.4,6.5
New York,Season peak percentage,percent,1.21065187581269e-12,Bin,6.5,6.6
New York,Season peak percentage,percent,4.67713629330412e-13,Bin,6.6,6.7
New York,Season peak percentage,percent,2.00660828110746e-13,Bin,6.7,6.8
New York,Season peak percentage,percent,1.90902947760379e-13,Bin,6.8,6.9
New York,Season peak percentage,percent,1.90902947760379e-13,Bin,6.9,7.0
New York,Season peak percentage,percent,1.90902947760379e-13,Bin,7.0,7.1
New York,Season peak percentage,percent,1.90902947760379e-13,Bin,7.1,7.2
New York,Season peak percentage,percent,1.90902947760379e-13,Bin,7.2,7.3
New York,Season peak percentage,percent,1.90902947760379e-13,Bin,7.3,7.4
New York,Season peak percentage,percent,1.90902947760379e-13,Bin,7.4,7.5
New York,Season peak percentage,percent,1.90902947760379e-13,Bin,7.5,7.6
New York,Season peak percentage,percent,1.90902947760379e-13,Bin,7.6,7.7
New York,Season peak percentage,percent,1.90902947760379e-13,Bin,7.7,7.8
New York,Season peak percentage,percent,1.90902947760379e-13,Bin,7.8,7.9
New York,Season peak percentage,percent,1.90902947760379e-13,Bin,7.9,8.0
New York,Season peak percentage,percent,1.90902947760381e-13,Bin,8.0,8.1
New York,Season peak percentage,percent,1.90902947760383e-13,Bin,8.1,8.2
New York,Season peak percentage,percent,1.90902947760383e-13,Bin,8.2,8.3
New York,Season peak percentage,percent,1.90902947760383e-13,Bin,8.3,8.4
New York,Season peak percentage,percent,1.90902947760383e-13,Bin,8.4,8.5
New York,Season peak percentage,percent,1.90902947760383e-13,Bin,8.5,8.6
New York,Season peak percentage,percent,1.90902947760383e-13,Bin,8.6,8.7
New York,Season peak percentage,percent,0.999999999108071,Bin,8.7,8.8
New York,Season peak percentage,percent,1.90902947760383e-13,Bin,8.8,8.9
New York,Season peak percentage,percent,1.90902947760383e-13,Bin,8.9,9.0
New York,Season peak percentage,percent,1.90902947760383e-13,Bin,9.0,9.1
New York,Season peak percentage,percent,1.90902947760383e-13,Bin,9.1,9.2
New York,Season peak percentage,percent,1.90902947760383e-13,Bin,9.2,9.3
New York,Season peak percentage,percent,1.90902947760383e-13,Bin,9.3,9.4
New York,Season peak percentage,percent,1.90902947760383e-13,Bin,9.4,9.5
New York,Season peak percentage,percent,1.90902947760383e-13,Bin,9.5,9.6
New York,Season peak percentage,percent,1.90902947760383e-13,Bin,9.6,9.7
New York,Season peak percentage,percent,1.90902947760383e-13,Bin,9.7,9.8
New York,Season peak percentage,percent,1.90902947760383e-13,Bin,9.8,9.9
New York,Season peak percentage,percent,1.90902947760383e-13,Bin,9.9,10.0
New York,Season peak percentage,percent,1.90902947760383e-13,Bin,10.0,10.1
New York,Season peak percentage,percent,1.90902947760383e-13,Bin,10.1,10.2
New York,Season peak percentage,percent,1.90902947760383e-13,Bin,10.2,10.3
New York,Season peak percentage,percent,1.90902947760383e-13,Bin,10.3,10.4
New York,Season peak percentage,percent,1.90902947760383e-13,Bin,10.4,10.5
New York,Season peak percentage,percent,1.90902947760383e-13,Bin,10.5,10.6
New York,Season peak percentage,percent,1.90902947760383e-13,Bin,10.6,10.7
New York,Season peak percentage,percent,1.90902947760383e-13,Bin,10.7,10.8
New York,Season peak percentage,percent,1.90902947760383e-13,Bin,10.8,10.9
New York,Season peak percentage,percent,1.90902947760383e-13,Bin,10.9,11.0
New York,Season peak percentage,percent,1.90902947760383e-13,Bin,11.0,11.1
New York,Season peak percentage,percent,1.90902947760383e-13,Bin,11.1,11.2
New York,Season peak percentage,percent,1.90902947760383e-13,Bin,11.2,11.3
New York,Season peak percentage,percent,1.90902947760383e-13,Bin,11.3,11.4
New York,Season peak percentage,percent,1.90902947760383e-13,Bin,11.4,11.5
New York,Season peak percentage,percent,1.90902947760383e-13,Bin,11.5,11.6
New York,Season peak percentage,percent,1.90902947760383e-13,Bin,11.6,11.7
New York,Season peak percentage,percent,1.90902947760383e-13,Bin,11.7,11.8
New York,Season peak percentage,percent,1.90902947760383e-13,Bin,11.8,11.9
New York,Season peak percentage,percent,1.90902947760383e-13,Bin,11.9,12.0
New York,Season peak percentage,percent,1.90902947760383e-13,Bin,12.0,12.1
New York,Season peak percentage,percent,1.90902947760383e-13,Bin,12.1,12.2
New York,Season peak percentage,percent,1.90902947760383e-13,Bin,12.2,12.3
New York,Season peak percentage,percent,1.90902947760383e-13,Bin,12.3,12.4
New York,Season peak percentage,percent,1.90902947760383e-13,Bin,12.4,12.5
New York,Season peak percentage,percent,1.90902947760383e-13,Bin,12.5,12.6
New York,Season peak percentage,percent,1.90902947760383e-13,Bin,12.6,12.7
New York,Season peak percentage,percent,1.90902947760383e-13,Bin,12.7,12.8
New York,Season peak percentage,percent,1.90902947760383e-13,Bin,12.8,12.9
New York,Season peak percentage,percent,1.90902947760383e-13,Bin,12.9,13.0
New York,Season peak percentage,percent,1.90902947760383e-13,Bin,13.0,100.0
New York,Season peak week,week,4.47231553788362e-05,Bin,40.0,41.0
New York,Season peak week,week,4.47231553788362e-05,Bin,41.0,42.0
New York,Season peak week,week,4.47231553788362e-05,Bin,42.0,43.0
New York,Season peak week,week,4.47231553788362e-05,Bin,43.0,44.0
New York,Season peak week,week,4.47231553788362e-05,Bin,44.0,45.0
New York,Season peak week,week,4.66145396211006e-05,Bin,45.0,46.0
New York,Season peak week,week,0.000119509688307532,Bin,46.0,47.0
New York,Season peak week,week,0.000349758264491839,Bin,47.0,48.0
New York,Season peak week,week,0.000845520442909609,Bin,48.0,49.0
New York,Season peak week,week,0.00169360276945024,Bin,49.0,50.0
New York,Season peak week,week,0.00282634538143537,Bin,50.0,51.0
New York,Season peak week,week,0.00396856847773467,Bin,51.0,52.0
New York,Season peak week,week,0.00476576382194801,Bin,52.0,53.0
New York,Season peak week,week,0.00501416515439831,Bin,1.0,2.0
New York,Season peak week,week,0.00475594805768897,Bin,2.0,3.0
New York,Season peak week,week,0.00415944570405427,Bin,3.0,4.0
New York,Season peak week,week,0.00337737128585351,Bin,4.0,5.0
New York,Season peak week,week,0.00254756887648887,Bin,5.0,6.0
New York,Season peak week,week,0.9419027305448,Bin,6.0,7.0
New York,Season peak week,week,0.00145686610329613,Bin,7.0,8.0
New York,Season peak week,week,0.00144616220712112,Bin,8.0,9.0
New York,Season peak week,week,0.00174134558331981,Bin,9.0,10.0
New York,Season peak week,week,0.00218945552962058,Bin,10.0,11.0
New York,Season peak week,week,0.00264370814846535,Bin,11.0,12.0
New York,Season peak week,week,0.00297584780734686,Bin,12.0,13.0
New York,Season peak week,week,0.00305380216188259,Bin,13.0,14.0
New York,Season peak week,week,0.00278295240656115,Bin,14.0,15.0
New York,Season peak week,week,0.00219787526424278,Bin,15.0,16.0
New York,Season peak week,week,0.00147756209562089,Bin,16.0,17.0
New York,Season peak week,week,0.000835964162920445,Bin,17.0,18.0
New York,Season peak week,week,0.000395348940093717,Bin,18.0,19.0
New York,Season peak week,week,0.00015567183273461,Bin,19.0,20.0
New York,Season peak week,week,5.09089706966748e-05,Bin,20.0,21.0
North Carolina,1 wk ahead,percent,8.40773963782462e-10,Bin,0.0,0.1
North Carolina,1 wk ahead,percent,2.53741926833379e-09,Bin,0.1,0.2
North Carolina,1 wk ahead,percent,0.00600000323656736,Bin,0.2,0.3
North Carolina,1 wk ahead,percent,0.00400000413609568,Bin,0.3,0.4
North Carolina,1 wk ahead,percent,0.0100000040631754,Bin,0.4,0.5
North Carolina,1 wk ahead,percent,0.0160000038580335,Bin,0.5,0.6
North Carolina,1 wk ahead,percent,0.00600000492556046,Bin,0.6,0.7
North Carolina,1 wk ahead,percent,0.0280000039310746,Bin,0.7,0.8
North Carolina,1 wk ahead,percent,0.05800000218172,Bin,0.8,0.9
North Carolina,1 wk ahead,percent,0.103999998744134,Bin,0.9,1.0
North Carolina,1 wk ahead,percent,0.0959999983121956,Bin,1.0,1.1
North Carolina,1 wk ahead,percent,0.119999995212715,Bin,1.1,1.2
North Carolina,1 wk ahead,percent,0.0699999972180803,Bin,1.2,1.3
North Carolina,1 wk ahead,percent,0.119999992722134,Bin,1.3,1.4
North Carolina,1 wk ahead,percent,0.0639999960182084,Bin,1.4,1.5
North Carolina,1 wk ahead,percent,0.0619999960082853,Bin,1.5,1.6
North Carolina,1 wk ahead,percent,0.0739999953563455,Bin,1.6,1.7
North Carolina,1 wk ahead,percent,0.0359999984080921,Bin,1.7,1.8
North Carolina,1 wk ahead,percent,0.0239999997978785,Bin,1.8,1.9
North Carolina,1 wk ahead,percent,0.0299999998177702,Bin,1.9,2.0
North Carolina,1 wk ahead,percent,0.0160000008319531,Bin,2.0,2.1
North Carolina,1 wk ahead,percent,0.00600000115540294,Bin,2.1,2.2
North Carolina,1 wk ahead,percent,1.00528786351275e-09,Bin,2.2,2.3
North Carolina,1 wk ahead,percent,0.00400000023352625,Bin,2.3,2.4
North Carolina,1 wk ahead,percent,0.0139999992394031,Bin,2.4,2.5
North Carolina,1 wk ahead,percent,6.4335140420336e-11,Bin,2.5,2.6
North Carolina,1 wk ahead,percent,0.00399999974776308,Bin,2.6,2.7
North Carolina,1 wk ahead,percent,2.23506902943086e-11,Bin,2.7,2.8
North Carolina,1 wk ahead,percent,2.23506902943086e-11,Bin,2.8,2.9
North Carolina,1 wk ahead,percent,2.23506902943086e-11,Bin,2.9,3.0
North Carolina,1 wk ahead,percent,2.23506902943086e-11,Bin,3.0,3.1
North Carolina,1 wk ahead,percent,0.00399999974686469,Bin,3.1,3.2
North Carolina,1 wk ahead,percent,2.23506902943086e-11,Bin,3.2,3.3
North Carolina,1 wk ahead,percent,2.23506902943086e-11,Bin,3.3,3.4
North Carolina,1 wk ahead,percent,0.00399999974686469,Bin,3.4,3.5
North Carolina,1 wk ahead,percent,2.23506902943086e-11,Bin,3.5,3.6
North Carolina,1 wk ahead,percent,2.23506902943086e-11,Bin,3.6,3.7
North Carolina,1 wk ahead,percent,0.00599999960912169,Bin,3.7,3.8
North Carolina,1 wk ahead,percent,2.23506902943086e-11,Bin,3.8,3.9
North Carolina,1 wk ahead,percent,2.23506902943086e-11,Bin,3.9,4.0
North Carolina,1 wk ahead,percent,0.00399999974686469,Bin,4.0,4.1
North Carolina,1 wk ahead,percent,2.23506902943086e-11,Bin,4.1,4.2
North Carolina,1 wk ahead,percent,0.00399999974686469,Bin,4.2,4.3
North Carolina,1 wk ahead,percent,2.23506902943086e-11,Bin,4.3,4.4
North Carolina,1 wk ahead,percent,2.23506902943086e-11,Bin,4.4,4.5
North Carolina,1 wk ahead,percent,2.23506902943086e-11,Bin,4.5,4.6
North Carolina,1 wk ahead,percent,2.23506902943086e-11,Bin,4.6,4.7
North Carolina,1 wk ahead,percent,2.23506902943086e-11,Bin,4.7,4.8
North Carolina,1 wk ahead,percent,2.23506902943086e-11,Bin,4.8,4.9
North Carolina,1 wk ahead,percent,2.23506902943086e-11,Bin,4.9,5.0
North Carolina,1 wk ahead,percent,2.23506902943086e-11,Bin,5.0,5.1
North Carolina,1 wk ahead,percent,2.23506902943086e-11,Bin,5.1,5.2
North Carolina,1 wk ahead,percent,2.23506902943086e-11,Bin,5.2,5.3
North Carolina,1 wk ahead,percent,2.23506902943086e-11,Bin,5.3,5.4
North Carolina,1 wk ahead,percent,2.23506902943086e-11,Bin,5.4,5.5
North Carolina,1 wk ahead,percent,2.23506902943086e-11,Bin,5.5,5.6
North Carolina,1 wk ahead,percent,2.23506902943086e-11,Bin,5.6,5.7
North Carolina,1 wk ahead,percent,2.23506902943086e-11,Bin,5.7,5.8
North Carolina,1 wk ahead,percent,2.23506902943086e-11,Bin,5.8,5.9
North Carolina,1 wk ahead,percent,2.23506902943086e-11,Bin,5.9,6.0
North Carolina,1 wk ahead,percent,2.23506902943086e-11,Bin,6.0,6.1
North Carolina,1 wk ahead,percent,2.23506902943086e-11,Bin,6.1,6.2
North Carolina,1 wk ahead,percent,2.23506902943086e-11,Bin,6.2,6.3
North Carolina,1 wk ahead,percent,2.23506902943086e-11,Bin,6.3,6.4
North Carolina,1 wk ahead,percent,2.23506902943086e-11,Bin,6.4,6.5
North Carolina,1 wk ahead,percent,2.23506902943086e-11,Bin,6.5,6.6
North Carolina,1 wk ahead,percent,2.23506902943086e-11,Bin,6.6,6.7
North Carolina,1 wk ahead,percent,2.23506902943086e-11,Bin,6.7,6.8
North Carolina,1 wk ahead,percent,2.23506902943086e-11,Bin,6.8,6.9
North Carolina,1 wk ahead,percent,2.23506902943086e-11,Bin,6.9,7.0
North Carolina,1 wk ahead,percent,2.23506902943086e-11,Bin,7.0,7.1
North Carolina,1 wk ahead,percent,2.23506902943086e-11,Bin,7.1,7.2
North Carolina,1 wk ahead,percent,2.23506902943086e-11,Bin,7.2,7.3
North Carolina,1 wk ahead,percent,2.23506902943086e-11,Bin,7.3,7.4
North Carolina,1 wk ahead,percent,2.23506902943086e-11,Bin,7.4,7.5
North Carolina,1 wk ahead,percent,2.23506902943086e-11,Bin,7.5,7.6
North Carolina,1 wk ahead,percent,2.23506902943086e-11,Bin,7.6,7.7
North Carolina,1 wk ahead,percent,2.23506902943086e-11,Bin,7.7,7.8
North Carolina,1 wk ahead,percent,2.23506902943086e-11,Bin,7.8,7.9
North Carolina,1 wk ahead,percent,2.23506902943086e-11,Bin,7.9,8.0
North Carolina,1 wk ahead,percent,2.23506902943088e-11,Bin,8.0,8.1
North Carolina,1 wk ahead,percent,2.2350690294309e-11,Bin,8.1,8.2
North Carolina,1 wk ahead,percent,2.2350690294309e-11,Bin,8.2,8.3
North Carolina,1 wk ahead,percent,2.2350690294309e-11,Bin,8.3,8.4
North Carolina,1 wk ahead,percent,2.2350690294309e-11,Bin,8.4,8.5
North Carolina,1 wk ahead,percent,2.2350690294309e-11,Bin,8.5,8.6
North Carolina,1 wk ahead,percent,2.2350690294309e-11,Bin,8.6,8.7
North Carolina,1 wk ahead,percent,0.00599999960912169,Bin,8.7,8.8
North Carolina,1 wk ahead,percent,2.2350690294309e-11,Bin,8.8,8.9
North Carolina,1 wk ahead,percent,2.2350690294309e-11,Bin,8.9,9.0
North Carolina,1 wk ahead,percent,2.2350690294309e-11,Bin,9.0,9.1
North Carolina,1 wk ahead,percent,2.2350690294309e-11,Bin,9.1,9.2
North Carolina,1 wk ahead,percent,2.2350690294309e-11,Bin,9.2,9.3
North Carolina,1 wk ahead,percent,2.2350690294309e-11,Bin,9.3,9.4
North Carolina,1 wk ahead,percent,2.2350690294309e-11,Bin,9.4,9.5
North Carolina,1 wk ahead,percent,2.2350690294309e-11,Bin,9.5,9.6
North Carolina,1 wk ahead,percent,2.2350690294309e-11,Bin,9.6,9.7
North Carolina,1 wk ahead,percent,2.2350690294309e-11,Bin,9.7,9.8
North Carolina,1 wk ahead,percent,2.2350690294309e-11,Bin,9.8,9.9
North Carolina,1 wk ahead,percent,2.2350690294309e-11,Bin,9.9,10.0
North Carolina,1 wk ahead,percent,2.2350690294309e-11,Bin,10.0,10.1
North Carolina,1 wk ahead,percent,2.2350690294309e-11,Bin,10.1,10.2
North Carolina,1 wk ahead,percent,2.2350690294309e-11,Bin,10.2,10.3
North Carolina,1 wk ahead,percent,2.2350690294309e-11,Bin,10.3,10.4
North Carolina,1 wk ahead,percent,2.2350690294309e-11,Bin,10.4,10.5
North Carolina,1 wk ahead,percent,2.2350690294309e-11,Bin,10.5,10.6
North Carolina,1 wk ahead,percent,2.2350690294309e-11,Bin,10.6,10.7
North Carolina,1 wk ahead,percent,2.2350690294309e-11,Bin,10.7,10.8
North Carolina,1 wk ahead,percent,2.2350690294309e-11,Bin,10.8,10.9
North Carolina,1 wk ahead,percent,2.2350690294309e-11,Bin,10.9,11.0
North Carolina,1 wk ahead,percent,2.2350690294309e-11,Bin,11.0,11.1
North Carolina,1 wk ahead,percent,2.2350690294309e-11,Bin,11.1,11.2
North Carolina,1 wk ahead,percent,2.2350690294309e-11,Bin,11.2,11.3
North Carolina,1 wk ahead,percent,2.2350690294309e-11,Bin,11.3,11.4
North Carolina,1 wk ahead,percent,2.2350690294309e-11,Bin,11.4,11.5
North Carolina,1 wk ahead,percent,2.2350690294309e-11,Bin,11.5,11.6
North Carolina,1 wk ahead,percent,2.2350690294309e-11,Bin,11.6,11.7
North Carolina,1 wk ahead,percent,2.2350690294309e-11,Bin,11.7,11.8
North Carolina,1 wk ahead,percent,2.2350690294309e-11,Bin,11.8,11.9
North Carolina,1 wk ahead,percent,2.2350690294309e-11,Bin,11.9,12.0
North Carolina,1 wk ahead,percent,2.2350690294309e-11,Bin,12.0,12.1
North Carolina,1 wk ahead,percent,2.2350690294309e-11,Bin,12.1,12.2
North Carolina,1 wk ahead,percent,2.2350690294309e-11,Bin,12.2,12.3
North Carolina,1 wk ahead,percent,2.2350690294309e-11,Bin,12.3,12.4
North Carolina,1 wk ahead,percent,2.2350690294309e-11,Bin,12.4,12.5
North Carolina,1 wk ahead,percent,2.2350690294309e-11,Bin,12.5,12.6
North Carolina,1 wk ahead,percent,2.2350690294309e-11,Bin,12.6,12.7
North Carolina,1 wk ahead,percent,2.2350690294309e-11,Bin,12.7,12.8
North Carolina,1 wk ahead,percent,2.2350690294309e-11,Bin,12.8,12.9
North Carolina,1 wk ahead,percent,2.2350690294309e-11,Bin,12.9,13.0
North Carolina,1 wk ahead,percent,2.2350690294309e-11,Bin,13.0,100.0
North Carolina,2 wk ahead,percent,9.33704535865266e-10,Bin,0.0,0.1
North Carolina,2 wk ahead,percent,0.00400000228616089,Bin,0.1,0.2
North Carolina,2 wk ahead,percent,0.0100000027974531,Bin,0.2,0.3
North Carolina,2 wk ahead,percent,4.3044482704739e-09,Bin,0.3,0.4
North Carolina,2 wk ahead,percent,0.00600000429018941,Bin,0.4,0.5
North Carolina,2 wk ahead,percent,0.0140000037850998,Bin,0.5,0.6
North Carolina,2 wk ahead,percent,0.0240000029541622,Bin,0.6,0.7
North Carolina,2 wk ahead,percent,0.0520000008554551,Bin,0.7,0.8
North Carolina,2 wk ahead,percent,0.0859999985152961,Bin,0.8,0.9
North Carolina,2 wk ahead,percent,0.117999996432637,Bin,0.9,1.0
North Carolina,2 wk ahead,percent,0.0739999997856191,Bin,1.0,1.1
North Carolina,2 wk ahead,percent,0.0879999984052892,Bin,1.1,1.2
North Carolina,2 wk ahead,percent,0.0899999974108936,Bin,1.2,1.3
North Carolina,2 wk ahead,percent,0.097999995692974,Bin,1.3,1.4
North Carolina,2 wk ahead,percent,0.0559999977310788,Bin,1.4,1.5
North Carolina,2 wk ahead,percent,0.0759999955319657,Bin,1.5,1.6
North Carolina,2 wk ahead,percent,0.0419999977708532,Bin,1.6,1.7
North Carolina,2 wk ahead,percent,0.0399999980461409,Bin,1.7,1.8
North Carolina,2 wk ahead,percent,0.021999999732764,Bin,1.8,1.9
North Carolina,2 wk ahead,percent,0.0220000000848362,Bin,1.9,2.0
North Carolina,2 wk ahead,percent,0.0160000006601987,Bin,2.0,2.1
North Carolina,2 wk ahead,percent,0.0160000004846531,Bin,2.1,2.2
North Carolina,2 wk ahead,percent,0.00800000066993049,Bin,2.2,2.3
North Carolina,2 wk ahead,percent,0.0119999999110382,Bin,2.3,2.4
North Carolina,2 wk ahead,percent,0.00200000027343241,Bin,2.4,2.5
North Carolina,2 wk ahead,percent,0.00799999959513701,Bin,2.5,2.6
North Carolina,2 wk ahead,percent,6.85301152490179e-11,Bin,2.6,2.7
North Carolina,2 wk ahead,percent,2.42731505952362e-11,Bin,2.7,2.8
North Carolina,2 wk ahead,percent,0.00199999987316619,Bin,2.8,2.9
North Carolina,2 wk ahead,percent,2.08469056356597e-11,Bin,2.9,3.0
North Carolina,2 wk ahead,percent,2.08469056356597e-11,Bin,3.0,3.1
North Carolina,2 wk ahead,percent,0.00199999987316619,Bin,3.1,3.2
North Carolina,2 wk ahead,percent,2.08469056356597e-11,Bin,3.2,3.3
North Carolina,2 wk ahead,percent,0.00199999987316619,Bin,3.3,3.4
North Carolina,2 wk ahead,percent,0.00199999987316619,Bin,3.4,3.5
North Carolina,2 wk ahead,percent,2.08469056356597e-11,Bin,3.5,3.6
North Carolina,2 wk ahead,percent,2.08469056356597e-11,Bin,3.6,3.7
North Carolina,2 wk ahead,percent,2.08469056356597e-11,Bin,3.7,3.8
North Carolina,2 wk ahead,percent,2.08469056356597e-11,Bin,3.8,3.9
North Carolina,2 wk ahead,percent,0.00199999987316619,Bin,3.9,4.0
North Carolina,2 wk ahead,percent,2.08469056356597e-11,Bin,4.0,4.1
North Carolina,2 wk ahead,percent,2.08469056356597e-11,Bin,4.1,4.2
North Carolina,2 wk ahead,percent,2.08469056356597e-11,Bin,4.2,4.3
North Carolina,2 wk ahead,percent,0.00199999987316619,Bin,4.3,4.4
North Carolina,2 wk ahead,percent,2.08469056356597e-11,Bin,4.4,4.5
North Carolina,2 wk ahead,percent,0.00199999987316619,Bin,4.5,4.6
North Carolina,2 wk ahead,percent,2.08469056356597e-11,Bin,4.6,4.7
North Carolina,2 wk ahead,percent,2.08469056356597e-11,Bin,4.7,4.8
North Carolina,2 wk ahead,percent,2.08469056356597e-11,Bin,4.8,4.9
North Carolina,2 wk ahead,percent,2.08469056356597e-11,Bin,4.9,5.0
North Carolina,2 wk ahead,percent,2.08469056356597e-11,Bin,5.0,5.1
North Carolina,2 wk ahead,percent,2.08469056356597e-11,Bin,5.1,5.2
North Carolina,2 wk ahead,percent,2.08469056356597e-11,Bin,5.2,5.3
North Carolina,2 wk ahead,percent,2.08469056356597e-11,Bin,5.3,5.4
North Carolina,2 wk ahead,percent,2.08469056356597e-11,Bin,5.4,5.5
North Carolina,2 wk ahead,percent,2.08469056356597e-11,Bin,5.5,5.6
North Carolina,2 wk ahead,percent,2.08469056356597e-11,Bin,5.6,5.7
North Carolina,2 wk ahead,percent,2.08469056356597e-11,Bin,5.7,5.8
North Carolina,2 wk ahead,percent,2.08469056356597e-11,Bin,5.8,5.9
North Carolina,2 wk ahead,percent,2.08469056356597e-11,Bin,5.9,6.0
North Carolina,2 wk ahead,percent,2.08469056356597e-11,Bin,6.0,6.1
North Carolina,2 wk ahead,percent,2.08469056356597e-11,Bin,6.1,6.2
North Carolina,2 wk ahead,percent,2.08469056356597e-11,Bin,6.2,6.3
North Carolina,2 wk ahead,percent,2.08469056356597e-11,Bin,6.3,6.4
North Carolina,2 wk ahead,percent,2.08469056356597e-11,Bin,6.4,6.5
North Carolina,2 wk ahead,percent,2.08469056356597e-11,Bin,6.5,6.6
North Carolina,2 wk ahead,percent,2.08469056356597e-11,Bin,6.6,6.7
North Carolina,2 wk ahead,percent,2.08469056356597e-11,Bin,6.7,6.8
North Carolina,2 wk ahead,percent,2.08469056356597e-11,Bin,6.8,6.9
North Carolina,2 wk ahead,percent,2.08469056356597e-11,Bin,6.9,7.0
North Carolina,2 wk ahead,percent,2.08469056356597e-11,Bin,7.0,7.1
North Carolina,2 wk ahead,percent,2.08469056356597e-11,Bin,7.1,7.2
North Carolina,2 wk ahead,percent,2.08469056356597e-11,Bin,7.2,7.3
North Carolina,2 wk ahead,percent,2.08469056356597e-11,Bin,7.3,7.4
North Carolina,2 wk ahead,percent,2.08469056356597e-11,Bin,7.4,7.5
North Carolina,2 wk ahead,percent,2.08469056356597e-11,Bin,7.5,7.6
North Carolina,2 wk ahead,percent,2.08469056356597e-11,Bin,7.6,7.7
North Carolina,2 wk ahead,percent,2.08469056356597e-11,Bin,7.7,7.8
North Carolina,2 wk ahead,percent,2.08469056356597e-11,Bin,7.8,7.9
North Carolina,2 wk ahead,percent,2.08469056356597e-11,Bin,7.9,8.0
North Carolina,2 wk ahead,percent,2.08469056356599e-11,Bin,8.0,8.1
North Carolina,2 wk ahead,percent,2.08469056356601e-11,Bin,8.1,8.2
North Carolina,2 wk ahead,percent,2.08469056356601e-11,Bin,8.2,8.3
North Carolina,2 wk ahead,percent,0.00199999987316619,Bin,8.3,8.4
North Carolina,2 wk ahead,percent,2.08469056356601e-11,Bin,8.4,8.5
North Carolina,2 wk ahead,percent,2.08469056356601e-11,Bin,8.5,8.6
North Carolina,2 wk ahead,percent,2.08469056356601e-11,Bin,8.6,8.7
North Carolina,2 wk ahead,percent,2.08469056356601e-11,Bin,8.7,8.8
North Carolina,2 wk ahead,percent,2.08469056356601e-11,Bin,8.8,8.9
North Carolina,2 wk ahead,percent,2.08469056356601e-11,Bin,8.9,9.0
North Carolina,2 wk ahead,percent,2.08469056356601e-11,Bin,9.0,9.1
North Carolina,2 wk ahead,percent,2.08469056356601e-11,Bin,9.1,9.2
North Carolina,2 wk ahead,percent,2.08469056356601e-11,Bin,9.2,9.3
North Carolina,2 wk ahead,percent,2.08469056356601e-11,Bin,9.3,9.4
North Carolina,2 wk ahead,percent,2.08469056356601e-11,Bin,9.4,9.5
North Carolina,2 wk ahead,percent,2.08469056356601e-11,Bin,9.5,9.6
North Carolina,2 wk ahead,percent,2.08469056356601e-11,Bin,9.6,9.7
North Carolina,2 wk ahead,percent,2.08469056356601e-11,Bin,9.7,9.8
North Carolina,2 wk ahead,percent,2.08469056356601e-11,Bin,9.8,9.9
North Carolina,2 wk ahead,percent,2.08469056356601e-11,Bin,9.9,10.0
North Carolina,2 wk ahead,percent,2.08469056356601e-11,Bin,10.0,10.1
North Carolina,2 wk ahead,percent,2.08469056356601e-11,Bin,10.1,10.2
North Carolina,2 wk ahead,percent,2.08469056356601e-11,Bin,10.2,10.3
North Carolina,2 wk ahead,percent,2.08469056356601e-11,Bin,10.3,10.4
North Carolina,2 wk ahead,percent,2.08469056356601e-11,Bin,10.4,10.5
North Carolina,2 wk ahead,percent,2.08469056356601e-11,Bin,10.5,10.6
North Carolina,2 wk ahead,percent,2.08469056356601e-11,Bin,10.6,10.7
North Carolina,2 wk ahead,percent,2.08469056356601e-11,Bin,10.7,10.8
North Carolina,2 wk ahead,percent,2.08469056356601e-11,Bin,10.8,10.9
North Carolina,2 wk ahead,percent,2.08469056356601e-11,Bin,10.9,11.0
North Carolina,2 wk ahead,percent,2.08469056356601e-11,Bin,11.0,11.1
North Carolina,2 wk ahead,percent,2.08469056356601e-11,Bin,11.1,11.2
North Carolina,2 wk ahead,percent,2.08469056356601e-11,Bin,11.2,11.3
North Carolina,2 wk ahead,percent,2.08469056356601e-11,Bin,11.3,11.4
North Carolina,2 wk ahead,percent,2.08469056356601e-11,Bin,11.4,11.5
North Carolina,2 wk ahead,percent,2.08469056356601e-11,Bin,11.5,11.6
North Carolina,2 wk ahead,percent,2.08469056356601e-11,Bin,11.6,11.7
North Carolina,2 wk ahead,percent,2.08469056356601e-11,Bin,11.7,11.8
North Carolina,2 wk ahead,percent,2.08469056356601e-11,Bin,11.8,11.9
North Carolina,2 wk ahead,percent,2.08469056356601e-11,Bin,11.9,12.0
North Carolina,2 wk ahead,percent,2.08469056356601e-11,Bin,12.0,12.1
North Carolina,2 wk ahead,percent,2.08469056356601e-11,Bin,12.1,12.2
North Carolina,2 wk ahead,percent,2.08469056356601e-11,Bin,12.2,12.3
North Carolina,2 wk ahead,percent,2.08469056356601e-11,Bin,12.3,12.4
North Carolina,2 wk ahead,percent,2.08469056356601e-11,Bin,12.4,12.5
North Carolina,2 wk ahead,percent,2.08469056356601e-11,Bin,12.5,12.6
North Carolina,2 wk ahead,percent,2.08469056356601e-11,Bin,12.6,12.7
North Carolina,2 wk ahead,percent,2.08469056356601e-11,Bin,12.7,12.8
North Carolina,2 wk ahead,percent,2.08469056356601e-11,Bin,12.8,12.9
North Carolina,2 wk ahead,percent,2.08469056356601e-11,Bin,12.9,13.0
North Carolina,2 wk ahead,percent,2.08469056356601e-11,Bin,13.0,100.0
North Carolina,3 wk ahead,percent,4.50328486488538e-10,Bin,0.0,0.1
North Carolina,3 wk ahead,percent,0.0100000005513476,Bin,0.1,0.2
North Carolina,3 wk ahead,percent,0.0120000042263522,Bin,0.2,0.3
North Carolina,3 wk ahead,percent,0.00800000949921918,Bin,0.3,0.4
North Carolina,3 wk ahead,percent,0.0220000089286096,Bin,0.4,0.5
North Carolina,3 wk ahead,percent,0.0500000037503805,Bin,0.5,0.6
North Carolina,3 wk ahead,percent,0.0839999984358139,Bin,0.6,0.7
North Carolina,3 wk ahead,percent,0.0980000005708171,Bin,0.7,0.8
North Carolina,3 wk ahead,percent,0.10800000367005,Bin,0.8,0.9
North Carolina,3 wk ahead,percent,0.11000000255624,Bin,0.9,1.0
North Carolina,3 wk ahead,percent,0.0720000035728888,Bin,1.0,1.1
North Carolina,3 wk ahead,percent,0.0979999910198109,Bin,1.1,1.2
North Carolina,3 wk ahead,percent,0.0619999962939414,Bin,1.2,1.3
North Carolina,3 wk ahead,percent,0.0659999955059839,Bin,1.3,1.4
North Carolina,3 wk ahead,percent,0.0599999945358916,Bin,1.4,1.5
North Carolina,3 wk ahead,percent,0.025999997898647,Bin,1.5,1.6
North Carolina,3 wk ahead,percent,0.0219999963104673,Bin,1.6,1.7
North Carolina,3 wk ahead,percent,0.00999999806283223,Bin,1.7,1.8
North Carolina,3 wk ahead,percent,0.0179999963137047,Bin,1.8,1.9
North Carolina,3 wk ahead,percent,0.00999999799694956,Bin,1.9,2.0
North Carolina,3 wk ahead,percent,1.0100564421128e-10,Bin,2.0,2.1
North Carolina,3 wk ahead,percent,0.00399999925938321,Bin,2.1,2.2
North Carolina,3 wk ahead,percent,0.0119999975761383,Bin,2.2,2.3
North Carolina,3 wk ahead,percent,0.00999999799694956,Bin,2.3,2.4
North Carolina,3 wk ahead,percent,0.00199999968019443,Bin,2.4,2.5
North Carolina,3 wk ahead,percent,0.00399999925938321,Bin,2.5,2.6
North Carolina,3 wk ahead,percent,1.0100564421128e-10,Bin,2.6,2.7
North Carolina,3 wk ahead,percent,0.00399999925938321,Bin,2.7,2.8
North Carolina,3 wk ahead,percent,1.0100564421128e-10,Bin,2.8,2.9
North Carolina,3 wk ahead,percent,0.00199999968019443,Bin,2.9,3.0
North Carolina,3 wk ahead,percent,0.00199999968019443,Bin,3.0,3.1
North Carolina,3 wk ahead,percent,0.00399999925938321,Bin,3.1,3.2
North Carolina,3 wk ahead,percent,1.0100564421128e-10,Bin,3.2,3.3
North Carolina,3 wk ahead,percent,1.0100564421128e-10,Bin,3.3,3.4
North Carolina,3 wk ahead,percent,0.00199999968019443,Bin,3.4,3.5
North Carolina,3 wk ahead,percent,1.0100564421128e-10,Bin,3.5,3.6
North Carolina,3 wk ahead,percent,0.00199999968019443,Bin,3.6,3.7
North Carolina,3 wk ahead,percent,0.00199999968019443,Bin,3.7,3.8
North Carolina,3 wk ahead,percent,1.0100564421128e-10,Bin,3.8,3.9
North Carolina,3 wk ahead,percent,1.0100564421128e-10,Bin,3.9,4.0
North Carolina,3 wk ahead,percent,1.0100564421128e-10,Bin,4.0,4.1
North Carolina,3 wk ahead,percent,0.00199999968019443,Bin,4.1,4.2
North Carolina,3 wk ahead,percent,1.0100564421128e-10,Bin,4.2,4.3
North Carolina,3 wk ahead,percent,1.0100564421128e-10,Bin,4.3,4.4
North Carolina,3 wk ahead,percent,1.0100564421128e-10,Bin,4.4,4.5
North Carolina,3 wk ahead,percent,1.0100564421128e-10,Bin,4.5,4.6
North Carolina,3 wk ahead,percent,1.0100564421128e-10,Bin,4.6,4.7
North Carolina,3 wk ahead,percent,1.0100564421128e-10,Bin,4.7,4.8
North Carolina,3 wk ahead,percent,1.0100564421128e-10,Bin,4.8,4.9
North Carolina,3 wk ahead,percent,1.0100564421128e-10,Bin,4.9,5.0
North Carolina,3 wk ahead,percent,1.0100564421128e-10,Bin,5.0,5.1
North Carolina,3 wk ahead,percent,1.0100564421128e-10,Bin,5.1,5.2
North Carolina,3 wk ahead,percent,1.0100564421128e-10,Bin,5.2,5.3
North Carolina,3 wk ahead,percent,1.0100564421128e-10,Bin,5.3,5.4
North Carolina,3 wk ahead,percent,1.0100564421128e-10,Bin,5.4,5.5
North Carolina,3 wk ahead,percent,1.0100564421128e-10,Bin,5.5,5.6
North Carolina,3 wk ahead,percent,1.0100564421128e-10,Bin,5.6,5.7
North Carolina,3 wk ahead,percent,1.0100564421128e-10,Bin,5.7,5.8
North Carolina,3 wk ahead,percent,1.0100564421128e-10,Bin,5.8,5.9
North Carolina,3 wk ahead,percent,1.0100564421128e-10,Bin,5.9,6.0
North Carolina,3 wk ahead,percent,1.0100564421128e-10,Bin,6.0,6.1
North Carolina,3 wk ahead,percent,1.0100564421128e-10,Bin,6.1,6.2
North Carolina,3 wk ahead,percent,1.0100564421128e-10,Bin,6.2,6.3
North Carolina,3 wk ahead,percent,1.0100564421128e-10,Bin,6.3,6.4
North Carolina,3 wk ahead,percent,1.0100564421128e-10,Bin,6.4,6.5
North Carolina,3 wk ahead,percent,1.0100564421128e-10,Bin,6.5,6.6
North Carolina,3 wk ahead,percent,1.0100564421128e-10,Bin,6.6,6.7
North Carolina,3 wk ahead,percent,1.0100564421128e-10,Bin,6.7,6.8
North Carolina,3 wk ahead,percent,1.0100564421128e-10,Bin,6.8,6.9
North Carolina,3 wk ahead,percent,0.00199999968019443,Bin,6.9,7.0
North Carolina,3 wk ahead,percent,1.0100564421128e-10,Bin,7.0,7.1
North Carolina,3 wk ahead,percent,1.0100564421128e-10,Bin,7.1,7.2
North Carolina,3 wk ahead,percent,1.0100564421128e-10,Bin,7.2,7.3
North Carolina,3 wk ahead,percent,1.0100564421128e-10,Bin,7.3,7.4
North Carolina,3 wk ahead,percent,1.0100564421128e-10,Bin,7.4,7.5
North Carolina,3 wk ahead,percent,1.0100564421128e-10,Bin,7.5,7.6
North Carolina,3 wk ahead,percent,1.0100564421128e-10,Bin,7.6,7.7
North Carolina,3 wk ahead,percent,1.0100564421128e-10,Bin,7.7,7.8
North Carolina,3 wk ahead,percent,1.0100564421128e-10,Bin,7.8,7.9
North Carolina,3 wk ahead,percent,1.0100564421128e-10,Bin,7.9,8.0
North Carolina,3 wk ahead,percent,1.0100564421128e-10,Bin,8.0,8.1
North Carolina,3 wk ahead,percent,1.01005644211281e-10,Bin,8.1,8.2
North Carolina,3 wk ahead,percent,1.01005644211281e-10,Bin,8.2,8.3
North Carolina,3 wk ahead,percent,1.01005644211281e-10,Bin,8.3,8.4
North Carolina,3 wk ahead,percent,1.01005644211281e-10,Bin,8.4,8.5
North Carolina,3 wk ahead,percent,1.01005644211281e-10,Bin,8.5,8.6
North Carolina,3 wk ahead,percent,1.01005644211281e-10,Bin,8.6,8.7
North Carolina,3 wk ahead,percent,1.01005644211281e-10,Bin,8.7,8.8
North Carolina,3 wk ahead,percent,1.01005644211281e-10,Bin,8.8,8.9
North Carolina,3 wk ahead,percent,1.01005644211281e-10,Bin,8.9,9.0
North Carolina,3 wk ahead,percent,1.01005644211281e-10,Bin,9.0,9.1
North Carolina,3 wk ahead,percent,1.01005644211281e-10,Bin,9.1,9.2
North Carolina,3 wk ahead,percent,1.01005644211281e-10,Bin,9.2,9.3
North Carolina,3 wk ahead,percent,1.01005644211281e-10,Bin,9.3,9.4
North Carolina,3 wk ahead,percent,1.01005644211281e-10,Bin,9.4,9.5
North Carolina,3 wk ahead,percent,1.01005644211281e-10,Bin,9.5,9.6
North Carolina,3 wk ahead,percent,1.01005644211281e-10,Bin,9.6,9.7
North Carolina,3 wk ahead,percent,1.01005644211281e-10,Bin,9.7,9.8
North Carolina,3 wk ahead,percent,1.01005644211281e-10,Bin,9.8,9.9
North Carolina,3 wk ahead,percent,1.01005644211281e-10,Bin,9.9,10.0
North Carolina,3 wk ahead,percent,1.01005644211281e-10,Bin,10.0,10.1
North Carolina,3 wk ahead,percent,1.01005644211281e-10,Bin,10.1,10.2
North Carolina,3 wk ahead,percent,1.01005644211281e-10,Bin,10.2,10.3
North Carolina,3 wk ahead,percent,1.01005644211281e-10,Bin,10.3,10.4
North Carolina,3 wk ahead,percent,1.01005644211281e-10,Bin,10.4,10.5
North Carolina,3 wk ahead,percent,1.01005644211281e-10,Bin,10.5,10.6
North Carolina,3 wk ahead,percent,1.01005644211281e-10,Bin,10.6,10.7
North Carolina,3 wk ahead,percent,1.01005644211281e-10,Bin,10.7,10.8
North Carolina,3 wk ahead,percent,1.01005644211281e-10,Bin,10.8,10.9
North Carolina,3 wk ahead,percent,1.01005644211281e-10,Bin,10.9,11.0
North Carolina,3 wk ahead,percent,1.01005644211281e-10,Bin,11.0,11.1
North Carolina,3 wk ahead,percent,1.01005644211281e-10,Bin,11.1,11.2
North Carolina,3 wk ahead,percent,1.01005644211281e-10,Bin,11.2,11.3
North Carolina,3 wk ahead,percent,1.01005644211281e-10,Bin,11.3,11.4
North Carolina,3 wk ahead,percent,1.01005644211281e-10,Bin,11.4,11.5
North Carolina,3 wk ahead,percent,1.01005644211281e-10,Bin,11.5,11.6
North Carolina,3 wk ahead,percent,1.01005644211281e-10,Bin,11.6,11.7
North Carolina,3 wk ahead,percent,1.01005644211281e-10,Bin,11.7,11.8
North Carolina,3 wk ahead,percent,1.01005644211281e-10,Bin,11.8,11.9
North Carolina,3 wk ahead,percent,1.01005644211281e-10,Bin,11.9,12.0
North Carolina,3 wk ahead,percent,1.01005644211281e-10,Bin,12.0,12.1
North Carolina,3 wk ahead,percent,1.01005644211281e-10,Bin,12.1,12.2
North Carolina,3 wk ahead,percent,1.01005644211281e-10,Bin,12.2,12.3
North Carolina,3 wk ahead,percent,1.01005644211281e-10,Bin,12.3,12.4
North Carolina,3 wk ahead,percent,1.01005644211281e-10,Bin,12.4,12.5
North Carolina,3 wk ahead,percent,1.01005644211281e-10,Bin,12.5,12.6
North Carolina,3 wk ahead,percent,1.01005644211281e-10,Bin,12.6,12.7
North Carolina,3 wk ahead,percent,1.01005644211281e-10,Bin,12.7,12.8
North Carolina,3 wk ahead,percent,1.01005644211281e-10,Bin,12.8,12.9
North Carolina,3 wk ahead,percent,1.01005644211281e-10,Bin,12.9,13.0
North Carolina,3 wk ahead,percent,1.01005644211281e-10,Bin,13.0,100.0
North Carolina,4 wk ahead,percent,2.33819594113083e-09,Bin,0.0,0.1
North Carolina,4 wk ahead,percent,0.0100000036764663,Bin,0.1,0.2
North Carolina,4 wk ahead,percent,0.00800000563421165,Bin,0.2,0.3
North Carolina,4 wk ahead,percent,0.0180000050734766,Bin,0.3,0.4
North Carolina,4 wk ahead,percent,0.0300000039871503,Bin,0.4,0.5
North Carolina,4 wk ahead,percent,0.0400000031245178,Bin,0.5,0.6
North Carolina,4 wk ahead,percent,0.099999991524713,Bin,0.6,0.7
North Carolina,4 wk ahead,percent,0.0839999956295382,Bin,0.7,0.8
North Carolina,4 wk ahead,percent,0.103999991991853,Bin,0.8,0.9
North Carolina,4 wk ahead,percent,0.0839999966151484,Bin,0.9,1.0
North Carolina,4 wk ahead,percent,0.0939999948184315,Bin,1.0,1.1
North Carolina,4 wk ahead,percent,0.0739999991088378,Bin,1.1,1.2
North Carolina,4 wk ahead,percent,0.0819999971643474,Bin,1.2,1.3
North Carolina,4 wk ahead,percent,0.0460000039387669,Bin,1.3,1.4
North Carolina,4 wk ahead,percent,0.0460000025825387,Bin,1.4,1.5
North Carolina,4 wk ahead,percent,0.0340000032462172,Bin,1.5,1.6
North Carolina,4 wk ahead,percent,0.0340000011062109,Bin,1.6,1.7
North Carolina,4 wk ahead,percent,0.0280000002137906,Bin,1.7,1.8
North Carolina,4 wk ahead,percent,0.0239999991373809,Bin,1.8,1.9
North Carolina,4 wk ahead,percent,0.0139999997088421,Bin,1.9,2.0
North Carolina,4 wk ahead,percent,0.00400000071082195,Bin,2.0,2.1
North Carolina,4 wk ahead,percent,0.00599999957876074,Bin,2.1,2.2
North Carolina,4 wk ahead,percent,0.00599999915834135,Bin,2.2,2.3
North Carolina,4 wk ahead,percent,0.00199999977177465,Bin,2.3,2.4
North Carolina,4 wk ahead,percent,8.13236047776256e-11,Bin,2.4,2.5
North Carolina,4 wk ahead,percent,5.61617113275849e-11,Bin,2.5,2.6
North Carolina,4 wk ahead,percent,0.00599999879727614,Bin,2.6,2.7
North Carolina,4 wk ahead,percent,0.00399999921690466,Bin,2.7,2.8
North Carolina,4 wk ahead,percent,0.00199999963653319,Bin,2.8,2.9
North Carolina,4 wk ahead,percent,0.00199999963653319,Bin,2.9,3.0
North Carolina,4 wk ahead,percent,5.61617113275849e-11,Bin,3.0,3.1
North Carolina,4 wk ahead,percent,5.61617113275849e-11,Bin,3.1,3.2
North Carolina,4 wk ahead,percent,5.61617113275849e-11,Bin,3.2,3.3
North Carolina,4 wk ahead,percent,0.00399999921690466,Bin,3.3,3.4
North Carolina,4 wk ahead,percent,0.00199999963653319,Bin,3.4,3.5
North Carolina,4 wk ahead,percent,5.61617113275849e-11,Bin,3.5,3.6
North Carolina,4 wk ahead,percent,5.61617113275849e-11,Bin,3.6,3.7
North Carolina,4 wk ahead,percent,5.61617113275849e-11,Bin,3.7,3.8
North Carolina,4 wk ahead,percent,5.61617113275849e-11,Bin,3.8,3.9
North Carolina,4 wk ahead,percent,5.61617113275849e-11,Bin,3.9,4.0
North Carolina,4 wk ahead,percent,5.61617113275849e-11,Bin,4.0,4.1
North Carolina,4 wk ahead,percent,5.61617113275849e-11,Bin,4.1,4.2
North Carolina,4 wk ahead,percent,5.61617113275849e-11,Bin,4.2,4.3
North Carolina,4 wk ahead,percent,5.61617113275849e-11,Bin,4.3,4.4
North Carolina,4 wk ahead,percent,5.61617113275849e-11,Bin,4.4,4.5
North Carolina,4 wk ahead,percent,5.61617113275849e-11,Bin,4.5,4.6
North Carolina,4 wk ahead,percent,5.61617113275849e-11,Bin,4.6,4.7
North Carolina,4 wk ahead,percent,5.61617113275849e-11,Bin,4.7,4.8
North Carolina,4 wk ahead,percent,5.61617113275849e-11,Bin,4.8,4.9
North Carolina,4 wk ahead,percent,5.61617113275849e-11,Bin,4.9,5.0
North Carolina,4 wk ahead,percent,5.61617113275849e-11,Bin,5.0,5.1
North Carolina,4 wk ahead,percent,5.61617113275849e-11,Bin,5.1,5.2
North Carolina,4 wk ahead,percent,5.61617113275849e-11,Bin,5.2,5.3
North Carolina,4 wk ahead,percent,5.61617113275849e-11,Bin,5.3,5.4
North Carolina,4 wk ahead,percent,5.61617113275849e-11,Bin,5.4,5.5
North Carolina,4 wk ahead,percent,5.61617113275849e-11,Bin,5.5,5.6
North Carolina,4 wk ahead,percent,5.61617113275849e-11,Bin,5.6,5.7
North Carolina,4 wk ahead,percent,5.61617113275849e-11,Bin,5.7,5.8
North Carolina,4 wk ahead,percent,5.61617113275849e-11,Bin,5.8,5.9
North Carolina,4 wk ahead,percent,5.61617113275849e-11,Bin,5.9,6.0
North Carolina,4 wk ahead,percent,5.61617113275849e-11,Bin,6.0,6.1
North Carolina,4 wk ahead,percent,5.61617113275849e-11,Bin,6.1,6.2
North Carolina,4 wk ahead,percent,5.61617113275849e-11,Bin,6.2,6.3
North Carolina,4 wk ahead,percent,5.61617113275849e-11,Bin,6.3,6.4
North Carolina,4 wk ahead,percent,5.61617113275849e-11,Bin,6.4,6.5
North Carolina,4 wk ahead,percent,5.61617113275849e-11,Bin,6.5,6.6
North Carolina,4 wk ahead,percent,5.61617113275849e-11,Bin,6.6,6.7
North Carolina,4 wk ahead,percent,5.61617113275849e-11,Bin,6.7,6.8
North Carolina,4 wk ahead,percent,5.61617113275849e-11,Bin,6.8,6.9
North Carolina,4 wk ahead,percent,5.61617113275849e-11,Bin,6.9,7.0
North Carolina,4 wk ahead,percent,0.00199999963653319,Bin,7.0,7.1
North Carolina,4 wk ahead,percent,5.61617113275849e-11,Bin,7.1,7.2
North Carolina,4 wk ahead,percent,5.61617113275849e-11,Bin,7.2,7.3
North Carolina,4 wk ahead,percent,5.61617113275849e-11,Bin,7.3,7.4
North Carolina,4 wk ahead,percent,5.61617113275849e-11,Bin,7.4,7.5
North Carolina,4 wk ahead,percent,5.61617113275849e-11,Bin,7.5,7.6
North Carolina,4 wk ahead,percent,5.61617113275849e-11,Bin,7.6,7.7
North Carolina,4 wk ahead,percent,5.61617113275849e-11,Bin,7.7,7.8
North Carolina,4 wk ahead,percent,5.61617113275849e-11,Bin,7.8,7.9
North Carolina,4 wk ahead,percent,5.61617113275849e-11,Bin,7.9,8.0
North Carolina,4 wk ahead,percent,0.00199999963653319,Bin,8.0,8.1
North Carolina,4 wk ahead,percent,5.6161711327586e-11,Bin,8.1,8.2
North Carolina,4 wk ahead,percent,5.6161711327586e-11,Bin,8.2,8.3
North Carolina,4 wk ahead,percent,5.6161711327586e-11,Bin,8.3,8.4
North Carolina,4 wk ahead,percent,5.6161711327586e-11,Bin,8.4,8.5
North Carolina,4 wk ahead,percent,5.6161711327586e-11,Bin,8.5,8.6
North Carolina,4 wk ahead,percent,5.6161711327586e-11,Bin,8.6,8.7
North Carolina,4 wk ahead,percent,5.6161711327586e-11,Bin,8.7,8.8
North Carolina,4 wk ahead,percent,5.6161711327586e-11,Bin,8.8,8.9
North Carolina,4 wk ahead,percent,5.6161711327586e-11,Bin,8.9,9.0
North Carolina,4 wk ahead,percent,5.6161711327586e-11,Bin,9.0,9.1
North Carolina,4 wk ahead,percent,0.00199999963653319,Bin,9.1,9.2
North Carolina,4 wk ahead,percent,5.6161711327586e-11,Bin,9.2,9.3
North Carolina,4 wk ahead,percent,5.6161711327586e-11,Bin,9.3,9.4
North Carolina,4 wk ahead,percent,5.6161711327586e-11,Bin,9.4,9.5
North Carolina,4 wk ahead,percent,5.6161711327586e-11,Bin,9.5,9.6
North Carolina,4 wk ahead,percent,5.6161711327586e-11,Bin,9.6,9.7
North Carolina,4 wk ahead,percent,5.6161711327586e-11,Bin,9.7,9.8
North Carolina,4 wk ahead,percent,5.6161711327586e-11,Bin,9.8,9.9
North Carolina,4 wk ahead,percent,5.6161711327586e-11,Bin,9.9,10.0
North Carolina,4 wk ahead,percent,5.6161711327586e-11,Bin,10.0,10.1
North Carolina,4 wk ahead,percent,5.6161711327586e-11,Bin,10.1,10.2
North Carolina,4 wk ahead,percent,5.6161711327586e-11,Bin,10.2,10.3
North Carolina,4 wk ahead,percent,5.6161711327586e-11,Bin,10.3,10.4
North Carolina,4 wk ahead,percent,5.6161711327586e-11,Bin,10.4,10.5
North Carolina,4 wk ahead,percent,5.6161711327586e-11,Bin,10.5,10.6
North Carolina,4 wk ahead,percent,5.6161711327586e-11,Bin,10.6,10.7
North Carolina,4 wk ahead,percent,5.6161711327586e-11,Bin,10.7,10.8
North Carolina,4 wk ahead,percent,5.6161711327586e-11,Bin,10.8,10.9
North Carolina,4 wk ahead,percent,5.6161711327586e-11,Bin,10.9,11.0
North Carolina,4 wk ahead,percent,5.6161711327586e-11,Bin,11.0,11.1
North Carolina,4 wk ahead,percent,5.6161711327586e-11,Bin,11.1,11.2
North Carolina,4 wk ahead,percent,5.6161711327586e-11,Bin,11.2,11.3
North Carolina,4 wk ahead,percent,5.6161711327586e-11,Bin,11.3,11.4
North Carolina,4 wk ahead,percent,5.6161711327586e-11,Bin,11.4,11.5
North Carolina,4 wk ahead,percent,5.6161711327586e-11,Bin,11.5,11.6
North Carolina,4 wk ahead,percent,5.6161711327586e-11,Bin,11.6,11.7
North Carolina,4 wk ahead,percent,5.6161711327586e-11,Bin,11.7,11.8
North Carolina,4 wk ahead,percent,5.6161711327586e-11,Bin,11.8,11.9
North Carolina,4 wk ahead,percent,5.6161711327586e-11,Bin,11.9,12.0
North Carolina,4 wk ahead,percent,5.6161711327586e-11,Bin,12.0,12.1
North Carolina,4 wk ahead,percent,5.6161711327586e-11,Bin,12.1,12.2
North Carolina,4 wk ahead,percent,5.6161711327586e-11,Bin,12.2,12.3
North Carolina,4 wk ahead,percent,5.6161711327586e-11,Bin,12.3,12.4
North Carolina,4 wk ahead,percent,5.6161711327586e-11,Bin,12.4,12.5
North Carolina,4 wk ahead,percent,5.6161711327586e-11,Bin,12.5,12.6
North Carolina,4 wk ahead,percent,5.6161711327586e-11,Bin,12.6,12.7
North Carolina,4 wk ahead,percent,5.6161711327586e-11,Bin,12.7,12.8
North Carolina,4 wk ahead,percent,5.6161711327586e-11,Bin,12.8,12.9
North Carolina,4 wk ahead,percent,5.6161711327586e-11,Bin,12.9,13.0
North Carolina,4 wk ahead,percent,0.00199999963653319,Bin,13.0,100.0
North Carolina,Season peak percentage,percent,1.24331708520799e-12,Bin,0.0,0.1
North Carolina,Season peak percentage,percent,2.59193538793493e-12,Bin,0.1,0.2
North Carolina,Season peak percentage,percent,2.73563806845226e-12,Bin,0.2,0.3
North Carolina,Season peak percentage,percent,2.88334381395315e-12,Bin,0.3,0.4
North Carolina,Season peak percentage,percent,3.03482348143058e-12,Bin,0.4,0.5
North Carolina,Season peak percentage,percent,3.18992617047781e-12,Bin,0.5,0.6
North Carolina,Season peak percentage,percent,3.34851588266025e-12,Bin,0.6,0.7
North Carolina,Season peak percentage,percent,3.51041059802462e-12,Bin,0.7,0.8
North Carolina,Season peak percentage,percent,3.67555331751902e-12,Bin,0.8,0.9
North Carolina,Season peak percentage,percent,3.84367119490013e-12,Bin,0.9,1.0
North Carolina,Season peak percentage,percent,4.01458336145261e-12,Bin,1.0,1.1
North Carolina,Season peak percentage,percent,4.18810180796968e-12,Bin,1.1,1.2
North Carolina,Season peak percentage,percent,4.36401850410448e-12,Bin,1.2,1.3
North Carolina,Season peak percentage,percent,4.54218952709948e-12,Bin,1.3,1.4
North Carolina,Season peak percentage,percent,4.72232196464161e-12,Bin,1.4,1.5
North Carolina,Season peak percentage,percent,4.90420031808977e-12,Bin,1.5,1.6
North Carolina,Season peak percentage,percent,5.08759000351894e-12,Bin,1.6,1.7
North Carolina,Season peak percentage,percent,5.27224936959292e-12,Bin,1.7,1.8
North Carolina,Season peak percentage,percent,5.45794951377334e-12,Bin,1.8,1.9
North Carolina,Season peak percentage,percent,5.64439101350301e-12,Bin,1.9,2.0
North Carolina,Season peak percentage,percent,5.83131339779264e-12,Bin,2.0,2.1
North Carolina,Season peak percentage,percent,6.01844136483812e-12,Bin,2.1,2.2
North Carolina,Season peak percentage,percent,6.20548813138921e-12,Bin,2.2,2.3
North Carolina,Season peak percentage,percent,6.3921493089419e-12,Bin,2.3,2.4
North Carolina,Season peak percentage,percent,6.57813516051441e-12,Bin,2.4,2.5
North Carolina,Season peak percentage,percent,6.76313744750105e-12,Bin,2.5,2.6
North Carolina,Season peak percentage,percent,6.94685334923623e-12,Bin,2.6,2.7
North Carolina,Season peak percentage,percent,7.12895030629513e-12,Bin,2.7,2.8
North Carolina,Season peak percentage,percent,7.3090906085945e-12,Bin,2.8,2.9
North Carolina,Season peak percentage,percent,7.48700631297729e-12,Bin,2.9,3.0
North Carolina,Season peak percentage,percent,7.66236560535751e-12,Bin,3.0,3.1
North Carolina,Season peak percentage,percent,7.83486934471297e-12,Bin,3.1,3.2
North Carolina,Season peak percentage,percent,8.00416031703213e-12,Bin,3.2,3.3
North Carolina,Season peak percentage,percent,8.16994048598121e-12,Bin,3.3,3.4
North Carolina,Season peak percentage,percent,8.33198321383873e-12,Bin,3.4,3.5
North Carolina,Season peak percentage,percent,8.48998256736815e-12,Bin,3.5,3.6
North Carolina,Season peak percentage,percent,8.64369014166238e-12,Bin,3.6,3.7
North Carolina,Season peak percentage,percent,8.79276487325788e-12,Bin,3.7,3.8
North Carolina,Season peak percentage,percent,8.93703336297738e-12,Bin,3.8,3.9
North Carolina,Season peak percentage,percent,9.0763326212086e-12,Bin,3.9,4.0
North Carolina,Season peak percentage,percent,9.21043738392895e-12,Bin,4.0,4.1
North Carolina,Season peak percentage,percent,9.33917405469243e-12,Bin,4.1,4.2
North Carolina,Season peak percentage,percent,9.46232838880801e-12,Bin,4.2,4.3
North Carolina,Season peak percentage,percent,9.57984092308048e-12,Bin,4.3,4.4
North Carolina,Season peak percentage,percent,9.69164616742294e-12,Bin,4.4,4.5
North Carolina,Season peak percentage,percent,9.7976316556152e-12,Bin,4.5,4.6
North Carolina,Season peak percentage,percent,9.89770918155573e-12,Bin,4.6,4.7
North Carolina,Season peak percentage,percent,9.99182807984941e-12,Bin,4.7,4.8
North Carolina,Season peak percentage,percent,1.00800241002928e-11,Bin,4.8,4.9
North Carolina,Season peak percentage,percent,1.01623152158318e-11,Bin,4.9,5.0
North Carolina,Season peak percentage,percent,1.02386889770866e-11,Bin,5.0,5.1
North Carolina,Season peak percentage,percent,1.03091132150279e-11,Bin,5.1,5.2
North Carolina,Season peak percentage,percent,1.03736695072528e-11,Bin,5.2,5.3
North Carolina,Season peak percentage,percent,1.04324314105828e-11,Bin,5.3,5.4
North Carolina,Season peak percentage,percent,1.04854441549236e-11,Bin,5.4,5.5
North Carolina,Season peak percentage,percent,1.05327212433789e-11,Bin,5.5,5.6
North Carolina,Season peak percentage,percent,1.05742607447985e-11,Bin,5.6,5.7
North Carolina,Season peak percentage,percent,1.06101538680892e-11,Bin,5.7,5.8
North Carolina,Season peak percentage,percent,1.064044979147e-11,Bin,5.8,5.9
North Carolina,Season peak percentage,percent,1.06651419780377e-11,Bin,5.9,6.0
North Carolina,Season peak percentage,percent,1.06841751191304e-11,Bin,6.0,6.1
North Carolina,Season peak percentage,percent,1.06975389622032e-11,Bin,6.1,6.2
North Carolina,Season peak percentage,percent,1.07052202700853e-11,Bin,6.2,6.3
North Carolina,Season peak percentage,percent,1.0707190889886e-11,Bin,6.3,6.4
North Carolina,Season peak percentage,percent,1.07033293185119e-11,Bin,6.4,6.5
North Carolina,Season peak percentage,percent,1.06934568158264e-11,Bin,6.5,6.6
North Carolina,Season peak percentage,percent,1.06775141976483e-11,Bin,6.6,6.7
North Carolina,Season peak percentage,percent,1.06553574442606e-11,Bin,6.7,6.8
North Carolina,Season peak percentage,percent,1.06268677816592e-11,Bin,6.8,6.9
North Carolina,Season peak percentage,percent,1.05917968303264e-11,Bin,6.9,7.0
North Carolina,Season peak percentage,percent,1.0549854004542e-11,Bin,7.0,7.1
North Carolina,Season peak percentage,percent,1.05009660494914e-11,Bin,7.1,7.2
North Carolina,Season peak percentage,percent,1.04448981823645e-11,Bin,7.2,7.3
North Carolina,Season peak percentage,percent,1.03815006062356e-11,Bin,7.3,7.4
North Carolina,Season peak percentage,percent,1.03104234056338e-11,Bin,7.4,7.5
North Carolina,Season peak percentage,percent,1.02314403187204e-11,Bin,7.5,7.6
North Carolina,Season peak percentage,percent,1.01444806665574e-11,Bin,7.6,7.7
North Carolina,Season peak percentage,percent,1.00493444735619e-11,Bin,7.7,7.8
North Carolina,Season peak percentage,percent,9.94596142046314e-12,Bin,7.8,7.9
North Carolina,Season peak percentage,percent,9.83399066980117e-12,Bin,7.9,8.0
North Carolina,Season peak percentage,percent,9.71341190019679e-12,Bin,8.0,8.1
North Carolina,Season peak percentage,percent,9.58426742237679e-12,Bin,8.1,8.2
North Carolina,Season peak percentage,percent,9.44651791600285e-12,Bin,8.2,8.3
North Carolina,Season peak percentage,percent,9.30028000755807e-12,Bin,8.3,8.4
North Carolina,Season peak percentage,percent,9.14535648961475e-12,Bin,8.4,8.5
North Carolina,Season peak percentage,percent,8.98204192913455e-12,Bin,8.5,8.6
North Carolina,Season peak percentage,percent,8.81057537033799e-12,Bin,8.6,8.7
North Carolina,Season peak percentage,percent,8.63116592591581e-12,Bin,8.7,8.8
North Carolina,Season peak percentage,percent,8.44416297182628e-12,Bin,8.8,8.9
North Carolina,Season peak percentage,percent,8.24965565603967e-12,Bin,8.9,9.0
North Carolina,Season peak percentage,percent,8.04823458673794e-12,Bin,9.0,9.1
North Carolina,Season peak percentage,percent,7.84035430509349e-12,Bin,9.1,9.2
North Carolina,Season peak percentage,percent,7.62648923324798e-12,Bin,9.2,9.3
North Carolina,Season peak percentage,percent,7.40719416433178e-12,Bin,9.3,9.4
North Carolina,Season peak percentage,percent,7.18288779426662e-12,Bin,9.4,9.5
North Carolina,Season peak percentage,percent,6.95433589862833e-12,Bin,9.5,9.6
North Carolina,Season peak percentage,percent,6.72216147116539e-12,Bin,9.6,9.7
North Carolina,Season peak percentage,percent,6.4870226913115e-12,Bin,9.7,9.8
North Carolina,Season peak percentage,percent,6.24960103454021e-12,Bin,9.8,9.9
North Carolina,Season peak percentage,percent,6.01055464798201e-12,Bin,9.9,10.0
North Carolina,Season peak percentage,percent,5.77065024003616e-12,Bin,10.0,10.1
North Carolina,Season peak percentage,percent,5.53058225105451e-12,Bin,10.1,10.2
North Carolina,Season peak percentage,percent,5.29104392780747e-12,Bin,10.2,10.3
North Carolina,Season peak percentage,percent,5.05273002881267e-12,Bin,10.3,10.4
North Carolina,Season peak percentage,percent,4.81637508852331e-12,Bin,10.4,10.5
North Carolina,Season peak percentage,percent,4.58256827325785e-12,Bin,10.5,10.6
North Carolina,Season peak percentage,percent,0.997999999114016,Bin,10.6,10.7
North Carolina,Season peak percentage,percent,4.12513118009176e-12,Bin,10.7,10.8
North Carolina,Season peak percentage,percent,3.90267618031186e-12,Bin,10.8,10.9
North Carolina,Season peak percentage,percent,3.68520217444726e-12,Bin,10.9,11.0
North Carolina,Season peak percentage,percent,3.47304404332194e-12,Bin,11.0,11.1
North Carolina,Season peak percentage,percent,3.2666957106609e-12,Bin,11.1,11.2
North Carolina,Season peak percentage,percent,3.06651966726564e-12,Bin,11.2,11.3
North Carolina,Season peak percentage,percent,2.87293774963325e-12,Bin,11.3,11.4
North Carolina,Season peak percentage,percent,2.68627987584826e-12,Bin,11.4,11.5
North Carolina,Season peak percentage,percent,2.50662793172159e-12,Bin,11.5,11.6
North Carolina,Season peak percentage,percent,2.33425882866148e-12,Bin,11.6,11.7
North Carolina,Season peak percentage,percent,2.1692820888063e-12,Bin,11.7,11.8
North Carolina,Season peak percentage,percent,2.01192249721345e-12,Bin,11.8,11.9
North Carolina,Season peak percentage,percent,1.862188004074e-12,Bin,11.9,12.0
North Carolina,Season peak percentage,percent,1.71996245494151e-12,Bin,12.0,12.1
North Carolina,Season peak percentage,percent,1.58530742743291e-12,Bin,12.1,12.2
North Carolina,Season peak percentage,percent,1.45813500176898e-12,Bin,12.2,12.3
North Carolina,Season peak percentage,percent,1.33842397834135e-12,Bin,12.3,12.4
North Carolina,Season peak percentage,percent,1.22598367585544e-12,Bin,12.4,12.5
North Carolina,Season peak percentage,percent,1.12055654069986e-12,Bin,12.5,12.6
North Carolina,Season peak percentage,percent,1.02203566717438e-12,Bin,12.6,12.7
North Carolina,Season peak percentage,percent,9.30214240653611e-13,Bin,12.7,12.8
North Carolina,Season peak percentage,percent,8.44870916280682e-13,Bin,12.8,12.9
North Carolina,Season peak percentage,percent,7.65728034520765e-13,Bin,12.9,13.0
North Carolina,Season peak percentage,percent,0.00200000000406129,Bin,13.0,100.0
North Carolina,Season peak week,week,0.000111276259795815,Bin,40.0,41.0
North Carolina,Season peak week,week,0.000111276259795815,Bin,41.0,42.0
North Carolina,Season peak week,week,0.000111276259795815,Bin,42.0,43.0
North Carolina,Season peak week,week,0.000111276259795815,Bin,43.0,44.0
North Carolina,Season peak week,week,0.000111276259795815,Bin,44.0,45.0
North Carolina,Season peak week,week,0.000111276259795815,Bin,45.0,46.0
North Carolina,Season peak week,week,0.000111276259795815,Bin,46.0,47.0
North Carolina,Season peak week,week,0.000111276259795815,Bin,47.0,48.0
North Carolina,Season peak week,week,0.000111276259795815,Bin,48.0,49.0
North Carolina,Season peak week,week,0.000176305200468841,Bin,49.0,50.0
North Carolina,Season peak week,week,0.00150407845437925,Bin,50.0,51.0
North Carolina,Season peak week,week,0.00599804070917853,Bin,51.0,52.0
North Carolina,Season peak week,week,0.00950077762867818,Bin,52.0,53.0
North Carolina,Season peak week,week,0.00599807471352072,Bin,1.0,2.0
North Carolina,Season peak week,week,0.00150600567606545,Bin,2.0,3.0
North Carolina,Season peak week,week,0.000197903877808909,Bin,3.0,4.0
North Carolina,Season peak week,week,0.00051243076612935,Bin,4.0,5.0
North Carolina,Season peak week,week,0.00214790320486525,Bin,5.0,6.0
North Carolina,Season peak week,week,0.944726367321515,Bin,6.0,7.0
North Carolina,Season peak week,week,0.00799744476099145,Bin,7.0,8.0
North Carolina,Season peak week,week,0.0100018286279033,Bin,8.0,9.0
North Carolina,Season peak week,week,0.00604744495518677,Bin,9.0,10.0
North Carolina,Season peak week,week,0.00150597193164701,Bin,10.0,11.0
North Carolina,Season peak week,week,0.000176337124007361,Bin,11.0,12.0
North Carolina,Season peak week,week,0.00011128874549911,Bin,12.0,13.0
North Carolina,Season peak week,week,0.00011128874549911,Bin,13.0,14.0
North Carolina,Season peak week,week,0.00011128874549911,Bin,14.0,15.0
North Carolina,Season peak week,week,0.00011128874549911,Bin,15.0,16.0
North Carolina,Season peak week,week,0.00011128874549911,Bin,16.0,17.0
North Carolina,Season peak week,week,0.00011128874549911,Bin,17.0,18.0
North Carolina,Season peak week,week,0.00011128874549911,Bin,18.0,19.0
North Carolina,Season peak week,week,0.00011128874549911,Bin,19.0,20.0
North Carolina,Season peak week,week,0.00011128874549911,Bin,20.0,21.0
North Dakota,1 wk ahead,percent,0.00400000227641385,Bin,0.0,0.1
North Dakota,1 wk ahead,percent,0.0280000040660105,Bin,0.1,0.2
North Dakota,1 wk ahead,percent,0.0520000031519088,Bin,0.2,0.3
North Dakota,1 wk ahead,percent,0.0820000011825513,Bin,0.3,0.4
North Dakota,1 wk ahead,percent,0.119999998089347,Bin,0.4,0.5
North Dakota,1 wk ahead,percent,0.191999992268775,Bin,0.5,0.6
North Dakota,1 wk ahead,percent,0.141999994657299,Bin,0.6,0.7
North Dakota,1 wk ahead,percent,0.0839999975628375,Bin,0.7,0.8
North Dakota,1 wk ahead,percent,0.0619999981052177,Bin,0.8,0.9
North Dakota,1 wk ahead,percent,0.0379999990503926,Bin,0.9,1.0
North Dakota,1 wk ahead,percent,0.029999999258098,Bin,1.0,1.1
North Dakota,1 wk ahead,percent,0.018000000089744,Bin,1.1,1.2
North Dakota,1 wk ahead,percent,0.0479999982270234,Bin,1.2,1.3
North Dakota,1 wk ahead,percent,0.0120000008860624,Bin,1.3,1.4
North Dakota,1 wk ahead,percent,0.0299999996252249,Bin,1.4,1.5
North Dakota,1 wk ahead,percent,0.00200000129207433,Bin,1.5,1.6
North Dakota,1 wk ahead,percent,0.00400000074896155,Bin,1.6,1.7
North Dakota,1 wk ahead,percent,0.00400000034484589,Bin,1.7,1.8
North Dakota,1 wk ahead,percent,0.00599999990396016,Bin,1.8,1.9
North Dakota,1 wk ahead,percent,0.00399999986141143,Bin,1.9,2.0
North Dakota,1 wk ahead,percent,0.0039999997743888,Bin,2.0,2.1
North Dakota,1 wk ahead,percent,1.5336697636541e-11,Bin,2.1,2.2
North Dakota,1 wk ahead,percent,0.00399999972849475,Bin,2.2,2.3
North Dakota,1 wk ahead,percent,0.00399999972538612,Bin,2.3,2.4
North Dakota,1 wk ahead,percent,1.61131454571814e-13,Bin,2.4,2.5
North Dakota,1 wk ahead,percent,0.00199999986228213,Bin,2.5,2.6
North Dakota,1 wk ahead,percent,3.30750601099615e-15,Bin,2.6,2.7
North Dakota,1 wk ahead,percent,3.6742991419336e-16,Bin,2.7,2.8
North Dakota,1 wk ahead,percent,3.48876331601686e-17,Bin,2.8,2.9
North Dakota,1 wk ahead,percent,8.91788059290051e-18,Bin,2.9,3.0
North Dakota,1 wk ahead,percent,7.44151765780539e-17,Bin,3.0,3.1
North Dakota,1 wk ahead,percent,0.00599999958677175,Bin,3.1,3.2
North Dakota,1 wk ahead,percent,6.39545310341818e-15,Bin,3.2,3.3
North Dakota,1 wk ahead,percent,4.60663079315264e-14,Bin,3.3,3.4
North Dakota,1 wk ahead,percent,2.79821053154332e-13,Bin,3.4,3.5
North Dakota,1 wk ahead,percent,0.00199999986369133,Bin,3.5,3.6
North Dakota,1 wk ahead,percent,6.20284193374639e-12,Bin,3.6,3.7
North Dakota,1 wk ahead,percent,2.26474175405175e-11,Bin,3.7,3.8
North Dakota,1 wk ahead,percent,6.98023535605532e-11,Bin,3.8,3.9
North Dakota,1 wk ahead,percent,0.00200000004381999,Bin,3.9,4.0
North Dakota,1 wk ahead,percent,0.0020000002608671,Bin,4.0,4.1
North Dakota,1 wk ahead,percent,7.3873094155763e-10,Bin,4.1,4.2
North Dakota,1 wk ahead,percent,0.0020000010179497,Bin,4.2,4.3
North Dakota,1 wk ahead,percent,1.52615987236015e-09,Bin,4.3,4.4
North Dakota,1 wk ahead,percent,1.70129402146134e-09,Bin,4.4,4.5
North Dakota,1 wk ahead,percent,1.60101586365983e-09,Bin,4.5,4.6
North Dakota,1 wk ahead,percent,1.27182636975481e-09,Bin,4.6,4.7
North Dakota,1 wk ahead,percent,8.52850695775397e-10,Bin,4.7,4.8
North Dakota,1 wk ahead,percent,4.82776296111506e-10,Bin,4.8,4.9
North Dakota,1 wk ahead,percent,2.30692888893343e-10,Bin,4.9,5.0
North Dakota,1 wk ahead,percent,9.30357032184303e-11,Bin,5.0,5.1
North Dakota,1 wk ahead,percent,3.18868211805713e-11,Bin,5.1,5.2
North Dakota,1 wk ahead,percent,1.939427555364e-11,Bin,5.2,5.3
North Dakota,1 wk ahead,percent,1.939427555364e-11,Bin,5.3,5.4
North Dakota,1 wk ahead,percent,1.939427555364e-11,Bin,5.4,5.5
North Dakota,1 wk ahead,percent,1.939427555364e-11,Bin,5.5,5.6
North Dakota,1 wk ahead,percent,1.939427555364e-11,Bin,5.6,5.7
North Dakota,1 wk ahead,percent,1.939427555364e-11,Bin,5.7,5.8
North Dakota,1 wk ahead,percent,1.939427555364e-11,Bin,5.8,5.9
North Dakota,1 wk ahead,percent,1.939427555364e-11,Bin,5.9,6.0
North Dakota,1 wk ahead,percent,1.939427555364e-11,Bin,6.0,6.1
North Dakota,1 wk ahead,percent,1.939427555364e-11,Bin,6.1,6.2
North Dakota,1 wk ahead,percent,1.939427555364e-11,Bin,6.2,6.3
North Dakota,1 wk ahead,percent,1.939427555364e-11,Bin,6.3,6.4
North Dakota,1 wk ahead,percent,1.939427555364e-11,Bin,6.4,6.5
North Dakota,1 wk ahead,percent,1.939427555364e-11,Bin,6.5,6.6
North Dakota,1 wk ahead,percent,1.939427555364e-11,Bin,6.6,6.7
North Dakota,1 wk ahead,percent,1.939427555364e-11,Bin,6.7,6.8
North Dakota,1 wk ahead,percent,0.00999999933067928,Bin,6.8,6.9
North Dakota,1 wk ahead,percent,1.939427555364e-11,Bin,6.9,7.0
North Dakota,1 wk ahead,percent,1.939427555364e-11,Bin,7.0,7.1
North Dakota,1 wk ahead,percent,1.939427555364e-11,Bin,7.1,7.2
North Dakota,1 wk ahead,percent,1.939427555364e-11,Bin,7.2,7.3
North Dakota,1 wk ahead,percent,1.939427555364e-11,Bin,7.3,7.4
North Dakota,1 wk ahead,percent,1.939427555364e-11,Bin,7.4,7.5
North Dakota,1 wk ahead,percent,1.939427555364e-11,Bin,7.5,7.6
North Dakota,1 wk ahead,percent,1.939427555364e-11,Bin,7.6,7.7
North Dakota,1 wk ahead,percent,1.939427555364e-11,Bin,7.7,7.8
North Dakota,1 wk ahead,percent,1.939427555364e-11,Bin,7.8,7.9
North Dakota,1 wk ahead,percent,1.939427555364e-11,Bin,7.9,8.0
North Dakota,1 wk ahead,percent,1.93942755536402e-11,Bin,8.0,8.1
North Dakota,1 wk ahead,percent,1.93942755536404e-11,Bin,8.1,8.2
North Dakota,1 wk ahead,percent,1.93942755536404e-11,Bin,8.2,8.3
North Dakota,1 wk ahead,percent,1.93942755536404e-11,Bin,8.3,8.4
North Dakota,1 wk ahead,percent,1.93942755536404e-11,Bin,8.4,8.5
North Dakota,1 wk ahead,percent,1.93942755536404e-11,Bin,8.5,8.6
North Dakota,1 wk ahead,percent,1.93942755536404e-11,Bin,8.6,8.7
North Dakota,1 wk ahead,percent,1.93942755536404e-11,Bin,8.7,8.8
North Dakota,1 wk ahead,percent,1.93942755536404e-11,Bin,8.8,8.9
North Dakota,1 wk ahead,percent,1.93942755536404e-11,Bin,8.9,9.0
North Dakota,1 wk ahead,percent,1.93942755536404e-11,Bin,9.0,9.1
North Dakota,1 wk ahead,percent,1.93942755536404e-11,Bin,9.1,9.2
North Dakota,1 wk ahead,percent,1.93942755536404e-11,Bin,9.2,9.3
North Dakota,1 wk ahead,percent,1.93942755536404e-11,Bin,9.3,9.4
North Dakota,1 wk ahead,percent,1.93942755536404e-11,Bin,9.4,9.5
North Dakota,1 wk ahead,percent,1.93942755536404e-11,Bin,9.5,9.6
North Dakota,1 wk ahead,percent,1.93942755536404e-11,Bin,9.6,9.7
North Dakota,1 wk ahead,percent,1.93942755536404e-11,Bin,9.7,9.8
North Dakota,1 wk ahead,percent,1.93942755536404e-11,Bin,9.8,9.9
North Dakota,1 wk ahead,percent,1.93942755536404e-11,Bin,9.9,10.0
North Dakota,1 wk ahead,percent,1.93942755536404e-11,Bin,10.0,10.1
North Dakota,1 wk ahead,percent,1.93942755536404e-11,Bin,10.1,10.2
North Dakota,1 wk ahead,percent,1.93942755536404e-11,Bin,10.2,10.3
North Dakota,1 wk ahead,percent,1.93942755536404e-11,Bin,10.3,10.4
North Dakota,1 wk ahead,percent,1.93942755536404e-11,Bin,10.4,10.5
North Dakota,1 wk ahead,percent,1.93942755536404e-11,Bin,10.5,10.6
North Dakota,1 wk ahead,percent,1.93942755536404e-11,Bin,10.6,10.7
North Dakota,1 wk ahead,percent,1.93942755536404e-11,Bin,10.7,10.8
North Dakota,1 wk ahead,percent,1.93942755536404e-11,Bin,10.8,10.9
North Dakota,1 wk ahead,percent,1.93942755536404e-11,Bin,10.9,11.0
North Dakota,1 wk ahead,percent,1.93942755536404e-11,Bin,11.0,11.1
North Dakota,1 wk ahead,percent,1.93942755536404e-11,Bin,11.1,11.2
North Dakota,1 wk ahead,percent,1.93942755536404e-11,Bin,11.2,11.3
North Dakota,1 wk ahead,percent,1.93942755536404e-11,Bin,11.3,11.4
North Dakota,1 wk ahead,percent,1.93942755536404e-11,Bin,11.4,11.5
North Dakota,1 wk ahead,percent,1.93942755536404e-11,Bin,11.5,11.6
North Dakota,1 wk ahead,percent,1.93942755536404e-11,Bin,11.6,11.7
North Dakota,1 wk ahead,percent,1.93942755536404e-11,Bin,11.7,11.8
North Dakota,1 wk ahead,percent,1.93942755536404e-11,Bin,11.8,11.9
North Dakota,1 wk ahead,percent,1.93942755536404e-11,Bin,11.9,12.0
North Dakota,1 wk ahead,percent,1.93942755536404e-11,Bin,12.0,12.1
North Dakota,1 wk ahead,percent,1.93942755536404e-11,Bin,12.1,12.2
North Dakota,1 wk ahead,percent,1.93942755536404e-11,Bin,12.2,12.3
North Dakota,1 wk ahead,percent,1.93942755536404e-11,Bin,12.3,12.4
North Dakota,1 wk ahead,percent,1.93942755536404e-11,Bin,12.4,12.5
North Dakota,1 wk ahead,percent,1.93942755536404e-11,Bin,12.5,12.6
North Dakota,1 wk ahead,percent,1.93942755536404e-11,Bin,12.6,12.7
North Dakota,1 wk ahead,percent,1.93942755536404e-11,Bin,12.7,12.8
North Dakota,1 wk ahead,percent,1.93942755536404e-11,Bin,12.8,12.9
North Dakota,1 wk ahead,percent,1.93942755536404e-11,Bin,12.9,13.0
North Dakota,1 wk ahead,percent,1.93942755536404e-11,Bin,13.0,100.0
North Dakota,2 wk ahead,percent,0.0160000024127925,Bin,0.0,0.1
North Dakota,2 wk ahead,percent,0.0420000050680954,Bin,0.1,0.2
North Dakota,2 wk ahead,percent,0.0940000004881845,Bin,0.2,0.3
North Dakota,2 wk ahead,percent,0.123999996350262,Bin,0.3,0.4
North Dakota,2 wk ahead,percent,0.153999993283536,Bin,0.4,0.5
North Dakota,2 wk ahead,percent,0.131999995842762,Bin,0.5,0.6
North Dakota,2 wk ahead,percent,0.10399999932414,Bin,0.6,0.7
North Dakota,2 wk ahead,percent,0.0700000020204635,Bin,0.7,0.8
North Dakota,2 wk ahead,percent,0.0540000016666879,Bin,0.8,0.9
North Dakota,2 wk ahead,percent,0.0420000002239264,Bin,0.9,1.0
North Dakota,2 wk ahead,percent,0.0519999975943543,Bin,1.0,1.1
North Dakota,2 wk ahead,percent,0.0279999983779096,Bin,1.1,1.2
North Dakota,2 wk ahead,percent,0.0179999987691576,Bin,1.2,1.3
North Dakota,2 wk ahead,percent,0.0159999988337813,Bin,1.3,1.4
North Dakota,2 wk ahead,percent,0.00399999970628277,Bin,1.4,1.5
North Dakota,2 wk ahead,percent,0.00199999985244254,Bin,1.5,1.6
North Dakota,2 wk ahead,percent,0.0059999995569642,Bin,1.6,1.7
North Dakota,2 wk ahead,percent,0.00799999940927735,Bin,1.7,1.8
North Dakota,2 wk ahead,percent,0.00399999970463857,Bin,1.8,1.9
North Dakota,2 wk ahead,percent,9.30108798709746e-20,Bin,1.9,2.0
North Dakota,2 wk ahead,percent,0.00399999970463856,Bin,2.0,2.1
North Dakota,2 wk ahead,percent,0.00399999970463856,Bin,2.1,2.2
North Dakota,2 wk ahead,percent,0.00199999985231928,Bin,2.2,2.3
North Dakota,2 wk ahead,percent,0.00399999970463856,Bin,2.3,2.4
North Dakota,2 wk ahead,percent,2.74938810475711e-23,Bin,2.4,2.5
North Dakota,2 wk ahead,percent,3.15067682235801e-21,Bin,2.5,2.6
North Dakota,2 wk ahead,percent,2.47554291676269e-19,Bin,2.6,2.7
North Dakota,2 wk ahead,percent,1.3351498799206e-17,Bin,2.7,2.8
North Dakota,2 wk ahead,percent,4.89779367523705e-16,Bin,2.8,2.9
North Dakota,2 wk ahead,percent,0.00399999970465093,Bin,2.9,3.0
North Dakota,2 wk ahead,percent,2.13655535502017e-13,Bin,3.0,3.1
North Dakota,2 wk ahead,percent,0.00199999985485403,Bin,3.1,3.2
North Dakota,2 wk ahead,percent,2.06434769892642e-11,Bin,3.2,3.3
North Dakota,2 wk ahead,percent,0.00199999996776484,Bin,3.3,3.4
North Dakota,2 wk ahead,percent,4.44020480292998e-10,Bin,3.4,3.5
North Dakota,2 wk ahead,percent,1.17441487880389e-09,Bin,3.5,3.6
North Dakota,2 wk ahead,percent,2.13781505645734e-09,Bin,3.6,3.7
North Dakota,2 wk ahead,percent,0.0020000025310465,Bin,3.7,3.8
North Dakota,2 wk ahead,percent,2.31061601851869e-09,Bin,3.8,3.9
North Dakota,2 wk ahead,percent,1.37202982641354e-09,Bin,3.9,4.0
North Dakota,2 wk ahead,percent,5.60653008783586e-10,Bin,4.0,4.1
North Dakota,2 wk ahead,percent,1.57638059585688e-10,Bin,4.1,4.2
North Dakota,2 wk ahead,percent,3.74804644794708e-11,Bin,4.2,4.3
North Dakota,2 wk ahead,percent,3.08784868631925e-11,Bin,4.3,4.4
North Dakota,2 wk ahead,percent,3.08784868631925e-11,Bin,4.4,4.5
North Dakota,2 wk ahead,percent,3.08784868631925e-11,Bin,4.5,4.6
North Dakota,2 wk ahead,percent,3.08784868631925e-11,Bin,4.6,4.7
North Dakota,2 wk ahead,percent,0.00199999988319777,Bin,4.7,4.8
North Dakota,2 wk ahead,percent,3.08784868631925e-11,Bin,4.8,4.9
North Dakota,2 wk ahead,percent,3.08784868631925e-11,Bin,4.9,5.0
North Dakota,2 wk ahead,percent,3.08784868631925e-11,Bin,5.0,5.1
North Dakota,2 wk ahead,percent,3.08784868631925e-11,Bin,5.1,5.2
North Dakota,2 wk ahead,percent,3.08784868631925e-11,Bin,5.2,5.3
North Dakota,2 wk ahead,percent,3.08784868631925e-11,Bin,5.3,5.4
North Dakota,2 wk ahead,percent,3.08784868631925e-11,Bin,5.4,5.5
North Dakota,2 wk ahead,percent,3.08784868631925e-11,Bin,5.5,5.6
North Dakota,2 wk ahead,percent,3.08784868631925e-11,Bin,5.6,5.7
North Dakota,2 wk ahead,percent,3.08784868631925e-11,Bin,5.7,5.8
North Dakota,2 wk ahead,percent,3.08784868631925e-11,Bin,5.8,5.9
North Dakota,2 wk ahead,percent,3.08784868631925e-11,Bin,5.9,6.0
North Dakota,2 wk ahead,percent,3.08784868631925e-11,Bin,6.0,6.1
North Dakota,2 wk ahead,percent,3.08784868631925e-11,Bin,6.1,6.2
North Dakota,2 wk ahead,percent,3.08784868631925e-11,Bin,6.2,6.3
North Dakota,2 wk ahead,percent,3.08784868631925e-11,Bin,6.3,6.4
North Dakota,2 wk ahead,percent,3.08784868631925e-11,Bin,6.4,6.5
North Dakota,2 wk ahead,percent,3.08784868631925e-11,Bin,6.5,6.6
North Dakota,2 wk ahead,percent,3.08784868631925e-11,Bin,6.6,6.7
North Dakota,2 wk ahead,percent,3.08784868631925e-11,Bin,6.7,6.8
North Dakota,2 wk ahead,percent,3.08784868631925e-11,Bin,6.8,6.9
North Dakota,2 wk ahead,percent,3.08784868631925e-11,Bin,6.9,7.0
North Dakota,2 wk ahead,percent,3.08784868631925e-11,Bin,7.0,7.1
North Dakota,2 wk ahead,percent,3.08784868631925e-11,Bin,7.1,7.2
North Dakota,2 wk ahead,percent,3.08784868631925e-11,Bin,7.2,7.3
North Dakota,2 wk ahead,percent,3.08784868631925e-11,Bin,7.3,7.4
North Dakota,2 wk ahead,percent,3.08784868631925e-11,Bin,7.4,7.5
North Dakota,2 wk ahead,percent,3.08784868631925e-11,Bin,7.5,7.6
North Dakota,2 wk ahead,percent,3.08784868631925e-11,Bin,7.6,7.7
North Dakota,2 wk ahead,percent,3.08784868631925e-11,Bin,7.7,7.8
North Dakota,2 wk ahead,percent,3.08784868631925e-11,Bin,7.8,7.9
North Dakota,2 wk ahead,percent,3.08784868631925e-11,Bin,7.9,8.0
North Dakota,2 wk ahead,percent,3.08784868631928e-11,Bin,8.0,8.1
North Dakota,2 wk ahead,percent,3.08784868631931e-11,Bin,8.1,8.2
North Dakota,2 wk ahead,percent,3.08784868631931e-11,Bin,8.2,8.3
North Dakota,2 wk ahead,percent,3.08784868631931e-11,Bin,8.3,8.4
North Dakota,2 wk ahead,percent,3.08784868631931e-11,Bin,8.4,8.5
North Dakota,2 wk ahead,percent,3.08784868631931e-11,Bin,8.5,8.6
North Dakota,2 wk ahead,percent,3.08784868631931e-11,Bin,8.6,8.7
North Dakota,2 wk ahead,percent,3.08784868631931e-11,Bin,8.7,8.8
North Dakota,2 wk ahead,percent,3.08784868631931e-11,Bin,8.8,8.9
North Dakota,2 wk ahead,percent,3.08784868631931e-11,Bin,8.9,9.0
North Dakota,2 wk ahead,percent,3.08784868631931e-11,Bin,9.0,9.1
North Dakota,2 wk ahead,percent,3.08784868631931e-11,Bin,9.1,9.2
North Dakota,2 wk ahead,percent,3.08784868631931e-11,Bin,9.2,9.3
North Dakota,2 wk ahead,percent,3.08784868631931e-11,Bin,9.3,9.4
North Dakota,2 wk ahead,percent,3.08784868631931e-11,Bin,9.4,9.5
North Dakota,2 wk ahead,percent,3.08784868631931e-11,Bin,9.5,9.6
North Dakota,2 wk ahead,percent,3.08784868631931e-11,Bin,9.6,9.7
North Dakota,2 wk ahead,percent,3.08784868631931e-11,Bin,9.7,9.8
North Dakota,2 wk ahead,percent,3.08784868631931e-11,Bin,9.8,9.9
North Dakota,2 wk ahead,percent,3.08784868631931e-11,Bin,9.9,10.0
North Dakota,2 wk ahead,percent,3.08784868631931e-11,Bin,10.0,10.1
North Dakota,2 wk ahead,percent,3.08784868631931e-11,Bin,10.1,10.2
North Dakota,2 wk ahead,percent,3.08784868631931e-11,Bin,10.2,10.3
North Dakota,2 wk ahead,percent,3.08784868631931e-11,Bin,10.3,10.4
North Dakota,2 wk ahead,percent,3.08784868631931e-11,Bin,10.4,10.5
North Dakota,2 wk ahead,percent,0.00199999988319777,Bin,10.5,10.6
North Dakota,2 wk ahead,percent,3.08784868631931e-11,Bin,10.6,10.7
North Dakota,2 wk ahead,percent,3.08784868631931e-11,Bin,10.7,10.8
North Dakota,2 wk ahead,percent,3.08784868631931e-11,Bin,10.8,10.9
North Dakota,2 wk ahead,percent,3.08784868631931e-11,Bin,10.9,11.0
North Dakota,2 wk ahead,percent,3.08784868631931e-11,Bin,11.0,11.1
North Dakota,2 wk ahead,percent,3.08784868631931e-11,Bin,11.1,11.2
North Dakota,2 wk ahead,percent,3.08784868631931e-11,Bin,11.2,11.3
North Dakota,2 wk ahead,percent,3.08784868631931e-11,Bin,11.3,11.4
North Dakota,2 wk ahead,percent,3.08784868631931e-11,Bin,11.4,11.5
North Dakota,2 wk ahead,percent,3.08784868631931e-11,Bin,11.5,11.6
North Dakota,2 wk ahead,percent,3.08784868631931e-11,Bin,11.6,11.7
North Dakota,2 wk ahead,percent,3.08784868631931e-11,Bin,11.7,11.8
North Dakota,2 wk ahead,percent,3.08784868631931e-11,Bin,11.8,11.9
North Dakota,2 wk ahead,percent,3.08784868631931e-11,Bin,11.9,12.0
North Dakota,2 wk ahead,percent,0.00199999988319777,Bin,12.0,12.1
North Dakota,2 wk ahead,percent,3.08784868631931e-11,Bin,12.1,12.2
North Dakota,2 wk ahead,percent,3.08784868631931e-11,Bin,12.2,12.3
North Dakota,2 wk ahead,percent,3.08784868631931e-11,Bin,12.3,12.4
North Dakota,2 wk ahead,percent,3.08784868631931e-11,Bin,12.4,12.5
North Dakota,2 wk ahead,percent,3.08784868631931e-11,Bin,12.5,12.6
North Dakota,2 wk ahead,percent,3.08784868631931e-11,Bin,12.6,12.7
North Dakota,2 wk ahead,percent,3.08784868631931e-11,Bin,12.7,12.8
North Dakota,2 wk ahead,percent,3.08784868631931e-11,Bin,12.8,12.9
North Dakota,2 wk ahead,percent,3.08784868631931e-11,Bin,12.9,13.0
North Dakota,2 wk ahead,percent,3.08784868631931e-11,Bin,13.0,100.0
North Dakota,3 wk ahead,percent,0.0119999999979938,Bin,0.0,0.1
North Dakota,3 wk ahead,percent,0.101999994353516,Bin,0.1,0.2
North Dakota,3 wk ahead,percent,0.150000002335491,Bin,0.2,0.3
North Dakota,3 wk ahead,percent,0.162000001693891,Bin,0.3,0.4
North Dakota,3 wk ahead,percent,0.157999987504737,Bin,0.4,0.5
North Dakota,3 wk ahead,percent,0.111999990014588,Bin,0.5,0.6
North Dakota,3 wk ahead,percent,0.0720000043100877,Bin,0.6,0.7
North Dakota,3 wk ahead,percent,0.0420000102798594,Bin,0.7,0.8
North Dakota,3 wk ahead,percent,0.0400000003643819,Bin,0.8,0.9
North Dakota,3 wk ahead,percent,0.0219999971447728,Bin,0.9,1.0
North Dakota,3 wk ahead,percent,0.0159999967843329,Bin,1.0,1.1
North Dakota,3 wk ahead,percent,0.0159999966387281,Bin,1.1,1.2
North Dakota,3 wk ahead,percent,0.0199999957919591,Bin,1.2,1.3
North Dakota,3 wk ahead,percent,0.0179999962126994,Bin,1.3,1.4
North Dakota,3 wk ahead,percent,0.00799999831675514,Bin,1.4,1.5
North Dakota,3 wk ahead,percent,0.00399999915837757,Bin,1.5,1.6
North Dakota,3 wk ahead,percent,0.00399999915837779,Bin,1.6,1.7
North Dakota,3 wk ahead,percent,0.00599999873761036,Bin,1.7,1.8
North Dakota,3 wk ahead,percent,0.00199999958253142,Bin,1.8,1.9
North Dakota,3 wk ahead,percent,0.00399999925739003,Bin,1.9,2.0
North Dakota,3 wk ahead,percent,0.0020000007303418,Bin,2.0,2.1
North Dakota,3 wk ahead,percent,5.32396902750089e-09,Bin,2.1,2.2
North Dakota,3 wk ahead,percent,0.00200000946323366,Bin,2.2,2.3
North Dakota,3 wk ahead,percent,0.00200000697848849,Bin,2.3,2.4
North Dakota,3 wk ahead,percent,0.00200000180798638,Bin,2.4,2.5
North Dakota,3 wk ahead,percent,0.00199999985971161,Bin,2.5,2.6
North Dakota,3 wk ahead,percent,0.00399999927653282,Bin,2.6,2.7
North Dakota,3 wk ahead,percent,0.00199999969734403,Bin,2.7,2.8
North Dakota,3 wk ahead,percent,0.00199999969734403,Bin,2.8,2.9
North Dakota,3 wk ahead,percent,0.00199999969734403,Bin,2.9,3.0
North Dakota,3 wk ahead,percent,1.18155249960836e-10,Bin,3.0,3.1
North Dakota,3 wk ahead,percent,1.18155249960836e-10,Bin,3.1,3.2
North Dakota,3 wk ahead,percent,0.00199999969734403,Bin,3.2,3.3
North Dakota,3 wk ahead,percent,1.18155249960836e-10,Bin,3.3,3.4
North Dakota,3 wk ahead,percent,1.18155249960836e-10,Bin,3.4,3.5
North Dakota,3 wk ahead,percent,1.18155249960836e-10,Bin,3.5,3.6
North Dakota,3 wk ahead,percent,1.18155249960836e-10,Bin,3.6,3.7
North Dakota,3 wk ahead,percent,1.18155249960836e-10,Bin,3.7,3.8
North Dakota,3 wk ahead,percent,0.00199999969734403,Bin,3.8,3.9
North Dakota,3 wk ahead,percent,0.00199999969734403,Bin,3.9,4.0
North Dakota,3 wk ahead,percent,1.18155249960836e-10,Bin,4.0,4.1
North Dakota,3 wk ahead,percent,0.00199999969734403,Bin,4.1,4.2
North Dakota,3 wk ahead,percent,1.18155249960836e-10,Bin,4.2,4.3
North Dakota,3 wk ahead,percent,1.18155249960836e-10,Bin,4.3,4.4
North Dakota,3 wk ahead,percent,1.18155249960836e-10,Bin,4.4,4.5
North Dakota,3 wk ahead,percent,1.18155249960836e-10,Bin,4.5,4.6
North Dakota,3 wk ahead,percent,1.18155249960836e-10,Bin,4.6,4.7
North Dakota,3 wk ahead,percent,1.18155249960836e-10,Bin,4.7,4.8
North Dakota,3 wk ahead,percent,1.18155249960836e-10,Bin,4.8,4.9
North Dakota,3 wk ahead,percent,1.18155249960836e-10,Bin,4.9,5.0
North Dakota,3 wk ahead,percent,1.18155249960836e-10,Bin,5.0,5.1
North Dakota,3 wk ahead,percent,1.18155249960836e-10,Bin,5.1,5.2
North Dakota,3 wk ahead,percent,1.18155249960836e-10,Bin,5.2,5.3
North Dakota,3 wk ahead,percent,1.18155249960836e-10,Bin,5.3,5.4
North Dakota,3 wk ahead,percent,1.18155249960836e-10,Bin,5.4,5.5
North Dakota,3 wk ahead,percent,1.18155249960836e-10,Bin,5.5,5.6
North Dakota,3 wk ahead,percent,1.18155249960836e-10,Bin,5.6,5.7
North Dakota,3 wk ahead,percent,1.18155249960836e-10,Bin,5.7,5.8
North Dakota,3 wk ahead,percent,1.18155249960836e-10,Bin,5.8,5.9
North Dakota,3 wk ahead,percent,1.18155249960836e-10,Bin,5.9,6.0
North Dakota,3 wk ahead,percent,1.18155249960836e-10,Bin,6.0,6.1
North Dakota,3 wk ahead,percent,1.18155249960836e-10,Bin,6.1,6.2
North Dakota,3 wk ahead,percent,0.00199999969734403,Bin,6.2,6.3
North Dakota,3 wk ahead,percent,1.18155249960836e-10,Bin,6.3,6.4
North Dakota,3 wk ahead,percent,1.18155249960836e-10,Bin,6.4,6.5
North Dakota,3 wk ahead,percent,1.18155249960836e-10,Bin,6.5,6.6
North Dakota,3 wk ahead,percent,1.18155249960836e-10,Bin,6.6,6.7
North Dakota,3 wk ahead,percent,1.18155249960836e-10,Bin,6.7,6.8
North Dakota,3 wk ahead,percent,1.18155249960836e-10,Bin,6.8,6.9
North Dakota,3 wk ahead,percent,1.18155249960836e-10,Bin,6.9,7.0
North Dakota,3 wk ahead,percent,1.18155249960836e-10,Bin,7.0,7.1
North Dakota,3 wk ahead,percent,1.18155249960836e-10,Bin,7.1,7.2
North Dakota,3 wk ahead,percent,1.18155249960836e-10,Bin,7.2,7.3
North Dakota,3 wk ahead,percent,1.18155249960836e-10,Bin,7.3,7.4
North Dakota,3 wk ahead,percent,1.18155249960836e-10,Bin,7.4,7.5
North Dakota,3 wk ahead,percent,1.18155249960836e-10,Bin,7.5,7.6
North Dakota,3 wk ahead,percent,1.18155249960836e-10,Bin,7.6,7.7
North Dakota,3 wk ahead,percent,1.18155249960836e-10,Bin,7.7,7.8
North Dakota,3 wk ahead,percent,1.18155249960836e-10,Bin,7.8,7.9
North Dakota,3 wk ahead,percent,1.18155249960836e-10,Bin,7.9,8.0
North Dakota,3 wk ahead,percent,1.18155249960837e-10,Bin,8.0,8.1
North Dakota,3 wk ahead,percent,1.18155249960838e-10,Bin,8.1,8.2
North Dakota,3 wk ahead,percent,1.18155249960838e-10,Bin,8.2,8.3
North Dakota,3 wk ahead,percent,1.18155249960838e-10,Bin,8.3,8.4
North Dakota,3 wk ahead,percent,1.18155249960838e-10,Bin,8.4,8.5
North Dakota,3 wk ahead,percent,1.18155249960838e-10,Bin,8.5,8.6
North Dakota,3 wk ahead,percent,1.18155249960838e-10,Bin,8.6,8.7
North Dakota,3 wk ahead,percent,1.18155249960838e-10,Bin,8.7,8.8
North Dakota,3 wk ahead,percent,1.18155249960838e-10,Bin,8.8,8.9
North Dakota,3 wk ahead,percent,1.18155249960838e-10,Bin,8.9,9.0
North Dakota,3 wk ahead,percent,1.18155249960838e-10,Bin,9.0,9.1
North Dakota,3 wk ahead,percent,1.18155249960838e-10,Bin,9.1,9.2
North Dakota,3 wk ahead,percent,1.18155249960838e-10,Bin,9.2,9.3
North Dakota,3 wk ahead,percent,1.18155249960838e-10,Bin,9.3,9.4
North Dakota,3 wk ahead,percent,1.18155249960838e-10,Bin,9.4,9.5
North Dakota,3 wk ahead,percent,1.18155249960838e-10,Bin,9.5,9.6
North Dakota,3 wk ahead,percent,1.18155249960838e-10,Bin,9.6,9.7
North Dakota,3 wk ahead,percent,1.18155249960838e-10,Bin,9.7,9.8
North Dakota,3 wk ahead,percent,1.18155249960838e-10,Bin,9.8,9.9
North Dakota,3 wk ahead,percent,1.18155249960838e-10,Bin,9.9,10.0
North Dakota,3 wk ahead,percent,1.18155249960838e-10,Bin,10.0,10.1
North Dakota,3 wk ahead,percent,1.18155249960838e-10,Bin,10.1,10.2
North Dakota,3 wk ahead,percent,1.18155249960838e-10,Bin,10.2,10.3
North Dakota,3 wk ahead,percent,1.18155249960838e-10,Bin,10.3,10.4
North Dakota,3 wk ahead,percent,1.18155249960838e-10,Bin,10.4,10.5
North Dakota,3 wk ahead,percent,1.18155249960838e-10,Bin,10.5,10.6
North Dakota,3 wk ahead,percent,1.18155249960838e-10,Bin,10.6,10.7
North Dakota,3 wk ahead,percent,1.18155249960838e-10,Bin,10.7,10.8
North Dakota,3 wk ahead,percent,1.18155249960838e-10,Bin,10.8,10.9
North Dakota,3 wk ahead,percent,1.18155249960838e-10,Bin,10.9,11.0
North Dakota,3 wk ahead,percent,1.18155249960838e-10,Bin,11.0,11.1
North Dakota,3 wk ahead,percent,1.18155249960838e-10,Bin,11.1,11.2
North Dakota,3 wk ahead,percent,1.18155249960838e-10,Bin,11.2,11.3
North Dakota,3 wk ahead,percent,1.18155249960838e-10,Bin,11.3,11.4
North Dakota,3 wk ahead,percent,1.18155249960838e-10,Bin,11.4,11.5
North Dakota,3 wk ahead,percent,1.18155249960838e-10,Bin,11.5,11.6
North Dakota,3 wk ahead,percent,1.18155249960838e-10,Bin,11.6,11.7
North Dakota,3 wk ahead,percent,1.18155249960838e-10,Bin,11.7,11.8
North Dakota,3 wk ahead,percent,1.18155249960838e-10,Bin,11.8,11.9
North Dakota,3 wk ahead,percent,1.18155249960838e-10,Bin,11.9,12.0
North Dakota,3 wk ahead,percent,1.18155249960838e-10,Bin,12.0,12.1
North Dakota,3 wk ahead,percent,1.18155249960838e-10,Bin,12.1,12.2
North Dakota,3 wk ahead,percent,1.18155249960838e-10,Bin,12.2,12.3
North Dakota,3 wk ahead,percent,1.18155249960838e-10,Bin,12.3,12.4
North Dakota,3 wk ahead,percent,1.18155249960838e-10,Bin,12.4,12.5
North Dakota,3 wk ahead,percent,1.18155249960838e-10,Bin,12.5,12.6
North Dakota,3 wk ahead,percent,1.18155249960838e-10,Bin,12.6,12.7
North Dakota,3 wk ahead,percent,1.18155249960838e-10,Bin,12.7,12.8
North Dakota,3 wk ahead,percent,1.18155249960838e-10,Bin,12.8,12.9
North Dakota,3 wk ahead,percent,1.18155249960838e-10,Bin,12.9,13.0
North Dakota,3 wk ahead,percent,1.18155249960838e-10,Bin,13.0,100.0
North Dakota,4 wk ahead,percent,0.022000008967657,Bin,0.0,0.1
North Dakota,4 wk ahead,percent,0.106000021337268,Bin,0.1,0.2
North Dakota,4 wk ahead,percent,0.202000001219517,Bin,0.2,0.3
North Dakota,4 wk ahead,percent,0.131999997440346,Bin,0.3,0.4
North Dakota,4 wk ahead,percent,0.127999981215874,Bin,0.4,0.5
North Dakota,4 wk ahead,percent,0.103999980933266,Bin,0.5,0.6
North Dakota,4 wk ahead,percent,0.0659999945306824,Bin,0.6,0.7
North Dakota,4 wk ahead,percent,0.0360000069396583,Bin,0.7,0.8
North Dakota,4 wk ahead,percent,0.0459999991365477,Bin,0.8,0.9
North Dakota,4 wk ahead,percent,0.0299999955502697,Bin,0.9,1.0
North Dakota,4 wk ahead,percent,0.0339999929982662,Bin,1.0,1.1
North Dakota,4 wk ahead,percent,0.0199999958068773,Bin,1.1,1.2
North Dakota,4 wk ahead,percent,0.00999999790188226,Bin,1.2,1.3
North Dakota,4 wk ahead,percent,0.0139999970626004,Bin,1.3,1.4
North Dakota,4 wk ahead,percent,0.00999999790185738,Bin,1.4,1.5
North Dakota,4 wk ahead,percent,0.00599999874111443,Bin,1.5,1.6
North Dakota,4 wk ahead,percent,0.00399999916074295,Bin,1.6,1.7
North Dakota,4 wk ahead,percent,0.00799999832148599,Bin,1.7,1.8
North Dakota,4 wk ahead,percent,0.00199999958040022,Bin,1.8,1.9
North Dakota,4 wk ahead,percent,0.00199999958368852,Bin,1.9,2.0
North Dakota,4 wk ahead,percent,1.2631146620723e-10,Bin,2.0,2.1
North Dakota,4 wk ahead,percent,1.61322786256629e-09,Bin,2.1,2.2
North Dakota,4 wk ahead,percent,7.04301107239979e-09,Bin,2.2,2.3
North Dakota,4 wk ahead,percent,0.00200001024591064,Bin,2.3,2.4
North Dakota,4 wk ahead,percent,5.62932192927783e-09,Bin,2.4,2.5
North Dakota,4 wk ahead,percent,0.0020000006083942,Bin,2.5,2.6
North Dakota,4 wk ahead,percent,1.34269275019087e-10,Bin,2.6,2.7
North Dakota,4 wk ahead,percent,1.26989914623641e-10,Bin,2.7,2.8
North Dakota,4 wk ahead,percent,1.26989914623641e-10,Bin,2.8,2.9
North Dakota,4 wk ahead,percent,1.26989914623641e-10,Bin,2.9,3.0
North Dakota,4 wk ahead,percent,0.00199999970736139,Bin,3.0,3.1
North Dakota,4 wk ahead,percent,1.26989914623641e-10,Bin,3.1,3.2
North Dakota,4 wk ahead,percent,1.26989914623641e-10,Bin,3.2,3.3
North Dakota,4 wk ahead,percent,1.26989914623641e-10,Bin,3.3,3.4
North Dakota,4 wk ahead,percent,1.26989914623641e-10,Bin,3.4,3.5
North Dakota,4 wk ahead,percent,0.00199999970736139,Bin,3.5,3.6
North Dakota,4 wk ahead,percent,1.26989914623641e-10,Bin,3.6,3.7
North Dakota,4 wk ahead,percent,1.26989914623641e-10,Bin,3.7,3.8
North Dakota,4 wk ahead,percent,1.26989914623641e-10,Bin,3.8,3.9
North Dakota,4 wk ahead,percent,0.00199999970736139,Bin,3.9,4.0
North Dakota,4 wk ahead,percent,1.26989914623641e-10,Bin,4.0,4.1
North Dakota,4 wk ahead,percent,1.26989914623641e-10,Bin,4.1,4.2
North Dakota,4 wk ahead,percent,1.26989914623641e-10,Bin,4.2,4.3
North Dakota,4 wk ahead,percent,0.00199999970736139,Bin,4.3,4.4
North Dakota,4 wk ahead,percent,1.26989914623641e-10,Bin,4.4,4.5
North Dakota,4 wk ahead,percent,0.00199999970736139,Bin,4.5,4.6
North Dakota,4 wk ahead,percent,1.26989914623641e-10,Bin,4.6,4.7
North Dakota,4 wk ahead,percent,1.26989914623641e-10,Bin,4.7,4.8
North Dakota,4 wk ahead,percent,1.26989914623641e-10,Bin,4.8,4.9
North Dakota,4 wk ahead,percent,1.26989914623641e-10,Bin,4.9,5.0
North Dakota,4 wk ahead,percent,1.26989914623641e-10,Bin,5.0,5.1
North Dakota,4 wk ahead,percent,0.00199999970736139,Bin,5.1,5.2
North Dakota,4 wk ahead,percent,1.26989914623641e-10,Bin,5.2,5.3
North Dakota,4 wk ahead,percent,1.26989914623641e-10,Bin,5.3,5.4
North Dakota,4 wk ahead,percent,1.26989914623641e-10,Bin,5.4,5.5
North Dakota,4 wk ahead,percent,1.26989914623641e-10,Bin,5.5,5.6
North Dakota,4 wk ahead,percent,1.26989914623641e-10,Bin,5.6,5.7
North Dakota,4 wk ahead,percent,1.26989914623641e-10,Bin,5.7,5.8
North Dakota,4 wk ahead,percent,1.26989914623641e-10,Bin,5.8,5.9
North Dakota,4 wk ahead,percent,1.26989914623641e-10,Bin,5.9,6.0
North Dakota,4 wk ahead,percent,1.26989914623641e-10,Bin,6.0,6.1
North Dakota,4 wk ahead,percent,1.26989914623641e-10,Bin,6.1,6.2
North Dakota,4 wk ahead,percent,1.26989914623641e-10,Bin,6.2,6.3
North Dakota,4 wk ahead,percent,1.26989914623641e-10,Bin,6.3,6.4
North Dakota,4 wk ahead,percent,0.00199999970736139,Bin,6.4,6.5
North Dakota,4 wk ahead,percent,1.26989914623641e-10,Bin,6.5,6.6
North Dakota,4 wk ahead,percent,1.26989914623641e-10,Bin,6.6,6.7
North Dakota,4 wk ahead,percent,1.26989914623641e-10,Bin,6.7,6.8
North Dakota,4 wk ahead,percent,1.26989914623641e-10,Bin,6.8,6.9
North Dakota,4 wk ahead,percent,1.26989914623641e-10,Bin,6.9,7.0
North Dakota,4 wk ahead,percent,1.26989914623641e-10,Bin,7.0,7.1
North Dakota,4 wk ahead,percent,1.26989914623641e-10,Bin,7.1,7.2
North Dakota,4 wk ahead,percent,1.26989914623641e-10,Bin,7.2,7.3
North Dakota,4 wk ahead,percent,1.26989914623641e-10,Bin,7.3,7.4
North Dakota,4 wk ahead,percent,1.26989914623641e-10,Bin,7.4,7.5
North Dakota,4 wk ahead,percent,1.26989914623641e-10,Bin,7.5,7.6
North Dakota,4 wk ahead,percent,1.26989914623641e-10,Bin,7.6,7.7
North Dakota,4 wk ahead,percent,1.26989914623641e-10,Bin,7.7,7.8
North Dakota,4 wk ahead,percent,1.26989914623641e-10,Bin,7.8,7.9
North Dakota,4 wk ahead,percent,1.26989914623641e-10,Bin,7.9,8.0
North Dakota,4 wk ahead,percent,1.26989914623642e-10,Bin,8.0,8.1
North Dakota,4 wk ahead,percent,1.26989914623643e-10,Bin,8.1,8.2
North Dakota,4 wk ahead,percent,1.26989914623643e-10,Bin,8.2,8.3
North Dakota,4 wk ahead,percent,1.26989914623643e-10,Bin,8.3,8.4
North Dakota,4 wk ahead,percent,1.26989914623643e-10,Bin,8.4,8.5
North Dakota,4 wk ahead,percent,1.26989914623643e-10,Bin,8.5,8.6
North Dakota,4 wk ahead,percent,1.26989914623643e-10,Bin,8.6,8.7
North Dakota,4 wk ahead,percent,1.26989914623643e-10,Bin,8.7,8.8
North Dakota,4 wk ahead,percent,1.26989914623643e-10,Bin,8.8,8.9
North Dakota,4 wk ahead,percent,1.26989914623643e-10,Bin,8.9,9.0
North Dakota,4 wk ahead,percent,1.26989914623643e-10,Bin,9.0,9.1
North Dakota,4 wk ahead,percent,1.26989914623643e-10,Bin,9.1,9.2
North Dakota,4 wk ahead,percent,1.26989914623643e-10,Bin,9.2,9.3
North Dakota,4 wk ahead,percent,1.26989914623643e-10,Bin,9.3,9.4
North Dakota,4 wk ahead,percent,1.26989914623643e-10,Bin,9.4,9.5
North Dakota,4 wk ahead,percent,1.26989914623643e-10,Bin,9.5,9.6
North Dakota,4 wk ahead,percent,1.26989914623643e-10,Bin,9.6,9.7
North Dakota,4 wk ahead,percent,1.26989914623643e-10,Bin,9.7,9.8
North Dakota,4 wk ahead,percent,1.26989914623643e-10,Bin,9.8,9.9
North Dakota,4 wk ahead,percent,1.26989914623643e-10,Bin,9.9,10.0
North Dakota,4 wk ahead,percent,1.26989914623643e-10,Bin,10.0,10.1
North Dakota,4 wk ahead,percent,1.26989914623643e-10,Bin,10.1,10.2
North Dakota,4 wk ahead,percent,1.26989914623643e-10,Bin,10.2,10.3
North Dakota,4 wk ahead,percent,1.26989914623643e-10,Bin,10.3,10.4
North Dakota,4 wk ahead,percent,1.26989914623643e-10,Bin,10.4,10.5
North Dakota,4 wk ahead,percent,1.26989914623643e-10,Bin,10.5,10.6
North Dakota,4 wk ahead,percent,1.26989914623643e-10,Bin,10.6,10.7
North Dakota,4 wk ahead,percent,1.26989914623643e-10,Bin,10.7,10.8
North Dakota,4 wk ahead,percent,1.26989914623643e-10,Bin,10.8,10.9
North Dakota,4 wk ahead,percent,1.26989914623643e-10,Bin,10.9,11.0
North Dakota,4 wk ahead,percent,1.26989914623643e-10,Bin,11.0,11.1
North Dakota,4 wk ahead,percent,1.26989914623643e-10,Bin,11.1,11.2
North Dakota,4 wk ahead,percent,1.26989914623643e-10,Bin,11.2,11.3
North Dakota,4 wk ahead,percent,1.26989914623643e-10,Bin,11.3,11.4
North Dakota,4 wk ahead,percent,1.26989914623643e-10,Bin,11.4,11.5
North Dakota,4 wk ahead,percent,1.26989914623643e-10,Bin,11.5,11.6
North Dakota,4 wk ahead,percent,1.26989914623643e-10,Bin,11.6,11.7
North Dakota,4 wk ahead,percent,1.26989914623643e-10,Bin,11.7,11.8
North Dakota,4 wk ahead,percent,1.26989914623643e-10,Bin,11.8,11.9
North Dakota,4 wk ahead,percent,1.26989914623643e-10,Bin,11.9,12.0
North Dakota,4 wk ahead,percent,1.26989914623643e-10,Bin,12.0,12.1
North Dakota,4 wk ahead,percent,1.26989914623643e-10,Bin,12.1,12.2
North Dakota,4 wk ahead,percent,1.26989914623643e-10,Bin,12.2,12.3
North Dakota,4 wk ahead,percent,1.26989914623643e-10,Bin,12.3,12.4
North Dakota,4 wk ahead,percent,1.26989914623643e-10,Bin,12.4,12.5
North Dakota,4 wk ahead,percent,1.26989914623643e-10,Bin,12.5,12.6
North Dakota,4 wk ahead,percent,1.26989914623643e-10,Bin,12.6,12.7
North Dakota,4 wk ahead,percent,1.26989914623643e-10,Bin,12.7,12.8
North Dakota,4 wk ahead,percent,1.26989914623643e-10,Bin,12.8,12.9
North Dakota,4 wk ahead,percent,1.26989914623643e-10,Bin,12.9,13.0
North Dakota,4 wk ahead,percent,1.26989914623643e-10,Bin,13.0,100.0
North Dakota,Season peak percentage,percent,4.08321199805864e-13,Bin,0.0,0.1
North Dakota,Season peak percentage,percent,9.50332096432967e-13,Bin,0.1,0.2
North Dakota,Season peak percentage,percent,1.15354531544012e-12,Bin,0.2,0.3
North Dakota,Season peak percentage,percent,1.38951819090287e-12,Bin,0.3,0.4
North Dakota,Season peak percentage,percent,1.66096654478389e-12,Bin,0.4,0.5
North Dakota,Season peak percentage,percent,1.97025132500154e-12,Bin,0.5,0.6
North Dakota,Season peak percentage,percent,2.31956849219322e-12,Bin,0.6,0.7
North Dakota,Season peak percentage,percent,2.71035463364698e-12,Bin,0.7,0.8
North Dakota,Season peak percentage,percent,3.14334907324105e-12,Bin,0.8,0.9
North Dakota,Season peak percentage,percent,3.61884013428123e-12,Bin,0.9,1.0
North Dakota,Season peak percentage,percent,4.13585605009026e-12,Bin,1.0,1.1
North Dakota,Season peak percentage,percent,4.69285076064909e-12,Bin,1.1,1.2
North Dakota,Season peak percentage,percent,5.2872250282028e-12,Bin,1.2,1.3
North Dakota,Season peak percentage,percent,5.91517518178499e-12,Bin,1.3,1.4
North Dakota,Season peak percentage,percent,6.57244803090848e-12,Bin,1.4,1.5
North Dakota,Season peak percentage,percent,7.25360543228122e-12,Bin,1.5,1.6
North Dakota,Season peak percentage,percent,7.95262336954071e-12,Bin,1.6,1.7
North Dakota,Season peak percentage,percent,8.66292065040153e-12,Bin,1.7,1.8
North Dakota,Season peak percentage,percent,9.37742795989976e-12,Bin,1.8,1.9
North Dakota,Season peak percentage,percent,1.00889678934462e-11,Bin,1.9,2.0
North Dakota,Season peak percentage,percent,1.07902316181814e-11,Bin,2.0,2.1
North Dakota,Season peak percentage,percent,1.14742352154903e-11,Bin,2.1,2.2
North Dakota,Season peak percentage,percent,1.21341812520775e-11,Bin,2.2,2.3
North Dakota,Season peak percentage,percent,1.27638174340703e-11,Bin,2.3,2.4
North Dakota,Season peak percentage,percent,1.33578201234885e-11,Bin,2.4,2.5
North Dakota,Season peak percentage,percent,1.39110844574044e-11,Bin,2.5,2.6
North Dakota,Season peak percentage,percent,1.44197630992292e-11,Bin,2.6,2.7
North Dakota,Season peak percentage,percent,1.48805568977411e-11,Bin,2.7,2.8
North Dakota,Season peak percentage,percent,1.52908791081064e-11,Bin,2.8,2.9
North Dakota,Season peak percentage,percent,1.56490625495189e-11,Bin,2.9,3.0
North Dakota,Season peak percentage,percent,1.59540099907372e-11,Bin,3.0,3.1
North Dakota,Season peak percentage,percent,1.62049442793924e-11,Bin,3.1,3.2
North Dakota,Season peak percentage,percent,1.64019309806001e-11,Bin,3.2,3.3
North Dakota,Season peak percentage,percent,1.65448446799046e-11,Bin,3.3,3.4
North Dakota,Season peak percentage,percent,1.66341179450028e-11,Bin,3.4,3.5
North Dakota,Season peak percentage,percent,1.66706497156963e-11,Bin,3.5,3.6
North Dakota,Season peak percentage,percent,1.66547145873551e-11,Bin,3.6,3.7
North Dakota,Season peak percentage,percent,1.65875179313640e-11,Bin,3.7,3.8
North Dakota,Season peak percentage,percent,1.646986753165e-11,Bin,3.8,3.9
North Dakota,Season peak percentage,percent,1.63028455822469e-11,Bin,3.9,4.0
North Dakota,Season peak percentage,percent,1.60879775580766e-11,Bin,4.0,4.1
North Dakota,Season peak percentage,percent,1.58268745120698e-11,Bin,4.1,4.2
North Dakota,Season peak percentage,percent,1.55215215040399e-11,Bin,4.2,4.3
North Dakota,Season peak percentage,percent,1.51745226654464e-11,Bin,4.3,4.4
North Dakota,Season peak percentage,percent,1.47886883954666e-11,Bin,4.4,4.5
North Dakota,Season peak percentage,percent,1.43676071884292e-11,Bin,4.5,4.6
North Dakota,Season peak percentage,percent,1.39156164052686e-11,Bin,4.6,4.7
North Dakota,Season peak percentage,percent,1.34372138614983e-11,Bin,4.7,4.8
North Dakota,Season peak percentage,percent,1.29380084394417e-11,Bin,4.8,4.9
North Dakota,Season peak percentage,percent,1.24238124376476e-11,Bin,4.9,5.0
North Dakota,Season peak percentage,percent,0.979999999137623,Bin,5.0,5.1
North Dakota,Season peak percentage,percent,0.00200000000959257,Bin,5.1,5.2
North Dakota,Season peak percentage,percent,1.08580275648045e-11,Bin,5.2,5.3
North Dakota,Season peak percentage,percent,1.03521180979368e-11,Bin,5.3,5.4
North Dakota,Season peak percentage,percent,9.86632427874903e-12,Bin,5.4,5.5
North Dakota,Season peak percentage,percent,9.40786707761821e-12,Bin,5.5,5.6
North Dakota,Season peak percentage,percent,8.98352044127579e-12,Bin,5.6,5.7
North Dakota,Season peak percentage,percent,8.59922488101431e-12,Bin,5.7,5.8
North Dakota,Season peak percentage,percent,8.2607931876822e-12,Bin,5.8,5.9
North Dakota,Season peak percentage,percent,7.97220400099054e-12,Bin,5.9,6.0
North Dakota,Season peak percentage,percent,7.73706504319455e-12,Bin,6.0,6.1
North Dakota,Season peak percentage,percent,7.55740181295203e-12,Bin,6.1,6.2
North Dakota,Season peak percentage,percent,0.00200000000564931,Bin,6.2,6.3
North Dakota,Season peak percentage,percent,7.3647425733444e-12,Bin,6.3,6.4
North Dakota,Season peak percentage,percent,7.34842881686868e-12,Bin,6.4,6.5
North Dakota,Season peak percentage,percent,7.38054978964426e-12,Bin,6.5,6.6
North Dakota,Season peak percentage,percent,7.4557393966016e-12,Bin,6.6,6.7
North Dakota,Season peak percentage,percent,7.56705422226441e-12,Bin,6.7,6.8
North Dakota,Season peak percentage,percent,0.00999999999878522,Bin,6.8,6.9
North Dakota,Season peak percentage,percent,7.86503563256306e-12,Bin,6.9,7.0
North Dakota,Season peak percentage,percent,8.03316356058843e-12,Bin,7.0,7.1
North Dakota,Season peak percentage,percent,8.20095532725926e-12,Bin,7.1,7.2
North Dakota,Season peak percentage,percent,8.35835096394893e-12,Bin,7.2,7.3
North Dakota,Season peak percentage,percent,8.49581802347956e-12,Bin,7.3,7.4
North Dakota,Season peak percentage,percent,8.60431173729036e-12,Bin,7.4,7.5
North Dakota,Season peak percentage,percent,8.6759231371494e-12,Bin,7.5,7.6
North Dakota,Season peak percentage,percent,0.0020000000069197,Bin,7.6,7.7
North Dakota,Season peak percentage,percent,8.68297816745684e-12,Bin,7.7,7.8
North Dakota,Season peak percentage,percent,8.60952457883288e-12,Bin,7.8,7.9
North Dakota,Season peak percentage,percent,8.48178120512152e-12,Bin,7.9,8.0
North Dakota,Season peak percentage,percent,8.29934546075123e-12,Bin,8.0,8.1
North Dakota,Season peak percentage,percent,8.06419130538436e-12,Bin,8.1,8.2
North Dakota,Season peak percentage,percent,7.77913878736496e-12,Bin,8.2,8.3
North Dakota,Season peak percentage,percent,7.44878069801837e-12,Bin,8.3,8.4
North Dakota,Season peak percentage,percent,7.07904380393905e-12,Bin,8.4,8.5
North Dakota,Season peak percentage,percent,6.6763611710299e-12,Bin,8.5,8.6
North Dakota,Season peak percentage,percent,6.24818098864724e-12,Bin,8.6,8.7
North Dakota,Season peak percentage,percent,5.80200961033816e-12,Bin,8.7,8.8
North Dakota,Season peak percentage,percent,5.34552755881277e-12,Bin,8.8,8.9
North Dakota,Season peak percentage,percent,4.88620919070111e-12,Bin,8.9,9.0
North Dakota,Season peak percentage,percent,4.43102454648348e-12,Bin,9.0,9.1
North Dakota,Season peak percentage,percent,3.98638979584541e-12,Bin,9.1,9.2
North Dakota,Season peak percentage,percent,3.55775528242832e-12,Bin,9.2,9.3
North Dakota,Season peak percentage,percent,3.1498938290115e-12,Bin,9.3,9.4
North Dakota,Season peak percentage,percent,2.76651917963767e-12,Bin,9.4,9.5
North Dakota,Season peak percentage,percent,2.41028898546642e-12,Bin,9.5,9.6
North Dakota,Season peak percentage,percent,2.08315357801964e-12,Bin,9.6,9.7
North Dakota,Season peak percentage,percent,1.78591007347773e-12,Bin,9.7,9.8
North Dakota,Season peak percentage,percent,1.51877638016178e-12,Bin,9.8,9.9
North Dakota,Season peak percentage,percent,1.28126746735742e-12,Bin,9.9,10.0
North Dakota,Season peak percentage,percent,1.0721602373832e-12,Bin,10.0,10.1
North Dakota,Season peak percentage,percent,8.89970292300502e-13,Bin,10.1,10.2
North Dakota,Season peak percentage,percent,7.32839474350808e-13,Bin,10.2,10.3
North Dakota,Season peak percentage,percent,5.98511076223839e-13,Bin,10.3,10.4
North Dakota,Season peak percentage,percent,4.84911268981879e-13,Bin,10.4,10.5
North Dakota,Season peak percentage,percent,0.00199999999860547,Bin,10.5,10.6
North Dakota,Season peak percentage,percent,3.10655966384689e-13,Bin,10.6,10.7
North Dakota,Season peak percentage,percent,2.4567042177203e-13,Bin,10.7,10.8
North Dakota,Season peak percentage,percent,1.92689212180219e-13,Bin,10.8,10.9
North Dakota,Season peak percentage,percent,1.49916255840315e-13,Bin,10.9,11.0
North Dakota,Season peak percentage,percent,1.15713419137006e-13,Bin,11.0,11.1
North Dakota,Season peak percentage,percent,8.92330763221503e-14,Bin,11.1,11.2
North Dakota,Season peak percentage,percent,8.23620808205684e-14,Bin,11.2,11.3
North Dakota,Season peak percentage,percent,8.23620808205684e-14,Bin,11.3,11.4
North Dakota,Season peak percentage,percent,8.23620808205684e-14,Bin,11.4,11.5
North Dakota,Season peak percentage,percent,8.23620808205684e-14,Bin,11.5,11.6
North Dakota,Season peak percentage,percent,8.23620808205684e-14,Bin,11.6,11.7
North Dakota,Season peak percentage,percent,8.23620808205684e-14,Bin,11.7,11.8
North Dakota,Season peak percentage,percent,8.23620808205684e-14,Bin,11.8,11.9
North Dakota,Season peak percentage,percent,8.23620808205684e-14,Bin,11.9,12.0
North Dakota,Season peak percentage,percent,0.00199999999829812,Bin,12.0,12.1
North Dakota,Season peak percentage,percent,8.23620808205684e-14,Bin,12.1,12.2
North Dakota,Season peak percentage,percent,8.23620808205684e-14,Bin,12.2,12.3
North Dakota,Season peak percentage,percent,8.23620808205684e-14,Bin,12.3,12.4
North Dakota,Season peak percentage,percent,8.23620808205684e-14,Bin,12.4,12.5
North Dakota,Season peak percentage,percent,8.23620808205684e-14,Bin,12.5,12.6
North Dakota,Season peak percentage,percent,8.23620808205684e-14,Bin,12.6,12.7
North Dakota,Season peak percentage,percent,8.23620808205684e-14,Bin,12.7,12.8
North Dakota,Season peak percentage,percent,8.23620808205684e-14,Bin,12.8,12.9
North Dakota,Season peak percentage,percent,8.23620808205684e-14,Bin,12.9,13.0
North Dakota,Season peak percentage,percent,8.23620808205684e-14,Bin,13.0,100.0
North Dakota,Season peak week,week,1.77432316155995e-05,Bin,40.0,41.0
North Dakota,Season peak week,week,3.39529359621596e-05,Bin,41.0,42.0
North Dakota,Season peak week,week,6.1766843420069e-05,Bin,42.0,43.0
North Dakota,Season peak week,week,0.000106913821790665,Bin,43.0,44.0
North Dakota,Season peak week,week,0.000176257159072377,Bin,44.0,45.0
North Dakota,Season peak week,week,0.000277084113479225,Bin,45.0,46.0
North Dakota,Season peak week,week,0.000415977316416525,Bin,46.0,47.0
North Dakota,Season peak week,week,0.000597423927136896,Bin,47.0,48.0
North Dakota,Season peak week,week,0.0008225298287347,Bin,48.0,49.0
North Dakota,Season peak week,week,0.0010882292624478,Bin,49.0,50.0
North Dakota,Season peak week,week,0.00138730500501078,Bin,50.0,51.0
North Dakota,Season peak week,week,0.00170923531067111,Bin,51.0,52.0
North Dakota,Season peak week,week,0.00204162001683603,Bin,52.0,53.0
North Dakota,Season peak week,week,0.00237168666322748,Bin,1.0,2.0
North Dakota,Season peak week,week,0.927640887360448,Bin,2.0,3.0
North Dakota,Season peak week,week,0.00297784627900776,Bin,3.0,4.0
North Dakota,Season peak week,week,0.00323317465104728,Bin,4.0,5.0
North Dakota,Season peak week,week,0.00344402209424989,Bin,5.0,6.0
North Dakota,Season peak week,week,0.00360122449482606,Bin,6.0,7.0
North Dakota,Season peak week,week,0.00369589240054498,Bin,7.0,8.0
North Dakota,Season peak week,week,0.00372006041488957,Bin,8.0,9.0
North Dakota,Season peak week,week,0.00366779061983121,Bin,9.0,10.0
North Dakota,Season peak week,week,0.00353655604715522,Bin,10.0,11.0
North Dakota,Season peak week,week,0.00332854011103727,Bin,11.0,12.0
North Dakota,Season peak week,week,0.00305152826500206,Bin,12.0,13.0
North Dakota,Season peak week,week,0.00271904128092049,Bin,13.0,14.0
North Dakota,Season peak week,week,0.00234950769258132,Bin,14.0,15.0
North Dakota,Season peak week,week,0.00196442828415742,Bin,15.0,16.0
North Dakota,Season peak week,week,0.00158582902461139,Bin,16.0,17.0
North Dakota,Season peak week,week,0.001233511763331,Bin,17.0,18.0
North Dakota,Season peak week,week,0.010360992085757,Bin,18.0,19.0
North Dakota,Season peak week,week,0.0044378598950287,Bin,19.0,20.0
North Dakota,Season peak week,week,0.00234358179975202,Bin,20.0,21.0
Ohio,1 wk ahead,percent,2.78131252959915e-11,Bin,0.0,0.1
Ohio,1 wk ahead,percent,0.00799999950465425,Bin,0.1,0.2
Ohio,1 wk ahead,percent,0.0179999989322046,Bin,0.2,0.3
Ohio,1 wk ahead,percent,0.0180000012091394,Bin,0.3,0.4
Ohio,1 wk ahead,percent,0.105999999868084,Bin,0.4,0.5
Ohio,1 wk ahead,percent,0.271999991804274,Bin,0.5,0.6
Ohio,1 wk ahead,percent,0.260000000202814,Bin,0.6,0.7
Ohio,1 wk ahead,percent,0.132000007500931,Bin,0.7,0.8
Ohio,1 wk ahead,percent,0.0859999993075944,Bin,0.8,0.9
Ohio,1 wk ahead,percent,0.029999998368167,Bin,0.9,1.0
Ohio,1 wk ahead,percent,0.0319999978630156,Bin,1.0,1.1
Ohio,1 wk ahead,percent,0.00999999937818854,Bin,1.1,1.2
Ohio,1 wk ahead,percent,0.00799999951593154,Bin,1.2,1.3
Ohio,1 wk ahead,percent,0.00399999979141754,Bin,1.3,1.4
Ohio,1 wk ahead,percent,0.00399999979141754,Bin,1.4,1.5
Ohio,1 wk ahead,percent,0.00399999979141754,Bin,1.5,1.6
Ohio,1 wk ahead,percent,6.69035423300825e-11,Bin,1.6,1.7
Ohio,1 wk ahead,percent,6.69035423300825e-11,Bin,1.7,1.8
Ohio,1 wk ahead,percent,6.69035423300825e-11,Bin,1.8,1.9
Ohio,1 wk ahead,percent,0.00799999951593154,Bin,1.9,2.0
Ohio,1 wk ahead,percent,6.69035423300823e-11,Bin,2.0,2.1
Ohio,1 wk ahead,percent,6.69035423300822e-11,Bin,2.1,2.2
Ohio,1 wk ahead,percent,6.69035423300822e-11,Bin,2.2,2.3
Ohio,1 wk ahead,percent,6.69035423300822e-11,Bin,2.3,2.4
Ohio,1 wk ahead,percent,6.69035423300822e-11,Bin,2.4,2.5
Ohio,1 wk ahead,percent,6.69035423300822e-11,Bin,2.5,2.6
Ohio,1 wk ahead,percent,6.69035423300822e-11,Bin,2.6,2.7
Ohio,1 wk ahead,percent,6.69035423300822e-11,Bin,2.7,2.8
Ohio,1 wk ahead,percent,6.69035423300822e-11,Bin,2.8,2.9
Ohio,1 wk ahead,percent,6.69035423300822e-11,Bin,2.9,3.0
Ohio,1 wk ahead,percent,6.69035423300822e-11,Bin,3.0,3.1
Ohio,1 wk ahead,percent,6.69035423300822e-11,Bin,3.1,3.2
Ohio,1 wk ahead,percent,6.69035423300822e-11,Bin,3.2,3.3
Ohio,1 wk ahead,percent,6.69035423300822e-11,Bin,3.3,3.4
Ohio,1 wk ahead,percent,6.69035423300822e-11,Bin,3.4,3.5
Ohio,1 wk ahead,percent,6.69035423300822e-11,Bin,3.5,3.6
Ohio,1 wk ahead,percent,6.69035423300822e-11,Bin,3.6,3.7
Ohio,1 wk ahead,percent,6.69035423300822e-11,Bin,3.7,3.8
Ohio,1 wk ahead,percent,6.69035423300822e-11,Bin,3.8,3.9
Ohio,1 wk ahead,percent,6.69035423300822e-11,Bin,3.9,4.0
Ohio,1 wk ahead,percent,6.69035423300822e-11,Bin,4.0,4.1
Ohio,1 wk ahead,percent,6.69035423300822e-11,Bin,4.1,4.2
Ohio,1 wk ahead,percent,6.69035423300822e-11,Bin,4.2,4.3
Ohio,1 wk ahead,percent,6.69035423300822e-11,Bin,4.3,4.4
Ohio,1 wk ahead,percent,6.69035423300822e-11,Bin,4.4,4.5
Ohio,1 wk ahead,percent,6.69035423300822e-11,Bin,4.5,4.6
Ohio,1 wk ahead,percent,6.69035423300822e-11,Bin,4.6,4.7
Ohio,1 wk ahead,percent,6.69035423300822e-11,Bin,4.7,4.8
Ohio,1 wk ahead,percent,6.69035423300822e-11,Bin,4.8,4.9
Ohio,1 wk ahead,percent,6.69035423300822e-11,Bin,4.9,5.0
Ohio,1 wk ahead,percent,6.69035423300822e-11,Bin,5.0,5.1
Ohio,1 wk ahead,percent,6.69035423300822e-11,Bin,5.1,5.2
Ohio,1 wk ahead,percent,6.69035423300822e-11,Bin,5.2,5.3
Ohio,1 wk ahead,percent,6.69035423300822e-11,Bin,5.3,5.4
Ohio,1 wk ahead,percent,6.69035423300822e-11,Bin,5.4,5.5
Ohio,1 wk ahead,percent,6.69035423300822e-11,Bin,5.5,5.6
Ohio,1 wk ahead,percent,6.69035423300822e-11,Bin,5.6,5.7
Ohio,1 wk ahead,percent,6.69035423300822e-11,Bin,5.7,5.8
Ohio,1 wk ahead,percent,6.69035423300822e-11,Bin,5.8,5.9
Ohio,1 wk ahead,percent,6.69035423300822e-11,Bin,5.9,6.0
Ohio,1 wk ahead,percent,6.69035423300822e-11,Bin,6.0,6.1
Ohio,1 wk ahead,percent,6.69035423300822e-11,Bin,6.1,6.2
Ohio,1 wk ahead,percent,6.69035423300822e-11,Bin,6.2,6.3
Ohio,1 wk ahead,percent,6.69035423300822e-11,Bin,6.3,6.4
Ohio,1 wk ahead,percent,6.69035423300822e-11,Bin,6.4,6.5
Ohio,1 wk ahead,percent,6.69035423300822e-11,Bin,6.5,6.6
Ohio,1 wk ahead,percent,6.69035423300822e-11,Bin,6.6,6.7
Ohio,1 wk ahead,percent,6.69035423300822e-11,Bin,6.7,6.8
Ohio,1 wk ahead,percent,6.69035423300822e-11,Bin,6.8,6.9
Ohio,1 wk ahead,percent,6.69035423300822e-11,Bin,6.9,7.0
Ohio,1 wk ahead,percent,6.69035423300822e-11,Bin,7.0,7.1
Ohio,1 wk ahead,percent,6.69035423300822e-11,Bin,7.1,7.2
Ohio,1 wk ahead,percent,6.69035423300822e-11,Bin,7.2,7.3
Ohio,1 wk ahead,percent,6.69035423300822e-11,Bin,7.3,7.4
Ohio,1 wk ahead,percent,6.69035423300822e-11,Bin,7.4,7.5
Ohio,1 wk ahead,percent,6.69035423300822e-11,Bin,7.5,7.6
Ohio,1 wk ahead,percent,6.69035423300822e-11,Bin,7.6,7.7
Ohio,1 wk ahead,percent,6.69035423300822e-11,Bin,7.7,7.8
Ohio,1 wk ahead,percent,6.69035423300822e-11,Bin,7.8,7.9
Ohio,1 wk ahead,percent,6.69035423300822e-11,Bin,7.9,8.0
Ohio,1 wk ahead,percent,6.69035423300828e-11,Bin,8.0,8.1
Ohio,1 wk ahead,percent,6.69035423300834e-11,Bin,8.1,8.2
Ohio,1 wk ahead,percent,6.69035423300834e-11,Bin,8.2,8.3
Ohio,1 wk ahead,percent,6.69035423300834e-11,Bin,8.3,8.4
Ohio,1 wk ahead,percent,6.69035423300834e-11,Bin,8.4,8.5
Ohio,1 wk ahead,percent,6.69035423300834e-11,Bin,8.5,8.6
Ohio,1 wk ahead,percent,6.69035423300834e-11,Bin,8.6,8.7
Ohio,1 wk ahead,percent,6.69035423300834e-11,Bin,8.7,8.8
Ohio,1 wk ahead,percent,6.69035423300834e-11,Bin,8.8,8.9
Ohio,1 wk ahead,percent,6.69035423300834e-11,Bin,8.9,9.0
Ohio,1 wk ahead,percent,6.69035423300834e-11,Bin,9.0,9.1
Ohio,1 wk ahead,percent,6.69035423300834e-11,Bin,9.1,9.2
Ohio,1 wk ahead,percent,6.69035423300834e-11,Bin,9.2,9.3
Ohio,1 wk ahead,percent,6.69035423300834e-11,Bin,9.3,9.4
Ohio,1 wk ahead,percent,6.69035423300834e-11,Bin,9.4,9.5
Ohio,1 wk ahead,percent,6.69035423300834e-11,Bin,9.5,9.6
Ohio,1 wk ahead,percent,6.69035423300834e-11,Bin,9.6,9.7
Ohio,1 wk ahead,percent,6.69035423300834e-11,Bin,9.7,9.8
Ohio,1 wk ahead,percent,6.69035423300834e-11,Bin,9.8,9.9
Ohio,1 wk ahead,percent,6.69035423300834e-11,Bin,9.9,10.0
Ohio,1 wk ahead,percent,6.69035423300834e-11,Bin,10.0,10.1
Ohio,1 wk ahead,percent,6.69035423300834e-11,Bin,10.1,10.2
Ohio,1 wk ahead,percent,6.69035423300834e-11,Bin,10.2,10.3
Ohio,1 wk ahead,percent,6.69035423300834e-11,Bin,10.3,10.4
Ohio,1 wk ahead,percent,6.69035423300834e-11,Bin,10.4,10.5
Ohio,1 wk ahead,percent,6.69035423300834e-11,Bin,10.5,10.6
Ohio,1 wk ahead,percent,6.69035423300834e-11,Bin,10.6,10.7
Ohio,1 wk ahead,percent,6.69035423300834e-11,Bin,10.7,10.8
Ohio,1 wk ahead,percent,6.69035423300834e-11,Bin,10.8,10.9
Ohio,1 wk ahead,percent,6.69035423300834e-11,Bin,10.9,11.0
Ohio,1 wk ahead,percent,6.69035423300834e-11,Bin,11.0,11.1
Ohio,1 wk ahead,percent,6.69035423300834e-11,Bin,11.1,11.2
Ohio,1 wk ahead,percent,6.69035423300834e-11,Bin,11.2,11.3
Ohio,1 wk ahead,percent,6.69035423300834e-11,Bin,11.3,11.4
Ohio,1 wk ahead,percent,6.69035423300834e-11,Bin,11.4,11.5
Ohio,1 wk ahead,percent,6.69035423300834e-11,Bin,11.5,11.6
Ohio,1 wk ahead,percent,6.69035423300834e-11,Bin,11.6,11.7
Ohio,1 wk ahead,percent,6.69035423300834e-11,Bin,11.7,11.8
Ohio,1 wk ahead,percent,6.69035423300834e-11,Bin,11.8,11.9
Ohio,1 wk ahead,percent,6.69035423300834e-11,Bin,11.9,12.0
Ohio,1 wk ahead,percent,6.69035423300834e-11,Bin,12.0,12.1
Ohio,1 wk ahead,percent,6.69035423300834e-11,Bin,12.1,12.2
Ohio,1 wk ahead,percent,6.69035423300834e-11,Bin,12.2,12.3
Ohio,1 wk ahead,percent,6.69035423300834e-11,Bin,12.3,12.4
Ohio,1 wk ahead,percent,6.69035423300834e-11,Bin,12.4,12.5
Ohio,1 wk ahead,percent,6.69035423300834e-11,Bin,12.5,12.6
Ohio,1 wk ahead,percent,6.69035423300834e-11,Bin,12.6,12.7
Ohio,1 wk ahead,percent,6.69035423300834e-11,Bin,12.7,12.8
Ohio,1 wk ahead,percent,6.69035423300834e-11,Bin,12.8,12.9
Ohio,1 wk ahead,percent,6.69035423300834e-11,Bin,12.9,13.0
Ohio,1 wk ahead,percent,6.69035423300834e-11,Bin,13.0,100.0
Ohio,2 wk ahead,percent,4.54603932246135e-11,Bin,0.0,0.1
Ohio,2 wk ahead,percent,0.00999999935251719,Bin,0.1,0.2
Ohio,2 wk ahead,percent,0.0259999982876287,Bin,0.2,0.3
Ohio,2 wk ahead,percent,0.0540000022919584,Bin,0.3,0.4
Ohio,2 wk ahead,percent,0.136000006678993,Bin,0.4,0.5
Ohio,2 wk ahead,percent,0.289999985866346,Bin,0.5,0.6
Ohio,2 wk ahead,percent,0.212000001618699,Bin,0.6,0.7
Ohio,2 wk ahead,percent,0.10200000673547,Bin,0.7,0.8
Ohio,2 wk ahead,percent,0.0699999969040554,Bin,0.8,0.9
Ohio,2 wk ahead,percent,0.0379999972758932,Bin,0.9,1.0
Ohio,2 wk ahead,percent,0.0259999981588373,Bin,1.0,1.1
Ohio,2 wk ahead,percent,0.0139999990449216,Bin,1.1,1.2
Ohio,2 wk ahead,percent,0.00599999963564446,Bin,1.2,1.3
Ohio,2 wk ahead,percent,0.00599999963564446,Bin,1.3,1.4
Ohio,2 wk ahead,percent,0.00399999978332518,Bin,1.4,1.5
Ohio,2 wk ahead,percent,7.86866209910464e-11,Bin,1.5,1.6
Ohio,2 wk ahead,percent,7.86866209910464e-11,Bin,1.6,1.7
Ohio,2 wk ahead,percent,0.0019999999310059,Bin,1.7,1.8
Ohio,2 wk ahead,percent,0.0019999999310059,Bin,1.8,1.9
Ohio,2 wk ahead,percent,7.86866209910464e-11,Bin,1.9,2.0
Ohio,2 wk ahead,percent,7.86866209910462e-11,Bin,2.0,2.1
Ohio,2 wk ahead,percent,7.8686620991046e-11,Bin,2.1,2.2
Ohio,2 wk ahead,percent,0.0019999999310059,Bin,2.2,2.3
Ohio,2 wk ahead,percent,7.8686620991046e-11,Bin,2.3,2.4
Ohio,2 wk ahead,percent,7.8686620991046e-11,Bin,2.4,2.5
Ohio,2 wk ahead,percent,7.8686620991046e-11,Bin,2.5,2.6
Ohio,2 wk ahead,percent,7.8686620991046e-11,Bin,2.6,2.7
Ohio,2 wk ahead,percent,7.8686620991046e-11,Bin,2.7,2.8
Ohio,2 wk ahead,percent,7.8686620991046e-11,Bin,2.8,2.9
Ohio,2 wk ahead,percent,7.8686620991046e-11,Bin,2.9,3.0
Ohio,2 wk ahead,percent,7.8686620991046e-11,Bin,3.0,3.1
Ohio,2 wk ahead,percent,7.8686620991046e-11,Bin,3.1,3.2
Ohio,2 wk ahead,percent,7.8686620991046e-11,Bin,3.2,3.3
Ohio,2 wk ahead,percent,7.8686620991046e-11,Bin,3.3,3.4
Ohio,2 wk ahead,percent,7.8686620991046e-11,Bin,3.4,3.5
Ohio,2 wk ahead,percent,7.8686620991046e-11,Bin,3.5,3.6
Ohio,2 wk ahead,percent,7.8686620991046e-11,Bin,3.6,3.7
Ohio,2 wk ahead,percent,7.8686620991046e-11,Bin,3.7,3.8
Ohio,2 wk ahead,percent,7.8686620991046e-11,Bin,3.8,3.9
Ohio,2 wk ahead,percent,7.8686620991046e-11,Bin,3.9,4.0
Ohio,2 wk ahead,percent,7.8686620991046e-11,Bin,4.0,4.1
Ohio,2 wk ahead,percent,7.8686620991046e-11,Bin,4.1,4.2
Ohio,2 wk ahead,percent,7.8686620991046e-11,Bin,4.2,4.3
Ohio,2 wk ahead,percent,7.8686620991046e-11,Bin,4.3,4.4
Ohio,2 wk ahead,percent,7.8686620991046e-11,Bin,4.4,4.5
Ohio,2 wk ahead,percent,7.8686620991046e-11,Bin,4.5,4.6
Ohio,2 wk ahead,percent,7.8686620991046e-11,Bin,4.6,4.7
Ohio,2 wk ahead,percent,7.8686620991046e-11,Bin,4.7,4.8
Ohio,2 wk ahead,percent,7.8686620991046e-11,Bin,4.8,4.9
Ohio,2 wk ahead,percent,7.8686620991046e-11,Bin,4.9,5.0
Ohio,2 wk ahead,percent,7.8686620991046e-11,Bin,5.0,5.1
Ohio,2 wk ahead,percent,7.8686620991046e-11,Bin,5.1,5.2
Ohio,2 wk ahead,percent,7.8686620991046e-11,Bin,5.2,5.3
Ohio,2 wk ahead,percent,7.8686620991046e-11,Bin,5.3,5.4
Ohio,2 wk ahead,percent,7.8686620991046e-11,Bin,5.4,5.5
Ohio,2 wk ahead,percent,7.8686620991046e-11,Bin,5.5,5.6
Ohio,2 wk ahead,percent,7.8686620991046e-11,Bin,5.6,5.7
Ohio,2 wk ahead,percent,7.8686620991046e-11,Bin,5.7,5.8
Ohio,2 wk ahead,percent,7.8686620991046e-11,Bin,5.8,5.9
Ohio,2 wk ahead,percent,7.8686620991046e-11,Bin,5.9,6.0
Ohio,2 wk ahead,percent,7.8686620991046e-11,Bin,6.0,6.1
Ohio,2 wk ahead,percent,7.8686620991046e-11,Bin,6.1,6.2
Ohio,2 wk ahead,percent,7.8686620991046e-11,Bin,6.2,6.3
Ohio,2 wk ahead,percent,7.8686620991046e-11,Bin,6.3,6.4
Ohio,2 wk ahead,percent,7.8686620991046e-11,Bin,6.4,6.5
Ohio,2 wk ahead,percent,7.8686620991046e-11,Bin,6.5,6.6
Ohio,2 wk ahead,percent,7.8686620991046e-11,Bin,6.6,6.7
Ohio,2 wk ahead,percent,7.8686620991046e-11,Bin,6.7,6.8
Ohio,2 wk ahead,percent,7.8686620991046e-11,Bin,6.8,6.9
Ohio,2 wk ahead,percent,7.8686620991046e-11,Bin,6.9,7.0
Ohio,2 wk ahead,percent,7.8686620991046e-11,Bin,7.0,7.1
Ohio,2 wk ahead,percent,7.8686620991046e-11,Bin,7.1,7.2
Ohio,2 wk ahead,percent,7.8686620991046e-11,Bin,7.2,7.3
Ohio,2 wk ahead,percent,7.8686620991046e-11,Bin,7.3,7.4
Ohio,2 wk ahead,percent,7.8686620991046e-11,Bin,7.4,7.5
Ohio,2 wk ahead,percent,7.8686620991046e-11,Bin,7.5,7.6
Ohio,2 wk ahead,percent,7.8686620991046e-11,Bin,7.6,7.7
Ohio,2 wk ahead,percent,7.8686620991046e-11,Bin,7.7,7.8
Ohio,2 wk ahead,percent,7.8686620991046e-11,Bin,7.8,7.9
Ohio,2 wk ahead,percent,7.8686620991046e-11,Bin,7.9,8.0
Ohio,2 wk ahead,percent,7.86866209910467e-11,Bin,8.0,8.1
Ohio,2 wk ahead,percent,7.86866209910474e-11,Bin,8.1,8.2
Ohio,2 wk ahead,percent,7.86866209910474e-11,Bin,8.2,8.3
Ohio,2 wk ahead,percent,7.86866209910474e-11,Bin,8.3,8.4
Ohio,2 wk ahead,percent,7.86866209910474e-11,Bin,8.4,8.5
Ohio,2 wk ahead,percent,7.86866209910474e-11,Bin,8.5,8.6
Ohio,2 wk ahead,percent,7.86866209910474e-11,Bin,8.6,8.7
Ohio,2 wk ahead,percent,7.86866209910474e-11,Bin,8.7,8.8
Ohio,2 wk ahead,percent,7.86866209910474e-11,Bin,8.8,8.9
Ohio,2 wk ahead,percent,7.86866209910474e-11,Bin,8.9,9.0
Ohio,2 wk ahead,percent,7.86866209910474e-11,Bin,9.0,9.1
Ohio,2 wk ahead,percent,7.86866209910474e-11,Bin,9.1,9.2
Ohio,2 wk ahead,percent,7.86866209910474e-11,Bin,9.2,9.3
Ohio,2 wk ahead,percent,7.86866209910474e-11,Bin,9.3,9.4
Ohio,2 wk ahead,percent,7.86866209910474e-11,Bin,9.4,9.5
Ohio,2 wk ahead,percent,7.86866209910474e-11,Bin,9.5,9.6
Ohio,2 wk ahead,percent,7.86866209910474e-11,Bin,9.6,9.7
Ohio,2 wk ahead,percent,7.86866209910474e-11,Bin,9.7,9.8
Ohio,2 wk ahead,percent,7.86866209910474e-11,Bin,9.8,9.9
Ohio,2 wk ahead,percent,7.86866209910474e-11,Bin,9.9,10.0
Ohio,2 wk ahead,percent,7.86866209910474e-11,Bin,10.0,10.1
Ohio,2 wk ahead,percent,7.86866209910474e-11,Bin,10.1,10.2
Ohio,2 wk ahead,percent,7.86866209910474e-11,Bin,10.2,10.3
Ohio,2 wk ahead,percent,7.86866209910474e-11,Bin,10.3,10.4
Ohio,2 wk ahead,percent,7.86866209910474e-11,Bin,10.4,10.5
Ohio,2 wk ahead,percent,7.86866209910474e-11,Bin,10.5,10.6
Ohio,2 wk ahead,percent,7.86866209910474e-11,Bin,10.6,10.7
Ohio,2 wk ahead,percent,7.86866209910474e-11,Bin,10.7,10.8
Ohio,2 wk ahead,percent,7.86866209910474e-11,Bin,10.8,10.9
Ohio,2 wk ahead,percent,7.86866209910474e-11,Bin,10.9,11.0
Ohio,2 wk ahead,percent,7.86866209910474e-11,Bin,11.0,11.1
Ohio,2 wk ahead,percent,7.86866209910474e-11,Bin,11.1,11.2
Ohio,2 wk ahead,percent,7.86866209910474e-11,Bin,11.2,11.3
Ohio,2 wk ahead,percent,7.86866209910474e-11,Bin,11.3,11.4
Ohio,2 wk ahead,percent,7.86866209910474e-11,Bin,11.4,11.5
Ohio,2 wk ahead,percent,7.86866209910474e-11,Bin,11.5,11.6
Ohio,2 wk ahead,percent,7.86866209910474e-11,Bin,11.6,11.7
Ohio,2 wk ahead,percent,7.86866209910474e-11,Bin,11.7,11.8
Ohio,2 wk ahead,percent,7.86866209910474e-11,Bin,11.8,11.9
Ohio,2 wk ahead,percent,7.86866209910474e-11,Bin,11.9,12.0
Ohio,2 wk ahead,percent,7.86866209910474e-11,Bin,12.0,12.1
Ohio,2 wk ahead,percent,7.86866209910474e-11,Bin,12.1,12.2
Ohio,2 wk ahead,percent,7.86866209910474e-11,Bin,12.2,12.3
Ohio,2 wk ahead,percent,7.86866209910474e-11,Bin,12.3,12.4
Ohio,2 wk ahead,percent,7.86866209910474e-11,Bin,12.4,12.5
Ohio,2 wk ahead,percent,7.86866209910474e-11,Bin,12.5,12.6
Ohio,2 wk ahead,percent,7.86866209910474e-11,Bin,12.6,12.7
Ohio,2 wk ahead,percent,7.86866209910474e-11,Bin,12.7,12.8
Ohio,2 wk ahead,percent,7.86866209910474e-11,Bin,12.8,12.9
Ohio,2 wk ahead,percent,7.86866209910474e-11,Bin,12.9,13.0
Ohio,2 wk ahead,percent,7.86866209910474e-11,Bin,13.0,100.0
Ohio,3 wk ahead,percent,0.00200000035552721,Bin,0.0,0.1
Ohio,3 wk ahead,percent,0.0100000071992006,Bin,0.1,0.2
Ohio,3 wk ahead,percent,0.0320000187755019,Bin,0.2,0.3
Ohio,3 wk ahead,percent,0.0840000100971375,Bin,0.3,0.4
Ohio,3 wk ahead,percent,0.205999990239784,Bin,0.4,0.5
Ohio,3 wk ahead,percent,0.241999997867295,Bin,0.5,0.6
Ohio,3 wk ahead,percent,0.16999999680659,Bin,0.6,0.7
Ohio,3 wk ahead,percent,0.107999984103967,Bin,0.7,0.8
Ohio,3 wk ahead,percent,0.0519999894834156,Bin,0.8,0.9
Ohio,3 wk ahead,percent,0.0339999930498955,Bin,0.9,1.0
Ohio,3 wk ahead,percent,0.0159999968371964,Bin,1.0,1.1
Ohio,3 wk ahead,percent,0.0119999976788188,Bin,1.1,1.2
Ohio,3 wk ahead,percent,0.0179999964163852,Bin,1.2,1.3
Ohio,3 wk ahead,percent,0.00399999936206371,Bin,1.3,1.4
Ohio,3 wk ahead,percent,0.00199999978287492,Bin,1.4,1.5
Ohio,3 wk ahead,percent,0.00199999978287492,Bin,1.5,1.6
Ohio,3 wk ahead,percent,2.0368613843803e-10,Bin,1.6,1.7
Ohio,3 wk ahead,percent,2.0368613843803e-10,Bin,1.7,1.8
Ohio,3 wk ahead,percent,0.00199999978287492,Bin,1.8,1.9
Ohio,3 wk ahead,percent,0.00399999936206371,Bin,1.9,2.0
Ohio,3 wk ahead,percent,2.0368613843803e-10,Bin,2.0,2.1
Ohio,3 wk ahead,percent,2.03686138438029e-10,Bin,2.1,2.2
Ohio,3 wk ahead,percent,2.03686138438029e-10,Bin,2.2,2.3
Ohio,3 wk ahead,percent,2.03686138438029e-10,Bin,2.3,2.4
Ohio,3 wk ahead,percent,2.03686138438029e-10,Bin,2.4,2.5
Ohio,3 wk ahead,percent,2.03686138438029e-10,Bin,2.5,2.6
Ohio,3 wk ahead,percent,2.03686138438029e-10,Bin,2.6,2.7
Ohio,3 wk ahead,percent,2.03686138438029e-10,Bin,2.7,2.8
Ohio,3 wk ahead,percent,2.03686138438029e-10,Bin,2.8,2.9
Ohio,3 wk ahead,percent,2.03686138438029e-10,Bin,2.9,3.0
Ohio,3 wk ahead,percent,2.03686138438029e-10,Bin,3.0,3.1
Ohio,3 wk ahead,percent,2.03686138438029e-10,Bin,3.1,3.2
Ohio,3 wk ahead,percent,2.03686138438029e-10,Bin,3.2,3.3
Ohio,3 wk ahead,percent,2.03686138438029e-10,Bin,3.3,3.4
Ohio,3 wk ahead,percent,2.03686138438029e-10,Bin,3.4,3.5
Ohio,3 wk ahead,percent,2.03686138438029e-10,Bin,3.5,3.6
Ohio,3 wk ahead,percent,2.03686138438029e-10,Bin,3.6,3.7
Ohio,3 wk ahead,percent,2.03686138438029e-10,Bin,3.7,3.8
Ohio,3 wk ahead,percent,2.03686138438029e-10,Bin,3.8,3.9
Ohio,3 wk ahead,percent,2.03686138438029e-10,Bin,3.9,4.0
Ohio,3 wk ahead,percent,2.03686138438029e-10,Bin,4.0,4.1
Ohio,3 wk ahead,percent,2.03686138438029e-10,Bin,4.1,4.2
Ohio,3 wk ahead,percent,2.03686138438029e-10,Bin,4.2,4.3
Ohio,3 wk ahead,percent,2.03686138438029e-10,Bin,4.3,4.4
Ohio,3 wk ahead,percent,2.03686138438029e-10,Bin,4.4,4.5
Ohio,3 wk ahead,percent,2.03686138438029e-10,Bin,4.5,4.6
Ohio,3 wk ahead,percent,2.03686138438029e-10,Bin,4.6,4.7
Ohio,3 wk ahead,percent,2.03686138438029e-10,Bin,4.7,4.8
Ohio,3 wk ahead,percent,2.03686138438029e-10,Bin,4.8,4.9
Ohio,3 wk ahead,percent,2.03686138438029e-10,Bin,4.9,5.0
Ohio,3 wk ahead,percent,2.03686138438029e-10,Bin,5.0,5.1
Ohio,3 wk ahead,percent,2.03686138438029e-10,Bin,5.1,5.2
Ohio,3 wk ahead,percent,2.03686138438029e-10,Bin,5.2,5.3
Ohio,3 wk ahead,percent,2.03686138438029e-10,Bin,5.3,5.4
Ohio,3 wk ahead,percent,2.03686138438029e-10,Bin,5.4,5.5
Ohio,3 wk ahead,percent,2.03686138438029e-10,Bin,5.5,5.6
Ohio,3 wk ahead,percent,2.03686138438029e-10,Bin,5.6,5.7
Ohio,3 wk ahead,percent,2.03686138438029e-10,Bin,5.7,5.8
Ohio,3 wk ahead,percent,2.03686138438029e-10,Bin,5.8,5.9
Ohio,3 wk ahead,percent,2.03686138438029e-10,Bin,5.9,6.0
Ohio,3 wk ahead,percent,2.03686138438029e-10,Bin,6.0,6.1
Ohio,3 wk ahead,percent,2.03686138438029e-10,Bin,6.1,6.2
Ohio,3 wk ahead,percent,2.03686138438029e-10,Bin,6.2,6.3
Ohio,3 wk ahead,percent,2.03686138438029e-10,Bin,6.3,6.4
Ohio,3 wk ahead,percent,2.03686138438029e-10,Bin,6.4,6.5
Ohio,3 wk ahead,percent,2.03686138438029e-10,Bin,6.5,6.6
Ohio,3 wk ahead,percent,2.03686138438029e-10,Bin,6.6,6.7
Ohio,3 wk ahead,percent,2.03686138438029e-10,Bin,6.7,6.8
Ohio,3 wk ahead,percent,2.03686138438029e-10,Bin,6.8,6.9
Ohio,3 wk ahead,percent,2.03686138438029e-10,Bin,6.9,7.0
Ohio,3 wk ahead,percent,2.03686138438029e-10,Bin,7.0,7.1
Ohio,3 wk ahead,percent,2.03686138438029e-10,Bin,7.1,7.2
Ohio,3 wk ahead,percent,2.03686138438029e-10,Bin,7.2,7.3
Ohio,3 wk ahead,percent,2.03686138438029e-10,Bin,7.3,7.4
Ohio,3 wk ahead,percent,2.03686138438029e-10,Bin,7.4,7.5
Ohio,3 wk ahead,percent,2.03686138438029e-10,Bin,7.5,7.6
Ohio,3 wk ahead,percent,2.03686138438029e-10,Bin,7.6,7.7
Ohio,3 wk ahead,percent,2.03686138438029e-10,Bin,7.7,7.8
Ohio,3 wk ahead,percent,2.03686138438029e-10,Bin,7.8,7.9
Ohio,3 wk ahead,percent,2.03686138438029e-10,Bin,7.9,8.0
Ohio,3 wk ahead,percent,2.03686138438031e-10,Bin,8.0,8.1
Ohio,3 wk ahead,percent,2.03686138438033e-10,Bin,8.1,8.2
Ohio,3 wk ahead,percent,2.03686138438033e-10,Bin,8.2,8.3
Ohio,3 wk ahead,percent,2.03686138438033e-10,Bin,8.3,8.4
Ohio,3 wk ahead,percent,2.03686138438033e-10,Bin,8.4,8.5
Ohio,3 wk ahead,percent,2.03686138438033e-10,Bin,8.5,8.6
Ohio,3 wk ahead,percent,2.03686138438033e-10,Bin,8.6,8.7
Ohio,3 wk ahead,percent,2.03686138438033e-10,Bin,8.7,8.8
Ohio,3 wk ahead,percent,2.03686138438033e-10,Bin,8.8,8.9
Ohio,3 wk ahead,percent,2.03686138438033e-10,Bin,8.9,9.0
Ohio,3 wk ahead,percent,2.03686138438033e-10,Bin,9.0,9.1
Ohio,3 wk ahead,percent,2.03686138438033e-10,Bin,9.1,9.2
Ohio,3 wk ahead,percent,2.03686138438033e-10,Bin,9.2,9.3
Ohio,3 wk ahead,percent,2.03686138438033e-10,Bin,9.3,9.4
Ohio,3 wk ahead,percent,2.03686138438033e-10,Bin,9.4,9.5
Ohio,3 wk ahead,percent,2.03686138438033e-10,Bin,9.5,9.6
Ohio,3 wk ahead,percent,2.03686138438033e-10,Bin,9.6,9.7
Ohio,3 wk ahead,percent,2.03686138438033e-10,Bin,9.7,9.8
Ohio,3 wk ahead,percent,2.03686138438033e-10,Bin,9.8,9.9
Ohio,3 wk ahead,percent,2.03686138438033e-10,Bin,9.9,10.0
Ohio,3 wk ahead,percent,2.03686138438033e-10,Bin,10.0,10.1
Ohio,3 wk ahead,percent,2.03686138438033e-10,Bin,10.1,10.2
Ohio,3 wk ahead,percent,2.03686138438033e-10,Bin,10.2,10.3
Ohio,3 wk ahead,percent,2.03686138438033e-10,Bin,10.3,10.4
Ohio,3 wk ahead,percent,2.03686138438033e-10,Bin,10.4,10.5
Ohio,3 wk ahead,percent,2.03686138438033e-10,Bin,10.5,10.6
Ohio,3 wk ahead,percent,2.03686138438033e-10,Bin,10.6,10.7
Ohio,3 wk ahead,percent,2.03686138438033e-10,Bin,10.7,10.8
Ohio,3 wk ahead,percent,2.03686138438033e-10,Bin,10.8,10.9
Ohio,3 wk ahead,percent,2.03686138438033e-10,Bin,10.9,11.0
Ohio,3 wk ahead,percent,2.03686138438033e-10,Bin,11.0,11.1
Ohio,3 wk ahead,percent,2.03686138438033e-10,Bin,11.1,11.2
Ohio,3 wk ahead,percent,2.03686138438033e-10,Bin,11.2,11.3
Ohio,3 wk ahead,percent,2.03686138438033e-10,Bin,11.3,11.4
Ohio,3 wk ahead,percent,2.03686138438033e-10,Bin,11.4,11.5
Ohio,3 wk ahead,percent,2.03686138438033e-10,Bin,11.5,11.6
Ohio,3 wk ahead,percent,2.03686138438033e-10,Bin,11.6,11.7
Ohio,3 wk ahead,percent,2.03686138438033e-10,Bin,11.7,11.8
Ohio,3 wk ahead,percent,2.03686138438033e-10,Bin,11.8,11.9
Ohio,3 wk ahead,percent,2.03686138438033e-10,Bin,11.9,12.0
Ohio,3 wk ahead,percent,2.03686138438033e-10,Bin,12.0,12.1
Ohio,3 wk ahead,percent,2.03686138438033e-10,Bin,12.1,12.2
Ohio,3 wk ahead,percent,2.03686138438033e-10,Bin,12.2,12.3
Ohio,3 wk ahead,percent,2.03686138438033e-10,Bin,12.3,12.4
Ohio,3 wk ahead,percent,2.03686138438033e-10,Bin,12.4,12.5
Ohio,3 wk ahead,percent,2.03686138438033e-10,Bin,12.5,12.6
Ohio,3 wk ahead,percent,2.03686138438033e-10,Bin,12.6,12.7
Ohio,3 wk ahead,percent,2.03686138438033e-10,Bin,12.7,12.8
Ohio,3 wk ahead,percent,2.03686138438033e-10,Bin,12.8,12.9
Ohio,3 wk ahead,percent,2.03686138438033e-10,Bin,12.9,13.0
Ohio,3 wk ahead,percent,2.03686138438033e-10,Bin,13.0,100.0
Ohio,4 wk ahead,percent,1.96582978229978e-10,Bin,0.0,0.1
Ohio,4 wk ahead,percent,0.00799999871465186,Bin,0.1,0.2
Ohio,4 wk ahead,percent,0.041999996261178,Bin,0.2,0.3
Ohio,4 wk ahead,percent,0.118000053107542,Bin,0.3,0.4
Ohio,4 wk ahead,percent,0.223999996329333,Bin,0.4,0.5
Ohio,4 wk ahead,percent,0.233999978343797,Bin,0.5,0.6
Ohio,4 wk ahead,percent,0.161999974300679,Bin,0.6,0.7
Ohio,4 wk ahead,percent,0.0719999976897607,Bin,0.7,0.8
Ohio,4 wk ahead,percent,0.0639999868690186,Bin,0.8,0.9
Ohio,4 wk ahead,percent,0.0259999948246107,Bin,0.9,1.0
Ohio,4 wk ahead,percent,0.0199999960834962,Bin,1.0,1.1
Ohio,4 wk ahead,percent,0.0139999973423818,Bin,1.1,1.2
Ohio,4 wk ahead,percent,0.00399999944052443,Bin,1.2,1.3
Ohio,4 wk ahead,percent,0.00399999944052443,Bin,1.3,1.4
Ohio,4 wk ahead,percent,0.00199999986015295,Bin,1.4,1.5
Ohio,4 wk ahead,percent,2.79781474300245e-10,Bin,1.5,1.6
Ohio,4 wk ahead,percent,0.00199999986015295,Bin,1.6,1.7
Ohio,4 wk ahead,percent,2.79781474300245e-10,Bin,1.7,1.8
Ohio,4 wk ahead,percent,0.00199999986015295,Bin,1.8,1.9
Ohio,4 wk ahead,percent,2.79781474300245e-10,Bin,1.9,2.0
Ohio,4 wk ahead,percent,2.79781474300244e-10,Bin,2.0,2.1
Ohio,4 wk ahead,percent,0.00199999986015295,Bin,2.1,2.2
Ohio,4 wk ahead,percent,2.79781474300244e-10,Bin,2.2,2.3
Ohio,4 wk ahead,percent,2.79781474300244e-10,Bin,2.3,2.4
Ohio,4 wk ahead,percent,2.79781474300244e-10,Bin,2.4,2.5
Ohio,4 wk ahead,percent,2.79781474300244e-10,Bin,2.5,2.6
Ohio,4 wk ahead,percent,2.79781474300244e-10,Bin,2.6,2.7
Ohio,4 wk ahead,percent,2.79781474300244e-10,Bin,2.7,2.8
Ohio,4 wk ahead,percent,2.79781474300244e-10,Bin,2.8,2.9
Ohio,4 wk ahead,percent,2.79781474300244e-10,Bin,2.9,3.0
Ohio,4 wk ahead,percent,2.79781474300244e-10,Bin,3.0,3.1
Ohio,4 wk ahead,percent,2.79781474300244e-10,Bin,3.1,3.2
Ohio,4 wk ahead,percent,2.79781474300244e-10,Bin,3.2,3.3
Ohio,4 wk ahead,percent,2.79781474300244e-10,Bin,3.3,3.4
Ohio,4 wk ahead,percent,2.79781474300244e-10,Bin,3.4,3.5
Ohio,4 wk ahead,percent,2.79781474300244e-10,Bin,3.5,3.6
Ohio,4 wk ahead,percent,2.79781474300244e-10,Bin,3.6,3.7
Ohio,4 wk ahead,percent,2.79781474300244e-10,Bin,3.7,3.8
Ohio,4 wk ahead,percent,2.79781474300244e-10,Bin,3.8,3.9
Ohio,4 wk ahead,percent,2.79781474300244e-10,Bin,3.9,4.0
Ohio,4 wk ahead,percent,2.79781474300244e-10,Bin,4.0,4.1
Ohio,4 wk ahead,percent,2.79781474300244e-10,Bin,4.1,4.2
Ohio,4 wk ahead,percent,2.79781474300244e-10,Bin,4.2,4.3
Ohio,4 wk ahead,percent,2.79781474300244e-10,Bin,4.3,4.4
Ohio,4 wk ahead,percent,2.79781474300244e-10,Bin,4.4,4.5
Ohio,4 wk ahead,percent,2.79781474300244e-10,Bin,4.5,4.6
Ohio,4 wk ahead,percent,2.79781474300244e-10,Bin,4.6,4.7
Ohio,4 wk ahead,percent,2.79781474300244e-10,Bin,4.7,4.8
Ohio,4 wk ahead,percent,2.79781474300244e-10,Bin,4.8,4.9
Ohio,4 wk ahead,percent,2.79781474300244e-10,Bin,4.9,5.0
Ohio,4 wk ahead,percent,2.79781474300244e-10,Bin,5.0,5.1
Ohio,4 wk ahead,percent,2.79781474300244e-10,Bin,5.1,5.2
Ohio,4 wk ahead,percent,2.79781474300244e-10,Bin,5.2,5.3
Ohio,4 wk ahead,percent,2.79781474300244e-10,Bin,5.3,5.4
Ohio,4 wk ahead,percent,2.79781474300244e-10,Bin,5.4,5.5
Ohio,4 wk ahead,percent,2.79781474300244e-10,Bin,5.5,5.6
Ohio,4 wk ahead,percent,2.79781474300244e-10,Bin,5.6,5.7
Ohio,4 wk ahead,percent,2.79781474300244e-10,Bin,5.7,5.8
Ohio,4 wk ahead,percent,2.79781474300244e-10,Bin,5.8,5.9
Ohio,4 wk ahead,percent,2.79781474300244e-10,Bin,5.9,6.0
Ohio,4 wk ahead,percent,2.79781474300244e-10,Bin,6.0,6.1
Ohio,4 wk ahead,percent,2.79781474300244e-10,Bin,6.1,6.2
Ohio,4 wk ahead,percent,2.79781474300244e-10,Bin,6.2,6.3
Ohio,4 wk ahead,percent,2.79781474300244e-10,Bin,6.3,6.4
Ohio,4 wk ahead,percent,2.79781474300244e-10,Bin,6.4,6.5
Ohio,4 wk ahead,percent,2.79781474300244e-10,Bin,6.5,6.6
Ohio,4 wk ahead,percent,2.79781474300244e-10,Bin,6.6,6.7
Ohio,4 wk ahead,percent,2.79781474300244e-10,Bin,6.7,6.8
Ohio,4 wk ahead,percent,2.79781474300244e-10,Bin,6.8,6.9
Ohio,4 wk ahead,percent,2.79781474300244e-10,Bin,6.9,7.0
Ohio,4 wk ahead,percent,2.79781474300244e-10,Bin,7.0,7.1
Ohio,4 wk ahead,percent,2.79781474300244e-10,Bin,7.1,7.2
Ohio,4 wk ahead,percent,2.79781474300244e-10,Bin,7.2,7.3
Ohio,4 wk ahead,percent,2.79781474300244e-10,Bin,7.3,7.4
Ohio,4 wk ahead,percent,2.79781474300244e-10,Bin,7.4,7.5
Ohio,4 wk ahead,percent,2.79781474300244e-10,Bin,7.5,7.6
Ohio,4 wk ahead,percent,2.79781474300244e-10,Bin,7.6,7.7
Ohio,4 wk ahead,percent,2.79781474300244e-10,Bin,7.7,7.8
Ohio,4 wk ahead,percent,2.79781474300244e-10,Bin,7.8,7.9
Ohio,4 wk ahead,percent,2.79781474300244e-10,Bin,7.9,8.0
Ohio,4 wk ahead,percent,2.79781474300246e-10,Bin,8.0,8.1
Ohio,4 wk ahead,percent,2.79781474300249e-10,Bin,8.1,8.2
Ohio,4 wk ahead,percent,2.79781474300249e-10,Bin,8.2,8.3
Ohio,4 wk ahead,percent,2.79781474300249e-10,Bin,8.3,8.4
Ohio,4 wk ahead,percent,2.79781474300249e-10,Bin,8.4,8.5
Ohio,4 wk ahead,percent,2.79781474300249e-10,Bin,8.5,8.6
Ohio,4 wk ahead,percent,2.79781474300249e-10,Bin,8.6,8.7
Ohio,4 wk ahead,percent,2.79781474300249e-10,Bin,8.7,8.8
Ohio,4 wk ahead,percent,2.79781474300249e-10,Bin,8.8,8.9
Ohio,4 wk ahead,percent,2.79781474300249e-10,Bin,8.9,9.0
Ohio,4 wk ahead,percent,2.79781474300249e-10,Bin,9.0,9.1
Ohio,4 wk ahead,percent,2.79781474300249e-10,Bin,9.1,9.2
Ohio,4 wk ahead,percent,2.79781474300249e-10,Bin,9.2,9.3
Ohio,4 wk ahead,percent,2.79781474300249e-10,Bin,9.3,9.4
Ohio,4 wk ahead,percent,2.79781474300249e-10,Bin,9.4,9.5
Ohio,4 wk ahead,percent,2.79781474300249e-10,Bin,9.5,9.6
Ohio,4 wk ahead,percent,2.79781474300249e-10,Bin,9.6,9.7
Ohio,4 wk ahead,percent,2.79781474300249e-10,Bin,9.7,9.8
Ohio,4 wk ahead,percent,2.79781474300249e-10,Bin,9.8,9.9
Ohio,4 wk ahead,percent,2.79781474300249e-10,Bin,9.9,10.0
Ohio,4 wk ahead,percent,2.79781474300249e-10,Bin,10.0,10.1
Ohio,4 wk ahead,percent,2.79781474300249e-10,Bin,10.1,10.2
Ohio,4 wk ahead,percent,2.79781474300249e-10,Bin,10.2,10.3
Ohio,4 wk ahead,percent,2.79781474300249e-10,Bin,10.3,10.4
Ohio,4 wk ahead,percent,2.79781474300249e-10,Bin,10.4,10.5
Ohio,4 wk ahead,percent,2.79781474300249e-10,Bin,10.5,10.6
Ohio,4 wk ahead,percent,2.79781474300249e-10,Bin,10.6,10.7
Ohio,4 wk ahead,percent,2.79781474300249e-10,Bin,10.7,10.8
Ohio,4 wk ahead,percent,2.79781474300249e-10,Bin,10.8,10.9
Ohio,4 wk ahead,percent,2.79781474300249e-10,Bin,10.9,11.0
Ohio,4 wk ahead,percent,2.79781474300249e-10,Bin,11.0,11.1
Ohio,4 wk ahead,percent,2.79781474300249e-10,Bin,11.1,11.2
Ohio,4 wk ahead,percent,2.79781474300249e-10,Bin,11.2,11.3
Ohio,4 wk ahead,percent,2.79781474300249e-10,Bin,11.3,11.4
Ohio,4 wk ahead,percent,2.79781474300249e-10,Bin,11.4,11.5
Ohio,4 wk ahead,percent,2.79781474300249e-10,Bin,11.5,11.6
Ohio,4 wk ahead,percent,2.79781474300249e-10,Bin,11.6,11.7
Ohio,4 wk ahead,percent,2.79781474300249e-10,Bin,11.7,11.8
Ohio,4 wk ahead,percent,2.79781474300249e-10,Bin,11.8,11.9
Ohio,4 wk ahead,percent,2.79781474300249e-10,Bin,11.9,12.0
Ohio,4 wk ahead,percent,2.79781474300249e-10,Bin,12.0,12.1
Ohio,4 wk ahead,percent,2.79781474300249e-10,Bin,12.1,12.2
Ohio,4 wk ahead,percent,2.79781474300249e-10,Bin,12.2,12.3
Ohio,4 wk ahead,percent,2.79781474300249e-10,Bin,12.3,12.4
Ohio,4 wk ahead,percent,2.79781474300249e-10,Bin,12.4,12.5
Ohio,4 wk ahead,percent,2.79781474300249e-10,Bin,12.5,12.6
Ohio,4 wk ahead,percent,2.79781474300249e-10,Bin,12.6,12.7
Ohio,4 wk ahead,percent,2.79781474300249e-10,Bin,12.7,12.8
Ohio,4 wk ahead,percent,2.79781474300249e-10,Bin,12.8,12.9
Ohio,4 wk ahead,percent,2.79781474300249e-10,Bin,12.9,13.0
Ohio,4 wk ahead,percent,2.79781474300249e-10,Bin,13.0,100.0
Ohio,Season peak percentage,percent,2.4909334533806e-12,Bin,0.0,0.1
Ohio,Season peak percentage,percent,5.34077213929117e-12,Bin,0.1,0.2
Ohio,Season peak percentage,percent,5.83950445223654e-12,Bin,0.2,0.3
Ohio,Season peak percentage,percent,6.36127424264036e-12,Bin,0.3,0.4
Ohio,Season peak percentage,percent,6.9046014962947e-12,Bin,0.4,0.5
Ohio,Season peak percentage,percent,7.46731702452488e-12,Bin,0.5,0.6
Ohio,Season peak percentage,percent,8.04734255894308e-12,Bin,0.6,0.7
Ohio,Season peak percentage,percent,8.64191362369711e-12,Bin,0.7,0.8
Ohio,Season peak percentage,percent,9.24818983406997e-12,Bin,0.8,0.9
Ohio,Season peak percentage,percent,9.86287057724039e-12,Bin,0.9,1.0
Ohio,Season peak percentage,percent,1.04824283968218e-11,Bin,1.0,1.1
Ohio,Season peak percentage,percent,1.11030603243202e-11,Bin,1.1,1.2
Ohio,Season peak percentage,percent,1.17207082096232e-11,Bin,1.2,1.3
Ohio,Season peak percentage,percent,1.23311409419985e-11,Bin,1.3,1.4
Ohio,Season peak percentage,percent,1.29298825012361e-11,Bin,1.4,1.5
Ohio,Season peak percentage,percent,1.35125906899176e-11,Bin,1.5,1.6
Ohio,Season peak percentage,percent,1.40744175832832e-11,Bin,1.6,1.7
Ohio,Season peak percentage,percent,1.4611225193073e-11,Bin,1.7,1.8
Ohio,Season peak percentage,percent,1.51180227690287e-11,Bin,1.8,1.9
Ohio,Season peak percentage,percent,1.55910660923767e-11,Bin,1.9,2.0
Ohio,Season peak percentage,percent,1.60257209852387e-11,Bin,2.0,2.1
Ohio,Season peak percentage,percent,1.6418610883954e-11,Bin,2.1,2.2
Ohio,Season peak percentage,percent,1.67659900311133e-11,Bin,2.2,2.3
Ohio,Season peak percentage,percent,1.70649816631613e-11,Bin,2.3,2.4
Ohio,Season peak percentage,percent,1.73129717749845e-11,Bin,2.4,2.5
Ohio,Season peak percentage,percent,1.7508100558209e-11,Bin,2.5,2.6
Ohio,Season peak percentage,percent,1.76485838742513e-11,Bin,2.6,2.7
Ohio,Season peak percentage,percent,1.77342937945737e-11,Bin,2.7,2.8
Ohio,Season peak percentage,percent,1.77641778903574e-11,Bin,2.8,2.9
Ohio,Season peak percentage,percent,1.7739727254776e-11,Bin,2.9,3.0
Ohio,Season peak percentage,percent,1.76610988248594e-11,Bin,3.0,3.1
Ohio,Season peak percentage,percent,1.75309968006339e-11,Bin,3.1,3.2
Ohio,Season peak percentage,percent,1.73509373758336e-11,Bin,3.2,3.3
Ohio,Season peak percentage,percent,1.71245766362733e-11,Bin,3.3,3.4
Ohio,Season peak percentage,percent,1.68548297532323e-11,Bin,3.4,3.5
Ohio,Season peak percentage,percent,1.65458692566027e-11,Bin,3.5,3.6
Ohio,Season peak percentage,percent,1.6201760178222e-11,Bin,3.6,3.7
Ohio,Season peak percentage,percent,1.58272110823166e-11,Bin,3.7,3.8
Ohio,Season peak percentage,percent,1.54266521225616e-11,Bin,3.8,3.9
Ohio,Season peak percentage,percent,1.50052441888955e-11,Bin,3.9,4.0
Ohio,Season peak percentage,percent,1.45675009393866e-11,Bin,4.0,4.1
Ohio,Season peak percentage,percent,1.41184428199932e-11,Bin,4.1,4.2
Ohio,Season peak percentage,percent,1.3662520298396e-11,Bin,4.2,4.3
Ohio,Season peak percentage,percent,1.32042127044915e-11,Bin,4.3,4.4
Ohio,Season peak percentage,percent,1.27475924032272e-11,Bin,4.4,4.5
Ohio,Season peak percentage,percent,1.22963860324482e-11,Bin,4.5,4.6
Ohio,Season peak percentage,percent,1.18539609812977e-11,Bin,4.6,4.7
Ohio,Season peak percentage,percent,1.14231714954488e-11,Bin,4.7,4.8
Ohio,Season peak percentage,percent,1.10065453712272e-11,Bin,4.8,4.9
Ohio,Season peak percentage,percent,1.06058546410388e-11,Bin,4.9,5.0
Ohio,Season peak percentage,percent,1.02228152279399e-11,Bin,5.0,5.1
Ohio,Season peak percentage,percent,0.999999999117738,Bin,5.1,5.2
Ohio,Season peak percentage,percent,9.51257812647485e-12,Bin,5.2,5.3
Ohio,Season peak percentage,percent,9.18596518093685e-12,Bin,5.3,5.4
Ohio,Season peak percentage,percent,8.87828504889631e-12,Bin,5.4,5.5
Ohio,Season peak percentage,percent,8.58854214182528e-12,Bin,5.5,5.6
Ohio,Season peak percentage,percent,8.31593675165816e-12,Bin,5.6,5.7
Ohio,Season peak percentage,percent,8.05905091522465e-12,Bin,5.7,5.8
Ohio,Season peak percentage,percent,7.81640535835672e-12,Bin,5.8,5.9
Ohio,Season peak percentage,percent,7.58627530657201e-12,Bin,5.9,6.0
Ohio,Season peak percentage,percent,7.36687124497923e-12,Bin,6.0,6.1
Ohio,Season peak percentage,percent,7.15623067842042e-12,Bin,6.1,6.2
Ohio,Season peak percentage,percent,6.95251970036526e-12,Bin,6.2,6.3
Ohio,Season peak percentage,percent,6.75375896352561e-12,Bin,6.3,6.4
Ohio,Season peak percentage,percent,6.55821017155548e-12,Bin,6.4,6.5
Ohio,Season peak percentage,percent,6.36412153084027e-12,Bin,6.5,6.6
Ohio,Season peak percentage,percent,6.16997325263062e-12,Bin,6.6,6.7
Ohio,Season peak percentage,percent,5.97440772186689e-12,Bin,6.7,6.8
Ohio,Season peak percentage,percent,5.77628523458018e-12,Bin,6.8,6.9
Ohio,Season peak percentage,percent,5.57470083268357e-12,Bin,6.9,7.0
Ohio,Season peak percentage,percent,5.36903020935671e-12,Bin,7.0,7.1
Ohio,Season peak percentage,percent,5.15886803473915e-12,Bin,7.1,7.2
Ohio,Season peak percentage,percent,4.94410539607842e-12,Bin,7.2,7.3
Ohio,Season peak percentage,percent,4.72488966302272e-12,Bin,7.3,7.4
Ohio,Season peak percentage,percent,4.50157724255549e-12,Bin,7.4,7.5
Ohio,Season peak percentage,percent,4.27480691796416e-12,Bin,7.5,7.6
Ohio,Season peak percentage,percent,4.0453526148538e-12,Bin,7.6,7.7
Ohio,Season peak percentage,percent,3.81422175914074e-12,Bin,7.7,7.8
Ohio,Season peak percentage,percent,3.58250600002367e-12,Bin,7.8,7.9
Ohio,Season peak percentage,percent,3.35143756878313e-12,Bin,7.9,8.0
Ohio,Season peak percentage,percent,3.12227585959937e-12,Bin,8.0,8.1
Ohio,Season peak percentage,percent,2.89635632676003e-12,Bin,8.1,8.2
Ohio,Season peak percentage,percent,2.67492372661269e-12,Bin,8.2,8.3
Ohio,Season peak percentage,percent,2.45927291716862e-12,Bin,8.3,8.4
Ohio,Season peak percentage,percent,2.2505245141893e-12,Bin,8.4,8.5
Ohio,Season peak percentage,percent,2.04977654075241e-12,Bin,8.5,8.6
Ohio,Season peak percentage,percent,1.85794126537916e-12,Bin,8.6,8.7
Ohio,Season peak percentage,percent,1.67579637071714e-12,Bin,8.7,8.8
Ohio,Season peak percentage,percent,1.50402575624905e-12,Bin,8.8,8.9
Ohio,Season peak percentage,percent,1.34302394376122e-12,Bin,8.9,9.0
Ohio,Season peak percentage,percent,1.19314772767872e-12,Bin,9.0,9.1
Ohio,Season peak percentage,percent,1.05455531908673e-12,Bin,9.1,9.2
Ohio,Season peak percentage,percent,9.2714767333376e-13,Bin,9.2,9.3
Ohio,Season peak percentage,percent,8.10920637790739e-13,Bin,9.3,9.4
Ohio,Season peak percentage,percent,7.05429558707229e-13,Bin,9.4,9.5
Ohio,Season peak percentage,percent,6.1045346951863e-13,Bin,9.5,9.6
Ohio,Season peak percentage,percent,5.25369196191865e-13,Bin,9.6,9.7
Ohio,Season peak percentage,percent,4.49734132004829e-13,Bin,9.7,9.8
Ohio,Season peak percentage,percent,3.82874704929693e-13,Bin,9.8,9.9
Ohio,Season peak percentage,percent,3.24179016808845e-13,Bin,9.9,10.0
Ohio,Season peak percentage,percent,2.72977634710789e-13,Bin,10.0,10.1
Ohio,Season peak percentage,percent,2.28593277054962e-13,Bin,10.1,10.2
Ohio,Season peak percentage,percent,1.9036055852788e-13,Bin,10.2,10.3
Ohio,Season peak percentage,percent,1.57662478294648e-13,Bin,10.3,10.4
Ohio,Season peak percentage,percent,1.29824703388528e-13,Bin,10.4,10.5
Ohio,Season peak percentage,percent,1.06336212360318e-13,Bin,10.5,10.6
Ohio,Season peak percentage,percent,8.6582461985974e-14,Bin,10.6,10.7
Ohio,Season peak percentage,percent,7.01255019475296e-14,Bin,10.7,10.8
Ohio,Season peak percentage,percent,5.6458276536294e-14,Bin,10.8,10.9
Ohio,Season peak percentage,percent,4.52141771745915e-14,Bin,10.9,11.0
Ohio,Season peak percentage,percent,4.01411741434779e-14,Bin,11.0,11.1
Ohio,Season peak percentage,percent,4.0140170143714e-14,Bin,11.1,11.2
Ohio,Season peak percentage,percent,4.0140170143714e-14,Bin,11.2,11.3
Ohio,Season peak percentage,percent,4.0140170143714e-14,Bin,11.3,11.4
Ohio,Season peak percentage,percent,4.0140170143714e-14,Bin,11.4,11.5
Ohio,Season peak percentage,percent,4.0140170143714e-14,Bin,11.5,11.6
Ohio,Season peak percentage,percent,4.0140170143714e-14,Bin,11.6,11.7
Ohio,Season peak percentage,percent,4.0140170143714e-14,Bin,11.7,11.8
Ohio,Season peak percentage,percent,4.0140170143714e-14,Bin,11.8,11.9
Ohio,Season peak percentage,percent,4.0140170143714e-14,Bin,11.9,12.0
Ohio,Season peak percentage,percent,4.0140170143714e-14,Bin,12.0,12.1
Ohio,Season peak percentage,percent,4.0140170143714e-14,Bin,12.1,12.2
Ohio,Season peak percentage,percent,4.0140170143714e-14,Bin,12.2,12.3
Ohio,Season peak percentage,percent,4.0140170143714e-14,Bin,12.3,12.4
Ohio,Season peak percentage,percent,4.0140170143714e-14,Bin,12.4,12.5
Ohio,Season peak percentage,percent,4.0140170143714e-14,Bin,12.5,12.6
Ohio,Season peak percentage,percent,4.0140170143714e-14,Bin,12.6,12.7
Ohio,Season peak percentage,percent,4.0140170143714e-14,Bin,12.7,12.8
Ohio,Season peak percentage,percent,4.0140170143714e-14,Bin,12.8,12.9
Ohio,Season peak percentage,percent,4.0140170143714e-14,Bin,12.9,13.0
Ohio,Season peak percentage,percent,4.0140170143714e-14,Bin,13.0,100.0
Ohio,Season peak week,week,5.17228683732773e-05,Bin,40.0,41.0
Ohio,Season peak week,week,5.17228683732773e-05,Bin,41.0,42.0
Ohio,Season peak week,week,5.17228683732773e-05,Bin,42.0,43.0
Ohio,Season peak week,week,5.17228683732773e-05,Bin,43.0,44.0
Ohio,Season peak week,week,5.17228683732773e-05,Bin,44.0,45.0
Ohio,Season peak week,week,5.17228683732773e-05,Bin,45.0,46.0
Ohio,Season peak week,week,5.17228683732773e-05,Bin,46.0,47.0
Ohio,Season peak week,week,5.31828512515069e-05,Bin,47.0,48.0
Ohio,Season peak week,week,0.000189672674253759,Bin,48.0,49.0
Ohio,Season peak week,week,0.000797198897079693,Bin,49.0,50.0
Ohio,Season peak week,week,0.00228124363662079,Bin,50.0,51.0
Ohio,Season peak week,week,0.00447099420300488,Bin,51.0,52.0
Ohio,Season peak week,week,0.00604839304901092,Bin,52.0,53.0
Ohio,Season peak week,week,0.00573441669346947,Bin,1.0,2.0
Ohio,Season peak week,week,0.00403746888507344,Bin,2.0,3.0
Ohio,Season peak week,week,0.00266510376312161,Bin,3.0,4.0
Ohio,Season peak week,week,0.00245984198613321,Bin,4.0,5.0
Ohio,Season peak week,week,0.00298093143935669,Bin,5.0,6.0
Ohio,Season peak week,week,0.943839371604734,Bin,6.0,7.0
Ohio,Season peak week,week,0.00482585000047982,Bin,7.0,8.0
Ohio,Season peak week,week,0.00559862070192759,Bin,8.0,9.0
Ohio,Season peak week,week,0.00534678093252272,Bin,9.0,10.0
Ohio,Season peak week,week,0.00408131438999265,Bin,10.0,11.0
Ohio,Season peak week,week,0.002464513763761,Bin,11.0,12.0
Ohio,Season peak week,week,0.00113854450128477,Bin,12.0,13.0
Ohio,Season peak week,week,0.000383784851961027,Bin,13.0,14.0
Ohio,Season peak week,week,9.08007691028672e-05,Bin,14.0,15.0
Ohio,Season peak week,week,2.55673673222947e-05,Bin,15.0,16.0
Ohio,Season peak week,week,2.48685919844269e-05,Bin,16.0,17.0
Ohio,Season peak week,week,2.48685919844269e-05,Bin,17.0,18.0
Ohio,Season peak week,week,2.48685919844269e-05,Bin,18.0,19.0
Ohio,Season peak week,week,2.48685919844269e-05,Bin,19.0,20.0
Ohio,Season peak week,week,2.48685919844269e-05,Bin,20.0,21.0
Oklahoma,1 wk ahead,percent,1.66495724888018e-10,Bin,0.0,0.1
Oklahoma,1 wk ahead,percent,0.00400000057372581,Bin,0.1,0.2
Oklahoma,1 wk ahead,percent,0.00600000141739783,Bin,0.2,0.3
Oklahoma,1 wk ahead,percent,0.0200000010673936,Bin,0.3,0.4
Oklahoma,1 wk ahead,percent,0.0359999995478753,Bin,0.4,0.5
Oklahoma,1 wk ahead,percent,0.0519999974978185,Bin,0.5,0.6
Oklahoma,1 wk ahead,percent,0.0879999945076458,Bin,0.6,0.7
Oklahoma,1 wk ahead,percent,0.113999993052261,Bin,0.7,0.8
Oklahoma,1 wk ahead,percent,0.11599999386093,Bin,0.8,0.9
Oklahoma,1 wk ahead,percent,0.149999992329719,Bin,0.9,1.0
Oklahoma,1 wk ahead,percent,0.0919999967513136,Bin,1.0,1.1
Oklahoma,1 wk ahead,percent,0.0639999997926255,Bin,1.1,1.2
Oklahoma,1 wk ahead,percent,0.0680000016793345,Bin,1.2,1.3
Oklahoma,1 wk ahead,percent,0.0420000046289073,Bin,1.3,1.4
Oklahoma,1 wk ahead,percent,0.0300000040480347,Bin,1.4,1.5
Oklahoma,1 wk ahead,percent,0.0380000012328196,Bin,1.5,1.6
Oklahoma,1 wk ahead,percent,0.016000001848269,Bin,1.6,1.7
Oklahoma,1 wk ahead,percent,0.0100000022981058,Bin,1.7,1.8
Oklahoma,1 wk ahead,percent,0.00600000209552196,Bin,1.8,1.9
Oklahoma,1 wk ahead,percent,0.0100000010112549,Bin,1.9,2.0
Oklahoma,1 wk ahead,percent,0.0120000008563725,Bin,2.0,2.1
Oklahoma,1 wk ahead,percent,2.4364109192651e-09,Bin,2.1,2.2
Oklahoma,1 wk ahead,percent,0.00400000245091559,Bin,2.2,2.3
Oklahoma,1 wk ahead,percent,0.00200000180737058,Bin,2.3,2.4
Oklahoma,1 wk ahead,percent,8.62331070801953e-10,Bin,2.4,2.5
Oklahoma,1 wk ahead,percent,2.36694544091332e-10,Bin,2.5,2.6
Oklahoma,1 wk ahead,percent,4.54715434920643e-11,Bin,2.6,2.7
Oklahoma,1 wk ahead,percent,0.00599999961825575,Bin,2.7,2.8
Oklahoma,1 wk ahead,percent,3.14847486182354e-11,Bin,2.8,2.9
Oklahoma,1 wk ahead,percent,3.14847486182354e-11,Bin,2.9,3.0
Oklahoma,1 wk ahead,percent,0.00399999975599875,Bin,3.0,3.1
Oklahoma,1 wk ahead,percent,0.00599999961825575,Bin,3.1,3.2
Oklahoma,1 wk ahead,percent,3.14847486182354e-11,Bin,3.2,3.3
Oklahoma,1 wk ahead,percent,3.14847486182354e-11,Bin,3.3,3.4
Oklahoma,1 wk ahead,percent,3.14847486182354e-11,Bin,3.4,3.5
Oklahoma,1 wk ahead,percent,3.14847486182354e-11,Bin,3.5,3.6
Oklahoma,1 wk ahead,percent,3.14847486182354e-11,Bin,3.6,3.7
Oklahoma,1 wk ahead,percent,3.14847486182354e-11,Bin,3.7,3.8
Oklahoma,1 wk ahead,percent,3.14847486182354e-11,Bin,3.8,3.9
Oklahoma,1 wk ahead,percent,3.14847486182354e-11,Bin,3.9,4.0
Oklahoma,1 wk ahead,percent,3.14847486182354e-11,Bin,4.0,4.1
Oklahoma,1 wk ahead,percent,3.14847486182354e-11,Bin,4.1,4.2
Oklahoma,1 wk ahead,percent,3.14847486182354e-11,Bin,4.2,4.3
Oklahoma,1 wk ahead,percent,3.14847486182354e-11,Bin,4.3,4.4
Oklahoma,1 wk ahead,percent,3.14847486182354e-11,Bin,4.4,4.5
Oklahoma,1 wk ahead,percent,3.14847486182354e-11,Bin,4.5,4.6
Oklahoma,1 wk ahead,percent,0.00399999975599875,Bin,4.6,4.7
Oklahoma,1 wk ahead,percent,3.14847486182354e-11,Bin,4.7,4.8
Oklahoma,1 wk ahead,percent,3.14847486182354e-11,Bin,4.8,4.9
Oklahoma,1 wk ahead,percent,3.14847486182354e-11,Bin,4.9,5.0
Oklahoma,1 wk ahead,percent,3.14847486182354e-11,Bin,5.0,5.1
Oklahoma,1 wk ahead,percent,3.14847486182354e-11,Bin,5.1,5.2
Oklahoma,1 wk ahead,percent,3.14847486182354e-11,Bin,5.2,5.3
Oklahoma,1 wk ahead,percent,3.14847486182354e-11,Bin,5.3,5.4
Oklahoma,1 wk ahead,percent,3.14847486182354e-11,Bin,5.4,5.5
Oklahoma,1 wk ahead,percent,3.14847486182354e-11,Bin,5.5,5.6
Oklahoma,1 wk ahead,percent,3.14847486182354e-11,Bin,5.6,5.7
Oklahoma,1 wk ahead,percent,3.14847486182354e-11,Bin,5.7,5.8
Oklahoma,1 wk ahead,percent,3.14847486182354e-11,Bin,5.8,5.9
Oklahoma,1 wk ahead,percent,3.14847486182354e-11,Bin,5.9,6.0
Oklahoma,1 wk ahead,percent,3.14847486182354e-11,Bin,6.0,6.1
Oklahoma,1 wk ahead,percent,3.14847486182354e-11,Bin,6.1,6.2
Oklahoma,1 wk ahead,percent,3.14847486182354e-11,Bin,6.2,6.3
Oklahoma,1 wk ahead,percent,3.14847486182354e-11,Bin,6.3,6.4
Oklahoma,1 wk ahead,percent,3.14847486182354e-11,Bin,6.4,6.5
Oklahoma,1 wk ahead,percent,3.14847486182354e-11,Bin,6.5,6.6
Oklahoma,1 wk ahead,percent,3.14847486182354e-11,Bin,6.6,6.7
Oklahoma,1 wk ahead,percent,3.14847486182354e-11,Bin,6.7,6.8
Oklahoma,1 wk ahead,percent,3.14847486182354e-11,Bin,6.8,6.9
Oklahoma,1 wk ahead,percent,3.14847486182354e-11,Bin,6.9,7.0
Oklahoma,1 wk ahead,percent,3.14847486182354e-11,Bin,7.0,7.1
Oklahoma,1 wk ahead,percent,3.14847486182354e-11,Bin,7.1,7.2
Oklahoma,1 wk ahead,percent,3.14847486182354e-11,Bin,7.2,7.3
Oklahoma,1 wk ahead,percent,3.14847486182354e-11,Bin,7.3,7.4
Oklahoma,1 wk ahead,percent,3.14847486182354e-11,Bin,7.4,7.5
Oklahoma,1 wk ahead,percent,3.14847486182354e-11,Bin,7.5,7.6
Oklahoma,1 wk ahead,percent,3.14847486182354e-11,Bin,7.6,7.7
Oklahoma,1 wk ahead,percent,3.14847486182354e-11,Bin,7.7,7.8
Oklahoma,1 wk ahead,percent,3.14847486182354e-11,Bin,7.8,7.9
Oklahoma,1 wk ahead,percent,3.14847486182354e-11,Bin,7.9,8.0
Oklahoma,1 wk ahead,percent,3.14847486182357e-11,Bin,8.0,8.1
Oklahoma,1 wk ahead,percent,3.14847486182359e-11,Bin,8.1,8.2
Oklahoma,1 wk ahead,percent,3.14847486182359e-11,Bin,8.2,8.3
Oklahoma,1 wk ahead,percent,3.14847486182359e-11,Bin,8.3,8.4
Oklahoma,1 wk ahead,percent,3.14847486182359e-11,Bin,8.4,8.5
Oklahoma,1 wk ahead,percent,3.14847486182359e-11,Bin,8.5,8.6
Oklahoma,1 wk ahead,percent,3.14847486182359e-11,Bin,8.6,8.7
Oklahoma,1 wk ahead,percent,3.14847486182359e-11,Bin,8.7,8.8
Oklahoma,1 wk ahead,percent,3.14847486182359e-11,Bin,8.8,8.9
Oklahoma,1 wk ahead,percent,3.14847486182359e-11,Bin,8.9,9.0
Oklahoma,1 wk ahead,percent,3.14847486182359e-11,Bin,9.0,9.1
Oklahoma,1 wk ahead,percent,3.14847486182359e-11,Bin,9.1,9.2
Oklahoma,1 wk ahead,percent,3.14847486182359e-11,Bin,9.2,9.3
Oklahoma,1 wk ahead,percent,3.14847486182359e-11,Bin,9.3,9.4
Oklahoma,1 wk ahead,percent,3.14847486182359e-11,Bin,9.4,9.5
Oklahoma,1 wk ahead,percent,3.14847486182359e-11,Bin,9.5,9.6
Oklahoma,1 wk ahead,percent,3.14847486182359e-11,Bin,9.6,9.7
Oklahoma,1 wk ahead,percent,3.14847486182359e-11,Bin,9.7,9.8
Oklahoma,1 wk ahead,percent,3.14847486182359e-11,Bin,9.8,9.9
Oklahoma,1 wk ahead,percent,3.14847486182359e-11,Bin,9.9,10.0
Oklahoma,1 wk ahead,percent,3.14847486182359e-11,Bin,10.0,10.1
Oklahoma,1 wk ahead,percent,3.14847486182359e-11,Bin,10.1,10.2
Oklahoma,1 wk ahead,percent,3.14847486182359e-11,Bin,10.2,10.3
Oklahoma,1 wk ahead,percent,3.14847486182359e-11,Bin,10.3,10.4
Oklahoma,1 wk ahead,percent,3.14847486182359e-11,Bin,10.4,10.5
Oklahoma,1 wk ahead,percent,3.14847486182359e-11,Bin,10.5,10.6
Oklahoma,1 wk ahead,percent,3.14847486182359e-11,Bin,10.6,10.7
Oklahoma,1 wk ahead,percent,3.14847486182359e-11,Bin,10.7,10.8
Oklahoma,1 wk ahead,percent,3.14847486182359e-11,Bin,10.8,10.9
Oklahoma,1 wk ahead,percent,3.14847486182359e-11,Bin,10.9,11.0
Oklahoma,1 wk ahead,percent,3.14847486182359e-11,Bin,11.0,11.1
Oklahoma,1 wk ahead,percent,3.14847486182359e-11,Bin,11.1,11.2
Oklahoma,1 wk ahead,percent,3.14847486182359e-11,Bin,11.2,11.3
Oklahoma,1 wk ahead,percent,3.14847486182359e-11,Bin,11.3,11.4
Oklahoma,1 wk ahead,percent,3.14847486182359e-11,Bin,11.4,11.5
Oklahoma,1 wk ahead,percent,3.14847486182359e-11,Bin,11.5,11.6
Oklahoma,1 wk ahead,percent,3.14847486182359e-11,Bin,11.6,11.7
Oklahoma,1 wk ahead,percent,3.14847486182359e-11,Bin,11.7,11.8
Oklahoma,1 wk ahead,percent,3.14847486182359e-11,Bin,11.8,11.9
Oklahoma,1 wk ahead,percent,3.14847486182359e-11,Bin,11.9,12.0
Oklahoma,1 wk ahead,percent,3.14847486182359e-11,Bin,12.0,12.1
Oklahoma,1 wk ahead,percent,3.14847486182359e-11,Bin,12.1,12.2
Oklahoma,1 wk ahead,percent,3.14847486182359e-11,Bin,12.2,12.3
Oklahoma,1 wk ahead,percent,3.14847486182359e-11,Bin,12.3,12.4
Oklahoma,1 wk ahead,percent,3.14847486182359e-11,Bin,12.4,12.5
Oklahoma,1 wk ahead,percent,3.14847486182359e-11,Bin,12.5,12.6
Oklahoma,1 wk ahead,percent,3.14847486182359e-11,Bin,12.6,12.7
Oklahoma,1 wk ahead,percent,3.14847486182359e-11,Bin,12.7,12.8
Oklahoma,1 wk ahead,percent,3.14847486182359e-11,Bin,12.8,12.9
Oklahoma,1 wk ahead,percent,3.14847486182359e-11,Bin,12.9,13.0
Oklahoma,1 wk ahead,percent,3.14847486182359e-11,Bin,13.0,100.0
Oklahoma,2 wk ahead,percent,5.04557037661429e-10,Bin,0.0,0.1
Oklahoma,2 wk ahead,percent,1.23130803783624e-09,Bin,0.1,0.2
Oklahoma,2 wk ahead,percent,0.0120000006553083,Bin,0.2,0.3
Oklahoma,2 wk ahead,percent,0.0379999990459434,Bin,0.3,0.4
Oklahoma,2 wk ahead,percent,0.0659999972736875,Bin,0.4,0.5
Oklahoma,2 wk ahead,percent,0.0859999960687578,Bin,0.5,0.6
Oklahoma,2 wk ahead,percent,0.113999994251201,Bin,0.6,0.7
Oklahoma,2 wk ahead,percent,0.14599999212612,Bin,0.7,0.8
Oklahoma,2 wk ahead,percent,0.131999993398522,Bin,0.8,0.9
Oklahoma,2 wk ahead,percent,0.0959999963057013,Bin,0.9,1.0
Oklahoma,2 wk ahead,percent,0.101999996121813,Bin,1.0,1.1
Oklahoma,2 wk ahead,percent,0.0520000000707995,Bin,1.1,1.2
Oklahoma,2 wk ahead,percent,0.03800000133587,Bin,1.2,1.3
Oklahoma,2 wk ahead,percent,0.0320000019549087,Bin,1.3,1.4
Oklahoma,2 wk ahead,percent,0.0160000032277543,Bin,1.4,1.5
Oklahoma,2 wk ahead,percent,0.0220000027688996,Bin,1.5,1.6
Oklahoma,2 wk ahead,percent,0.0260000023390624,Bin,1.6,1.7
Oklahoma,2 wk ahead,percent,0.00400000371193553,Bin,1.7,1.8
Oklahoma,2 wk ahead,percent,0.00200000350511409,Bin,1.8,1.9
Oklahoma,2 wk ahead,percent,0.00400000292466649,Bin,1.9,2.0
Oklahoma,2 wk ahead,percent,2.74027592794215e-09,Bin,2.0,2.1
Oklahoma,2 wk ahead,percent,0.00200000209957661,Bin,2.1,2.2
Oklahoma,2 wk ahead,percent,1.77265779633559e-09,Bin,2.2,2.3
Oklahoma,2 wk ahead,percent,1.34240336014162e-09,Bin,2.3,2.4
Oklahoma,2 wk ahead,percent,9.74065987400224e-10,Bin,2.4,2.5
Oklahoma,2 wk ahead,percent,0.00200000052825314,Bin,2.5,2.6
Oklahoma,2 wk ahead,percent,4.47768034553269e-10,Bin,2.6,2.7
Oklahoma,2 wk ahead,percent,0.00399999998729527,Bin,2.7,2.8
Oklahoma,2 wk ahead,percent,0.00200000002206988,Bin,2.8,2.9
Oklahoma,2 wk ahead,percent,9.68575947777495e-11,Bin,2.9,3.0
Oklahoma,2 wk ahead,percent,5.24311880710512e-11,Bin,3.0,3.1
Oklahoma,2 wk ahead,percent,2.68954051613184e-11,Bin,3.1,3.2
Oklahoma,2 wk ahead,percent,1.39849123946104e-11,Bin,3.2,3.3
Oklahoma,2 wk ahead,percent,0.00199999986478066,Bin,3.3,3.4
Oklahoma,2 wk ahead,percent,1.2461378718008e-11,Bin,3.4,3.5
Oklahoma,2 wk ahead,percent,1.2461378718008e-11,Bin,3.5,3.6
Oklahoma,2 wk ahead,percent,1.2461378718008e-11,Bin,3.6,3.7
Oklahoma,2 wk ahead,percent,1.2461378718008e-11,Bin,3.7,3.8
Oklahoma,2 wk ahead,percent,1.2461378718008e-11,Bin,3.8,3.9
Oklahoma,2 wk ahead,percent,1.2461378718008e-11,Bin,3.9,4.0
Oklahoma,2 wk ahead,percent,1.2461378718008e-11,Bin,4.0,4.1
Oklahoma,2 wk ahead,percent,1.2461378718008e-11,Bin,4.1,4.2
Oklahoma,2 wk ahead,percent,1.2461378718008e-11,Bin,4.2,4.3
Oklahoma,2 wk ahead,percent,1.2461378718008e-11,Bin,4.3,4.4
Oklahoma,2 wk ahead,percent,1.2461378718008e-11,Bin,4.4,4.5
Oklahoma,2 wk ahead,percent,1.2461378718008e-11,Bin,4.5,4.6
Oklahoma,2 wk ahead,percent,1.2461378718008e-11,Bin,4.6,4.7
Oklahoma,2 wk ahead,percent,1.2461378718008e-11,Bin,4.7,4.8
Oklahoma,2 wk ahead,percent,1.2461378718008e-11,Bin,4.8,4.9
Oklahoma,2 wk ahead,percent,1.2461378718008e-11,Bin,4.9,5.0
Oklahoma,2 wk ahead,percent,1.2461378718008e-11,Bin,5.0,5.1
Oklahoma,2 wk ahead,percent,1.2461378718008e-11,Bin,5.1,5.2
Oklahoma,2 wk ahead,percent,1.2461378718008e-11,Bin,5.2,5.3
Oklahoma,2 wk ahead,percent,1.2461378718008e-11,Bin,5.3,5.4
Oklahoma,2 wk ahead,percent,1.2461378718008e-11,Bin,5.4,5.5
Oklahoma,2 wk ahead,percent,1.2461378718008e-11,Bin,5.5,5.6
Oklahoma,2 wk ahead,percent,1.2461378718008e-11,Bin,5.6,5.7
Oklahoma,2 wk ahead,percent,1.2461378718008e-11,Bin,5.7,5.8
Oklahoma,2 wk ahead,percent,1.2461378718008e-11,Bin,5.8,5.9
Oklahoma,2 wk ahead,percent,1.2461378718008e-11,Bin,5.9,6.0
Oklahoma,2 wk ahead,percent,1.2461378718008e-11,Bin,6.0,6.1
Oklahoma,2 wk ahead,percent,1.2461378718008e-11,Bin,6.1,6.2
Oklahoma,2 wk ahead,percent,1.2461378718008e-11,Bin,6.2,6.3
Oklahoma,2 wk ahead,percent,1.2461378718008e-11,Bin,6.3,6.4
Oklahoma,2 wk ahead,percent,1.2461378718008e-11,Bin,6.4,6.5
Oklahoma,2 wk ahead,percent,1.2461378718008e-11,Bin,6.5,6.6
Oklahoma,2 wk ahead,percent,1.2461378718008e-11,Bin,6.6,6.7
Oklahoma,2 wk ahead,percent,1.2461378718008e-11,Bin,6.7,6.8
Oklahoma,2 wk ahead,percent,1.2461378718008e-11,Bin,6.8,6.9
Oklahoma,2 wk ahead,percent,1.2461378718008e-11,Bin,6.9,7.0
Oklahoma,2 wk ahead,percent,1.2461378718008e-11,Bin,7.0,7.1
Oklahoma,2 wk ahead,percent,1.2461378718008e-11,Bin,7.1,7.2
Oklahoma,2 wk ahead,percent,1.2461378718008e-11,Bin,7.2,7.3
Oklahoma,2 wk ahead,percent,1.2461378718008e-11,Bin,7.3,7.4
Oklahoma,2 wk ahead,percent,1.2461378718008e-11,Bin,7.4,7.5
Oklahoma,2 wk ahead,percent,1.2461378718008e-11,Bin,7.5,7.6
Oklahoma,2 wk ahead,percent,1.2461378718008e-11,Bin,7.6,7.7
Oklahoma,2 wk ahead,percent,1.2461378718008e-11,Bin,7.7,7.8
Oklahoma,2 wk ahead,percent,1.2461378718008e-11,Bin,7.8,7.9
Oklahoma,2 wk ahead,percent,1.2461378718008e-11,Bin,7.9,8.0
Oklahoma,2 wk ahead,percent,1.24613787180082e-11,Bin,8.0,8.1
Oklahoma,2 wk ahead,percent,1.24613787180083e-11,Bin,8.1,8.2
Oklahoma,2 wk ahead,percent,1.24613787180083e-11,Bin,8.2,8.3
Oklahoma,2 wk ahead,percent,1.24613787180083e-11,Bin,8.3,8.4
Oklahoma,2 wk ahead,percent,1.24613787180083e-11,Bin,8.4,8.5
Oklahoma,2 wk ahead,percent,1.24613787180083e-11,Bin,8.5,8.6
Oklahoma,2 wk ahead,percent,1.24613787180083e-11,Bin,8.6,8.7
Oklahoma,2 wk ahead,percent,1.24613787180083e-11,Bin,8.7,8.8
Oklahoma,2 wk ahead,percent,1.24613787180083e-11,Bin,8.8,8.9
Oklahoma,2 wk ahead,percent,1.24613787180083e-11,Bin,8.9,9.0
Oklahoma,2 wk ahead,percent,1.24613787180083e-11,Bin,9.0,9.1
Oklahoma,2 wk ahead,percent,1.24613787180083e-11,Bin,9.1,9.2
Oklahoma,2 wk ahead,percent,1.24613787180083e-11,Bin,9.2,9.3
Oklahoma,2 wk ahead,percent,1.24613787180083e-11,Bin,9.3,9.4
Oklahoma,2 wk ahead,percent,1.24613787180083e-11,Bin,9.4,9.5
Oklahoma,2 wk ahead,percent,1.24613787180083e-11,Bin,9.5,9.6
Oklahoma,2 wk ahead,percent,1.24613787180083e-11,Bin,9.6,9.7
Oklahoma,2 wk ahead,percent,1.24613787180083e-11,Bin,9.7,9.8
Oklahoma,2 wk ahead,percent,1.24613787180083e-11,Bin,9.8,9.9
Oklahoma,2 wk ahead,percent,1.24613787180083e-11,Bin,9.9,10.0
Oklahoma,2 wk ahead,percent,1.24613787180083e-11,Bin,10.0,10.1
Oklahoma,2 wk ahead,percent,1.24613787180083e-11,Bin,10.1,10.2
Oklahoma,2 wk ahead,percent,1.24613787180083e-11,Bin,10.2,10.3
Oklahoma,2 wk ahead,percent,1.24613787180083e-11,Bin,10.3,10.4
Oklahoma,2 wk ahead,percent,1.24613787180083e-11,Bin,10.4,10.5
Oklahoma,2 wk ahead,percent,1.24613787180083e-11,Bin,10.5,10.6
Oklahoma,2 wk ahead,percent,1.24613787180083e-11,Bin,10.6,10.7
Oklahoma,2 wk ahead,percent,1.24613787180083e-11,Bin,10.7,10.8
Oklahoma,2 wk ahead,percent,1.24613787180083e-11,Bin,10.8,10.9
Oklahoma,2 wk ahead,percent,1.24613787180083e-11,Bin,10.9,11.0
Oklahoma,2 wk ahead,percent,1.24613787180083e-11,Bin,11.0,11.1
Oklahoma,2 wk ahead,percent,1.24613787180083e-11,Bin,11.1,11.2
Oklahoma,2 wk ahead,percent,1.24613787180083e-11,Bin,11.2,11.3
Oklahoma,2 wk ahead,percent,1.24613787180083e-11,Bin,11.3,11.4
Oklahoma,2 wk ahead,percent,1.24613787180083e-11,Bin,11.4,11.5
Oklahoma,2 wk ahead,percent,1.24613787180083e-11,Bin,11.5,11.6
Oklahoma,2 wk ahead,percent,1.24613787180083e-11,Bin,11.6,11.7
Oklahoma,2 wk ahead,percent,1.24613787180083e-11,Bin,11.7,11.8
Oklahoma,2 wk ahead,percent,1.24613787180083e-11,Bin,11.8,11.9
Oklahoma,2 wk ahead,percent,1.24613787180083e-11,Bin,11.9,12.0
Oklahoma,2 wk ahead,percent,1.24613787180083e-11,Bin,12.0,12.1
Oklahoma,2 wk ahead,percent,1.24613787180083e-11,Bin,12.1,12.2
Oklahoma,2 wk ahead,percent,1.24613787180083e-11,Bin,12.2,12.3
Oklahoma,2 wk ahead,percent,1.24613787180083e-11,Bin,12.3,12.4
Oklahoma,2 wk ahead,percent,1.24613787180083e-11,Bin,12.4,12.5
Oklahoma,2 wk ahead,percent,1.24613787180083e-11,Bin,12.5,12.6
Oklahoma,2 wk ahead,percent,1.24613787180083e-11,Bin,12.6,12.7
Oklahoma,2 wk ahead,percent,1.24613787180083e-11,Bin,12.7,12.8
Oklahoma,2 wk ahead,percent,1.24613787180083e-11,Bin,12.8,12.9
Oklahoma,2 wk ahead,percent,1.24613787180083e-11,Bin,12.9,13.0
Oklahoma,2 wk ahead,percent,1.24613787180083e-11,Bin,13.0,100.0
Oklahoma,3 wk ahead,percent,3.30644653056332e-09,Bin,0.0,0.1
Oklahoma,3 wk ahead,percent,0.010000005210663,Bin,0.1,0.2
Oklahoma,3 wk ahead,percent,0.036000000574228,Bin,0.2,0.3
Oklahoma,3 wk ahead,percent,0.0919999894639078,Bin,0.3,0.4
Oklahoma,3 wk ahead,percent,0.139999979849157,Bin,0.4,0.5
Oklahoma,3 wk ahead,percent,0.181999971308015,Bin,0.5,0.6
Oklahoma,3 wk ahead,percent,0.155999976907753,Bin,0.6,0.7
Oklahoma,3 wk ahead,percent,0.153999977329962,Bin,0.7,0.8
Oklahoma,3 wk ahead,percent,0.0759999936609087,Bin,0.8,0.9
Oklahoma,3 wk ahead,percent,0.0420000006937512,Bin,0.9,1.0
Oklahoma,3 wk ahead,percent,0.0280000035076068,Bin,1.0,1.1
Oklahoma,3 wk ahead,percent,0.0280000033773679,Bin,1.1,1.2
Oklahoma,3 wk ahead,percent,0.0120000066111288,Bin,1.2,1.3
Oklahoma,3 wk ahead,percent,0.010000006880649,Bin,1.3,1.4
Oklahoma,3 wk ahead,percent,0.00800000711041421,Bin,1.4,1.5
Oklahoma,3 wk ahead,percent,8.54345240725917e-09,Bin,1.5,1.6
Oklahoma,3 wk ahead,percent,0.00400000737983249,Bin,1.6,1.7
Oklahoma,3 wk ahead,percent,0.00600000656156278,Bin,1.7,1.8
Oklahoma,3 wk ahead,percent,0.00200000693476726,Bin,1.8,1.9
Oklahoma,3 wk ahead,percent,0.00200000640565079,Bin,1.9,2.0
Oklahoma,3 wk ahead,percent,0.00200000582882198,Bin,2.0,2.1
Oklahoma,3 wk ahead,percent,0.00200000521785621,Bin,2.1,2.2
Oklahoma,3 wk ahead,percent,5.00682366463126e-09,Bin,2.2,2.3
Oklahoma,3 wk ahead,percent,0.00200000394646054,Bin,2.3,2.4
Oklahoma,3 wk ahead,percent,3.73379168006122e-09,Bin,2.4,2.5
Oklahoma,3 wk ahead,percent,3.12111735482101e-09,Bin,2.5,2.6
Oklahoma,3 wk ahead,percent,0.00200000212362972,Bin,2.6,2.7
Oklahoma,3 wk ahead,percent,2.01810569995007e-09,Bin,2.7,2.8
Oklahoma,3 wk ahead,percent,0.00200000113302188,Bin,2.8,2.9
Oklahoma,3 wk ahead,percent,1.15912702266254e-09,Bin,2.9,3.0
Oklahoma,3 wk ahead,percent,8.36410588127864e-10,Bin,3.0,3.1
Oklahoma,3 wk ahead,percent,0.00200000016218938,Bin,3.1,3.2
Oklahoma,3 wk ahead,percent,3.92117238097013e-10,Bin,3.2,3.3
Oklahoma,3 wk ahead,percent,2.54263279294429e-10,Bin,3.3,3.4
Oklahoma,3 wk ahead,percent,1.58840673550625e-10,Bin,3.4,3.5
Oklahoma,3 wk ahead,percent,9.55517628385023e-11,Bin,3.5,3.6
Oklahoma,3 wk ahead,percent,5.53240603851924e-11,Bin,3.6,3.7
Oklahoma,3 wk ahead,percent,3.46536959206418e-11,Bin,3.7,3.8
Oklahoma,3 wk ahead,percent,3.33835381284152e-11,Bin,3.8,3.9
Oklahoma,3 wk ahead,percent,3.33835381284152e-11,Bin,3.9,4.0
Oklahoma,3 wk ahead,percent,3.33835381284152e-11,Bin,4.0,4.1
Oklahoma,3 wk ahead,percent,3.33835381284152e-11,Bin,4.1,4.2
Oklahoma,3 wk ahead,percent,3.33835381284152e-11,Bin,4.2,4.3
Oklahoma,3 wk ahead,percent,3.33835381284152e-11,Bin,4.3,4.4
Oklahoma,3 wk ahead,percent,3.33835381284152e-11,Bin,4.4,4.5
Oklahoma,3 wk ahead,percent,3.33835381284152e-11,Bin,4.5,4.6
Oklahoma,3 wk ahead,percent,3.33835381284152e-11,Bin,4.6,4.7
Oklahoma,3 wk ahead,percent,3.33835381284152e-11,Bin,4.7,4.8
Oklahoma,3 wk ahead,percent,3.33835381284152e-11,Bin,4.8,4.9
Oklahoma,3 wk ahead,percent,3.33835381284152e-11,Bin,4.9,5.0
Oklahoma,3 wk ahead,percent,3.33835381284152e-11,Bin,5.0,5.1
Oklahoma,3 wk ahead,percent,3.33835381284152e-11,Bin,5.1,5.2
Oklahoma,3 wk ahead,percent,3.33835381284152e-11,Bin,5.2,5.3
Oklahoma,3 wk ahead,percent,3.33835381284152e-11,Bin,5.3,5.4
Oklahoma,3 wk ahead,percent,3.33835381284152e-11,Bin,5.4,5.5
Oklahoma,3 wk ahead,percent,3.33835381284152e-11,Bin,5.5,5.6
Oklahoma,3 wk ahead,percent,3.33835381284152e-11,Bin,5.6,5.7
Oklahoma,3 wk ahead,percent,3.33835381284152e-11,Bin,5.7,5.8
Oklahoma,3 wk ahead,percent,3.33835381284152e-11,Bin,5.8,5.9
Oklahoma,3 wk ahead,percent,3.33835381284152e-11,Bin,5.9,6.0
Oklahoma,3 wk ahead,percent,3.33835381284152e-11,Bin,6.0,6.1
Oklahoma,3 wk ahead,percent,3.33835381284152e-11,Bin,6.1,6.2
Oklahoma,3 wk ahead,percent,3.33835381284152e-11,Bin,6.2,6.3
Oklahoma,3 wk ahead,percent,3.33835381284152e-11,Bin,6.3,6.4
Oklahoma,3 wk ahead,percent,3.33835381284152e-11,Bin,6.4,6.5
Oklahoma,3 wk ahead,percent,3.33835381284152e-11,Bin,6.5,6.6
Oklahoma,3 wk ahead,percent,3.33835381284152e-11,Bin,6.6,6.7
Oklahoma,3 wk ahead,percent,3.33835381284152e-11,Bin,6.7,6.8
Oklahoma,3 wk ahead,percent,3.33835381284152e-11,Bin,6.8,6.9
Oklahoma,3 wk ahead,percent,3.33835381284152e-11,Bin,6.9,7.0
Oklahoma,3 wk ahead,percent,3.33835381284152e-11,Bin,7.0,7.1
Oklahoma,3 wk ahead,percent,3.33835381284152e-11,Bin,7.1,7.2
Oklahoma,3 wk ahead,percent,3.33835381284152e-11,Bin,7.2,7.3
Oklahoma,3 wk ahead,percent,3.33835381284152e-11,Bin,7.3,7.4
Oklahoma,3 wk ahead,percent,3.33835381284152e-11,Bin,7.4,7.5
Oklahoma,3 wk ahead,percent,3.33835381284152e-11,Bin,7.5,7.6
Oklahoma,3 wk ahead,percent,3.33835381284152e-11,Bin,7.6,7.7
Oklahoma,3 wk ahead,percent,3.33835381284152e-11,Bin,7.7,7.8
Oklahoma,3 wk ahead,percent,3.33835381284152e-11,Bin,7.8,7.9
Oklahoma,3 wk ahead,percent,3.33835381284152e-11,Bin,7.9,8.0
Oklahoma,3 wk ahead,percent,3.33835381284155e-11,Bin,8.0,8.1
Oklahoma,3 wk ahead,percent,3.33835381284158e-11,Bin,8.1,8.2
Oklahoma,3 wk ahead,percent,3.33835381284158e-11,Bin,8.2,8.3
Oklahoma,3 wk ahead,percent,3.33835381284158e-11,Bin,8.3,8.4
Oklahoma,3 wk ahead,percent,3.33835381284158e-11,Bin,8.4,8.5
Oklahoma,3 wk ahead,percent,3.33835381284158e-11,Bin,8.5,8.6
Oklahoma,3 wk ahead,percent,3.33835381284158e-11,Bin,8.6,8.7
Oklahoma,3 wk ahead,percent,3.33835381284158e-11,Bin,8.7,8.8
Oklahoma,3 wk ahead,percent,3.33835381284158e-11,Bin,8.8,8.9
Oklahoma,3 wk ahead,percent,3.33835381284158e-11,Bin,8.9,9.0
Oklahoma,3 wk ahead,percent,3.33835381284158e-11,Bin,9.0,9.1
Oklahoma,3 wk ahead,percent,3.33835381284158e-11,Bin,9.1,9.2
Oklahoma,3 wk ahead,percent,3.33835381284158e-11,Bin,9.2,9.3
Oklahoma,3 wk ahead,percent,3.33835381284158e-11,Bin,9.3,9.4
Oklahoma,3 wk ahead,percent,3.33835381284158e-11,Bin,9.4,9.5
Oklahoma,3 wk ahead,percent,3.33835381284158e-11,Bin,9.5,9.6
Oklahoma,3 wk ahead,percent,3.33835381284158e-11,Bin,9.6,9.7
Oklahoma,3 wk ahead,percent,3.33835381284158e-11,Bin,9.7,9.8
Oklahoma,3 wk ahead,percent,3.33835381284158e-11,Bin,9.8,9.9
Oklahoma,3 wk ahead,percent,3.33835381284158e-11,Bin,9.9,10.0
Oklahoma,3 wk ahead,percent,3.33835381284158e-11,Bin,10.0,10.1
Oklahoma,3 wk ahead,percent,3.33835381284158e-11,Bin,10.1,10.2
Oklahoma,3 wk ahead,percent,3.33835381284158e-11,Bin,10.2,10.3
Oklahoma,3 wk ahead,percent,3.33835381284158e-11,Bin,10.3,10.4
Oklahoma,3 wk ahead,percent,3.33835381284158e-11,Bin,10.4,10.5
Oklahoma,3 wk ahead,percent,3.33835381284158e-11,Bin,10.5,10.6
Oklahoma,3 wk ahead,percent,3.33835381284158e-11,Bin,10.6,10.7
Oklahoma,3 wk ahead,percent,3.33835381284158e-11,Bin,10.7,10.8
Oklahoma,3 wk ahead,percent,3.33835381284158e-11,Bin,10.8,10.9
Oklahoma,3 wk ahead,percent,3.33835381284158e-11,Bin,10.9,11.0
Oklahoma,3 wk ahead,percent,3.33835381284158e-11,Bin,11.0,11.1
Oklahoma,3 wk ahead,percent,3.33835381284158e-11,Bin,11.1,11.2
Oklahoma,3 wk ahead,percent,3.33835381284158e-11,Bin,11.2,11.3
Oklahoma,3 wk ahead,percent,3.33835381284158e-11,Bin,11.3,11.4
Oklahoma,3 wk ahead,percent,3.33835381284158e-11,Bin,11.4,11.5
Oklahoma,3 wk ahead,percent,3.33835381284158e-11,Bin,11.5,11.6
Oklahoma,3 wk ahead,percent,3.33835381284158e-11,Bin,11.6,11.7
Oklahoma,3 wk ahead,percent,3.33835381284158e-11,Bin,11.7,11.8
Oklahoma,3 wk ahead,percent,3.33835381284158e-11,Bin,11.8,11.9
Oklahoma,3 wk ahead,percent,3.33835381284158e-11,Bin,11.9,12.0
Oklahoma,3 wk ahead,percent,3.33835381284158e-11,Bin,12.0,12.1
Oklahoma,3 wk ahead,percent,3.33835381284158e-11,Bin,12.1,12.2
Oklahoma,3 wk ahead,percent,3.33835381284158e-11,Bin,12.2,12.3
Oklahoma,3 wk ahead,percent,3.33835381284158e-11,Bin,12.3,12.4
Oklahoma,3 wk ahead,percent,3.33835381284158e-11,Bin,12.4,12.5
Oklahoma,3 wk ahead,percent,3.33835381284158e-11,Bin,12.5,12.6
Oklahoma,3 wk ahead,percent,3.33835381284158e-11,Bin,12.6,12.7
Oklahoma,3 wk ahead,percent,3.33835381284158e-11,Bin,12.7,12.8
Oklahoma,3 wk ahead,percent,3.33835381284158e-11,Bin,12.8,12.9
Oklahoma,3 wk ahead,percent,3.33835381284158e-11,Bin,12.9,13.0
Oklahoma,3 wk ahead,percent,3.33835381284158e-11,Bin,13.0,100.0
Oklahoma,4 wk ahead,percent,8.75309090258967e-11,Bin,0.0,0.1
Oklahoma,4 wk ahead,percent,0.0179999983027159,Bin,0.1,0.2
Oklahoma,4 wk ahead,percent,0.123999989310498,Bin,0.2,0.3
Oklahoma,4 wk ahead,percent,0.207999990500767,Bin,0.3,0.4
Oklahoma,4 wk ahead,percent,0.200000014260869,Bin,0.4,0.5
Oklahoma,4 wk ahead,percent,0.159999996276283,Bin,0.5,0.6
Oklahoma,4 wk ahead,percent,0.119999987224367,Bin,0.6,0.7
Oklahoma,4 wk ahead,percent,0.0779999850251365,Bin,0.7,0.8
Oklahoma,4 wk ahead,percent,0.0379999920407881,Bin,0.8,0.9
Oklahoma,4 wk ahead,percent,0.0119999974822383,Bin,0.9,1.0
Oklahoma,4 wk ahead,percent,0.00999999790185738,Bin,1.0,1.1
Oklahoma,4 wk ahead,percent,0.0119999974822289,Bin,1.1,1.2
Oklahoma,4 wk ahead,percent,0.00599999874139097,Bin,1.2,1.3
Oklahoma,4 wk ahead,percent,0.00199999972457755,Bin,1.3,1.4
Oklahoma,4 wk ahead,percent,0.0020000050768595,Bin,1.4,1.5
Oklahoma,4 wk ahead,percent,1.87590824410694e-08,Bin,1.5,1.6
Oklahoma,4 wk ahead,percent,6.61777598581861e-09,Bin,1.6,1.7
Oklahoma,4 wk ahead,percent,0.003999999495135,Bin,1.7,1.8
Oklahoma,4 wk ahead,percent,0.00199999981885629,Bin,1.8,1.9
Oklahoma,4 wk ahead,percent,0.00199999981885629,Bin,1.9,2.0
Oklahoma,4 wk ahead,percent,2.38484812971603e-10,Bin,2.0,2.1
Oklahoma,4 wk ahead,percent,0.00199999981885629,Bin,2.1,2.2
Oklahoma,4 wk ahead,percent,2.38484812971602e-10,Bin,2.2,2.3
Oklahoma,4 wk ahead,percent,2.38484812971602e-10,Bin,2.3,2.4
Oklahoma,4 wk ahead,percent,2.38484812971602e-10,Bin,2.4,2.5
Oklahoma,4 wk ahead,percent,2.38484812971602e-10,Bin,2.5,2.6
Oklahoma,4 wk ahead,percent,2.38484812971602e-10,Bin,2.6,2.7
Oklahoma,4 wk ahead,percent,2.38484812971602e-10,Bin,2.7,2.8
Oklahoma,4 wk ahead,percent,2.38484812971602e-10,Bin,2.8,2.9
Oklahoma,4 wk ahead,percent,2.38484812971602e-10,Bin,2.9,3.0
Oklahoma,4 wk ahead,percent,2.38484812971602e-10,Bin,3.0,3.1
Oklahoma,4 wk ahead,percent,2.38484812971602e-10,Bin,3.1,3.2
Oklahoma,4 wk ahead,percent,2.38484812971602e-10,Bin,3.2,3.3
Oklahoma,4 wk ahead,percent,2.38484812971602e-10,Bin,3.3,3.4
Oklahoma,4 wk ahead,percent,2.38484812971602e-10,Bin,3.4,3.5
Oklahoma,4 wk ahead,percent,2.38484812971602e-10,Bin,3.5,3.6
Oklahoma,4 wk ahead,percent,2.38484812971602e-10,Bin,3.6,3.7
Oklahoma,4 wk ahead,percent,2.38484812971602e-10,Bin,3.7,3.8
Oklahoma,4 wk ahead,percent,2.38484812971602e-10,Bin,3.8,3.9
Oklahoma,4 wk ahead,percent,2.38484812971602e-10,Bin,3.9,4.0
Oklahoma,4 wk ahead,percent,2.38484812971602e-10,Bin,4.0,4.1
Oklahoma,4 wk ahead,percent,2.38484812971602e-10,Bin,4.1,4.2
Oklahoma,4 wk ahead,percent,2.38484812971602e-10,Bin,4.2,4.3
Oklahoma,4 wk ahead,percent,2.38484812971602e-10,Bin,4.3,4.4
Oklahoma,4 wk ahead,percent,2.38484812971602e-10,Bin,4.4,4.5
Oklahoma,4 wk ahead,percent,2.38484812971602e-10,Bin,4.5,4.6
Oklahoma,4 wk ahead,percent,2.38484812971602e-10,Bin,4.6,4.7
Oklahoma,4 wk ahead,percent,2.38484812971602e-10,Bin,4.7,4.8
Oklahoma,4 wk ahead,percent,2.38484812971602e-10,Bin,4.8,4.9
Oklahoma,4 wk ahead,percent,2.38484812971602e-10,Bin,4.9,5.0
Oklahoma,4 wk ahead,percent,2.38484812971602e-10,Bin,5.0,5.1
Oklahoma,4 wk ahead,percent,2.38484812971602e-10,Bin,5.1,5.2
Oklahoma,4 wk ahead,percent,2.38484812971602e-10,Bin,5.2,5.3
Oklahoma,4 wk ahead,percent,2.38484812971602e-10,Bin,5.3,5.4
Oklahoma,4 wk ahead,percent,2.38484812971602e-10,Bin,5.4,5.5
Oklahoma,4 wk ahead,percent,2.38484812971602e-10,Bin,5.5,5.6
Oklahoma,4 wk ahead,percent,2.38484812971602e-10,Bin,5.6,5.7
Oklahoma,4 wk ahead,percent,2.38484812971602e-10,Bin,5.7,5.8
Oklahoma,4 wk ahead,percent,2.38484812971602e-10,Bin,5.8,5.9
Oklahoma,4 wk ahead,percent,2.38484812971602e-10,Bin,5.9,6.0
Oklahoma,4 wk ahead,percent,2.38484812971602e-10,Bin,6.0,6.1
Oklahoma,4 wk ahead,percent,2.38484812971602e-10,Bin,6.1,6.2
Oklahoma,4 wk ahead,percent,2.38484812971602e-10,Bin,6.2,6.3
Oklahoma,4 wk ahead,percent,2.38484812971602e-10,Bin,6.3,6.4
Oklahoma,4 wk ahead,percent,2.38484812971602e-10,Bin,6.4,6.5
Oklahoma,4 wk ahead,percent,2.38484812971602e-10,Bin,6.5,6.6
Oklahoma,4 wk ahead,percent,2.38484812971602e-10,Bin,6.6,6.7
Oklahoma,4 wk ahead,percent,2.38484812971602e-10,Bin,6.7,6.8
Oklahoma,4 wk ahead,percent,2.38484812971602e-10,Bin,6.8,6.9
Oklahoma,4 wk ahead,percent,2.38484812971602e-10,Bin,6.9,7.0
Oklahoma,4 wk ahead,percent,2.38484812971602e-10,Bin,7.0,7.1
Oklahoma,4 wk ahead,percent,2.38484812971602e-10,Bin,7.1,7.2
Oklahoma,4 wk ahead,percent,2.38484812971602e-10,Bin,7.2,7.3
Oklahoma,4 wk ahead,percent,2.38484812971602e-10,Bin,7.3,7.4
Oklahoma,4 wk ahead,percent,2.38484812971602e-10,Bin,7.4,7.5
Oklahoma,4 wk ahead,percent,2.38484812971602e-10,Bin,7.5,7.6
Oklahoma,4 wk ahead,percent,2.38484812971602e-10,Bin,7.6,7.7
Oklahoma,4 wk ahead,percent,2.38484812971602e-10,Bin,7.7,7.8
Oklahoma,4 wk ahead,percent,2.38484812971602e-10,Bin,7.8,7.9
Oklahoma,4 wk ahead,percent,2.38484812971602e-10,Bin,7.9,8.0
Oklahoma,4 wk ahead,percent,2.38484812971604e-10,Bin,8.0,8.1
Oklahoma,4 wk ahead,percent,2.38484812971606e-10,Bin,8.1,8.2
Oklahoma,4 wk ahead,percent,2.38484812971606e-10,Bin,8.2,8.3
Oklahoma,4 wk ahead,percent,2.38484812971606e-10,Bin,8.3,8.4
Oklahoma,4 wk ahead,percent,2.38484812971606e-10,Bin,8.4,8.5
Oklahoma,4 wk ahead,percent,2.38484812971606e-10,Bin,8.5,8.6
Oklahoma,4 wk ahead,percent,2.38484812971606e-10,Bin,8.6,8.7
Oklahoma,4 wk ahead,percent,2.38484812971606e-10,Bin,8.7,8.8
Oklahoma,4 wk ahead,percent,2.38484812971606e-10,Bin,8.8,8.9
Oklahoma,4 wk ahead,percent,2.38484812971606e-10,Bin,8.9,9.0
Oklahoma,4 wk ahead,percent,2.38484812971606e-10,Bin,9.0,9.1
Oklahoma,4 wk ahead,percent,2.38484812971606e-10,Bin,9.1,9.2
Oklahoma,4 wk ahead,percent,2.38484812971606e-10,Bin,9.2,9.3
Oklahoma,4 wk ahead,percent,2.38484812971606e-10,Bin,9.3,9.4
Oklahoma,4 wk ahead,percent,2.38484812971606e-10,Bin,9.4,9.5
Oklahoma,4 wk ahead,percent,2.38484812971606e-10,Bin,9.5,9.6
Oklahoma,4 wk ahead,percent,2.38484812971606e-10,Bin,9.6,9.7
Oklahoma,4 wk ahead,percent,2.38484812971606e-10,Bin,9.7,9.8
Oklahoma,4 wk ahead,percent,2.38484812971606e-10,Bin,9.8,9.9
Oklahoma,4 wk ahead,percent,2.38484812971606e-10,Bin,9.9,10.0
Oklahoma,4 wk ahead,percent,2.38484812971606e-10,Bin,10.0,10.1
Oklahoma,4 wk ahead,percent,2.38484812971606e-10,Bin,10.1,10.2
Oklahoma,4 wk ahead,percent,2.38484812971606e-10,Bin,10.2,10.3
Oklahoma,4 wk ahead,percent,2.38484812971606e-10,Bin,10.3,10.4
Oklahoma,4 wk ahead,percent,2.38484812971606e-10,Bin,10.4,10.5
Oklahoma,4 wk ahead,percent,2.38484812971606e-10,Bin,10.5,10.6
Oklahoma,4 wk ahead,percent,2.38484812971606e-10,Bin,10.6,10.7
Oklahoma,4 wk ahead,percent,2.38484812971606e-10,Bin,10.7,10.8
Oklahoma,4 wk ahead,percent,2.38484812971606e-10,Bin,10.8,10.9
Oklahoma,4 wk ahead,percent,2.38484812971606e-10,Bin,10.9,11.0
Oklahoma,4 wk ahead,percent,2.38484812971606e-10,Bin,11.0,11.1
Oklahoma,4 wk ahead,percent,2.38484812971606e-10,Bin,11.1,11.2
Oklahoma,4 wk ahead,percent,2.38484812971606e-10,Bin,11.2,11.3
Oklahoma,4 wk ahead,percent,2.38484812971606e-10,Bin,11.3,11.4
Oklahoma,4 wk ahead,percent,2.38484812971606e-10,Bin,11.4,11.5
Oklahoma,4 wk ahead,percent,2.38484812971606e-10,Bin,11.5,11.6
Oklahoma,4 wk ahead,percent,2.38484812971606e-10,Bin,11.6,11.7
Oklahoma,4 wk ahead,percent,2.38484812971606e-10,Bin,11.7,11.8
Oklahoma,4 wk ahead,percent,2.38484812971606e-10,Bin,11.8,11.9
Oklahoma,4 wk ahead,percent,2.38484812971606e-10,Bin,11.9,12.0
Oklahoma,4 wk ahead,percent,2.38484812971606e-10,Bin,12.0,12.1
Oklahoma,4 wk ahead,percent,2.38484812971606e-10,Bin,12.1,12.2
Oklahoma,4 wk ahead,percent,2.38484812971606e-10,Bin,12.2,12.3
Oklahoma,4 wk ahead,percent,2.38484812971606e-10,Bin,12.3,12.4
Oklahoma,4 wk ahead,percent,2.38484812971606e-10,Bin,12.4,12.5
Oklahoma,4 wk ahead,percent,2.38484812971606e-10,Bin,12.5,12.6
Oklahoma,4 wk ahead,percent,2.38484812971606e-10,Bin,12.6,12.7
Oklahoma,4 wk ahead,percent,2.38484812971606e-10,Bin,12.7,12.8
Oklahoma,4 wk ahead,percent,2.38484812971606e-10,Bin,12.8,12.9
Oklahoma,4 wk ahead,percent,2.38484812971606e-10,Bin,12.9,13.0
Oklahoma,4 wk ahead,percent,2.38484812971606e-10,Bin,13.0,100.0
Oklahoma,Season peak percentage,percent,1.72991280175108e-13,Bin,0.0,0.1
Oklahoma,Season peak percentage,percent,3.71656519164309e-13,Bin,0.1,0.2
Oklahoma,Season peak percentage,percent,4.07985492609247e-13,Bin,0.2,0.3
Oklahoma,Season peak percentage,percent,4.46923783017253e-13,Bin,0.3,0.4
Oklahoma,Season peak percentage,percent,4.88592033594138e-13,Bin,0.4,0.5
Oklahoma,Season peak percentage,percent,5.33005882982645e-13,Bin,0.5,0.6
Oklahoma,Season peak percentage,percent,5.80221163142843e-13,Bin,0.6,0.7
Oklahoma,Season peak percentage,percent,6.30311335275891e-13,Bin,0.7,0.8
Oklahoma,Season peak percentage,percent,6.83364498527893e-13,Bin,0.8,0.9
Oklahoma,Season peak percentage,percent,7.39315132275554e-13,Bin,0.9,1.0
Oklahoma,Season peak percentage,percent,7.98171120549866e-13,Bin,1.0,1.1
Oklahoma,Season peak percentage,percent,8.60032114410144e-13,Bin,1.1,1.2
Oklahoma,Season peak percentage,percent,9.24794826789313e-13,Bin,1.2,1.3
Oklahoma,Season peak percentage,percent,9.92392349559946e-13,Bin,1.3,1.4
Oklahoma,Season peak percentage,percent,1.0628213744925e-12,Bin,1.4,1.5
Oklahoma,Season peak percentage,percent,1.13602568652216e-12,Bin,1.5,1.6
Oklahoma,Season peak percentage,percent,1.21186454562883e-12,Bin,1.6,1.7
Oklahoma,Season peak percentage,percent,1.29023158161728e-12,Bin,1.7,1.8
Oklahoma,Season peak percentage,percent,1.37102685448957e-12,Bin,1.8,1.9
Oklahoma,Season peak percentage,percent,1.4541333112058e-12,Bin,1.9,2.0
Oklahoma,Season peak percentage,percent,1.53935255159436e-12,Bin,2.0,2.1
Oklahoma,Season peak percentage,percent,1.62652880280123e-12,Bin,2.1,2.2
Oklahoma,Season peak percentage,percent,1.715503602525e-12,Bin,2.2,2.3
Oklahoma,Season peak percentage,percent,1.80609981140098e-12,Bin,2.3,2.4
Oklahoma,Season peak percentage,percent,1.89810401201e-12,Bin,2.4,2.5
Oklahoma,Season peak percentage,percent,1.99131403487067e-12,Bin,2.5,2.6
Oklahoma,Season peak percentage,percent,2.08556193787487e-12,Bin,2.6,2.7
Oklahoma,Season peak percentage,percent,2.18064124352453e-12,Bin,2.7,2.8
Oklahoma,Season peak percentage,percent,2.27634207737647e-12,Bin,2.8,2.9
Oklahoma,Season peak percentage,percent,2.37249399518804e-12,Bin,2.9,3.0
Oklahoma,Season peak percentage,percent,2.46892055650878e-12,Bin,3.0,3.1
Oklahoma,Season peak percentage,percent,2.56545225661543e-12,Bin,3.1,3.2
Oklahoma,Season peak percentage,percent,2.66194304311176e-12,Bin,3.2,3.3
Oklahoma,Season peak percentage,percent,2.75826085516755e-12,Bin,3.3,3.4
Oklahoma,Season peak percentage,percent,2.85429300531017e-12,Bin,3.4,3.5
Oklahoma,Season peak percentage,percent,2.9499557726219e-12,Bin,3.5,3.6
Oklahoma,Season peak percentage,percent,3.04518816350837e-12,Bin,3.6,3.7
Oklahoma,Season peak percentage,percent,3.13994527166544e-12,Bin,3.7,3.8
Oklahoma,Season peak percentage,percent,3.2342183783937e-12,Bin,3.8,3.9
Oklahoma,Season peak percentage,percent,3.32803230864705e-12,Bin,3.9,4.0
Oklahoma,Season peak percentage,percent,3.42143360836628e-12,Bin,4.0,4.1
Oklahoma,Season peak percentage,percent,3.51449214142135e-12,Bin,4.1,4.2
Oklahoma,Season peak percentage,percent,3.60731364040274e-12,Bin,4.2,4.3
Oklahoma,Season peak percentage,percent,3.70003213828394e-12,Bin,4.3,4.4
Oklahoma,Season peak percentage,percent,3.79279997705373e-12,Bin,4.4,4.5
Oklahoma,Season peak percentage,percent,3.88580366371914e-12,Bin,4.5,4.6
Oklahoma,Season peak percentage,percent,3.97923455630863e-12,Bin,4.6,4.7
Oklahoma,Season peak percentage,percent,4.07330367703384e-12,Bin,4.7,4.8
Oklahoma,Season peak percentage,percent,4.1682636958472e-12,Bin,4.8,4.9
Oklahoma,Season peak percentage,percent,4.26434961451086e-12,Bin,4.9,5.0
Oklahoma,Season peak percentage,percent,4.36179634920137e-12,Bin,5.0,5.1
Oklahoma,Season peak percentage,percent,4.46085062404368e-12,Bin,5.1,5.2
Oklahoma,Season peak percentage,percent,4.56179046069689e-12,Bin,5.2,5.3
Oklahoma,Season peak percentage,percent,4.66484647432558e-12,Bin,5.3,5.4
Oklahoma,Season peak percentage,percent,4.77022141218084e-12,Bin,5.4,5.5
Oklahoma,Season peak percentage,percent,4.87812840964647e-12,Bin,5.5,5.6
Oklahoma,Season peak percentage,percent,4.98880741430802e-12,Bin,5.6,5.7
Oklahoma,Season peak percentage,percent,5.10239693008605e-12,Bin,5.7,5.8
Oklahoma,Season peak percentage,percent,5.2190138217737e-12,Bin,5.8,5.9
Oklahoma,Season peak percentage,percent,5.33875007402256e-12,Bin,5.9,6.0
Oklahoma,Season peak percentage,percent,5.46176804995309e-12,Bin,6.0,6.1
Oklahoma,Season peak percentage,percent,5.58803141659003e-12,Bin,6.1,6.2
Oklahoma,Season peak percentage,percent,5.71747569243227e-12,Bin,6.2,6.3
Oklahoma,Season peak percentage,percent,5.85015781514974e-12,Bin,6.3,6.4
Oklahoma,Season peak percentage,percent,5.98596669041173e-12,Bin,6.4,6.5
Oklahoma,Season peak percentage,percent,6.12469657682835e-12,Bin,6.5,6.6
Oklahoma,Season peak percentage,percent,6.26620284779576e-12,Bin,6.6,6.7
Oklahoma,Season peak percentage,percent,6.41030978694195e-12,Bin,6.7,6.8
Oklahoma,Season peak percentage,percent,6.55672100869049e-12,Bin,6.8,6.9
Oklahoma,Season peak percentage,percent,6.70512856092358e-12,Bin,6.9,7.0
Oklahoma,Season peak percentage,percent,6.85520655692729e-12,Bin,7.0,7.1
Oklahoma,Season peak percentage,percent,7.00662749154185e-12,Bin,7.1,7.2
Oklahoma,Season peak percentage,percent,7.15897223290956e-12,Bin,7.2,7.3
Oklahoma,Season peak percentage,percent,7.31183243531203e-12,Bin,7.3,7.4
Oklahoma,Season peak percentage,percent,7.46478504200045e-12,Bin,7.4,7.5
Oklahoma,Season peak percentage,percent,7.61737868178766e-12,Bin,7.5,7.6
Oklahoma,Season peak percentage,percent,7.76916031234252e-12,Bin,7.6,7.7
Oklahoma,Season peak percentage,percent,7.91969872647171e-12,Bin,7.7,7.8
Oklahoma,Season peak percentage,percent,8.06851557311969e-12,Bin,7.8,7.9
Oklahoma,Season peak percentage,percent,8.21511372586046e-12,Bin,7.9,8.0
Oklahoma,Season peak percentage,percent,8.35914148419075e-12,Bin,8.0,8.1
Oklahoma,Season peak percentage,percent,8.50016504650268e-12,Bin,8.1,8.2
Oklahoma,Season peak percentage,percent,8.63766433264283e-12,Bin,8.2,8.3
Oklahoma,Season peak percentage,percent,8.77134615792263e-12,Bin,8.3,8.4
Oklahoma,Season peak percentage,percent,8.90085972877302e-12,Bin,8.4,8.5
Oklahoma,Season peak percentage,percent,9.02587224382491e-12,Bin,8.5,8.6
Oklahoma,Season peak percentage,percent,9.14595156450294e-12,Bin,8.6,8.7
Oklahoma,Season peak percentage,percent,9.26093591121396e-12,Bin,8.7,8.8
Oklahoma,Season peak percentage,percent,9.37059315866939e-12,Bin,8.8,8.9
Oklahoma,Season peak percentage,percent,9.47469773568036e-12,Bin,8.9,9.0
Oklahoma,Season peak percentage,percent,9.57292078674357e-12,Bin,9.0,9.1
Oklahoma,Season peak percentage,percent,9.66524933322202e-12,Bin,9.1,9.2
Oklahoma,Season peak percentage,percent,9.75155925226807e-12,Bin,9.2,9.3
Oklahoma,Season peak percentage,percent,9.831732283557e-12,Bin,9.3,9.4
Oklahoma,Season peak percentage,percent,9.90551654012098e-12,Bin,9.4,9.5
Oklahoma,Season peak percentage,percent,9.97304690793814e-12,Bin,9.5,9.6
Oklahoma,Season peak percentage,percent,1.00343310215643e-11,Bin,9.6,9.7
Oklahoma,Season peak percentage,percent,1.00890868164137e-11,Bin,9.7,9.8
Oklahoma,Season peak percentage,percent,1.01374177159718e-11,Bin,9.8,9.9
Oklahoma,Season peak percentage,percent,1.01794293469838e-11,Bin,9.9,10.0
Oklahoma,Season peak percentage,percent,1.02150141621545e-11,Bin,10.0,10.1
Oklahoma,Season peak percentage,percent,1.02440580386609e-11,Bin,10.1,10.2
Oklahoma,Season peak percentage,percent,1.0266703914387e-11,Bin,10.2,10.3
Oklahoma,Season peak percentage,percent,1.02829442179086e-11,Bin,10.3,10.4
Oklahoma,Season peak percentage,percent,1.02927384119533e-11,Bin,10.4,10.5
Oklahoma,Season peak percentage,percent,1.02959269775042e-11,Bin,10.5,10.6
Oklahoma,Season peak percentage,percent,1.02926429119399e-11,Bin,10.6,10.7
Oklahoma,Season peak percentage,percent,1.028283333569e-11,Bin,10.7,10.8
Oklahoma,Season peak percentage,percent,1.02664023400607e-11,Bin,10.8,10.9
Oklahoma,Season peak percentage,percent,1.02431903284662e-11,Bin,10.9,11.0
Oklahoma,Season peak percentage,percent,1.0213238307452e-11,Bin,11.0,11.1
Oklahoma,Season peak percentage,percent,1.01765335074017e-11,Bin,11.1,11.2
Oklahoma,Season peak percentage,percent,0.999999999118013,Bin,11.2,11.3
Oklahoma,Season peak percentage,percent,1.00819728572945e-11,Bin,11.3,11.4
Oklahoma,Season peak percentage,percent,1.00241177328503e-11,Bin,11.4,11.5
Oklahoma,Season peak percentage,percent,9.95903496932475e-12,Bin,11.5,11.6
Oklahoma,Season peak percentage,percent,9.88646889651393e-12,Bin,11.6,11.7
Oklahoma,Season peak percentage,percent,9.80653978341925e-12,Bin,11.7,11.8
Oklahoma,Season peak percentage,percent,9.71913696708054e-12,Bin,11.8,11.9
Oklahoma,Season peak percentage,percent,9.62414050692186e-12,Bin,11.9,12.0
Oklahoma,Season peak percentage,percent,9.52141118733611e-12,Bin,12.0,12.1
Oklahoma,Season peak percentage,percent,9.41105171745901e-12,Bin,12.1,12.2
Oklahoma,Season peak percentage,percent,9.29306618975852e-12,Bin,12.2,12.3
Oklahoma,Season peak percentage,percent,9.1673853803177e-12,Bin,12.3,12.4
Oklahoma,Season peak percentage,percent,9.0340029939799e-12,Bin,12.4,12.5
Oklahoma,Season peak percentage,percent,8.89312438932012e-12,Bin,12.5,12.6
Oklahoma,Season peak percentage,percent,8.74486663660388e-12,Bin,12.6,12.7
Oklahoma,Season peak percentage,percent,8.58930287892205e-12,Bin,12.7,12.8
Oklahoma,Season peak percentage,percent,8.42654825784865e-12,Bin,12.8,12.9
Oklahoma,Season peak percentage,percent,8.25701053498244e-12,Bin,12.9,13.0
Oklahoma,Season peak percentage,percent,1.24427289437976e-10,Bin,13.0,100.0
Oklahoma,Season peak week,week,3.18976224624897e-05,Bin,40.0,41.0
Oklahoma,Season peak week,week,3.18976224624897e-05,Bin,41.0,42.0
Oklahoma,Season peak week,week,3.18976224624897e-05,Bin,42.0,43.0
Oklahoma,Season peak week,week,3.18976224624897e-05,Bin,43.0,44.0
Oklahoma,Season peak week,week,3.18976224624897e-05,Bin,44.0,45.0
Oklahoma,Season peak week,week,3.18976224624897e-05,Bin,45.0,46.0
Oklahoma,Season peak week,week,3.18976224624897e-05,Bin,46.0,47.0
Oklahoma,Season peak week,week,3.18976224624897e-05,Bin,47.0,48.0
Oklahoma,Season peak week,week,3.18976224624897e-05,Bin,48.0,49.0
Oklahoma,Season peak week,week,6.40769614153035e-05,Bin,49.0,50.0
Oklahoma,Season peak week,week,0.000500450801015191,Bin,50.0,51.0
Oklahoma,Season peak week,week,0.00178778949406923,Bin,51.0,52.0
Oklahoma,Season peak week,week,0.002733708020987,Bin,52.0,53.0
Oklahoma,Season peak week,week,0.00185332387572459,Bin,1.0,2.0
Oklahoma,Season peak week,week,0.00112315507075775,Bin,2.0,3.0
Oklahoma,Season peak week,week,0.00291085416274647,Bin,3.0,4.0
Oklahoma,Season peak week,week,0.946923629027898,Bin,4.0,5.0
Oklahoma,Season peak week,week,0.00953682294848104,Bin,5.0,6.0
Oklahoma,Season peak week,week,0.00859711052380774,Bin,6.0,7.0
Oklahoma,Season peak week,week,0.00564123134098875,Bin,7.0,8.0
Oklahoma,Season peak week,week,0.00297031213102676,Bin,8.0,9.0
Oklahoma,Season peak week,week,0.00285434858476311,Bin,9.0,10.0
Oklahoma,Season peak week,week,0.00458091627773399,Bin,10.0,11.0
Oklahoma,Season peak week,week,0.00452138162971407,Bin,11.0,12.0
Oklahoma,Season peak week,week,0.00228829505012626,Bin,12.0,13.0
Oklahoma,Season peak week,week,0.000559963817958517,Bin,13.0,14.0
Oklahoma,Season peak week,week,6.72539947353078e-05,Bin,14.0,15.0
Oklahoma,Season peak week,week,3.30496139814005e-05,Bin,15.0,16.0
Oklahoma,Season peak week,week,3.30496139814005e-05,Bin,16.0,17.0
Oklahoma,Season peak week,week,3.30496139814005e-05,Bin,17.0,18.0
Oklahoma,Season peak week,week,3.30496139814005e-05,Bin,18.0,19.0
Oklahoma,Season peak week,week,3.30496139814005e-05,Bin,19.0,20.0
Oklahoma,Season peak week,week,3.30496139814005e-05,Bin,20.0,21.0
Oregon,1 wk ahead,percent,8.57996598217427e-10,Bin,0.0,0.1
Oregon,1 wk ahead,percent,0.0060000020663785,Bin,0.1,0.2
Oregon,1 wk ahead,percent,0.00600000318346674,Bin,0.2,0.3
Oregon,1 wk ahead,percent,0.0360000021757802,Bin,0.3,0.4
Oregon,1 wk ahead,percent,0.0640000010880592,Bin,0.4,0.5
Oregon,1 wk ahead,percent,0.0760000008423159,Bin,0.5,0.6
Oregon,1 wk ahead,percent,0.101999999418087,Bin,0.6,0.7
Oregon,1 wk ahead,percent,0.147999996432656,Bin,0.7,0.8
Oregon,1 wk ahead,percent,0.159999995555222,Bin,0.8,0.9
Oregon,1 wk ahead,percent,0.143999996280342,Bin,0.9,1.0
Oregon,1 wk ahead,percent,0.0979999987072508,Bin,1.0,1.1
Oregon,1 wk ahead,percent,0.0380000018092642,Bin,1.1,1.2
Oregon,1 wk ahead,percent,0.0200000018980225,Bin,1.2,1.3
Oregon,1 wk ahead,percent,0.0359999997134412,Bin,1.3,1.4
Oregon,1 wk ahead,percent,0.0199999999399445,Bin,1.4,1.5
Oregon,1 wk ahead,percent,0.0159999996023246,Bin,1.5,1.6
Oregon,1 wk ahead,percent,0.0119999995057892,Bin,1.6,1.7
Oregon,1 wk ahead,percent,1.37249941321549e-10,Bin,1.7,1.8
Oregon,1 wk ahead,percent,0.00399999977383674,Bin,1.8,1.9
Oregon,1 wk ahead,percent,0.00799999946810349,Bin,1.9,2.0
Oregon,1 wk ahead,percent,1.7636918719229e-11,Bin,2.0,2.1
Oregon,1 wk ahead,percent,1.76369187192289e-11,Bin,2.1,2.2
Oregon,1 wk ahead,percent,1.76369187192289e-11,Bin,2.2,2.3
Oregon,1 wk ahead,percent,0.00199999987989392,Bin,2.3,2.4
Oregon,1 wk ahead,percent,1.76369187192289e-11,Bin,2.4,2.5
Oregon,1 wk ahead,percent,0.00199999987989392,Bin,2.5,2.6
Oregon,1 wk ahead,percent,1.76369187192289e-11,Bin,2.6,2.7
Oregon,1 wk ahead,percent,1.76369187192289e-11,Bin,2.7,2.8
Oregon,1 wk ahead,percent,0.00199999987989392,Bin,2.8,2.9
Oregon,1 wk ahead,percent,1.76369187192289e-11,Bin,2.9,3.0
Oregon,1 wk ahead,percent,1.76369187192289e-11,Bin,3.0,3.1
Oregon,1 wk ahead,percent,1.76369187192289e-11,Bin,3.1,3.2
Oregon,1 wk ahead,percent,1.76369187192289e-11,Bin,3.2,3.3
Oregon,1 wk ahead,percent,1.76369187192289e-11,Bin,3.3,3.4
Oregon,1 wk ahead,percent,1.76369187192289e-11,Bin,3.4,3.5
Oregon,1 wk ahead,percent,1.76369187192289e-11,Bin,3.5,3.6
Oregon,1 wk ahead,percent,1.76369187192289e-11,Bin,3.6,3.7
Oregon,1 wk ahead,percent,1.76369187192289e-11,Bin,3.7,3.8
Oregon,1 wk ahead,percent,1.76369187192289e-11,Bin,3.8,3.9
Oregon,1 wk ahead,percent,1.76369187192289e-11,Bin,3.9,4.0
Oregon,1 wk ahead,percent,1.76369187192289e-11,Bin,4.0,4.1
Oregon,1 wk ahead,percent,1.76369187192289e-11,Bin,4.1,4.2
Oregon,1 wk ahead,percent,1.76369187192289e-11,Bin,4.2,4.3
Oregon,1 wk ahead,percent,1.76369187192289e-11,Bin,4.3,4.4
Oregon,1 wk ahead,percent,1.76369187192289e-11,Bin,4.4,4.5
Oregon,1 wk ahead,percent,1.76369187192289e-11,Bin,4.5,4.6
Oregon,1 wk ahead,percent,1.76369187192289e-11,Bin,4.6,4.7
Oregon,1 wk ahead,percent,1.76369187192289e-11,Bin,4.7,4.8
Oregon,1 wk ahead,percent,1.76369187192289e-11,Bin,4.8,4.9
Oregon,1 wk ahead,percent,1.76369187192289e-11,Bin,4.9,5.0
Oregon,1 wk ahead,percent,1.76369187192289e-11,Bin,5.0,5.1
Oregon,1 wk ahead,percent,1.76369187192289e-11,Bin,5.1,5.2
Oregon,1 wk ahead,percent,1.76369187192289e-11,Bin,5.2,5.3
Oregon,1 wk ahead,percent,1.76369187192289e-11,Bin,5.3,5.4
Oregon,1 wk ahead,percent,1.76369187192289e-11,Bin,5.4,5.5
Oregon,1 wk ahead,percent,1.76369187192289e-11,Bin,5.5,5.6
Oregon,1 wk ahead,percent,1.76369187192289e-11,Bin,5.6,5.7
Oregon,1 wk ahead,percent,1.76369187192289e-11,Bin,5.7,5.8
Oregon,1 wk ahead,percent,1.76369187192289e-11,Bin,5.8,5.9
Oregon,1 wk ahead,percent,1.76369187192289e-11,Bin,5.9,6.0
Oregon,1 wk ahead,percent,1.76369187192289e-11,Bin,6.0,6.1
Oregon,1 wk ahead,percent,1.76369187192289e-11,Bin,6.1,6.2
Oregon,1 wk ahead,percent,1.76369187192289e-11,Bin,6.2,6.3
Oregon,1 wk ahead,percent,1.76369187192289e-11,Bin,6.3,6.4
Oregon,1 wk ahead,percent,1.76369187192289e-11,Bin,6.4,6.5
Oregon,1 wk ahead,percent,1.76369187192289e-11,Bin,6.5,6.6
Oregon,1 wk ahead,percent,1.76369187192289e-11,Bin,6.6,6.7
Oregon,1 wk ahead,percent,1.76369187192289e-11,Bin,6.7,6.8
Oregon,1 wk ahead,percent,1.76369187192289e-11,Bin,6.8,6.9
Oregon,1 wk ahead,percent,1.76369187192289e-11,Bin,6.9,7.0
Oregon,1 wk ahead,percent,1.76369187192289e-11,Bin,7.0,7.1
Oregon,1 wk ahead,percent,1.76369187192289e-11,Bin,7.1,7.2
Oregon,1 wk ahead,percent,1.76369187192289e-11,Bin,7.2,7.3
Oregon,1 wk ahead,percent,1.76369187192289e-11,Bin,7.3,7.4
Oregon,1 wk ahead,percent,1.76369187192289e-11,Bin,7.4,7.5
Oregon,1 wk ahead,percent,1.76369187192289e-11,Bin,7.5,7.6
Oregon,1 wk ahead,percent,1.76369187192289e-11,Bin,7.6,7.7
Oregon,1 wk ahead,percent,1.76369187192289e-11,Bin,7.7,7.8
Oregon,1 wk ahead,percent,1.76369187192289e-11,Bin,7.8,7.9
Oregon,1 wk ahead,percent,1.76369187192289e-11,Bin,7.9,8.0
Oregon,1 wk ahead,percent,1.76369187192291e-11,Bin,8.0,8.1
Oregon,1 wk ahead,percent,1.76369187192293e-11,Bin,8.1,8.2
Oregon,1 wk ahead,percent,1.76369187192293e-11,Bin,8.2,8.3
Oregon,1 wk ahead,percent,1.76369187192293e-11,Bin,8.3,8.4
Oregon,1 wk ahead,percent,1.76369187192293e-11,Bin,8.4,8.5
Oregon,1 wk ahead,percent,1.76369187192293e-11,Bin,8.5,8.6
Oregon,1 wk ahead,percent,1.76369187192293e-11,Bin,8.6,8.7
Oregon,1 wk ahead,percent,1.76369187192293e-11,Bin,8.7,8.8
Oregon,1 wk ahead,percent,1.76369187192293e-11,Bin,8.8,8.9
Oregon,1 wk ahead,percent,1.76369187192293e-11,Bin,8.9,9.0
Oregon,1 wk ahead,percent,1.76369187192293e-11,Bin,9.0,9.1
Oregon,1 wk ahead,percent,1.76369187192293e-11,Bin,9.1,9.2
Oregon,1 wk ahead,percent,1.76369187192293e-11,Bin,9.2,9.3
Oregon,1 wk ahead,percent,1.76369187192293e-11,Bin,9.3,9.4
Oregon,1 wk ahead,percent,1.76369187192293e-11,Bin,9.4,9.5
Oregon,1 wk ahead,percent,1.76369187192293e-11,Bin,9.5,9.6
Oregon,1 wk ahead,percent,1.76369187192293e-11,Bin,9.6,9.7
Oregon,1 wk ahead,percent,1.76369187192293e-11,Bin,9.7,9.8
Oregon,1 wk ahead,percent,1.76369187192293e-11,Bin,9.8,9.9
Oregon,1 wk ahead,percent,1.76369187192293e-11,Bin,9.9,10.0
Oregon,1 wk ahead,percent,1.76369187192293e-11,Bin,10.0,10.1
Oregon,1 wk ahead,percent,1.76369187192293e-11,Bin,10.1,10.2
Oregon,1 wk ahead,percent,1.76369187192293e-11,Bin,10.2,10.3
Oregon,1 wk ahead,percent,1.76369187192293e-11,Bin,10.3,10.4
Oregon,1 wk ahead,percent,1.76369187192293e-11,Bin,10.4,10.5
Oregon,1 wk ahead,percent,1.76369187192293e-11,Bin,10.5,10.6
Oregon,1 wk ahead,percent,1.76369187192293e-11,Bin,10.6,10.7
Oregon,1 wk ahead,percent,1.76369187192293e-11,Bin,10.7,10.8
Oregon,1 wk ahead,percent,1.76369187192293e-11,Bin,10.8,10.9
Oregon,1 wk ahead,percent,1.76369187192293e-11,Bin,10.9,11.0
Oregon,1 wk ahead,percent,1.76369187192293e-11,Bin,11.0,11.1
Oregon,1 wk ahead,percent,1.76369187192293e-11,Bin,11.1,11.2
Oregon,1 wk ahead,percent,1.76369187192293e-11,Bin,11.2,11.3
Oregon,1 wk ahead,percent,1.76369187192293e-11,Bin,11.3,11.4
Oregon,1 wk ahead,percent,1.76369187192293e-11,Bin,11.4,11.5
Oregon,1 wk ahead,percent,1.76369187192293e-11,Bin,11.5,11.6
Oregon,1 wk ahead,percent,1.76369187192293e-11,Bin,11.6,11.7
Oregon,1 wk ahead,percent,1.76369187192293e-11,Bin,11.7,11.8
Oregon,1 wk ahead,percent,1.76369187192293e-11,Bin,11.8,11.9
Oregon,1 wk ahead,percent,1.76369187192293e-11,Bin,11.9,12.0
Oregon,1 wk ahead,percent,1.76369187192293e-11,Bin,12.0,12.1
Oregon,1 wk ahead,percent,1.76369187192293e-11,Bin,12.1,12.2
Oregon,1 wk ahead,percent,1.76369187192293e-11,Bin,12.2,12.3
Oregon,1 wk ahead,percent,1.76369187192293e-11,Bin,12.3,12.4
Oregon,1 wk ahead,percent,1.76369187192293e-11,Bin,12.4,12.5
Oregon,1 wk ahead,percent,1.76369187192293e-11,Bin,12.5,12.6
Oregon,1 wk ahead,percent,1.76369187192293e-11,Bin,12.6,12.7
Oregon,1 wk ahead,percent,1.76369187192293e-11,Bin,12.7,12.8
Oregon,1 wk ahead,percent,1.76369187192293e-11,Bin,12.8,12.9
Oregon,1 wk ahead,percent,1.76369187192293e-11,Bin,12.9,13.0
Oregon,1 wk ahead,percent,1.76369187192293e-11,Bin,13.0,100.0
Oregon,2 wk ahead,percent,1.74495892396313e-09,Bin,0.0,0.1
Oregon,2 wk ahead,percent,0.0140000035370183,Bin,0.1,0.2
Oregon,2 wk ahead,percent,0.0260000029527036,Bin,0.2,0.3
Oregon,2 wk ahead,percent,0.0739999986718886,Bin,0.3,0.4
Oregon,2 wk ahead,percent,0.0819999980637133,Bin,0.4,0.5
Oregon,2 wk ahead,percent,0.119999997483869,Bin,0.5,0.6
Oregon,2 wk ahead,percent,0.143999999162062,Bin,0.6,0.7
Oregon,2 wk ahead,percent,0.13000000187974,Bin,0.7,0.8
Oregon,2 wk ahead,percent,0.118000001183714,Bin,0.8,0.9
Oregon,2 wk ahead,percent,0.0939999997913366,Bin,0.9,1.0
Oregon,2 wk ahead,percent,0.0460000003805067,Bin,1.0,1.1
Oregon,2 wk ahead,percent,0.0399999986342025,Bin,1.1,1.2
Oregon,2 wk ahead,percent,0.0299999982207131,Bin,1.2,1.3
Oregon,2 wk ahead,percent,0.0159999988931607,Bin,1.3,1.4
Oregon,2 wk ahead,percent,0.0159999988550831,Bin,1.4,1.5
Oregon,2 wk ahead,percent,0.0179999987074024,Bin,1.5,1.6
Oregon,2 wk ahead,percent,0.00399999974116742,Bin,1.6,1.7
Oregon,2 wk ahead,percent,0.00199999988884814,Bin,1.7,1.8
Oregon,2 wk ahead,percent,0.0059999995934867,Bin,1.8,1.9
Oregon,2 wk ahead,percent,0.00399999974116742,Bin,1.9,2.0
Oregon,2 wk ahead,percent,3.65288572199894e-11,Bin,2.0,2.1
Oregon,2 wk ahead,percent,0.00199999988884814,Bin,2.1,2.2
Oregon,2 wk ahead,percent,0.00199999988884814,Bin,2.2,2.3
Oregon,2 wk ahead,percent,0.0059999995934867,Bin,2.3,2.4
Oregon,2 wk ahead,percent,3.65288572199893e-11,Bin,2.4,2.5
Oregon,2 wk ahead,percent,0.00199999988884814,Bin,2.5,2.6
Oregon,2 wk ahead,percent,3.65288572199893e-11,Bin,2.6,2.7
Oregon,2 wk ahead,percent,3.65288572199893e-11,Bin,2.7,2.8
Oregon,2 wk ahead,percent,3.65288572199893e-11,Bin,2.8,2.9
Oregon,2 wk ahead,percent,3.65288572199893e-11,Bin,2.9,3.0
Oregon,2 wk ahead,percent,3.65288572199893e-11,Bin,3.0,3.1
Oregon,2 wk ahead,percent,0.00199999988884814,Bin,3.1,3.2
Oregon,2 wk ahead,percent,3.65288572199893e-11,Bin,3.2,3.3
Oregon,2 wk ahead,percent,3.65288572199893e-11,Bin,3.3,3.4
Oregon,2 wk ahead,percent,3.65288572199893e-11,Bin,3.4,3.5
Oregon,2 wk ahead,percent,3.65288572199893e-11,Bin,3.5,3.6
Oregon,2 wk ahead,percent,0.00199999988884814,Bin,3.6,3.7
Oregon,2 wk ahead,percent,3.65288572199893e-11,Bin,3.7,3.8
Oregon,2 wk ahead,percent,3.65288572199893e-11,Bin,3.8,3.9
Oregon,2 wk ahead,percent,3.65288572199893e-11,Bin,3.9,4.0
Oregon,2 wk ahead,percent,3.65288572199893e-11,Bin,4.0,4.1
Oregon,2 wk ahead,percent,3.65288572199893e-11,Bin,4.1,4.2
Oregon,2 wk ahead,percent,3.65288572199893e-11,Bin,4.2,4.3
Oregon,2 wk ahead,percent,3.65288572199893e-11,Bin,4.3,4.4
Oregon,2 wk ahead,percent,3.65288572199893e-11,Bin,4.4,4.5
Oregon,2 wk ahead,percent,3.65288572199893e-11,Bin,4.5,4.6
Oregon,2 wk ahead,percent,3.65288572199893e-11,Bin,4.6,4.7
Oregon,2 wk ahead,percent,3.65288572199893e-11,Bin,4.7,4.8
Oregon,2 wk ahead,percent,3.65288572199893e-11,Bin,4.8,4.9
Oregon,2 wk ahead,percent,3.65288572199893e-11,Bin,4.9,5.0
Oregon,2 wk ahead,percent,3.65288572199893e-11,Bin,5.0,5.1
Oregon,2 wk ahead,percent,3.65288572199893e-11,Bin,5.1,5.2
Oregon,2 wk ahead,percent,3.65288572199893e-11,Bin,5.2,5.3
Oregon,2 wk ahead,percent,3.65288572199893e-11,Bin,5.3,5.4
Oregon,2 wk ahead,percent,3.65288572199893e-11,Bin,5.4,5.5
Oregon,2 wk ahead,percent,3.65288572199893e-11,Bin,5.5,5.6
Oregon,2 wk ahead,percent,3.65288572199893e-11,Bin,5.6,5.7
Oregon,2 wk ahead,percent,3.65288572199893e-11,Bin,5.7,5.8
Oregon,2 wk ahead,percent,3.65288572199893e-11,Bin,5.8,5.9
Oregon,2 wk ahead,percent,3.65288572199893e-11,Bin,5.9,6.0
Oregon,2 wk ahead,percent,3.65288572199893e-11,Bin,6.0,6.1
Oregon,2 wk ahead,percent,3.65288572199893e-11,Bin,6.1,6.2
Oregon,2 wk ahead,percent,3.65288572199893e-11,Bin,6.2,6.3
Oregon,2 wk ahead,percent,3.65288572199893e-11,Bin,6.3,6.4
Oregon,2 wk ahead,percent,3.65288572199893e-11,Bin,6.4,6.5
Oregon,2 wk ahead,percent,3.65288572199893e-11,Bin,6.5,6.6
Oregon,2 wk ahead,percent,3.65288572199893e-11,Bin,6.6,6.7
Oregon,2 wk ahead,percent,3.65288572199893e-11,Bin,6.7,6.8
Oregon,2 wk ahead,percent,3.65288572199893e-11,Bin,6.8,6.9
Oregon,2 wk ahead,percent,3.65288572199893e-11,Bin,6.9,7.0
Oregon,2 wk ahead,percent,3.65288572199893e-11,Bin,7.0,7.1
Oregon,2 wk ahead,percent,3.65288572199893e-11,Bin,7.1,7.2
Oregon,2 wk ahead,percent,3.65288572199893e-11,Bin,7.2,7.3
Oregon,2 wk ahead,percent,3.65288572199893e-11,Bin,7.3,7.4
Oregon,2 wk ahead,percent,3.65288572199893e-11,Bin,7.4,7.5
Oregon,2 wk ahead,percent,3.65288572199893e-11,Bin,7.5,7.6
Oregon,2 wk ahead,percent,3.65288572199893e-11,Bin,7.6,7.7
Oregon,2 wk ahead,percent,3.65288572199893e-11,Bin,7.7,7.8
Oregon,2 wk ahead,percent,3.65288572199893e-11,Bin,7.8,7.9
Oregon,2 wk ahead,percent,3.65288572199893e-11,Bin,7.9,8.0
Oregon,2 wk ahead,percent,3.65288572199897e-11,Bin,8.0,8.1
Oregon,2 wk ahead,percent,3.652885721999e-11,Bin,8.1,8.2
Oregon,2 wk ahead,percent,3.652885721999e-11,Bin,8.2,8.3
Oregon,2 wk ahead,percent,3.652885721999e-11,Bin,8.3,8.4
Oregon,2 wk ahead,percent,3.652885721999e-11,Bin,8.4,8.5
Oregon,2 wk ahead,percent,3.652885721999e-11,Bin,8.5,8.6
Oregon,2 wk ahead,percent,3.652885721999e-11,Bin,8.6,8.7
Oregon,2 wk ahead,percent,3.652885721999e-11,Bin,8.7,8.8
Oregon,2 wk ahead,percent,3.652885721999e-11,Bin,8.8,8.9
Oregon,2 wk ahead,percent,3.652885721999e-11,Bin,8.9,9.0
Oregon,2 wk ahead,percent,3.652885721999e-11,Bin,9.0,9.1
Oregon,2 wk ahead,percent,3.652885721999e-11,Bin,9.1,9.2
Oregon,2 wk ahead,percent,3.652885721999e-11,Bin,9.2,9.3
Oregon,2 wk ahead,percent,3.652885721999e-11,Bin,9.3,9.4
Oregon,2 wk ahead,percent,3.652885721999e-11,Bin,9.4,9.5
Oregon,2 wk ahead,percent,3.652885721999e-11,Bin,9.5,9.6
Oregon,2 wk ahead,percent,3.652885721999e-11,Bin,9.6,9.7
Oregon,2 wk ahead,percent,3.652885721999e-11,Bin,9.7,9.8
Oregon,2 wk ahead,percent,3.652885721999e-11,Bin,9.8,9.9
Oregon,2 wk ahead,percent,3.652885721999e-11,Bin,9.9,10.0
Oregon,2 wk ahead,percent,3.652885721999e-11,Bin,10.0,10.1
Oregon,2 wk ahead,percent,3.652885721999e-11,Bin,10.1,10.2
Oregon,2 wk ahead,percent,3.652885721999e-11,Bin,10.2,10.3
Oregon,2 wk ahead,percent,3.652885721999e-11,Bin,10.3,10.4
Oregon,2 wk ahead,percent,3.652885721999e-11,Bin,10.4,10.5
Oregon,2 wk ahead,percent,3.652885721999e-11,Bin,10.5,10.6
Oregon,2 wk ahead,percent,3.652885721999e-11,Bin,10.6,10.7
Oregon,2 wk ahead,percent,3.652885721999e-11,Bin,10.7,10.8
Oregon,2 wk ahead,percent,3.652885721999e-11,Bin,10.8,10.9
Oregon,2 wk ahead,percent,3.652885721999e-11,Bin,10.9,11.0
Oregon,2 wk ahead,percent,3.652885721999e-11,Bin,11.0,11.1
Oregon,2 wk ahead,percent,3.652885721999e-11,Bin,11.1,11.2
Oregon,2 wk ahead,percent,3.652885721999e-11,Bin,11.2,11.3
Oregon,2 wk ahead,percent,3.652885721999e-11,Bin,11.3,11.4
Oregon,2 wk ahead,percent,3.652885721999e-11,Bin,11.4,11.5
Oregon,2 wk ahead,percent,3.652885721999e-11,Bin,11.5,11.6
Oregon,2 wk ahead,percent,3.652885721999e-11,Bin,11.6,11.7
Oregon,2 wk ahead,percent,3.652885721999e-11,Bin,11.7,11.8
Oregon,2 wk ahead,percent,3.652885721999e-11,Bin,11.8,11.9
Oregon,2 wk ahead,percent,3.652885721999e-11,Bin,11.9,12.0
Oregon,2 wk ahead,percent,3.652885721999e-11,Bin,12.0,12.1
Oregon,2 wk ahead,percent,3.652885721999e-11,Bin,12.1,12.2
Oregon,2 wk ahead,percent,3.652885721999e-11,Bin,12.2,12.3
Oregon,2 wk ahead,percent,3.652885721999e-11,Bin,12.3,12.4
Oregon,2 wk ahead,percent,3.652885721999e-11,Bin,12.4,12.5
Oregon,2 wk ahead,percent,3.652885721999e-11,Bin,12.5,12.6
Oregon,2 wk ahead,percent,3.652885721999e-11,Bin,12.6,12.7
Oregon,2 wk ahead,percent,3.652885721999e-11,Bin,12.7,12.8
Oregon,2 wk ahead,percent,3.652885721999e-11,Bin,12.8,12.9
Oregon,2 wk ahead,percent,3.652885721999e-11,Bin,12.9,13.0
Oregon,2 wk ahead,percent,3.652885721999e-11,Bin,13.0,100.0
Oregon,3 wk ahead,percent,6.52175915232727e-09,Bin,0.0,0.1
Oregon,3 wk ahead,percent,0.014000012778053,Bin,0.1,0.2
Oregon,3 wk ahead,percent,0.0340000116062046,Bin,0.2,0.3
Oregon,3 wk ahead,percent,0.119999995509244,Bin,0.3,0.4
Oregon,3 wk ahead,percent,0.147999990353884,Bin,0.4,0.5
Oregon,3 wk ahead,percent,0.165999986081333,Bin,0.5,0.6
Oregon,3 wk ahead,percent,0.119999994294658,Bin,0.6,0.7
Oregon,3 wk ahead,percent,0.135999988826393,Bin,0.7,0.8
Oregon,3 wk ahead,percent,0.0939999952765685,Bin,0.8,0.9
Oregon,3 wk ahead,percent,0.05800000045176,Bin,0.9,1.0
Oregon,3 wk ahead,percent,0.0320000036456948,Bin,1.0,1.1
Oregon,3 wk ahead,percent,0.0280000023472905,Bin,1.1,1.2
Oregon,3 wk ahead,percent,0.0160000028531483,Bin,1.2,1.3
Oregon,3 wk ahead,percent,0.00600000310504848,Bin,1.3,1.4
Oregon,3 wk ahead,percent,0.00400000195248084,Bin,1.4,1.5
Oregon,3 wk ahead,percent,0.0099999994985194,Bin,1.5,1.6
Oregon,3 wk ahead,percent,0.00799999913177227,Bin,1.6,1.7
Oregon,3 wk ahead,percent,0.0019999999440944,Bin,1.7,1.8
Oregon,3 wk ahead,percent,1.43223912363591e-10,Bin,1.8,1.9
Oregon,3 wk ahead,percent,6.16595846205068e-11,Bin,1.9,2.0
Oregon,3 wk ahead,percent,0.00199999963737647,Bin,2.0,2.1
Oregon,3 wk ahead,percent,5.81876823233107e-11,Bin,2.1,2.2
Oregon,3 wk ahead,percent,5.81876823233107e-11,Bin,2.2,2.3
Oregon,3 wk ahead,percent,5.81876823233107e-11,Bin,2.3,2.4
Oregon,3 wk ahead,percent,5.81876823233107e-11,Bin,2.4,2.5
Oregon,3 wk ahead,percent,5.81876823233107e-11,Bin,2.5,2.6
Oregon,3 wk ahead,percent,5.81876823233107e-11,Bin,2.6,2.7
Oregon,3 wk ahead,percent,5.81876823233107e-11,Bin,2.7,2.8
Oregon,3 wk ahead,percent,0.00199999963737647,Bin,2.8,2.9
Oregon,3 wk ahead,percent,5.81876823233107e-11,Bin,2.9,3.0
Oregon,3 wk ahead,percent,5.81876823233107e-11,Bin,3.0,3.1
Oregon,3 wk ahead,percent,5.81876823233107e-11,Bin,3.1,3.2
Oregon,3 wk ahead,percent,5.81876823233107e-11,Bin,3.2,3.3
Oregon,3 wk ahead,percent,5.81876823233107e-11,Bin,3.3,3.4
Oregon,3 wk ahead,percent,5.81876823233107e-11,Bin,3.4,3.5
Oregon,3 wk ahead,percent,5.81876823233107e-11,Bin,3.5,3.6
Oregon,3 wk ahead,percent,5.81876823233107e-11,Bin,3.6,3.7
Oregon,3 wk ahead,percent,5.81876823233107e-11,Bin,3.7,3.8
Oregon,3 wk ahead,percent,5.81876823233107e-11,Bin,3.8,3.9
Oregon,3 wk ahead,percent,5.81876823233107e-11,Bin,3.9,4.0
Oregon,3 wk ahead,percent,5.81876823233107e-11,Bin,4.0,4.1
Oregon,3 wk ahead,percent,5.81876823233107e-11,Bin,4.1,4.2
Oregon,3 wk ahead,percent,5.81876823233107e-11,Bin,4.2,4.3
Oregon,3 wk ahead,percent,5.81876823233107e-11,Bin,4.3,4.4
Oregon,3 wk ahead,percent,5.81876823233107e-11,Bin,4.4,4.5
Oregon,3 wk ahead,percent,5.81876823233107e-11,Bin,4.5,4.6
Oregon,3 wk ahead,percent,5.81876823233107e-11,Bin,4.6,4.7
Oregon,3 wk ahead,percent,5.81876823233107e-11,Bin,4.7,4.8
Oregon,3 wk ahead,percent,5.81876823233107e-11,Bin,4.8,4.9
Oregon,3 wk ahead,percent,5.81876823233107e-11,Bin,4.9,5.0
Oregon,3 wk ahead,percent,5.81876823233107e-11,Bin,5.0,5.1
Oregon,3 wk ahead,percent,5.81876823233107e-11,Bin,5.1,5.2
Oregon,3 wk ahead,percent,5.81876823233107e-11,Bin,5.2,5.3
Oregon,3 wk ahead,percent,5.81876823233107e-11,Bin,5.3,5.4
Oregon,3 wk ahead,percent,5.81876823233107e-11,Bin,5.4,5.5
Oregon,3 wk ahead,percent,5.81876823233107e-11,Bin,5.5,5.6
Oregon,3 wk ahead,percent,5.81876823233107e-11,Bin,5.6,5.7
Oregon,3 wk ahead,percent,5.81876823233107e-11,Bin,5.7,5.8
Oregon,3 wk ahead,percent,5.81876823233107e-11,Bin,5.8,5.9
Oregon,3 wk ahead,percent,5.81876823233107e-11,Bin,5.9,6.0
Oregon,3 wk ahead,percent,5.81876823233107e-11,Bin,6.0,6.1
Oregon,3 wk ahead,percent,5.81876823233107e-11,Bin,6.1,6.2
Oregon,3 wk ahead,percent,5.81876823233107e-11,Bin,6.2,6.3
Oregon,3 wk ahead,percent,5.81876823233107e-11,Bin,6.3,6.4
Oregon,3 wk ahead,percent,5.81876823233107e-11,Bin,6.4,6.5
Oregon,3 wk ahead,percent,5.81876823233107e-11,Bin,6.5,6.6
Oregon,3 wk ahead,percent,5.81876823233107e-11,Bin,6.6,6.7
Oregon,3 wk ahead,percent,5.81876823233107e-11,Bin,6.7,6.8
Oregon,3 wk ahead,percent,5.81876823233107e-11,Bin,6.8,6.9
Oregon,3 wk ahead,percent,5.81876823233107e-11,Bin,6.9,7.0
Oregon,3 wk ahead,percent,5.81876823233107e-11,Bin,7.0,7.1
Oregon,3 wk ahead,percent,5.81876823233107e-11,Bin,7.1,7.2
Oregon,3 wk ahead,percent,5.81876823233107e-11,Bin,7.2,7.3
Oregon,3 wk ahead,percent,5.81876823233107e-11,Bin,7.3,7.4
Oregon,3 wk ahead,percent,5.81876823233107e-11,Bin,7.4,7.5
Oregon,3 wk ahead,percent,5.81876823233107e-11,Bin,7.5,7.6
Oregon,3 wk ahead,percent,5.81876823233107e-11,Bin,7.6,7.7
Oregon,3 wk ahead,percent,5.81876823233107e-11,Bin,7.7,7.8
Oregon,3 wk ahead,percent,5.81876823233107e-11,Bin,7.8,7.9
Oregon,3 wk ahead,percent,5.81876823233107e-11,Bin,7.9,8.0
Oregon,3 wk ahead,percent,5.81876823233112e-11,Bin,8.0,8.1
Oregon,3 wk ahead,percent,5.81876823233117e-11,Bin,8.1,8.2
Oregon,3 wk ahead,percent,5.81876823233117e-11,Bin,8.2,8.3
Oregon,3 wk ahead,percent,5.81876823233117e-11,Bin,8.3,8.4
Oregon,3 wk ahead,percent,5.81876823233117e-11,Bin,8.4,8.5
Oregon,3 wk ahead,percent,5.81876823233117e-11,Bin,8.5,8.6
Oregon,3 wk ahead,percent,5.81876823233117e-11,Bin,8.6,8.7
Oregon,3 wk ahead,percent,5.81876823233117e-11,Bin,8.7,8.8
Oregon,3 wk ahead,percent,5.81876823233117e-11,Bin,8.8,8.9
Oregon,3 wk ahead,percent,5.81876823233117e-11,Bin,8.9,9.0
Oregon,3 wk ahead,percent,5.81876823233117e-11,Bin,9.0,9.1
Oregon,3 wk ahead,percent,5.81876823233117e-11,Bin,9.1,9.2
Oregon,3 wk ahead,percent,5.81876823233117e-11,Bin,9.2,9.3
Oregon,3 wk ahead,percent,5.81876823233117e-11,Bin,9.3,9.4
Oregon,3 wk ahead,percent,5.81876823233117e-11,Bin,9.4,9.5
Oregon,3 wk ahead,percent,5.81876823233117e-11,Bin,9.5,9.6
Oregon,3 wk ahead,percent,5.81876823233117e-11,Bin,9.6,9.7
Oregon,3 wk ahead,percent,5.81876823233117e-11,Bin,9.7,9.8
Oregon,3 wk ahead,percent,5.81876823233117e-11,Bin,9.8,9.9
Oregon,3 wk ahead,percent,5.81876823233117e-11,Bin,9.9,10.0
Oregon,3 wk ahead,percent,5.81876823233117e-11,Bin,10.0,10.1
Oregon,3 wk ahead,percent,5.81876823233117e-11,Bin,10.1,10.2
Oregon,3 wk ahead,percent,5.81876823233117e-11,Bin,10.2,10.3
Oregon,3 wk ahead,percent,5.81876823233117e-11,Bin,10.3,10.4
Oregon,3 wk ahead,percent,5.81876823233117e-11,Bin,10.4,10.5
Oregon,3 wk ahead,percent,5.81876823233117e-11,Bin,10.5,10.6
Oregon,3 wk ahead,percent,5.81876823233117e-11,Bin,10.6,10.7
Oregon,3 wk ahead,percent,5.81876823233117e-11,Bin,10.7,10.8
Oregon,3 wk ahead,percent,5.81876823233117e-11,Bin,10.8,10.9
Oregon,3 wk ahead,percent,5.81876823233117e-11,Bin,10.9,11.0
Oregon,3 wk ahead,percent,5.81876823233117e-11,Bin,11.0,11.1
Oregon,3 wk ahead,percent,5.81876823233117e-11,Bin,11.1,11.2
Oregon,3 wk ahead,percent,5.81876823233117e-11,Bin,11.2,11.3
Oregon,3 wk ahead,percent,5.81876823233117e-11,Bin,11.3,11.4
Oregon,3 wk ahead,percent,5.81876823233117e-11,Bin,11.4,11.5
Oregon,3 wk ahead,percent,5.81876823233117e-11,Bin,11.5,11.6
Oregon,3 wk ahead,percent,5.81876823233117e-11,Bin,11.6,11.7
Oregon,3 wk ahead,percent,5.81876823233117e-11,Bin,11.7,11.8
Oregon,3 wk ahead,percent,5.81876823233117e-11,Bin,11.8,11.9
Oregon,3 wk ahead,percent,5.81876823233117e-11,Bin,11.9,12.0
Oregon,3 wk ahead,percent,5.81876823233117e-11,Bin,12.0,12.1
Oregon,3 wk ahead,percent,5.81876823233117e-11,Bin,12.1,12.2
Oregon,3 wk ahead,percent,5.81876823233117e-11,Bin,12.2,12.3
Oregon,3 wk ahead,percent,5.81876823233117e-11,Bin,12.3,12.4
Oregon,3 wk ahead,percent,5.81876823233117e-11,Bin,12.4,12.5
Oregon,3 wk ahead,percent,5.81876823233117e-11,Bin,12.5,12.6
Oregon,3 wk ahead,percent,5.81876823233117e-11,Bin,12.6,12.7
Oregon,3 wk ahead,percent,5.81876823233117e-11,Bin,12.7,12.8
Oregon,3 wk ahead,percent,5.81876823233117e-11,Bin,12.8,12.9
Oregon,3 wk ahead,percent,5.81876823233117e-11,Bin,12.9,13.0
Oregon,3 wk ahead,percent,5.81876823233117e-11,Bin,13.0,100.0
Oregon,4 wk ahead,percent,9.69026069689197e-09,Bin,0.0,0.1
Oregon,4 wk ahead,percent,0.014000022251791,Bin,0.1,0.2
Oregon,4 wk ahead,percent,0.0720000155585227,Bin,0.2,0.3
Oregon,4 wk ahead,percent,0.161999998501468,Bin,0.3,0.4
Oregon,4 wk ahead,percent,0.185999991587357,Bin,0.4,0.5
Oregon,4 wk ahead,percent,0.171999989733911,Bin,0.5,0.6
Oregon,4 wk ahead,percent,0.119999994321509,Bin,0.6,0.7
Oregon,4 wk ahead,percent,0.0859999949089526,Bin,0.7,0.8
Oregon,4 wk ahead,percent,0.0619999942457782,Bin,0.8,0.9
Oregon,4 wk ahead,percent,0.0479999931816574,Bin,0.9,1.0
Oregon,4 wk ahead,percent,0.025999995664457,Bin,1.0,1.1
Oregon,4 wk ahead,percent,0.0159999969308877,Bin,1.1,1.2
Oregon,4 wk ahead,percent,0.00999999799575753,Bin,1.2,1.3
Oregon,4 wk ahead,percent,0.00799999841371354,Bin,1.3,1.4
Oregon,4 wk ahead,percent,0.00599999883334206,Bin,1.4,1.5
Oregon,4 wk ahead,percent,0.00799999841371354,Bin,1.5,1.6
Oregon,4 wk ahead,percent,9.22276296296961e-11,Bin,1.6,1.7
Oregon,4 wk ahead,percent,0.00199999967259911,Bin,1.7,1.8
Oregon,4 wk ahead,percent,9.22276296296961e-11,Bin,1.8,1.9
Oregon,4 wk ahead,percent,9.22276296296961e-11,Bin,1.9,2.0
Oregon,4 wk ahead,percent,9.22276296296959e-11,Bin,2.0,2.1
Oregon,4 wk ahead,percent,9.22276296296957e-11,Bin,2.1,2.2
Oregon,4 wk ahead,percent,9.22276296296957e-11,Bin,2.2,2.3
Oregon,4 wk ahead,percent,9.22276296296957e-11,Bin,2.3,2.4
Oregon,4 wk ahead,percent,9.22276296296957e-11,Bin,2.4,2.5
Oregon,4 wk ahead,percent,9.22276296296957e-11,Bin,2.5,2.6
Oregon,4 wk ahead,percent,9.22276296296957e-11,Bin,2.6,2.7
Oregon,4 wk ahead,percent,9.22276296296957e-11,Bin,2.7,2.8
Oregon,4 wk ahead,percent,9.22276296296957e-11,Bin,2.8,2.9
Oregon,4 wk ahead,percent,9.22276296296957e-11,Bin,2.9,3.0
Oregon,4 wk ahead,percent,9.22276296296957e-11,Bin,3.0,3.1
Oregon,4 wk ahead,percent,9.22276296296957e-11,Bin,3.1,3.2
Oregon,4 wk ahead,percent,9.22276296296957e-11,Bin,3.2,3.3
Oregon,4 wk ahead,percent,9.22276296296957e-11,Bin,3.3,3.4
Oregon,4 wk ahead,percent,9.22276296296957e-11,Bin,3.4,3.5
Oregon,4 wk ahead,percent,9.22276296296957e-11,Bin,3.5,3.6
Oregon,4 wk ahead,percent,9.22276296296957e-11,Bin,3.6,3.7
Oregon,4 wk ahead,percent,9.22276296296957e-11,Bin,3.7,3.8
Oregon,4 wk ahead,percent,9.22276296296957e-11,Bin,3.8,3.9
Oregon,4 wk ahead,percent,9.22276296296957e-11,Bin,3.9,4.0
Oregon,4 wk ahead,percent,9.22276296296957e-11,Bin,4.0,4.1
Oregon,4 wk ahead,percent,0.00199999967259911,Bin,4.1,4.2
Oregon,4 wk ahead,percent,9.22276296296957e-11,Bin,4.2,4.3
Oregon,4 wk ahead,percent,9.22276296296957e-11,Bin,4.3,4.4
Oregon,4 wk ahead,percent,9.22276296296957e-11,Bin,4.4,4.5
Oregon,4 wk ahead,percent,9.22276296296957e-11,Bin,4.5,4.6
Oregon,4 wk ahead,percent,9.22276296296957e-11,Bin,4.6,4.7
Oregon,4 wk ahead,percent,9.22276296296957e-11,Bin,4.7,4.8
Oregon,4 wk ahead,percent,9.22276296296957e-11,Bin,4.8,4.9
Oregon,4 wk ahead,percent,9.22276296296957e-11,Bin,4.9,5.0
Oregon,4 wk ahead,percent,9.22276296296957e-11,Bin,5.0,5.1
Oregon,4 wk ahead,percent,9.22276296296957e-11,Bin,5.1,5.2
Oregon,4 wk ahead,percent,9.22276296296957e-11,Bin,5.2,5.3
Oregon,4 wk ahead,percent,9.22276296296957e-11,Bin,5.3,5.4
Oregon,4 wk ahead,percent,9.22276296296957e-11,Bin,5.4,5.5
Oregon,4 wk ahead,percent,9.22276296296957e-11,Bin,5.5,5.6
Oregon,4 wk ahead,percent,9.22276296296957e-11,Bin,5.6,5.7
Oregon,4 wk ahead,percent,9.22276296296957e-11,Bin,5.7,5.8
Oregon,4 wk ahead,percent,9.22276296296957e-11,Bin,5.8,5.9
Oregon,4 wk ahead,percent,9.22276296296957e-11,Bin,5.9,6.0
Oregon,4 wk ahead,percent,9.22276296296957e-11,Bin,6.0,6.1
Oregon,4 wk ahead,percent,9.22276296296957e-11,Bin,6.1,6.2
Oregon,4 wk ahead,percent,9.22276296296957e-11,Bin,6.2,6.3
Oregon,4 wk ahead,percent,9.22276296296957e-11,Bin,6.3,6.4
Oregon,4 wk ahead,percent,9.22276296296957e-11,Bin,6.4,6.5
Oregon,4 wk ahead,percent,9.22276296296957e-11,Bin,6.5,6.6
Oregon,4 wk ahead,percent,9.22276296296957e-11,Bin,6.6,6.7
Oregon,4 wk ahead,percent,9.22276296296957e-11,Bin,6.7,6.8
Oregon,4 wk ahead,percent,9.22276296296957e-11,Bin,6.8,6.9
Oregon,4 wk ahead,percent,9.22276296296957e-11,Bin,6.9,7.0
Oregon,4 wk ahead,percent,9.22276296296957e-11,Bin,7.0,7.1
Oregon,4 wk ahead,percent,9.22276296296957e-11,Bin,7.1,7.2
Oregon,4 wk ahead,percent,9.22276296296957e-11,Bin,7.2,7.3
Oregon,4 wk ahead,percent,9.22276296296957e-11,Bin,7.3,7.4
Oregon,4 wk ahead,percent,9.22276296296957e-11,Bin,7.4,7.5
Oregon,4 wk ahead,percent,9.22276296296957e-11,Bin,7.5,7.6
Oregon,4 wk ahead,percent,9.22276296296957e-11,Bin,7.6,7.7
Oregon,4 wk ahead,percent,9.22276296296957e-11,Bin,7.7,7.8
Oregon,4 wk ahead,percent,9.22276296296957e-11,Bin,7.8,7.9
Oregon,4 wk ahead,percent,9.22276296296957e-11,Bin,7.9,8.0
Oregon,4 wk ahead,percent,9.22276296296965e-11,Bin,8.0,8.1
Oregon,4 wk ahead,percent,9.22276296296973e-11,Bin,8.1,8.2
Oregon,4 wk ahead,percent,9.22276296296973e-11,Bin,8.2,8.3
Oregon,4 wk ahead,percent,9.22276296296973e-11,Bin,8.3,8.4
Oregon,4 wk ahead,percent,9.22276296296973e-11,Bin,8.4,8.5
Oregon,4 wk ahead,percent,9.22276296296973e-11,Bin,8.5,8.6
Oregon,4 wk ahead,percent,9.22276296296973e-11,Bin,8.6,8.7
Oregon,4 wk ahead,percent,9.22276296296973e-11,Bin,8.7,8.8
Oregon,4 wk ahead,percent,9.22276296296973e-11,Bin,8.8,8.9
Oregon,4 wk ahead,percent,9.22276296296973e-11,Bin,8.9,9.0
Oregon,4 wk ahead,percent,9.22276296296973e-11,Bin,9.0,9.1
Oregon,4 wk ahead,percent,9.22276296296973e-11,Bin,9.1,9.2
Oregon,4 wk ahead,percent,9.22276296296973e-11,Bin,9.2,9.3
Oregon,4 wk ahead,percent,9.22276296296973e-11,Bin,9.3,9.4
Oregon,4 wk ahead,percent,9.22276296296973e-11,Bin,9.4,9.5
Oregon,4 wk ahead,percent,9.22276296296973e-11,Bin,9.5,9.6
Oregon,4 wk ahead,percent,9.22276296296973e-11,Bin,9.6,9.7
Oregon,4 wk ahead,percent,9.22276296296973e-11,Bin,9.7,9.8
Oregon,4 wk ahead,percent,9.22276296296973e-11,Bin,9.8,9.9
Oregon,4 wk ahead,percent,9.22276296296973e-11,Bin,9.9,10.0
Oregon,4 wk ahead,percent,9.22276296296973e-11,Bin,10.0,10.1
Oregon,4 wk ahead,percent,9.22276296296973e-11,Bin,10.1,10.2
Oregon,4 wk ahead,percent,9.22276296296973e-11,Bin,10.2,10.3
Oregon,4 wk ahead,percent,9.22276296296973e-11,Bin,10.3,10.4
Oregon,4 wk ahead,percent,9.22276296296973e-11,Bin,10.4,10.5
Oregon,4 wk ahead,percent,9.22276296296973e-11,Bin,10.5,10.6
Oregon,4 wk ahead,percent,9.22276296296973e-11,Bin,10.6,10.7
Oregon,4 wk ahead,percent,9.22276296296973e-11,Bin,10.7,10.8
Oregon,4 wk ahead,percent,9.22276296296973e-11,Bin,10.8,10.9
Oregon,4 wk ahead,percent,9.22276296296973e-11,Bin,10.9,11.0
Oregon,4 wk ahead,percent,9.22276296296973e-11,Bin,11.0,11.1
Oregon,4 wk ahead,percent,9.22276296296973e-11,Bin,11.1,11.2
Oregon,4 wk ahead,percent,9.22276296296973e-11,Bin,11.2,11.3
Oregon,4 wk ahead,percent,9.22276296296973e-11,Bin,11.3,11.4
Oregon,4 wk ahead,percent,9.22276296296973e-11,Bin,11.4,11.5
Oregon,4 wk ahead,percent,9.22276296296973e-11,Bin,11.5,11.6
Oregon,4 wk ahead,percent,9.22276296296973e-11,Bin,11.6,11.7
Oregon,4 wk ahead,percent,9.22276296296973e-11,Bin,11.7,11.8
Oregon,4 wk ahead,percent,9.22276296296973e-11,Bin,11.8,11.9
Oregon,4 wk ahead,percent,9.22276296296973e-11,Bin,11.9,12.0
Oregon,4 wk ahead,percent,9.22276296296973e-11,Bin,12.0,12.1
Oregon,4 wk ahead,percent,9.22276296296973e-11,Bin,12.1,12.2
Oregon,4 wk ahead,percent,9.22276296296973e-11,Bin,12.2,12.3
Oregon,4 wk ahead,percent,9.22276296296973e-11,Bin,12.3,12.4
Oregon,4 wk ahead,percent,9.22276296296973e-11,Bin,12.4,12.5
Oregon,4 wk ahead,percent,9.22276296296973e-11,Bin,12.5,12.6
Oregon,4 wk ahead,percent,9.22276296296973e-11,Bin,12.6,12.7
Oregon,4 wk ahead,percent,9.22276296296973e-11,Bin,12.7,12.8
Oregon,4 wk ahead,percent,9.22276296296973e-11,Bin,12.8,12.9
Oregon,4 wk ahead,percent,9.22276296296973e-11,Bin,12.9,13.0
Oregon,4 wk ahead,percent,9.22276296296973e-11,Bin,13.0,100.0
Oregon,Season peak percentage,percent,5.40924069313512e-13,Bin,0.0,0.1
Oregon,Season peak percentage,percent,1.24117701382796e-12,Bin,0.1,0.2
Oregon,Season peak percentage,percent,1.4801778546598e-12,Bin,0.2,0.3
Oregon,Season peak percentage,percent,1.75354658790962e-12,Bin,0.3,0.4
Oregon,Season peak percentage,percent,2.06351248885231e-12,Bin,0.4,0.5
Oregon,Season peak percentage,percent,2.41218827201322e-12,Bin,0.5,0.6
Oregon,Season peak percentage,percent,2.80176007635634e-12,Bin,0.6,0.7
Oregon,Season peak percentage,percent,3.23317408941992e-12,Bin,0.7,0.8
Oregon,Season peak percentage,percent,3.70719304540773e-12,Bin,0.8,0.9
Oregon,Season peak percentage,percent,4.2244580650722e-12,Bin,0.9,1.0
Oregon,Season peak percentage,percent,4.78404197039532e-12,Bin,1.0,1.1
Oregon,Season peak percentage,percent,5.38470282414855e-12,Bin,1.1,1.2
Oregon,Season peak percentage,percent,6.02488451523542e-12,Bin,1.2,1.3
Oregon,Season peak percentage,percent,6.70153527195726e-12,Bin,1.3,1.4
Oregon,Season peak percentage,percent,7.41119769865037e-12,Bin,1.4,1.5
Oregon,Season peak percentage,percent,8.1499749974154e-12,Bin,1.5,1.6
Oregon,Season peak percentage,percent,8.91294994360293e-12,Bin,1.6,1.7
Oregon,Season peak percentage,percent,9.6947796716074e-12,Bin,1.7,1.8
Oregon,Season peak percentage,percent,1.04898063170349e-11,Bin,1.8,1.9
Oregon,Season peak percentage,percent,1.12918824899175e-11,Bin,1.9,2.0
Oregon,Season peak percentage,percent,1.20946893742593e-11,Bin,2.0,2.1
Oregon,Season peak percentage,percent,1.28917924518124e-11,Bin,2.1,2.2
Oregon,Season peak percentage,percent,1.36768105223236e-11,Bin,2.2,2.3
Oregon,Season peak percentage,percent,1.44435897870045e-11,Bin,2.3,2.4
Oregon,Season peak percentage,percent,1.51858960647392e-11,Bin,2.4,2.5
Oregon,Season peak percentage,percent,1.58982295725408e-11,Bin,2.5,2.6
Oregon,Season peak percentage,percent,1.65754849145754e-11,Bin,2.6,2.7
Oregon,Season peak percentage,percent,1.72125012264178e-11,Bin,2.7,2.8
Oregon,Season peak percentage,percent,1.78053214210043e-11,Bin,2.8,2.9
Oregon,Season peak percentage,percent,1.83504333682612e-11,Bin,2.9,3.0
Oregon,Season peak percentage,percent,1.88442796215584e-11,Bin,3.0,3.1
Oregon,Season peak percentage,percent,1.92845372682479e-11,Bin,3.1,3.2
Oregon,Season peak percentage,percent,1.96694269162606e-11,Bin,3.2,3.3
Oregon,Season peak percentage,percent,1.99971096706776e-11,Bin,3.3,3.4
Oregon,Season peak percentage,percent,2.02665744064441e-11,Bin,3.4,3.5
Oregon,Season peak percentage,percent,2.04776064753326e-11,Bin,3.5,3.6
Oregon,Season peak percentage,percent,2.06297369058621e-11,Bin,3.6,3.7
Oregon,Season peak percentage,percent,2.07229870395403e-11,Bin,3.7,3.8
Oregon,Season peak percentage,percent,2.07582548433754e-11,Bin,3.8,3.9
Oregon,Season peak percentage,percent,2.07359352601932e-11,Bin,3.9,4.0
Oregon,Season peak percentage,percent,2.0656865521182e-11,Bin,4.0,4.1
Oregon,Season peak percentage,percent,2.05225857020303e-11,Bin,4.1,4.2
Oregon,Season peak percentage,percent,2.03339559091606e-11,Bin,4.2,4.3
Oregon,Season peak percentage,percent,2.0092490384807e-11,Bin,4.3,4.4
Oregon,Season peak percentage,percent,1.9800034078178e-11,Bin,4.4,4.5
Oregon,Season peak percentage,percent,1.94579096954420e-11,Bin,4.5,4.6
Oregon,Season peak percentage,percent,1.90680946047107e-11,Bin,4.6,4.7
Oregon,Season peak percentage,percent,1.86328249970183e-11,Bin,4.7,4.8
Oregon,Season peak percentage,percent,1.81540314688702e-11,Bin,4.8,4.9
Oregon,Season peak percentage,percent,1.76341352274596e-11,Bin,4.9,5.0
Oregon,Season peak percentage,percent,0.999999999124956,Bin,5.0,5.1
Oregon,Season peak percentage,percent,1.64824566877852e-11,Bin,5.1,5.2
Oregon,Season peak percentage,percent,1.58564597406157e-11,Bin,5.2,5.3
Oregon,Season peak percentage,percent,1.52017830006062e-11,Bin,5.3,5.4
Oregon,Season peak percentage,percent,1.45220706449892e-11,Bin,5.4,5.5
Oregon,Season peak percentage,percent,1.38212122470549e-11,Bin,5.5,5.6
Oregon,Season peak percentage,percent,1.31037049419904e-11,Bin,5.6,5.7
Oregon,Season peak percentage,percent,1.23739794265071e-11,Bin,5.7,5.8
Oregon,Season peak percentage,percent,1.16366736490841e-11,Bin,5.8,5.9
Oregon,Season peak percentage,percent,1.08966509753748e-11,Bin,5.9,6.0
Oregon,Season peak percentage,percent,1.0158729223407e-11,Bin,6.0,6.1
Oregon,Season peak percentage,percent,9.42776029330147e-12,Bin,6.1,6.2
Oregon,Season peak percentage,percent,8.70837828449103e-12,Bin,6.2,6.3
Oregon,Season peak percentage,percent,8.00513181156556e-12,Bin,6.3,6.4
Oregon,Season peak percentage,percent,7.32231790965483e-12,Bin,6.4,6.5
Oregon,Season peak percentage,percent,6.66367155272967e-12,Bin,6.5,6.6
Oregon,Season peak percentage,percent,6.03269572799307e-12,Bin,6.6,6.7
Oregon,Season peak percentage,percent,5.43252857908247e-12,Bin,6.7,6.8
Oregon,Season peak percentage,percent,4.86537772856662e-12,Bin,6.8,6.9
Oregon,Season peak percentage,percent,4.33317151058282e-12,Bin,6.9,7.0
Oregon,Season peak percentage,percent,3.8375646134058e-12,Bin,7.0,7.1
Oregon,Season peak percentage,percent,3.37896128659794e-12,Bin,7.1,7.2
Oregon,Season peak percentage,percent,2.95762864655982e-12,Bin,7.2,7.3
Oregon,Season peak percentage,percent,2.57366220383345e-12,Bin,7.3,7.4
Oregon,Season peak percentage,percent,2.22591819347409e-12,Bin,7.4,7.5
Oregon,Season peak percentage,percent,1.91326735371902e-12,Bin,7.5,7.6
Oregon,Season peak percentage,percent,1.63451558842763e-12,Bin,7.6,7.7
Oregon,Season peak percentage,percent,1.38753007768707e-12,Bin,7.7,7.8
Oregon,Season peak percentage,percent,1.17032178151637e-12,Bin,7.8,7.9
Oregon,Season peak percentage,percent,9.80872897286231e-13,Bin,7.9,8.0
Oregon,Season peak percentage,percent,8.16726680803325e-13,Bin,8.0,8.1
Oregon,Season peak percentage,percent,6.75557259184216e-13,Bin,8.1,8.2
Oregon,Season peak percentage,percent,5.55148586619266e-13,Bin,8.2,8.3
Oregon,Season peak percentage,percent,4.53150602633733e-13,Bin,8.3,8.4
Oregon,Season peak percentage,percent,3.67369846457505e-13,Bin,8.4,8.5
Oregon,Season peak percentage,percent,2.95859194815198e-13,Bin,8.5,8.6
Oregon,Season peak percentage,percent,2.36631662583667e-13,Bin,8.6,8.7
Oregon,Season peak percentage,percent,1.87929925079935e-13,Bin,8.7,8.8
Oregon,Season peak percentage,percent,1.48263445997266e-13,Bin,8.8,8.9
Oregon,Season peak percentage,percent,1.16143735073856e-13,Bin,8.9,9.0
Oregon,Season peak percentage,percent,9.03275136289855e-14,Bin,9.0,9.1
Oregon,Season peak percentage,percent,6.97817190122844e-14,Bin,9.1,9.2
Oregon,Season peak percentage,percent,5.39295290216897e-14,Bin,9.2,9.3
Oregon,Season peak percentage,percent,4.98576960046137e-14,Bin,9.3,9.4
Oregon,Season peak percentage,percent,4.98576960046137e-14,Bin,9.4,9.5
Oregon,Season peak percentage,percent,4.98576960046137e-14,Bin,9.5,9.6
Oregon,Season peak percentage,percent,4.98576960046137e-14,Bin,9.6,9.7
Oregon,Season peak percentage,percent,4.98576960046137e-14,Bin,9.7,9.8
Oregon,Season peak percentage,percent,4.98576960046137e-14,Bin,9.8,9.9
Oregon,Season peak percentage,percent,4.98576960046137e-14,Bin,9.9,10.0
Oregon,Season peak percentage,percent,4.98576960046137e-14,Bin,10.0,10.1
Oregon,Season peak percentage,percent,4.98576960046137e-14,Bin,10.1,10.2
Oregon,Season peak percentage,percent,4.98576960046137e-14,Bin,10.2,10.3
Oregon,Season peak percentage,percent,4.98576960046137e-14,Bin,10.3,10.4
Oregon,Season peak percentage,percent,4.98576960046137e-14,Bin,10.4,10.5
Oregon,Season peak percentage,percent,4.98576960046137e-14,Bin,10.5,10.6
Oregon,Season peak percentage,percent,4.98576960046137e-14,Bin,10.6,10.7
Oregon,Season peak percentage,percent,4.98576960046137e-14,Bin,10.7,10.8
Oregon,Season peak percentage,percent,4.98576960046137e-14,Bin,10.8,10.9
Oregon,Season peak percentage,percent,4.98576960046137e-14,Bin,10.9,11.0
Oregon,Season peak percentage,percent,4.98576960046137e-14,Bin,11.0,11.1
Oregon,Season peak percentage,percent,4.98576960046137e-14,Bin,11.1,11.2
Oregon,Season peak percentage,percent,4.98576960046137e-14,Bin,11.2,11.3
Oregon,Season peak percentage,percent,4.98576960046137e-14,Bin,11.3,11.4
Oregon,Season peak percentage,percent,4.98576960046137e-14,Bin,11.4,11.5
Oregon,Season peak percentage,percent,4.98576960046137e-14,Bin,11.5,11.6
Oregon,Season peak percentage,percent,4.98576960046137e-14,Bin,11.6,11.7
Oregon,Season peak percentage,percent,4.98576960046137e-14,Bin,11.7,11.8
Oregon,Season peak percentage,percent,4.98576960046137e-14,Bin,11.8,11.9
Oregon,Season peak percentage,percent,4.98576960046137e-14,Bin,11.9,12.0
Oregon,Season peak percentage,percent,4.98576960046137e-14,Bin,12.0,12.1
Oregon,Season peak percentage,percent,4.98576960046137e-14,Bin,12.1,12.2
Oregon,Season peak percentage,percent,4.98576960046137e-14,Bin,12.2,12.3
Oregon,Season peak percentage,percent,4.98576960046137e-14,Bin,12.3,12.4
Oregon,Season peak percentage,percent,4.98576960046137e-14,Bin,12.4,12.5
Oregon,Season peak percentage,percent,4.98576960046137e-14,Bin,12.5,12.6
Oregon,Season peak percentage,percent,4.98576960046137e-14,Bin,12.6,12.7
Oregon,Season peak percentage,percent,4.98576960046137e-14,Bin,12.7,12.8
Oregon,Season peak percentage,percent,4.98576960046137e-14,Bin,12.8,12.9
Oregon,Season peak percentage,percent,4.98576960046137e-14,Bin,12.9,13.0
Oregon,Season peak percentage,percent,4.98576960046137e-14,Bin,13.0,100.0
Oregon,Season peak week,week,1.71724722540601e-05,Bin,40.0,41.0
Oregon,Season peak week,week,1.71724722540601e-05,Bin,41.0,42.0
Oregon,Season peak week,week,1.71724722540601e-05,Bin,42.0,43.0
Oregon,Season peak week,week,1.71724722540601e-05,Bin,43.0,44.0
Oregon,Season peak week,week,1.73825940329286e-05,Bin,44.0,45.0
Oregon,Season peak week,week,3.79503258058657e-05,Bin,45.0,46.0
Oregon,Season peak week,week,0.000107304483305067,Bin,46.0,47.0
Oregon,Season peak week,week,0.000263714058284685,Bin,47.0,48.0
Oregon,Season peak week,week,0.000565621237097286,Bin,48.0,49.0
Oregon,Season peak week,week,0.00106497755821174,Bin,49.0,50.0
Oregon,Season peak week,week,0.00177406034083496,Bin,50.0,51.0
Oregon,Season peak week,week,0.00264020711383315,Bin,51.0,52.0
Oregon,Season peak week,week,0.0035489306997288,Bin,52.0,53.0
Oregon,Season peak week,week,0.00435429851571359,Bin,1.0,2.0
Oregon,Season peak week,week,0.00491767832557325,Bin,2.0,3.0
Oregon,Season peak week,week,0.945198017665701,Bin,3.0,4.0
Oregon,Season peak week,week,0.00501092738940186,Bin,4.0,5.0
Oregon,Season peak week,week,0.00459683889776736,Bin,5.0,6.0
Oregon,Season peak week,week,0.00405429628680857,Bin,6.0,7.0
Oregon,Season peak week,week,0.00354913659314529,Bin,7.0,8.0
Oregon,Season peak week,week,0.00318426008753859,Bin,8.0,9.0
Oregon,Season peak week,week,0.00296027976378337,Bin,9.0,10.0
Oregon,Season peak week,week,0.00279223114993148,Bin,10.0,11.0
Oregon,Season peak week,week,0.00256838781152362,Bin,11.0,12.0
Oregon,Season peak week,week,0.00221745092108561,Bin,12.0,13.0
Oregon,Season peak week,week,0.00174721456650982,Bin,13.0,14.0
Oregon,Season peak week,week,0.00123347450010269,Bin,14.0,15.0
Oregon,Season peak week,week,0.000770949623274953,Bin,15.0,16.0
Oregon,Season peak week,week,0.000423238346335678,Bin,16.0,17.0
Oregon,Season peak week,week,0.000202950986518008,Bin,17.0,18.0
Oregon,Season peak week,week,8.46564211283844e-05,Bin,18.0,19.0
Oregon,Season peak week,week,3.06265864742659e-05,Bin,19.0,20.0
Oregon,Season peak week,week,1.42472615313369e-05,Bin,20.0,21.0
Pennsylvania,1 wk ahead,percent,2.69765258422749e-11,Bin,0.0,0.1
Pennsylvania,1 wk ahead,percent,5.39530516845498e-11,Bin,0.1,0.2
Pennsylvania,1 wk ahead,percent,5.39530516845498e-11,Bin,0.2,0.3
Pennsylvania,1 wk ahead,percent,5.39530516845498e-11,Bin,0.3,0.4
Pennsylvania,1 wk ahead,percent,5.39530516845498e-11,Bin,0.4,0.5
Pennsylvania,1 wk ahead,percent,5.39530516845498e-11,Bin,0.5,0.6
Pennsylvania,1 wk ahead,percent,0.00399999980369182,Bin,0.6,0.7
Pennsylvania,1 wk ahead,percent,8.94208350820159e-10,Bin,0.7,0.8
Pennsylvania,1 wk ahead,percent,0.0100000044061301,Bin,0.8,0.9
Pennsylvania,1 wk ahead,percent,0.0600000080322444,Bin,0.9,1.0
Pennsylvania,1 wk ahead,percent,0.128000005013972,Bin,1.0,1.1
Pennsylvania,1 wk ahead,percent,0.189999995815832,Bin,1.1,1.2
Pennsylvania,1 wk ahead,percent,0.191999990218831,Bin,1.2,1.3
Pennsylvania,1 wk ahead,percent,0.133999992462407,Bin,1.3,1.4
Pennsylvania,1 wk ahead,percent,0.121999994614872,Bin,1.4,1.5
Pennsylvania,1 wk ahead,percent,0.0679999982209755,Bin,1.5,1.6
Pennsylvania,1 wk ahead,percent,0.0379999986818963,Bin,1.6,1.7
Pennsylvania,1 wk ahead,percent,0.022000000395777,Bin,1.7,1.8
Pennsylvania,1 wk ahead,percent,0.0200000025679955,Bin,1.8,1.9
Pennsylvania,1 wk ahead,percent,0.00800000258684714,Bin,1.9,2.0
Pennsylvania,1 wk ahead,percent,0.00200000076172136,Bin,2.0,2.1
Pennsylvania,1 wk ahead,percent,0.00199999996228597,Bin,2.1,2.2
Pennsylvania,1 wk ahead,percent,4.828964784323e-11,Bin,2.2,2.3
Pennsylvania,1 wk ahead,percent,4.828964784323e-11,Bin,2.3,2.4
Pennsylvania,1 wk ahead,percent,4.828964784323e-11,Bin,2.4,2.5
Pennsylvania,1 wk ahead,percent,4.828964784323e-11,Bin,2.5,2.6
Pennsylvania,1 wk ahead,percent,4.828964784323e-11,Bin,2.6,2.7
Pennsylvania,1 wk ahead,percent,4.828964784323e-11,Bin,2.7,2.8
Pennsylvania,1 wk ahead,percent,4.828964784323e-11,Bin,2.8,2.9
Pennsylvania,1 wk ahead,percent,4.828964784323e-11,Bin,2.9,3.0
Pennsylvania,1 wk ahead,percent,4.828964784323e-11,Bin,3.0,3.1
Pennsylvania,1 wk ahead,percent,4.828964784323e-11,Bin,3.1,3.2
Pennsylvania,1 wk ahead,percent,4.828964784323e-11,Bin,3.2,3.3
Pennsylvania,1 wk ahead,percent,4.828964784323e-11,Bin,3.3,3.4
Pennsylvania,1 wk ahead,percent,4.828964784323e-11,Bin,3.4,3.5
Pennsylvania,1 wk ahead,percent,4.828964784323e-11,Bin,3.5,3.6
Pennsylvania,1 wk ahead,percent,4.828964784323e-11,Bin,3.6,3.7
Pennsylvania,1 wk ahead,percent,4.828964784323e-11,Bin,3.7,3.8
Pennsylvania,1 wk ahead,percent,4.828964784323e-11,Bin,3.8,3.9
Pennsylvania,1 wk ahead,percent,4.828964784323e-11,Bin,3.9,4.0
Pennsylvania,1 wk ahead,percent,4.828964784323e-11,Bin,4.0,4.1
Pennsylvania,1 wk ahead,percent,4.828964784323e-11,Bin,4.1,4.2
Pennsylvania,1 wk ahead,percent,4.828964784323e-11,Bin,4.2,4.3
Pennsylvania,1 wk ahead,percent,4.828964784323e-11,Bin,4.3,4.4
Pennsylvania,1 wk ahead,percent,4.828964784323e-11,Bin,4.4,4.5
Pennsylvania,1 wk ahead,percent,4.828964784323e-11,Bin,4.5,4.6
Pennsylvania,1 wk ahead,percent,4.828964784323e-11,Bin,4.6,4.7
Pennsylvania,1 wk ahead,percent,4.828964784323e-11,Bin,4.7,4.8
Pennsylvania,1 wk ahead,percent,4.828964784323e-11,Bin,4.8,4.9
Pennsylvania,1 wk ahead,percent,4.828964784323e-11,Bin,4.9,5.0
Pennsylvania,1 wk ahead,percent,4.828964784323e-11,Bin,5.0,5.1
Pennsylvania,1 wk ahead,percent,4.828964784323e-11,Bin,5.1,5.2
Pennsylvania,1 wk ahead,percent,4.828964784323e-11,Bin,5.2,5.3
Pennsylvania,1 wk ahead,percent,4.828964784323e-11,Bin,5.3,5.4
Pennsylvania,1 wk ahead,percent,4.828964784323e-11,Bin,5.4,5.5
Pennsylvania,1 wk ahead,percent,4.828964784323e-11,Bin,5.5,5.6
Pennsylvania,1 wk ahead,percent,4.828964784323e-11,Bin,5.6,5.7
Pennsylvania,1 wk ahead,percent,4.828964784323e-11,Bin,5.7,5.8
Pennsylvania,1 wk ahead,percent,4.828964784323e-11,Bin,5.8,5.9
Pennsylvania,1 wk ahead,percent,4.828964784323e-11,Bin,5.9,6.0
Pennsylvania,1 wk ahead,percent,4.828964784323e-11,Bin,6.0,6.1
Pennsylvania,1 wk ahead,percent,4.828964784323e-11,Bin,6.1,6.2
Pennsylvania,1 wk ahead,percent,4.828964784323e-11,Bin,6.2,6.3
Pennsylvania,1 wk ahead,percent,4.828964784323e-11,Bin,6.3,6.4
Pennsylvania,1 wk ahead,percent,4.828964784323e-11,Bin,6.4,6.5
Pennsylvania,1 wk ahead,percent,4.828964784323e-11,Bin,6.5,6.6
Pennsylvania,1 wk ahead,percent,4.828964784323e-11,Bin,6.6,6.7
Pennsylvania,1 wk ahead,percent,4.828964784323e-11,Bin,6.7,6.8
Pennsylvania,1 wk ahead,percent,4.828964784323e-11,Bin,6.8,6.9
Pennsylvania,1 wk ahead,percent,4.828964784323e-11,Bin,6.9,7.0
Pennsylvania,1 wk ahead,percent,4.828964784323e-11,Bin,7.0,7.1
Pennsylvania,1 wk ahead,percent,4.828964784323e-11,Bin,7.1,7.2
Pennsylvania,1 wk ahead,percent,4.828964784323e-11,Bin,7.2,7.3
Pennsylvania,1 wk ahead,percent,4.828964784323e-11,Bin,7.3,7.4
Pennsylvania,1 wk ahead,percent,4.828964784323e-11,Bin,7.4,7.5
Pennsylvania,1 wk ahead,percent,4.828964784323e-11,Bin,7.5,7.6
Pennsylvania,1 wk ahead,percent,4.828964784323e-11,Bin,7.6,7.7
Pennsylvania,1 wk ahead,percent,4.828964784323e-11,Bin,7.7,7.8
Pennsylvania,1 wk ahead,percent,4.828964784323e-11,Bin,7.8,7.9
Pennsylvania,1 wk ahead,percent,4.828964784323e-11,Bin,7.9,8.0
Pennsylvania,1 wk ahead,percent,4.82896478432305e-11,Bin,8.0,8.1
Pennsylvania,1 wk ahead,percent,4.82896478432309e-11,Bin,8.1,8.2
Pennsylvania,1 wk ahead,percent,4.82896478432309e-11,Bin,8.2,8.3
Pennsylvania,1 wk ahead,percent,4.82896478432309e-11,Bin,8.3,8.4
Pennsylvania,1 wk ahead,percent,4.82896478432309e-11,Bin,8.4,8.5
Pennsylvania,1 wk ahead,percent,4.82896478432309e-11,Bin,8.5,8.6
Pennsylvania,1 wk ahead,percent,4.82896478432309e-11,Bin,8.6,8.7
Pennsylvania,1 wk ahead,percent,4.82896478432309e-11,Bin,8.7,8.8
Pennsylvania,1 wk ahead,percent,4.82896478432309e-11,Bin,8.8,8.9
Pennsylvania,1 wk ahead,percent,4.82896478432309e-11,Bin,8.9,9.0
Pennsylvania,1 wk ahead,percent,4.82896478432309e-11,Bin,9.0,9.1
Pennsylvania,1 wk ahead,percent,4.82896478432309e-11,Bin,9.1,9.2
Pennsylvania,1 wk ahead,percent,4.82896478432309e-11,Bin,9.2,9.3
Pennsylvania,1 wk ahead,percent,4.82896478432309e-11,Bin,9.3,9.4
Pennsylvania,1 wk ahead,percent,4.82896478432309e-11,Bin,9.4,9.5
Pennsylvania,1 wk ahead,percent,4.82896478432309e-11,Bin,9.5,9.6
Pennsylvania,1 wk ahead,percent,4.82896478432309e-11,Bin,9.6,9.7
Pennsylvania,1 wk ahead,percent,4.82896478432309e-11,Bin,9.7,9.8
Pennsylvania,1 wk ahead,percent,4.82896478432309e-11,Bin,9.8,9.9
Pennsylvania,1 wk ahead,percent,4.82896478432309e-11,Bin,9.9,10.0
Pennsylvania,1 wk ahead,percent,4.82896478432309e-11,Bin,10.0,10.1
Pennsylvania,1 wk ahead,percent,4.82896478432309e-11,Bin,10.1,10.2
Pennsylvania,1 wk ahead,percent,4.82896478432309e-11,Bin,10.2,10.3
Pennsylvania,1 wk ahead,percent,4.82896478432309e-11,Bin,10.3,10.4
Pennsylvania,1 wk ahead,percent,4.82896478432309e-11,Bin,10.4,10.5
Pennsylvania,1 wk ahead,percent,4.82896478432309e-11,Bin,10.5,10.6
Pennsylvania,1 wk ahead,percent,4.82896478432309e-11,Bin,10.6,10.7
Pennsylvania,1 wk ahead,percent,4.82896478432309e-11,Bin,10.7,10.8
Pennsylvania,1 wk ahead,percent,4.82896478432309e-11,Bin,10.8,10.9
Pennsylvania,1 wk ahead,percent,4.82896478432309e-11,Bin,10.9,11.0
Pennsylvania,1 wk ahead,percent,4.82896478432309e-11,Bin,11.0,11.1
Pennsylvania,1 wk ahead,percent,4.82896478432309e-11,Bin,11.1,11.2
Pennsylvania,1 wk ahead,percent,4.82896478432309e-11,Bin,11.2,11.3
Pennsylvania,1 wk ahead,percent,4.82896478432309e-11,Bin,11.3,11.4
Pennsylvania,1 wk ahead,percent,4.82896478432309e-11,Bin,11.4,11.5
Pennsylvania,1 wk ahead,percent,4.82896478432309e-11,Bin,11.5,11.6
Pennsylvania,1 wk ahead,percent,4.82896478432309e-11,Bin,11.6,11.7
Pennsylvania,1 wk ahead,percent,4.82896478432309e-11,Bin,11.7,11.8
Pennsylvania,1 wk ahead,percent,4.82896478432309e-11,Bin,11.8,11.9
Pennsylvania,1 wk ahead,percent,4.82896478432309e-11,Bin,11.9,12.0
Pennsylvania,1 wk ahead,percent,4.82896478432309e-11,Bin,12.0,12.1
Pennsylvania,1 wk ahead,percent,4.82896478432309e-11,Bin,12.1,12.2
Pennsylvania,1 wk ahead,percent,4.82896478432309e-11,Bin,12.2,12.3
Pennsylvania,1 wk ahead,percent,4.82896478432309e-11,Bin,12.3,12.4
Pennsylvania,1 wk ahead,percent,4.82896478432309e-11,Bin,12.4,12.5
Pennsylvania,1 wk ahead,percent,4.82896478432309e-11,Bin,12.5,12.6
Pennsylvania,1 wk ahead,percent,4.82896478432309e-11,Bin,12.6,12.7
Pennsylvania,1 wk ahead,percent,4.82896478432309e-11,Bin,12.7,12.8
Pennsylvania,1 wk ahead,percent,4.82896478432309e-11,Bin,12.8,12.9
Pennsylvania,1 wk ahead,percent,4.82896478432309e-11,Bin,12.9,13.0
Pennsylvania,1 wk ahead,percent,4.82896478432309e-11,Bin,13.0,100.0
Pennsylvania,2 wk ahead,percent,2.05189238207509e-11,Bin,0.0,0.1
Pennsylvania,2 wk ahead,percent,4.10378476415018e-11,Bin,0.1,0.2
Pennsylvania,2 wk ahead,percent,4.10378476415018e-11,Bin,0.2,0.3
Pennsylvania,2 wk ahead,percent,4.39401954436328e-11,Bin,0.3,0.4
Pennsylvania,2 wk ahead,percent,1.69235768396681e-10,Bin,0.4,0.5
Pennsylvania,2 wk ahead,percent,6.91688964928305e-10,Bin,0.5,0.6
Pennsylvania,2 wk ahead,percent,0.0100000012879655,Bin,0.6,0.7
Pennsylvania,2 wk ahead,percent,0.010000003597338,Bin,0.7,0.8
Pennsylvania,2 wk ahead,percent,0.0700000017908734,Bin,0.8,0.9
Pennsylvania,2 wk ahead,percent,0.133999998809315,Bin,0.9,1.0
Pennsylvania,2 wk ahead,percent,0.177999995838531,Bin,1.0,1.1
Pennsylvania,2 wk ahead,percent,0.129999998704058,Bin,1.1,1.2
Pennsylvania,2 wk ahead,percent,0.153999995940987,Bin,1.2,1.3
Pennsylvania,2 wk ahead,percent,0.109999997859902,Bin,1.3,1.4
Pennsylvania,2 wk ahead,percent,0.0520000005595726,Bin,1.4,1.5
Pennsylvania,2 wk ahead,percent,0.0599999988710701,Bin,1.5,1.6
Pennsylvania,2 wk ahead,percent,0.0380000001757644,Bin,1.6,1.7
Pennsylvania,2 wk ahead,percent,0.028000000674306,Bin,1.7,1.8
Pennsylvania,2 wk ahead,percent,0.0140000009732767,Bin,1.8,1.9
Pennsylvania,2 wk ahead,percent,0.00600000061411844,Bin,1.9,2.0
Pennsylvania,2 wk ahead,percent,0.0020000002423459,Bin,2.0,2.1
Pennsylvania,2 wk ahead,percent,0.0019999999524558,Bin,2.1,2.2
Pennsylvania,2 wk ahead,percent,0.00199999988285759,Bin,2.2,2.3
Pennsylvania,2 wk ahead,percent,2.9794463903088e-11,Bin,2.3,2.4
Pennsylvania,2 wk ahead,percent,2.9794463903088e-11,Bin,2.4,2.5
Pennsylvania,2 wk ahead,percent,2.9794463903088e-11,Bin,2.5,2.6
Pennsylvania,2 wk ahead,percent,2.9794463903088e-11,Bin,2.6,2.7
Pennsylvania,2 wk ahead,percent,2.9794463903088e-11,Bin,2.7,2.8
Pennsylvania,2 wk ahead,percent,2.9794463903088e-11,Bin,2.8,2.9
Pennsylvania,2 wk ahead,percent,2.9794463903088e-11,Bin,2.9,3.0
Pennsylvania,2 wk ahead,percent,2.9794463903088e-11,Bin,3.0,3.1
Pennsylvania,2 wk ahead,percent,2.9794463903088e-11,Bin,3.1,3.2
Pennsylvania,2 wk ahead,percent,2.9794463903088e-11,Bin,3.2,3.3
Pennsylvania,2 wk ahead,percent,2.9794463903088e-11,Bin,3.3,3.4
Pennsylvania,2 wk ahead,percent,2.9794463903088e-11,Bin,3.4,3.5
Pennsylvania,2 wk ahead,percent,2.9794463903088e-11,Bin,3.5,3.6
Pennsylvania,2 wk ahead,percent,2.9794463903088e-11,Bin,3.6,3.7
Pennsylvania,2 wk ahead,percent,2.9794463903088e-11,Bin,3.7,3.8
Pennsylvania,2 wk ahead,percent,2.9794463903088e-11,Bin,3.8,3.9
Pennsylvania,2 wk ahead,percent,2.9794463903088e-11,Bin,3.9,4.0
Pennsylvania,2 wk ahead,percent,2.9794463903088e-11,Bin,4.0,4.1
Pennsylvania,2 wk ahead,percent,2.9794463903088e-11,Bin,4.1,4.2
Pennsylvania,2 wk ahead,percent,2.9794463903088e-11,Bin,4.2,4.3
Pennsylvania,2 wk ahead,percent,2.9794463903088e-11,Bin,4.3,4.4
Pennsylvania,2 wk ahead,percent,2.9794463903088e-11,Bin,4.4,4.5
Pennsylvania,2 wk ahead,percent,2.9794463903088e-11,Bin,4.5,4.6
Pennsylvania,2 wk ahead,percent,2.9794463903088e-11,Bin,4.6,4.7
Pennsylvania,2 wk ahead,percent,2.9794463903088e-11,Bin,4.7,4.8
Pennsylvania,2 wk ahead,percent,2.9794463903088e-11,Bin,4.8,4.9
Pennsylvania,2 wk ahead,percent,2.9794463903088e-11,Bin,4.9,5.0
Pennsylvania,2 wk ahead,percent,2.9794463903088e-11,Bin,5.0,5.1
Pennsylvania,2 wk ahead,percent,2.9794463903088e-11,Bin,5.1,5.2
Pennsylvania,2 wk ahead,percent,2.9794463903088e-11,Bin,5.2,5.3
Pennsylvania,2 wk ahead,percent,2.9794463903088e-11,Bin,5.3,5.4
Pennsylvania,2 wk ahead,percent,2.9794463903088e-11,Bin,5.4,5.5
Pennsylvania,2 wk ahead,percent,2.9794463903088e-11,Bin,5.5,5.6
Pennsylvania,2 wk ahead,percent,2.9794463903088e-11,Bin,5.6,5.7
Pennsylvania,2 wk ahead,percent,2.9794463903088e-11,Bin,5.7,5.8
Pennsylvania,2 wk ahead,percent,2.9794463903088e-11,Bin,5.8,5.9
Pennsylvania,2 wk ahead,percent,2.9794463903088e-11,Bin,5.9,6.0
Pennsylvania,2 wk ahead,percent,2.9794463903088e-11,Bin,6.0,6.1
Pennsylvania,2 wk ahead,percent,2.9794463903088e-11,Bin,6.1,6.2
Pennsylvania,2 wk ahead,percent,2.9794463903088e-11,Bin,6.2,6.3
Pennsylvania,2 wk ahead,percent,2.9794463903088e-11,Bin,6.3,6.4
Pennsylvania,2 wk ahead,percent,2.9794463903088e-11,Bin,6.4,6.5
Pennsylvania,2 wk ahead,percent,2.9794463903088e-11,Bin,6.5,6.6
Pennsylvania,2 wk ahead,percent,2.9794463903088e-11,Bin,6.6,6.7
Pennsylvania,2 wk ahead,percent,2.9794463903088e-11,Bin,6.7,6.8
Pennsylvania,2 wk ahead,percent,2.9794463903088e-11,Bin,6.8,6.9
Pennsylvania,2 wk ahead,percent,2.9794463903088e-11,Bin,6.9,7.0
Pennsylvania,2 wk ahead,percent,2.9794463903088e-11,Bin,7.0,7.1
Pennsylvania,2 wk ahead,percent,2.9794463903088e-11,Bin,7.1,7.2
Pennsylvania,2 wk ahead,percent,2.9794463903088e-11,Bin,7.2,7.3
Pennsylvania,2 wk ahead,percent,2.9794463903088e-11,Bin,7.3,7.4
Pennsylvania,2 wk ahead,percent,2.9794463903088e-11,Bin,7.4,7.5
Pennsylvania,2 wk ahead,percent,2.9794463903088e-11,Bin,7.5,7.6
Pennsylvania,2 wk ahead,percent,2.9794463903088e-11,Bin,7.6,7.7
Pennsylvania,2 wk ahead,percent,2.9794463903088e-11,Bin,7.7,7.8
Pennsylvania,2 wk ahead,percent,2.9794463903088e-11,Bin,7.8,7.9
Pennsylvania,2 wk ahead,percent,2.9794463903088e-11,Bin,7.9,8.0
Pennsylvania,2 wk ahead,percent,2.97944639030883e-11,Bin,8.0,8.1
Pennsylvania,2 wk ahead,percent,2.97944639030885e-11,Bin,8.1,8.2
Pennsylvania,2 wk ahead,percent,2.97944639030885e-11,Bin,8.2,8.3
Pennsylvania,2 wk ahead,percent,2.97944639030885e-11,Bin,8.3,8.4
Pennsylvania,2 wk ahead,percent,2.97944639030885e-11,Bin,8.4,8.5
Pennsylvania,2 wk ahead,percent,2.97944639030885e-11,Bin,8.5,8.6
Pennsylvania,2 wk ahead,percent,2.97944639030885e-11,Bin,8.6,8.7
Pennsylvania,2 wk ahead,percent,2.97944639030885e-11,Bin,8.7,8.8
Pennsylvania,2 wk ahead,percent,2.97944639030885e-11,Bin,8.8,8.9
Pennsylvania,2 wk ahead,percent,2.97944639030885e-11,Bin,8.9,9.0
Pennsylvania,2 wk ahead,percent,2.97944639030885e-11,Bin,9.0,9.1
Pennsylvania,2 wk ahead,percent,2.97944639030885e-11,Bin,9.1,9.2
Pennsylvania,2 wk ahead,percent,2.97944639030885e-11,Bin,9.2,9.3
Pennsylvania,2 wk ahead,percent,2.97944639030885e-11,Bin,9.3,9.4
Pennsylvania,2 wk ahead,percent,2.97944639030885e-11,Bin,9.4,9.5
Pennsylvania,2 wk ahead,percent,2.97944639030885e-11,Bin,9.5,9.6
Pennsylvania,2 wk ahead,percent,2.97944639030885e-11,Bin,9.6,9.7
Pennsylvania,2 wk ahead,percent,2.97944639030885e-11,Bin,9.7,9.8
Pennsylvania,2 wk ahead,percent,2.97944639030885e-11,Bin,9.8,9.9
Pennsylvania,2 wk ahead,percent,2.97944639030885e-11,Bin,9.9,10.0
Pennsylvania,2 wk ahead,percent,2.97944639030885e-11,Bin,10.0,10.1
Pennsylvania,2 wk ahead,percent,2.97944639030885e-11,Bin,10.1,10.2
Pennsylvania,2 wk ahead,percent,2.97944639030885e-11,Bin,10.2,10.3
Pennsylvania,2 wk ahead,percent,2.97944639030885e-11,Bin,10.3,10.4
Pennsylvania,2 wk ahead,percent,2.97944639030885e-11,Bin,10.4,10.5
Pennsylvania,2 wk ahead,percent,2.97944639030885e-11,Bin,10.5,10.6
Pennsylvania,2 wk ahead,percent,2.97944639030885e-11,Bin,10.6,10.7
Pennsylvania,2 wk ahead,percent,2.97944639030885e-11,Bin,10.7,10.8
Pennsylvania,2 wk ahead,percent,2.97944639030885e-11,Bin,10.8,10.9
Pennsylvania,2 wk ahead,percent,2.97944639030885e-11,Bin,10.9,11.0
Pennsylvania,2 wk ahead,percent,2.97944639030885e-11,Bin,11.0,11.1
Pennsylvania,2 wk ahead,percent,2.97944639030885e-11,Bin,11.1,11.2
Pennsylvania,2 wk ahead,percent,2.97944639030885e-11,Bin,11.2,11.3
Pennsylvania,2 wk ahead,percent,2.97944639030885e-11,Bin,11.3,11.4
Pennsylvania,2 wk ahead,percent,2.97944639030885e-11,Bin,11.4,11.5
Pennsylvania,2 wk ahead,percent,2.97944639030885e-11,Bin,11.5,11.6
Pennsylvania,2 wk ahead,percent,2.97944639030885e-11,Bin,11.6,11.7
Pennsylvania,2 wk ahead,percent,2.97944639030885e-11,Bin,11.7,11.8
Pennsylvania,2 wk ahead,percent,2.97944639030885e-11,Bin,11.8,11.9
Pennsylvania,2 wk ahead,percent,2.97944639030885e-11,Bin,11.9,12.0
Pennsylvania,2 wk ahead,percent,2.97944639030885e-11,Bin,12.0,12.1
Pennsylvania,2 wk ahead,percent,2.97944639030885e-11,Bin,12.1,12.2
Pennsylvania,2 wk ahead,percent,2.97944639030885e-11,Bin,12.2,12.3
Pennsylvania,2 wk ahead,percent,2.97944639030885e-11,Bin,12.3,12.4
Pennsylvania,2 wk ahead,percent,2.97944639030885e-11,Bin,12.4,12.5
Pennsylvania,2 wk ahead,percent,2.97944639030885e-11,Bin,12.5,12.6
Pennsylvania,2 wk ahead,percent,2.97944639030885e-11,Bin,12.6,12.7
Pennsylvania,2 wk ahead,percent,2.97944639030885e-11,Bin,12.7,12.8
Pennsylvania,2 wk ahead,percent,2.97944639030885e-11,Bin,12.8,12.9
Pennsylvania,2 wk ahead,percent,2.97944639030885e-11,Bin,12.9,13.0
Pennsylvania,2 wk ahead,percent,2.97944639030885e-11,Bin,13.0,100.0
Pennsylvania,3 wk ahead,percent,3.90563803630305e-11,Bin,0.0,0.1
Pennsylvania,3 wk ahead,percent,7.81127607260611e-11,Bin,0.1,0.2
Pennsylvania,3 wk ahead,percent,7.8112760726061e-11,Bin,0.2,0.3
Pennsylvania,3 wk ahead,percent,1.17981388837005e-10,Bin,0.3,0.4
Pennsylvania,3 wk ahead,percent,5.88954197928596e-10,Bin,0.4,0.5
Pennsylvania,3 wk ahead,percent,0.00400000131292603,Bin,0.5,0.6
Pennsylvania,3 wk ahead,percent,0.0100000033905069,Bin,0.6,0.7
Pennsylvania,3 wk ahead,percent,0.0380000025728149,Bin,0.7,0.8
Pennsylvania,3 wk ahead,percent,0.127999989932834,Bin,0.8,0.9
Pennsylvania,3 wk ahead,percent,0.16399998875215,Bin,0.9,1.0
Pennsylvania,3 wk ahead,percent,0.167999991746309,Bin,1.0,1.1
Pennsylvania,3 wk ahead,percent,0.12799999966388,Bin,1.1,1.2
Pennsylvania,3 wk ahead,percent,0.109999999525568,Bin,1.2,1.3
Pennsylvania,3 wk ahead,percent,0.0919999971981976,Bin,1.3,1.4
Pennsylvania,3 wk ahead,percent,0.0539999987787103,Bin,1.4,1.5
Pennsylvania,3 wk ahead,percent,0.0399999983127986,Bin,1.5,1.6
Pennsylvania,3 wk ahead,percent,0.0160000039989118,Bin,1.6,1.7
Pennsylvania,3 wk ahead,percent,0.0200000046467601,Bin,1.7,1.8
Pennsylvania,3 wk ahead,percent,0.0140000047706514,Bin,1.8,1.9
Pennsylvania,3 wk ahead,percent,0.00800000275444238,Bin,1.9,2.0
Pennsylvania,3 wk ahead,percent,0.0040000008188583,Bin,2.0,2.1
Pennsylvania,3 wk ahead,percent,4.03220192257229e-10,Bin,2.1,2.2
Pennsylvania,3 wk ahead,percent,0.00199999968408034,Bin,2.2,2.3
Pennsylvania,3 wk ahead,percent,1.00316322638515e-10,Bin,2.3,2.4
Pennsylvania,3 wk ahead,percent,1.00316322638515e-10,Bin,2.4,2.5
Pennsylvania,3 wk ahead,percent,1.00316322638515e-10,Bin,2.5,2.6
Pennsylvania,3 wk ahead,percent,1.00316322638515e-10,Bin,2.6,2.7
Pennsylvania,3 wk ahead,percent,1.00316322638515e-10,Bin,2.7,2.8
Pennsylvania,3 wk ahead,percent,1.00316322638515e-10,Bin,2.8,2.9
Pennsylvania,3 wk ahead,percent,1.00316322638515e-10,Bin,2.9,3.0
Pennsylvania,3 wk ahead,percent,1.00316322638515e-10,Bin,3.0,3.1
Pennsylvania,3 wk ahead,percent,1.00316322638515e-10,Bin,3.1,3.2
Pennsylvania,3 wk ahead,percent,1.00316322638515e-10,Bin,3.2,3.3
Pennsylvania,3 wk ahead,percent,1.00316322638515e-10,Bin,3.3,3.4
Pennsylvania,3 wk ahead,percent,1.00316322638515e-10,Bin,3.4,3.5
Pennsylvania,3 wk ahead,percent,1.00316322638515e-10,Bin,3.5,3.6
Pennsylvania,3 wk ahead,percent,1.00316322638515e-10,Bin,3.6,3.7
Pennsylvania,3 wk ahead,percent,1.00316322638515e-10,Bin,3.7,3.8
Pennsylvania,3 wk ahead,percent,1.00316322638515e-10,Bin,3.8,3.9
Pennsylvania,3 wk ahead,percent,1.00316322638515e-10,Bin,3.9,4.0
Pennsylvania,3 wk ahead,percent,1.00316322638515e-10,Bin,4.0,4.1
Pennsylvania,3 wk ahead,percent,1.00316322638515e-10,Bin,4.1,4.2
Pennsylvania,3 wk ahead,percent,1.00316322638515e-10,Bin,4.2,4.3
Pennsylvania,3 wk ahead,percent,1.00316322638515e-10,Bin,4.3,4.4
Pennsylvania,3 wk ahead,percent,1.00316322638515e-10,Bin,4.4,4.5
Pennsylvania,3 wk ahead,percent,1.00316322638515e-10,Bin,4.5,4.6
Pennsylvania,3 wk ahead,percent,1.00316322638515e-10,Bin,4.6,4.7
Pennsylvania,3 wk ahead,percent,1.00316322638515e-10,Bin,4.7,4.8
Pennsylvania,3 wk ahead,percent,1.00316322638515e-10,Bin,4.8,4.9
Pennsylvania,3 wk ahead,percent,1.00316322638515e-10,Bin,4.9,5.0
Pennsylvania,3 wk ahead,percent,1.00316322638515e-10,Bin,5.0,5.1
Pennsylvania,3 wk ahead,percent,1.00316322638515e-10,Bin,5.1,5.2
Pennsylvania,3 wk ahead,percent,1.00316322638515e-10,Bin,5.2,5.3
Pennsylvania,3 wk ahead,percent,1.00316322638515e-10,Bin,5.3,5.4
Pennsylvania,3 wk ahead,percent,1.00316322638515e-10,Bin,5.4,5.5
Pennsylvania,3 wk ahead,percent,1.00316322638515e-10,Bin,5.5,5.6
Pennsylvania,3 wk ahead,percent,1.00316322638515e-10,Bin,5.6,5.7
Pennsylvania,3 wk ahead,percent,1.00316322638515e-10,Bin,5.7,5.8
Pennsylvania,3 wk ahead,percent,1.00316322638515e-10,Bin,5.8,5.9
Pennsylvania,3 wk ahead,percent,1.00316322638515e-10,Bin,5.9,6.0
Pennsylvania,3 wk ahead,percent,1.00316322638515e-10,Bin,6.0,6.1
Pennsylvania,3 wk ahead,percent,1.00316322638515e-10,Bin,6.1,6.2
Pennsylvania,3 wk ahead,percent,1.00316322638515e-10,Bin,6.2,6.3
Pennsylvania,3 wk ahead,percent,1.00316322638515e-10,Bin,6.3,6.4
Pennsylvania,3 wk ahead,percent,1.00316322638515e-10,Bin,6.4,6.5
Pennsylvania,3 wk ahead,percent,1.00316322638515e-10,Bin,6.5,6.6
Pennsylvania,3 wk ahead,percent,1.00316322638515e-10,Bin,6.6,6.7
Pennsylvania,3 wk ahead,percent,1.00316322638515e-10,Bin,6.7,6.8
Pennsylvania,3 wk ahead,percent,1.00316322638515e-10,Bin,6.8,6.9
Pennsylvania,3 wk ahead,percent,1.00316322638515e-10,Bin,6.9,7.0
Pennsylvania,3 wk ahead,percent,1.00316322638515e-10,Bin,7.0,7.1
Pennsylvania,3 wk ahead,percent,1.00316322638515e-10,Bin,7.1,7.2
Pennsylvania,3 wk ahead,percent,1.00316322638515e-10,Bin,7.2,7.3
Pennsylvania,3 wk ahead,percent,1.00316322638515e-10,Bin,7.3,7.4
Pennsylvania,3 wk ahead,percent,1.00316322638515e-10,Bin,7.4,7.5
Pennsylvania,3 wk ahead,percent,1.00316322638515e-10,Bin,7.5,7.6
Pennsylvania,3 wk ahead,percent,1.00316322638515e-10,Bin,7.6,7.7
Pennsylvania,3 wk ahead,percent,1.00316322638515e-10,Bin,7.7,7.8
Pennsylvania,3 wk ahead,percent,1.00316322638515e-10,Bin,7.8,7.9
Pennsylvania,3 wk ahead,percent,1.00316322638515e-10,Bin,7.9,8.0
Pennsylvania,3 wk ahead,percent,1.00316322638516e-10,Bin,8.0,8.1
Pennsylvania,3 wk ahead,percent,1.00316322638517e-10,Bin,8.1,8.2
Pennsylvania,3 wk ahead,percent,1.00316322638517e-10,Bin,8.2,8.3
Pennsylvania,3 wk ahead,percent,1.00316322638517e-10,Bin,8.3,8.4
Pennsylvania,3 wk ahead,percent,1.00316322638517e-10,Bin,8.4,8.5
Pennsylvania,3 wk ahead,percent,1.00316322638517e-10,Bin,8.5,8.6
Pennsylvania,3 wk ahead,percent,1.00316322638517e-10,Bin,8.6,8.7
Pennsylvania,3 wk ahead,percent,1.00316322638517e-10,Bin,8.7,8.8
Pennsylvania,3 wk ahead,percent,1.00316322638517e-10,Bin,8.8,8.9
Pennsylvania,3 wk ahead,percent,1.00316322638517e-10,Bin,8.9,9.0
Pennsylvania,3 wk ahead,percent,1.00316322638517e-10,Bin,9.0,9.1
Pennsylvania,3 wk ahead,percent,1.00316322638517e-10,Bin,9.1,9.2
Pennsylvania,3 wk ahead,percent,1.00316322638517e-10,Bin,9.2,9.3
Pennsylvania,3 wk ahead,percent,1.00316322638517e-10,Bin,9.3,9.4
Pennsylvania,3 wk ahead,percent,1.00316322638517e-10,Bin,9.4,9.5
Pennsylvania,3 wk ahead,percent,1.00316322638517e-10,Bin,9.5,9.6
Pennsylvania,3 wk ahead,percent,1.00316322638517e-10,Bin,9.6,9.7
Pennsylvania,3 wk ahead,percent,1.00316322638517e-10,Bin,9.7,9.8
Pennsylvania,3 wk ahead,percent,1.00316322638517e-10,Bin,9.8,9.9
Pennsylvania,3 wk ahead,percent,1.00316322638517e-10,Bin,9.9,10.0
Pennsylvania,3 wk ahead,percent,1.00316322638517e-10,Bin,10.0,10.1
Pennsylvania,3 wk ahead,percent,1.00316322638517e-10,Bin,10.1,10.2
Pennsylvania,3 wk ahead,percent,1.00316322638517e-10,Bin,10.2,10.3
Pennsylvania,3 wk ahead,percent,1.00316322638517e-10,Bin,10.3,10.4
Pennsylvania,3 wk ahead,percent,1.00316322638517e-10,Bin,10.4,10.5
Pennsylvania,3 wk ahead,percent,1.00316322638517e-10,Bin,10.5,10.6
Pennsylvania,3 wk ahead,percent,1.00316322638517e-10,Bin,10.6,10.7
Pennsylvania,3 wk ahead,percent,1.00316322638517e-10,Bin,10.7,10.8
Pennsylvania,3 wk ahead,percent,1.00316322638517e-10,Bin,10.8,10.9
Pennsylvania,3 wk ahead,percent,1.00316322638517e-10,Bin,10.9,11.0
Pennsylvania,3 wk ahead,percent,1.00316322638517e-10,Bin,11.0,11.1
Pennsylvania,3 wk ahead,percent,1.00316322638517e-10,Bin,11.1,11.2
Pennsylvania,3 wk ahead,percent,1.00316322638517e-10,Bin,11.2,11.3
Pennsylvania,3 wk ahead,percent,1.00316322638517e-10,Bin,11.3,11.4
Pennsylvania,3 wk ahead,percent,1.00316322638517e-10,Bin,11.4,11.5
Pennsylvania,3 wk ahead,percent,1.00316322638517e-10,Bin,11.5,11.6
Pennsylvania,3 wk ahead,percent,1.00316322638517e-10,Bin,11.6,11.7
Pennsylvania,3 wk ahead,percent,1.00316322638517e-10,Bin,11.7,11.8
Pennsylvania,3 wk ahead,percent,1.00316322638517e-10,Bin,11.8,11.9
Pennsylvania,3 wk ahead,percent,1.00316322638517e-10,Bin,11.9,12.0
Pennsylvania,3 wk ahead,percent,1.00316322638517e-10,Bin,12.0,12.1
Pennsylvania,3 wk ahead,percent,1.00316322638517e-10,Bin,12.1,12.2
Pennsylvania,3 wk ahead,percent,1.00316322638517e-10,Bin,12.2,12.3
Pennsylvania,3 wk ahead,percent,1.00316322638517e-10,Bin,12.3,12.4
Pennsylvania,3 wk ahead,percent,1.00316322638517e-10,Bin,12.4,12.5
Pennsylvania,3 wk ahead,percent,1.00316322638517e-10,Bin,12.5,12.6
Pennsylvania,3 wk ahead,percent,1.00316322638517e-10,Bin,12.6,12.7
Pennsylvania,3 wk ahead,percent,1.00316322638517e-10,Bin,12.7,12.8
Pennsylvania,3 wk ahead,percent,1.00316322638517e-10,Bin,12.8,12.9
Pennsylvania,3 wk ahead,percent,1.00316322638517e-10,Bin,12.9,13.0
Pennsylvania,3 wk ahead,percent,1.00316322638517e-10,Bin,13.0,100.0
Pennsylvania,4 wk ahead,percent,4.11564802325659e-11,Bin,0.0,0.1
Pennsylvania,4 wk ahead,percent,8.23129604651319e-11,Bin,0.1,0.2
Pennsylvania,4 wk ahead,percent,8.23129604651319e-11,Bin,0.2,0.3
Pennsylvania,4 wk ahead,percent,9.12862207160662e-11,Bin,0.3,0.4
Pennsylvania,4 wk ahead,percent,0.00200000007781892,Bin,0.4,0.5
Pennsylvania,4 wk ahead,percent,0.00800000084583892,Bin,0.5,0.6
Pennsylvania,4 wk ahead,percent,0.0479999981347224,Bin,0.6,0.7
Pennsylvania,4 wk ahead,percent,0.0800000012586346,Bin,0.7,0.8
Pennsylvania,4 wk ahead,percent,0.131999999536445,Bin,0.8,0.9
Pennsylvania,4 wk ahead,percent,0.177999990815346,Bin,0.9,1.0
Pennsylvania,4 wk ahead,percent,0.13599999341841,Bin,1.0,1.1
Pennsylvania,4 wk ahead,percent,0.109999994572356,Bin,1.1,1.2
Pennsylvania,4 wk ahead,percent,0.0979999979266306,Bin,1.2,1.3
Pennsylvania,4 wk ahead,percent,0.0740000044992631,Bin,1.3,1.4
Pennsylvania,4 wk ahead,percent,0.0540000059078451,Bin,1.4,1.5
Pennsylvania,4 wk ahead,percent,0.0280000044148885,Bin,1.5,1.6
Pennsylvania,4 wk ahead,percent,0.0219999992882806,Bin,1.6,1.7
Pennsylvania,4 wk ahead,percent,0.0119999983695603,Bin,1.7,1.8
Pennsylvania,4 wk ahead,percent,0.00399999931595865,Bin,1.8,1.9
Pennsylvania,4 wk ahead,percent,0.00599999886842096,Bin,1.9,2.0
Pennsylvania,4 wk ahead,percent,1.27306529410755e-10,Bin,2.0,2.1
Pennsylvania,4 wk ahead,percent,0.00399999928804948,Bin,2.1,2.2
Pennsylvania,4 wk ahead,percent,0.00199999970767801,Bin,2.2,2.3
Pennsylvania,4 wk ahead,percent,1.27306529410754e-10,Bin,2.3,2.4
Pennsylvania,4 wk ahead,percent,1.27306529410754e-10,Bin,2.4,2.5
Pennsylvania,4 wk ahead,percent,0.00199999970767801,Bin,2.5,2.6
Pennsylvania,4 wk ahead,percent,1.27306529410754e-10,Bin,2.6,2.7
Pennsylvania,4 wk ahead,percent,1.27306529410754e-10,Bin,2.7,2.8
Pennsylvania,4 wk ahead,percent,1.27306529410754e-10,Bin,2.8,2.9
Pennsylvania,4 wk ahead,percent,1.27306529410754e-10,Bin,2.9,3.0
Pennsylvania,4 wk ahead,percent,1.27306529410754e-10,Bin,3.0,3.1
Pennsylvania,4 wk ahead,percent,1.27306529410754e-10,Bin,3.1,3.2
Pennsylvania,4 wk ahead,percent,1.27306529410754e-10,Bin,3.2,3.3
Pennsylvania,4 wk ahead,percent,1.27306529410754e-10,Bin,3.3,3.4
Pennsylvania,4 wk ahead,percent,1.27306529410754e-10,Bin,3.4,3.5
Pennsylvania,4 wk ahead,percent,1.27306529410754e-10,Bin,3.5,3.6
Pennsylvania,4 wk ahead,percent,1.27306529410754e-10,Bin,3.6,3.7
Pennsylvania,4 wk ahead,percent,1.27306529410754e-10,Bin,3.7,3.8
Pennsylvania,4 wk ahead,percent,1.27306529410754e-10,Bin,3.8,3.9
Pennsylvania,4 wk ahead,percent,1.27306529410754e-10,Bin,3.9,4.0
Pennsylvania,4 wk ahead,percent,1.27306529410754e-10,Bin,4.0,4.1
Pennsylvania,4 wk ahead,percent,1.27306529410754e-10,Bin,4.1,4.2
Pennsylvania,4 wk ahead,percent,1.27306529410754e-10,Bin,4.2,4.3
Pennsylvania,4 wk ahead,percent,1.27306529410754e-10,Bin,4.3,4.4
Pennsylvania,4 wk ahead,percent,1.27306529410754e-10,Bin,4.4,4.5
Pennsylvania,4 wk ahead,percent,1.27306529410754e-10,Bin,4.5,4.6
Pennsylvania,4 wk ahead,percent,1.27306529410754e-10,Bin,4.6,4.7
Pennsylvania,4 wk ahead,percent,1.27306529410754e-10,Bin,4.7,4.8
Pennsylvania,4 wk ahead,percent,1.27306529410754e-10,Bin,4.8,4.9
Pennsylvania,4 wk ahead,percent,1.27306529410754e-10,Bin,4.9,5.0
Pennsylvania,4 wk ahead,percent,1.27306529410754e-10,Bin,5.0,5.1
Pennsylvania,4 wk ahead,percent,1.27306529410754e-10,Bin,5.1,5.2
Pennsylvania,4 wk ahead,percent,1.27306529410754e-10,Bin,5.2,5.3
Pennsylvania,4 wk ahead,percent,1.27306529410754e-10,Bin,5.3,5.4
Pennsylvania,4 wk ahead,percent,1.27306529410754e-10,Bin,5.4,5.5
Pennsylvania,4 wk ahead,percent,1.27306529410754e-10,Bin,5.5,5.6
Pennsylvania,4 wk ahead,percent,1.27306529410754e-10,Bin,5.6,5.7
Pennsylvania,4 wk ahead,percent,1.27306529410754e-10,Bin,5.7,5.8
Pennsylvania,4 wk ahead,percent,1.27306529410754e-10,Bin,5.8,5.9
Pennsylvania,4 wk ahead,percent,1.27306529410754e-10,Bin,5.9,6.0
Pennsylvania,4 wk ahead,percent,1.27306529410754e-10,Bin,6.0,6.1
Pennsylvania,4 wk ahead,percent,1.27306529410754e-10,Bin,6.1,6.2
Pennsylvania,4 wk ahead,percent,1.27306529410754e-10,Bin,6.2,6.3
Pennsylvania,4 wk ahead,percent,1.27306529410754e-10,Bin,6.3,6.4
Pennsylvania,4 wk ahead,percent,1.27306529410754e-10,Bin,6.4,6.5
Pennsylvania,4 wk ahead,percent,1.27306529410754e-10,Bin,6.5,6.6
Pennsylvania,4 wk ahead,percent,1.27306529410754e-10,Bin,6.6,6.7
Pennsylvania,4 wk ahead,percent,1.27306529410754e-10,Bin,6.7,6.8
Pennsylvania,4 wk ahead,percent,1.27306529410754e-10,Bin,6.8,6.9
Pennsylvania,4 wk ahead,percent,1.27306529410754e-10,Bin,6.9,7.0
Pennsylvania,4 wk ahead,percent,1.27306529410754e-10,Bin,7.0,7.1
Pennsylvania,4 wk ahead,percent,1.27306529410754e-10,Bin,7.1,7.2
Pennsylvania,4 wk ahead,percent,1.27306529410754e-10,Bin,7.2,7.3
Pennsylvania,4 wk ahead,percent,1.27306529410754e-10,Bin,7.3,7.4
Pennsylvania,4 wk ahead,percent,1.27306529410754e-10,Bin,7.4,7.5
Pennsylvania,4 wk ahead,percent,1.27306529410754e-10,Bin,7.5,7.6
Pennsylvania,4 wk ahead,percent,1.27306529410754e-10,Bin,7.6,7.7
Pennsylvania,4 wk ahead,percent,1.27306529410754e-10,Bin,7.7,7.8
Pennsylvania,4 wk ahead,percent,1.27306529410754e-10,Bin,7.8,7.9
Pennsylvania,4 wk ahead,percent,1.27306529410754e-10,Bin,7.9,8.0
Pennsylvania,4 wk ahead,percent,1.27306529410756e-10,Bin,8.0,8.1
Pennsylvania,4 wk ahead,percent,1.27306529410757e-10,Bin,8.1,8.2
Pennsylvania,4 wk ahead,percent,1.27306529410757e-10,Bin,8.2,8.3
Pennsylvania,4 wk ahead,percent,1.27306529410757e-10,Bin,8.3,8.4
Pennsylvania,4 wk ahead,percent,1.27306529410757e-10,Bin,8.4,8.5
Pennsylvania,4 wk ahead,percent,1.27306529410757e-10,Bin,8.5,8.6
Pennsylvania,4 wk ahead,percent,1.27306529410757e-10,Bin,8.6,8.7
Pennsylvania,4 wk ahead,percent,1.27306529410757e-10,Bin,8.7,8.8
Pennsylvania,4 wk ahead,percent,1.27306529410757e-10,Bin,8.8,8.9
Pennsylvania,4 wk ahead,percent,1.27306529410757e-10,Bin,8.9,9.0
Pennsylvania,4 wk ahead,percent,1.27306529410757e-10,Bin,9.0,9.1
Pennsylvania,4 wk ahead,percent,1.27306529410757e-10,Bin,9.1,9.2
Pennsylvania,4 wk ahead,percent,1.27306529410757e-10,Bin,9.2,9.3
Pennsylvania,4 wk ahead,percent,1.27306529410757e-10,Bin,9.3,9.4
Pennsylvania,4 wk ahead,percent,1.27306529410757e-10,Bin,9.4,9.5
Pennsylvania,4 wk ahead,percent,1.27306529410757e-10,Bin,9.5,9.6
Pennsylvania,4 wk ahead,percent,1.27306529410757e-10,Bin,9.6,9.7
Pennsylvania,4 wk ahead,percent,1.27306529410757e-10,Bin,9.7,9.8
Pennsylvania,4 wk ahead,percent,1.27306529410757e-10,Bin,9.8,9.9
Pennsylvania,4 wk ahead,percent,1.27306529410757e-10,Bin,9.9,10.0
Pennsylvania,4 wk ahead,percent,1.27306529410757e-10,Bin,10.0,10.1
Pennsylvania,4 wk ahead,percent,1.27306529410757e-10,Bin,10.1,10.2
Pennsylvania,4 wk ahead,percent,1.27306529410757e-10,Bin,10.2,10.3
Pennsylvania,4 wk ahead,percent,1.27306529410757e-10,Bin,10.3,10.4
Pennsylvania,4 wk ahead,percent,1.27306529410757e-10,Bin,10.4,10.5
Pennsylvania,4 wk ahead,percent,1.27306529410757e-10,Bin,10.5,10.6
Pennsylvania,4 wk ahead,percent,1.27306529410757e-10,Bin,10.6,10.7
Pennsylvania,4 wk ahead,percent,1.27306529410757e-10,Bin,10.7,10.8
Pennsylvania,4 wk ahead,percent,1.27306529410757e-10,Bin,10.8,10.9
Pennsylvania,4 wk ahead,percent,1.27306529410757e-10,Bin,10.9,11.0
Pennsylvania,4 wk ahead,percent,1.27306529410757e-10,Bin,11.0,11.1
Pennsylvania,4 wk ahead,percent,1.27306529410757e-10,Bin,11.1,11.2
Pennsylvania,4 wk ahead,percent,1.27306529410757e-10,Bin,11.2,11.3
Pennsylvania,4 wk ahead,percent,1.27306529410757e-10,Bin,11.3,11.4
Pennsylvania,4 wk ahead,percent,1.27306529410757e-10,Bin,11.4,11.5
Pennsylvania,4 wk ahead,percent,1.27306529410757e-10,Bin,11.5,11.6
Pennsylvania,4 wk ahead,percent,1.27306529410757e-10,Bin,11.6,11.7
Pennsylvania,4 wk ahead,percent,1.27306529410757e-10,Bin,11.7,11.8
Pennsylvania,4 wk ahead,percent,1.27306529410757e-10,Bin,11.8,11.9
Pennsylvania,4 wk ahead,percent,1.27306529410757e-10,Bin,11.9,12.0
Pennsylvania,4 wk ahead,percent,1.27306529410757e-10,Bin,12.0,12.1
Pennsylvania,4 wk ahead,percent,1.27306529410757e-10,Bin,12.1,12.2
Pennsylvania,4 wk ahead,percent,1.27306529410757e-10,Bin,12.2,12.3
Pennsylvania,4 wk ahead,percent,1.27306529410757e-10,Bin,12.3,12.4
Pennsylvania,4 wk ahead,percent,1.27306529410757e-10,Bin,12.4,12.5
Pennsylvania,4 wk ahead,percent,1.27306529410757e-10,Bin,12.5,12.6
Pennsylvania,4 wk ahead,percent,1.27306529410757e-10,Bin,12.6,12.7
Pennsylvania,4 wk ahead,percent,1.27306529410757e-10,Bin,12.7,12.8
Pennsylvania,4 wk ahead,percent,1.27306529410757e-10,Bin,12.8,12.9
Pennsylvania,4 wk ahead,percent,1.27306529410757e-10,Bin,12.9,13.0
Pennsylvania,4 wk ahead,percent,1.27306529410757e-10,Bin,13.0,100.0
Pennsylvania,Season peak percentage,percent,8.78931172614638e-13,Bin,0.0,0.1
Pennsylvania,Season peak percentage,percent,1.91171352865416e-12,Bin,0.1,0.2
Pennsylvania,Season peak percentage,percent,2.13043737626368e-12,Bin,0.2,0.3
Pennsylvania,Season peak percentage,percent,2.36573813897269e-12,Bin,0.3,0.4
Pennsylvania,Season peak percentage,percent,2.61757924381075e-12,Bin,0.4,0.5
Pennsylvania,Season peak percentage,percent,2.88601579014175e-12,Bin,0.5,0.6
Pennsylvania,Season peak percentage,percent,3.17118993908228e-12,Bin,0.6,0.7
Pennsylvania,Season peak percentage,percent,3.47267422830859e-12,Bin,0.7,0.8
Pennsylvania,Season peak percentage,percent,3.79004027334894e-12,Bin,0.8,0.9
Pennsylvania,Season peak percentage,percent,4.12290683719746e-12,Bin,0.9,1.0
Pennsylvania,Season peak percentage,percent,4.47069128858414e-12,Bin,1.0,1.1
Pennsylvania,Season peak percentage,percent,4.83243337112054e-12,Bin,1.1,1.2
Pennsylvania,Season peak percentage,percent,5.2072536437009e-12,Bin,1.2,1.3
Pennsylvania,Season peak percentage,percent,5.59429871945876e-12,Bin,1.3,1.4
Pennsylvania,Season peak percentage,percent,5.99229387630019e-12,Bin,1.4,1.5
Pennsylvania,Season peak percentage,percent,6.39997402336724e-12,Bin,1.5,1.6
Pennsylvania,Season peak percentage,percent,6.81609010746484e-12,Bin,1.6,1.7
Pennsylvania,Season peak percentage,percent,7.23927692219174e-12,Bin,1.7,1.8
Pennsylvania,Season peak percentage,percent,7.66798547370333e-12,Bin,1.8,1.9
Pennsylvania,Season peak percentage,percent,8.10073389936853e-12,Bin,1.9,2.0
Pennsylvania,Season peak percentage,percent,8.53600904215623e-12,Bin,2.0,2.1
Pennsylvania,Season peak percentage,percent,8.9722035674985e-12,Bin,2.1,2.2
Pennsylvania,Season peak percentage,percent,9.40774537890257e-12,Bin,2.2,2.3
Pennsylvania,Season peak percentage,percent,9.84104237059283e-12,Bin,2.3,2.4
Pennsylvania,Season peak percentage,percent,1.02704683515856e-11,Bin,2.4,2.5
Pennsylvania,Season peak percentage,percent,1.06945095731237e-11,Bin,2.5,2.6
Pennsylvania,Season peak percentage,percent,1.11116361535219e-11,Bin,2.6,2.7
Pennsylvania,Season peak percentage,percent,1.15201988540391e-11,Bin,2.7,2.8
Pennsylvania,Season peak percentage,percent,1.19187999432213e-11,Bin,2.8,2.9
Pennsylvania,Season peak percentage,percent,1.23060513448622e-11,Bin,2.9,3.0
Pennsylvania,Season peak percentage,percent,1.26804872348652e-11,Bin,3.0,3.1
Pennsylvania,Season peak percentage,percent,1.30406276199199e-11,Bin,3.1,3.2
Pennsylvania,Season peak percentage,percent,1.33853753966512e-11,Bin,3.2,3.3
Pennsylvania,Season peak percentage,percent,1.37135029325119e-11,Bin,3.3,3.4
Pennsylvania,Season peak percentage,percent,1.40235607508773e-11,Bin,3.4,3.5
Pennsylvania,Season peak percentage,percent,1.43146162846911e-11,Bin,3.5,3.6
Pennsylvania,Season peak percentage,percent,1.45857194440492e-11,Bin,3.6,3.7
Pennsylvania,Season peak percentage,percent,1.48357827652711e-11,Bin,3.7,3.8
Pennsylvania,Season peak percentage,percent,1.50636978852373e-11,Bin,3.8,3.9
Pennsylvania,Season peak percentage,percent,1.52689597762923e-11,Bin,3.9,4.0
Pennsylvania,Season peak percentage,percent,1.54508337310086e-11,Bin,4.0,4.1
Pennsylvania,Season peak percentage,percent,1.56082799495796e-11,Bin,4.1,4.2
Pennsylvania,Season peak percentage,percent,1.57409641377817e-11,Bin,4.2,4.3
Pennsylvania,Season peak percentage,percent,1.58485180576977e-11,Bin,4.3,4.4
Pennsylvania,Season peak percentage,percent,1.59303856444355e-11,Bin,4.4,4.5
Pennsylvania,Season peak percentage,percent,1.59859782298587e-11,Bin,4.5,4.6
Pennsylvania,Season peak percentage,percent,1.60154412430118e-11,Bin,4.6,4.7
Pennsylvania,Season peak percentage,percent,1.60186077395829e-11,Bin,4.7,4.8
Pennsylvania,Season peak percentage,percent,1.59949838230895e-11,Bin,4.8,4.9
Pennsylvania,Season peak percentage,percent,1.59448164000491e-11,Bin,4.9,5.0
Pennsylvania,Season peak percentage,percent,1.5868319232183e-11,Bin,5.0,5.1
Pennsylvania,Season peak percentage,percent,1.57655033559295e-11,Bin,5.1,5.2
Pennsylvania,Season peak percentage,percent,1.56363161167574e-11,Bin,5.2,5.3
Pennsylvania,Season peak percentage,percent,1.54814617118557e-11,Bin,5.3,5.4
Pennsylvania,Season peak percentage,percent,1.53013131649967e-11,Bin,5.4,5.5
Pennsylvania,Season peak percentage,percent,1.5095966756816e-11,Bin,5.5,5.6
Pennsylvania,Season peak percentage,percent,1.48661994496599e-11,Bin,5.6,5.7
Pennsylvania,Season peak percentage,percent,1.46127799741023e-11,Bin,5.7,5.8
Pennsylvania,Season peak percentage,percent,1.43363250002676e-11,Bin,5.8,5.9
Pennsylvania,Season peak percentage,percent,1.40374300452327e-11,Bin,5.9,6.0
Pennsylvania,Season peak percentage,percent,1.37173669505695e-11,Bin,6.0,6.1
Pennsylvania,Season peak percentage,percent,1.33771607054289e-11,Bin,6.1,6.2
Pennsylvania,Season peak percentage,percent,1.30176938788389e-11,Bin,6.2,6.3
Pennsylvania,Season peak percentage,percent,1.26404002429457e-11,Bin,6.3,6.4
Pennsylvania,Season peak percentage,percent,1.22467545531707e-11,Bin,6.4,6.5
Pennsylvania,Season peak percentage,percent,1.18381698747046e-11,Bin,6.5,6.6
Pennsylvania,Season peak percentage,percent,1.14161052594195e-11,Bin,6.6,6.7
Pennsylvania,Season peak percentage,percent,1.09824668446164e-11,Bin,6.7,6.8
Pennsylvania,Season peak percentage,percent,0.999999999118419,Bin,6.8,6.9
Pennsylvania,Season peak percentage,percent,1.00875713715132e-11,Bin,6.9,7.0
Pennsylvania,Season peak percentage,percent,9.63010300100731e-12,Bin,7.0,7.1
Pennsylvania,Season peak percentage,percent,9.16865330558572e-12,Bin,7.1,7.2
Pennsylvania,Season peak percentage,percent,8.70522342067584e-12,Bin,7.2,7.3
Pennsylvania,Season peak percentage,percent,8.24186951409985e-12,Bin,7.3,7.4
Pennsylvania,Season peak percentage,percent,7.78062972636893e-12,Bin,7.4,7.5
Pennsylvania,Season peak percentage,percent,7.3234746027818e-12,Bin,7.5,7.6
Pennsylvania,Season peak percentage,percent,6.87242793667365e-12,Bin,7.6,7.7
Pennsylvania,Season peak percentage,percent,6.42933858113974e-12,Bin,7.7,7.8
Pennsylvania,Season peak percentage,percent,5.99590445277867e-12,Bin,7.8,7.9
Pennsylvania,Season peak percentage,percent,5.57380408500822e-12,Bin,7.9,8.0
Pennsylvania,Season peak percentage,percent,5.16470041034462e-12,Bin,8.0,8.1
Pennsylvania,Season peak percentage,percent,4.76977033657135e-12,Bin,8.1,8.2
Pennsylvania,Season peak percentage,percent,4.39017433405259e-12,Bin,8.2,8.3
Pennsylvania,Season peak percentage,percent,4.02712904143776e-12,Bin,8.3,8.4
Pennsylvania,Season peak percentage,percent,3.68139815381134e-12,Bin,8.4,8.5
Pennsylvania,Season peak percentage,percent,3.35348499886688e-12,Bin,8.5,8.6
Pennsylvania,Season peak percentage,percent,3.04391515703053e-12,Bin,8.6,8.7
Pennsylvania,Season peak percentage,percent,2.75318716934103e-12,Bin,8.7,8.8
Pennsylvania,Season peak percentage,percent,2.48113503264264e-12,Bin,8.8,8.9
Pennsylvania,Season peak percentage,percent,2.22767195604088e-12,Bin,8.9,9.0
Pennsylvania,Season peak percentage,percent,1.99279830217665e-12,Bin,9.0,9.1
Pennsylvania,Season peak percentage,percent,1.7760781709765e-12,Bin,9.1,9.2
Pennsylvania,Season peak percentage,percent,1.5768720358893e-12,Bin,9.2,9.3
Pennsylvania,Season peak percentage,percent,1.39464173619635e-12,Bin,9.3,9.4
Pennsylvania,Season peak percentage,percent,1.22888178716303e-12,Bin,9.4,9.5
Pennsylvania,Season peak percentage,percent,1.07859210644903e-12,Bin,9.5,9.6
Pennsylvania,Season peak percentage,percent,9.42919824416208e-13,Bin,9.6,9.7
Pennsylvania,Season peak percentage,percent,8.21150197905616e-13,Bin,9.7,9.8
Pennsylvania,Season peak percentage,percent,7.12323726816813e-13,Bin,9.8,9.9
Pennsylvania,Season peak percentage,percent,6.15406855882882e-13,Bin,9.9,10.0
Pennsylvania,Season peak percentage,percent,5.29524554679608e-13,Bin,10.0,10.1
Pennsylvania,Season peak percentage,percent,4.53879347322241e-13,Bin,10.1,10.2
Pennsylvania,Season peak percentage,percent,3.87442809876254e-13,Bin,10.2,10.3
Pennsylvania,Season peak percentage,percent,3.29345180445425e-13,Bin,10.3,10.4
Pennsylvania,Season peak percentage,percent,2.78850496086813e-13,Bin,10.4,10.5
Pennsylvania,Season peak percentage,percent,2.35152175826791e-13,Bin,10.5,10.6
Pennsylvania,Season peak percentage,percent,1.97454567107982e-13,Bin,10.6,10.7
Pennsylvania,Season peak percentage,percent,1.65101140615051e-13,Bin,10.7,10.8
Pennsylvania,Season peak percentage,percent,1.37510867307882e-13,Bin,10.8,10.9
Pennsylvania,Season peak percentage,percent,1.14044110133868e-13,Bin,10.9,11.0
Pennsylvania,Season peak percentage,percent,9.41679678929713e-14,Bin,11.0,11.1
Pennsylvania,Season peak percentage,percent,7.7440333866407e-14,Bin,11.1,11.2
Pennsylvania,Season peak percentage,percent,6.34259242532135e-14,Bin,11.2,11.3
Pennsylvania,Season peak percentage,percent,5.17167482637292e-14,Bin,11.3,11.4
Pennsylvania,Season peak percentage,percent,4.24370842304987e-14,Bin,11.4,11.5
Pennsylvania,Season peak percentage,percent,4.042975877564e-14,Bin,11.5,11.6
Pennsylvania,Season peak percentage,percent,4.042975877564e-14,Bin,11.6,11.7
Pennsylvania,Season peak percentage,percent,4.042975877564e-14,Bin,11.7,11.8
Pennsylvania,Season peak percentage,percent,4.042975877564e-14,Bin,11.8,11.9
Pennsylvania,Season peak percentage,percent,4.042975877564e-14,Bin,11.9,12.0
Pennsylvania,Season peak percentage,percent,4.042975877564e-14,Bin,12.0,12.1
Pennsylvania,Season peak percentage,percent,4.042975877564e-14,Bin,12.1,12.2
Pennsylvania,Season peak percentage,percent,4.042975877564e-14,Bin,12.2,12.3
Pennsylvania,Season peak percentage,percent,4.042975877564e-14,Bin,12.3,12.4
Pennsylvania,Season peak percentage,percent,4.042975877564e-14,Bin,12.4,12.5
Pennsylvania,Season peak percentage,percent,4.042975877564e-14,Bin,12.5,12.6
Pennsylvania,Season peak percentage,percent,4.042975877564e-14,Bin,12.6,12.7
Pennsylvania,Season peak percentage,percent,4.042975877564e-14,Bin,12.7,12.8
Pennsylvania,Season peak percentage,percent,4.042975877564e-14,Bin,12.8,12.9
Pennsylvania,Season peak percentage,percent,4.042975877564e-14,Bin,12.9,13.0
Pennsylvania,Season peak percentage,percent,4.042975877564e-14,Bin,13.0,100.0
Pennsylvania,Season peak week,week,0.000111570422766069,Bin,40.0,41.0
Pennsylvania,Season peak week,week,0.000111570422766069,Bin,41.0,42.0
Pennsylvania,Season peak week,week,0.000111570422766069,Bin,42.0,43.0
Pennsylvania,Season peak week,week,0.000111570422766069,Bin,43.0,44.0
Pennsylvania,Season peak week,week,0.000111570422766069,Bin,44.0,45.0
Pennsylvania,Season peak week,week,0.000111570422766069,Bin,45.0,46.0
Pennsylvania,Season peak week,week,0.000111570422766069,Bin,46.0,47.0
Pennsylvania,Season peak week,week,0.000111570422766069,Bin,47.0,48.0
Pennsylvania,Season peak week,week,0.000111570422766069,Bin,48.0,49.0
Pennsylvania,Season peak week,week,0.000198088266457079,Bin,49.0,50.0
Pennsylvania,Season peak week,week,0.00166295181619492,Bin,50.0,51.0
Pennsylvania,Season peak week,week,0.0066006219159478,Bin,51.0,52.0
Pennsylvania,Season peak week,week,0.0114601536747625,Bin,52.0,53.0
Pennsylvania,Season peak week,week,0.00921416503904612,Bin,1.0,2.0
Pennsylvania,Season peak week,week,0.00368732533331304,Bin,2.0,3.0
Pennsylvania,Season peak week,week,0.0013014898840179,Bin,3.0,4.0
Pennsylvania,Season peak week,week,0.00262232488773448,Bin,4.0,5.0
Pennsylvania,Season peak week,week,0.00517043398738917,Bin,5.0,6.0
Pennsylvania,Season peak week,week,0.00517031193390238,Bin,6.0,7.0
Pennsylvania,Season peak week,week,0.942669543315322,Bin,7.0,8.0
Pennsylvania,Season peak week,week,0.00112798767404008,Bin,8.0,9.0
Pennsylvania,Season peak week,week,0.00208225717247391,Bin,9.0,10.0
Pennsylvania,Season peak week,week,0.00314867051808113,Bin,10.0,11.0
Pennsylvania,Season peak week,week,0.00202191283006668,Bin,11.0,12.0
Pennsylvania,Season peak week,week,0.000535035543001545,Bin,12.0,13.0
Pennsylvania,Season peak week,week,6.50927268512997e-05,Bin,13.0,14.0
Pennsylvania,Season peak week,week,3.67856680718102e-05,Bin,14.0,15.0
Pennsylvania,Season peak week,week,3.67856680718102e-05,Bin,15.0,16.0
Pennsylvania,Season peak week,week,3.67856680718102e-05,Bin,16.0,17.0
Pennsylvania,Season peak week,week,3.67856680718102e-05,Bin,17.0,18.0
Pennsylvania,Season peak week,week,3.67856680718102e-05,Bin,18.0,19.0
Pennsylvania,Season peak week,week,3.67856680718102e-05,Bin,19.0,20.0
Pennsylvania,Season peak week,week,3.67856680718102e-05,Bin,20.0,21.0
Rhode Island,1 wk ahead,percent,7.78848148193037e-11,Bin,0.0,0.1
Rhode Island,1 wk ahead,percent,0.0379999993426357,Bin,0.1,0.2
Rhode Island,1 wk ahead,percent,0.132000002022109,Bin,0.2,0.3
Rhode Island,1 wk ahead,percent,0.158000004483918,Bin,0.3,0.4
Rhode Island,1 wk ahead,percent,0.213999998654767,Bin,0.4,0.5
Rhode Island,1 wk ahead,percent,0.159999997093247,Bin,0.5,0.6
Rhode Island,1 wk ahead,percent,0.129999992674103,Bin,0.6,0.7
Rhode Island,1 wk ahead,percent,0.0759999963248729,Bin,0.7,0.8
Rhode Island,1 wk ahead,percent,0.0420000019824781,Bin,0.8,0.9
Rhode Island,1 wk ahead,percent,0.0240000013912311,Bin,0.9,1.0
Rhode Island,1 wk ahead,percent,0.00400000008139461,Bin,1.0,1.1
Rhode Island,1 wk ahead,percent,0.00799999951058244,Bin,1.1,1.2
Rhode Island,1 wk ahead,percent,0.00199999992381144,Bin,1.2,1.3
Rhode Island,1 wk ahead,percent,0.00599999964832544,Bin,1.3,1.4
Rhode Island,1 wk ahead,percent,6.15544347825224e-11,Bin,1.4,1.5
Rhode Island,1 wk ahead,percent,0.00399999978606844,Bin,1.5,1.6
Rhode Island,1 wk ahead,percent,6.15544347825224e-11,Bin,1.6,1.7
Rhode Island,1 wk ahead,percent,6.15544347825224e-11,Bin,1.7,1.8
Rhode Island,1 wk ahead,percent,6.15544347825224e-11,Bin,1.8,1.9
Rhode Island,1 wk ahead,percent,6.15544347825224e-11,Bin,1.9,2.0
Rhode Island,1 wk ahead,percent,6.15544347825223e-11,Bin,2.0,2.1
Rhode Island,1 wk ahead,percent,6.15544347825222e-11,Bin,2.1,2.2
Rhode Island,1 wk ahead,percent,6.15544347825222e-11,Bin,2.2,2.3
Rhode Island,1 wk ahead,percent,6.15544347825222e-11,Bin,2.3,2.4
Rhode Island,1 wk ahead,percent,6.15544347825222e-11,Bin,2.4,2.5
Rhode Island,1 wk ahead,percent,6.15544347825222e-11,Bin,2.5,2.6
Rhode Island,1 wk ahead,percent,6.15544347825222e-11,Bin,2.6,2.7
Rhode Island,1 wk ahead,percent,6.15544347825222e-11,Bin,2.7,2.8
Rhode Island,1 wk ahead,percent,6.15544347825222e-11,Bin,2.8,2.9
Rhode Island,1 wk ahead,percent,6.15544347825222e-11,Bin,2.9,3.0
Rhode Island,1 wk ahead,percent,6.15544347825222e-11,Bin,3.0,3.1
Rhode Island,1 wk ahead,percent,6.15544347825222e-11,Bin,3.1,3.2
Rhode Island,1 wk ahead,percent,6.15544347825222e-11,Bin,3.2,3.3
Rhode Island,1 wk ahead,percent,6.15544347825222e-11,Bin,3.3,3.4
Rhode Island,1 wk ahead,percent,6.15544347825222e-11,Bin,3.4,3.5
Rhode Island,1 wk ahead,percent,6.15544347825222e-11,Bin,3.5,3.6
Rhode Island,1 wk ahead,percent,6.15544347825222e-11,Bin,3.6,3.7
Rhode Island,1 wk ahead,percent,6.15544347825222e-11,Bin,3.7,3.8
Rhode Island,1 wk ahead,percent,6.15544347825222e-11,Bin,3.8,3.9
Rhode Island,1 wk ahead,percent,0.00199999992381144,Bin,3.9,4.0
Rhode Island,1 wk ahead,percent,6.15544347825222e-11,Bin,4.0,4.1
Rhode Island,1 wk ahead,percent,6.15544347825222e-11,Bin,4.1,4.2
Rhode Island,1 wk ahead,percent,6.15544347825222e-11,Bin,4.2,4.3
Rhode Island,1 wk ahead,percent,6.15544347825222e-11,Bin,4.3,4.4
Rhode Island,1 wk ahead,percent,6.15544347825222e-11,Bin,4.4,4.5
Rhode Island,1 wk ahead,percent,6.15544347825222e-11,Bin,4.5,4.6
Rhode Island,1 wk ahead,percent,6.15544347825222e-11,Bin,4.6,4.7
Rhode Island,1 wk ahead,percent,6.15544347825222e-11,Bin,4.7,4.8
Rhode Island,1 wk ahead,percent,6.15544347825222e-11,Bin,4.8,4.9
Rhode Island,1 wk ahead,percent,6.15544347825222e-11,Bin,4.9,5.0
Rhode Island,1 wk ahead,percent,6.15544347825222e-11,Bin,5.0,5.1
Rhode Island,1 wk ahead,percent,6.15544347825222e-11,Bin,5.1,5.2
Rhode Island,1 wk ahead,percent,6.15544347825222e-11,Bin,5.2,5.3
Rhode Island,1 wk ahead,percent,6.15544347825222e-11,Bin,5.3,5.4
Rhode Island,1 wk ahead,percent,6.15544347825222e-11,Bin,5.4,5.5
Rhode Island,1 wk ahead,percent,6.15544347825222e-11,Bin,5.5,5.6
Rhode Island,1 wk ahead,percent,6.15544347825222e-11,Bin,5.6,5.7
Rhode Island,1 wk ahead,percent,6.15544347825222e-11,Bin,5.7,5.8
Rhode Island,1 wk ahead,percent,6.15544347825222e-11,Bin,5.8,5.9
Rhode Island,1 wk ahead,percent,6.15544347825222e-11,Bin,5.9,6.0
Rhode Island,1 wk ahead,percent,6.15544347825222e-11,Bin,6.0,6.1
Rhode Island,1 wk ahead,percent,6.15544347825222e-11,Bin,6.1,6.2
Rhode Island,1 wk ahead,percent,6.15544347825222e-11,Bin,6.2,6.3
Rhode Island,1 wk ahead,percent,6.15544347825222e-11,Bin,6.3,6.4
Rhode Island,1 wk ahead,percent,6.15544347825222e-11,Bin,6.4,6.5
Rhode Island,1 wk ahead,percent,6.15544347825222e-11,Bin,6.5,6.6
Rhode Island,1 wk ahead,percent,6.15544347825222e-11,Bin,6.6,6.7
Rhode Island,1 wk ahead,percent,6.15544347825222e-11,Bin,6.7,6.8
Rhode Island,1 wk ahead,percent,6.15544347825222e-11,Bin,6.8,6.9
Rhode Island,1 wk ahead,percent,6.15544347825222e-11,Bin,6.9,7.0
Rhode Island,1 wk ahead,percent,6.15544347825222e-11,Bin,7.0,7.1
Rhode Island,1 wk ahead,percent,6.15544347825222e-11,Bin,7.1,7.2
Rhode Island,1 wk ahead,percent,6.15544347825222e-11,Bin,7.2,7.3
Rhode Island,1 wk ahead,percent,6.15544347825222e-11,Bin,7.3,7.4
Rhode Island,1 wk ahead,percent,6.15544347825222e-11,Bin,7.4,7.5
Rhode Island,1 wk ahead,percent,6.15544347825222e-11,Bin,7.5,7.6
Rhode Island,1 wk ahead,percent,6.15544347825222e-11,Bin,7.6,7.7
Rhode Island,1 wk ahead,percent,6.15544347825222e-11,Bin,7.7,7.8
Rhode Island,1 wk ahead,percent,6.15544347825222e-11,Bin,7.8,7.9
Rhode Island,1 wk ahead,percent,6.15544347825222e-11,Bin,7.9,8.0
Rhode Island,1 wk ahead,percent,6.15544347825227e-11,Bin,8.0,8.1
Rhode Island,1 wk ahead,percent,6.15544347825233e-11,Bin,8.1,8.2
Rhode Island,1 wk ahead,percent,6.15544347825233e-11,Bin,8.2,8.3
Rhode Island,1 wk ahead,percent,6.15544347825233e-11,Bin,8.3,8.4
Rhode Island,1 wk ahead,percent,6.15544347825233e-11,Bin,8.4,8.5
Rhode Island,1 wk ahead,percent,6.15544347825233e-11,Bin,8.5,8.6
Rhode Island,1 wk ahead,percent,6.15544347825233e-11,Bin,8.6,8.7
Rhode Island,1 wk ahead,percent,6.15544347825233e-11,Bin,8.7,8.8
Rhode Island,1 wk ahead,percent,6.15544347825233e-11,Bin,8.8,8.9
Rhode Island,1 wk ahead,percent,6.15544347825233e-11,Bin,8.9,9.0
Rhode Island,1 wk ahead,percent,6.15544347825233e-11,Bin,9.0,9.1
Rhode Island,1 wk ahead,percent,6.15544347825233e-11,Bin,9.1,9.2
Rhode Island,1 wk ahead,percent,6.15544347825233e-11,Bin,9.2,9.3
Rhode Island,1 wk ahead,percent,6.15544347825233e-11,Bin,9.3,9.4
Rhode Island,1 wk ahead,percent,6.15544347825233e-11,Bin,9.4,9.5
Rhode Island,1 wk ahead,percent,6.15544347825233e-11,Bin,9.5,9.6
Rhode Island,1 wk ahead,percent,6.15544347825233e-11,Bin,9.6,9.7
Rhode Island,1 wk ahead,percent,6.15544347825233e-11,Bin,9.7,9.8
Rhode Island,1 wk ahead,percent,6.15544347825233e-11,Bin,9.8,9.9
Rhode Island,1 wk ahead,percent,6.15544347825233e-11,Bin,9.9,10.0
Rhode Island,1 wk ahead,percent,6.15544347825233e-11,Bin,10.0,10.1
Rhode Island,1 wk ahead,percent,6.15544347825233e-11,Bin,10.1,10.2
Rhode Island,1 wk ahead,percent,6.15544347825233e-11,Bin,10.2,10.3
Rhode Island,1 wk ahead,percent,6.15544347825233e-11,Bin,10.3,10.4
Rhode Island,1 wk ahead,percent,6.15544347825233e-11,Bin,10.4,10.5
Rhode Island,1 wk ahead,percent,6.15544347825233e-11,Bin,10.5,10.6
Rhode Island,1 wk ahead,percent,6.15544347825233e-11,Bin,10.6,10.7
Rhode Island,1 wk ahead,percent,6.15544347825233e-11,Bin,10.7,10.8
Rhode Island,1 wk ahead,percent,6.15544347825233e-11,Bin,10.8,10.9
Rhode Island,1 wk ahead,percent,6.15544347825233e-11,Bin,10.9,11.0
Rhode Island,1 wk ahead,percent,6.15544347825233e-11,Bin,11.0,11.1
Rhode Island,1 wk ahead,percent,6.15544347825233e-11,Bin,11.1,11.2
Rhode Island,1 wk ahead,percent,6.15544347825233e-11,Bin,11.2,11.3
Rhode Island,1 wk ahead,percent,6.15544347825233e-11,Bin,11.3,11.4
Rhode Island,1 wk ahead,percent,6.15544347825233e-11,Bin,11.4,11.5
Rhode Island,1 wk ahead,percent,6.15544347825233e-11,Bin,11.5,11.6
Rhode Island,1 wk ahead,percent,6.15544347825233e-11,Bin,11.6,11.7
Rhode Island,1 wk ahead,percent,6.15544347825233e-11,Bin,11.7,11.8
Rhode Island,1 wk ahead,percent,6.15544347825233e-11,Bin,11.8,11.9
Rhode Island,1 wk ahead,percent,6.15544347825233e-11,Bin,11.9,12.0
Rhode Island,1 wk ahead,percent,6.15544347825233e-11,Bin,12.0,12.1
Rhode Island,1 wk ahead,percent,6.15544347825233e-11,Bin,12.1,12.2
Rhode Island,1 wk ahead,percent,6.15544347825233e-11,Bin,12.2,12.3
Rhode Island,1 wk ahead,percent,6.15544347825233e-11,Bin,12.3,12.4
Rhode Island,1 wk ahead,percent,6.15544347825233e-11,Bin,12.4,12.5
Rhode Island,1 wk ahead,percent,6.15544347825233e-11,Bin,12.5,12.6
Rhode Island,1 wk ahead,percent,6.15544347825233e-11,Bin,12.6,12.7
Rhode Island,1 wk ahead,percent,6.15544347825233e-11,Bin,12.7,12.8
Rhode Island,1 wk ahead,percent,6.15544347825233e-11,Bin,12.8,12.9
Rhode Island,1 wk ahead,percent,6.15544347825233e-11,Bin,12.9,13.0
Rhode Island,1 wk ahead,percent,6.15544347825233e-11,Bin,13.0,100.0
Rhode Island,2 wk ahead,percent,0.0100000030359757,Bin,0.0,0.1
Rhode Island,2 wk ahead,percent,0.0839999979213867,Bin,0.1,0.2
Rhode Island,2 wk ahead,percent,0.184000003670219,Bin,0.2,0.3
Rhode Island,2 wk ahead,percent,0.215999999515991,Bin,0.3,0.4
Rhode Island,2 wk ahead,percent,0.193999994407306,Bin,0.4,0.5
Rhode Island,2 wk ahead,percent,0.109999999303925,Bin,0.5,0.6
Rhode Island,2 wk ahead,percent,0.0719999948373959,Bin,0.6,0.7
Rhode Island,2 wk ahead,percent,0.0439999968873713,Bin,0.7,0.8
Rhode Island,2 wk ahead,percent,0.0279999980688171,Bin,0.8,0.9
Rhode Island,2 wk ahead,percent,0.0279999980688171,Bin,0.9,1.0
Rhode Island,2 wk ahead,percent,0.0119999992502628,Bin,1.0,1.1
Rhode Island,2 wk ahead,percent,1.36347158514447e-10,Bin,1.1,1.2
Rhode Island,2 wk ahead,percent,1.36347158514447e-10,Bin,1.2,1.3
Rhode Island,2 wk ahead,percent,0.00199999998866644,Bin,1.3,1.4
Rhode Island,2 wk ahead,percent,0.00399999984098572,Bin,1.4,1.5
Rhode Island,2 wk ahead,percent,0.00399999984098572,Bin,1.5,1.6
Rhode Island,2 wk ahead,percent,0.00199999998866644,Bin,1.6,1.7
Rhode Island,2 wk ahead,percent,1.36347158514447e-10,Bin,1.7,1.8
Rhode Island,2 wk ahead,percent,1.36347158514447e-10,Bin,1.8,1.9
Rhode Island,2 wk ahead,percent,1.36347158514447e-10,Bin,1.9,2.0
Rhode Island,2 wk ahead,percent,1.36347158514446e-10,Bin,2.0,2.1
Rhode Island,2 wk ahead,percent,1.36347158514446e-10,Bin,2.1,2.2
Rhode Island,2 wk ahead,percent,1.36347158514446e-10,Bin,2.2,2.3
Rhode Island,2 wk ahead,percent,1.36347158514446e-10,Bin,2.3,2.4
Rhode Island,2 wk ahead,percent,1.36347158514446e-10,Bin,2.4,2.5
Rhode Island,2 wk ahead,percent,1.36347158514446e-10,Bin,2.5,2.6
Rhode Island,2 wk ahead,percent,0.00199999998866644,Bin,2.6,2.7
Rhode Island,2 wk ahead,percent,1.36347158514446e-10,Bin,2.7,2.8
Rhode Island,2 wk ahead,percent,1.36347158514446e-10,Bin,2.8,2.9
Rhode Island,2 wk ahead,percent,1.36347158514446e-10,Bin,2.9,3.0
Rhode Island,2 wk ahead,percent,0.00199999998866644,Bin,3.0,3.1
Rhode Island,2 wk ahead,percent,1.36347158514446e-10,Bin,3.1,3.2
Rhode Island,2 wk ahead,percent,1.36347158514446e-10,Bin,3.2,3.3
Rhode Island,2 wk ahead,percent,1.36347158514446e-10,Bin,3.3,3.4
Rhode Island,2 wk ahead,percent,1.36347158514446e-10,Bin,3.4,3.5
Rhode Island,2 wk ahead,percent,1.36347158514446e-10,Bin,3.5,3.6
Rhode Island,2 wk ahead,percent,1.36347158514446e-10,Bin,3.6,3.7
Rhode Island,2 wk ahead,percent,1.36347158514446e-10,Bin,3.7,3.8
Rhode Island,2 wk ahead,percent,1.36347158514446e-10,Bin,3.8,3.9
Rhode Island,2 wk ahead,percent,1.36347158514446e-10,Bin,3.9,4.0
Rhode Island,2 wk ahead,percent,1.36347158514446e-10,Bin,4.0,4.1
Rhode Island,2 wk ahead,percent,1.36347158514446e-10,Bin,4.1,4.2
Rhode Island,2 wk ahead,percent,1.36347158514446e-10,Bin,4.2,4.3
Rhode Island,2 wk ahead,percent,1.36347158514446e-10,Bin,4.3,4.4
Rhode Island,2 wk ahead,percent,1.36347158514446e-10,Bin,4.4,4.5
Rhode Island,2 wk ahead,percent,1.36347158514446e-10,Bin,4.5,4.6
Rhode Island,2 wk ahead,percent,1.36347158514446e-10,Bin,4.6,4.7
Rhode Island,2 wk ahead,percent,0.00199999998866644,Bin,4.7,4.8
Rhode Island,2 wk ahead,percent,1.36347158514446e-10,Bin,4.8,4.9
Rhode Island,2 wk ahead,percent,1.36347158514446e-10,Bin,4.9,5.0
Rhode Island,2 wk ahead,percent,1.36347158514446e-10,Bin,5.0,5.1
Rhode Island,2 wk ahead,percent,1.36347158514446e-10,Bin,5.1,5.2
Rhode Island,2 wk ahead,percent,1.36347158514446e-10,Bin,5.2,5.3
Rhode Island,2 wk ahead,percent,1.36347158514446e-10,Bin,5.3,5.4
Rhode Island,2 wk ahead,percent,1.36347158514446e-10,Bin,5.4,5.5
Rhode Island,2 wk ahead,percent,1.36347158514446e-10,Bin,5.5,5.6
Rhode Island,2 wk ahead,percent,1.36347158514446e-10,Bin,5.6,5.7
Rhode Island,2 wk ahead,percent,1.36347158514446e-10,Bin,5.7,5.8
Rhode Island,2 wk ahead,percent,1.36347158514446e-10,Bin,5.8,5.9
Rhode Island,2 wk ahead,percent,1.36347158514446e-10,Bin,5.9,6.0
Rhode Island,2 wk ahead,percent,1.36347158514446e-10,Bin,6.0,6.1
Rhode Island,2 wk ahead,percent,1.36347158514446e-10,Bin,6.1,6.2
Rhode Island,2 wk ahead,percent,1.36347158514446e-10,Bin,6.2,6.3
Rhode Island,2 wk ahead,percent,1.36347158514446e-10,Bin,6.3,6.4
Rhode Island,2 wk ahead,percent,1.36347158514446e-10,Bin,6.4,6.5
Rhode Island,2 wk ahead,percent,1.36347158514446e-10,Bin,6.5,6.6
Rhode Island,2 wk ahead,percent,1.36347158514446e-10,Bin,6.6,6.7
Rhode Island,2 wk ahead,percent,1.36347158514446e-10,Bin,6.7,6.8
Rhode Island,2 wk ahead,percent,1.36347158514446e-10,Bin,6.8,6.9
Rhode Island,2 wk ahead,percent,1.36347158514446e-10,Bin,6.9,7.0
Rhode Island,2 wk ahead,percent,1.36347158514446e-10,Bin,7.0,7.1
Rhode Island,2 wk ahead,percent,1.36347158514446e-10,Bin,7.1,7.2
Rhode Island,2 wk ahead,percent,1.36347158514446e-10,Bin,7.2,7.3
Rhode Island,2 wk ahead,percent,1.36347158514446e-10,Bin,7.3,7.4
Rhode Island,2 wk ahead,percent,1.36347158514446e-10,Bin,7.4,7.5
Rhode Island,2 wk ahead,percent,1.36347158514446e-10,Bin,7.5,7.6
Rhode Island,2 wk ahead,percent,1.36347158514446e-10,Bin,7.6,7.7
Rhode Island,2 wk ahead,percent,1.36347158514446e-10,Bin,7.7,7.8
Rhode Island,2 wk ahead,percent,1.36347158514446e-10,Bin,7.8,7.9
Rhode Island,2 wk ahead,percent,1.36347158514446e-10,Bin,7.9,8.0
Rhode Island,2 wk ahead,percent,1.36347158514447e-10,Bin,8.0,8.1
Rhode Island,2 wk ahead,percent,1.36347158514448e-10,Bin,8.1,8.2
Rhode Island,2 wk ahead,percent,1.36347158514448e-10,Bin,8.2,8.3
Rhode Island,2 wk ahead,percent,1.36347158514448e-10,Bin,8.3,8.4
Rhode Island,2 wk ahead,percent,1.36347158514448e-10,Bin,8.4,8.5
Rhode Island,2 wk ahead,percent,1.36347158514448e-10,Bin,8.5,8.6
Rhode Island,2 wk ahead,percent,1.36347158514448e-10,Bin,8.6,8.7
Rhode Island,2 wk ahead,percent,1.36347158514448e-10,Bin,8.7,8.8
Rhode Island,2 wk ahead,percent,1.36347158514448e-10,Bin,8.8,8.9
Rhode Island,2 wk ahead,percent,1.36347158514448e-10,Bin,8.9,9.0
Rhode Island,2 wk ahead,percent,1.36347158514448e-10,Bin,9.0,9.1
Rhode Island,2 wk ahead,percent,1.36347158514448e-10,Bin,9.1,9.2
Rhode Island,2 wk ahead,percent,1.36347158514448e-10,Bin,9.2,9.3
Rhode Island,2 wk ahead,percent,1.36347158514448e-10,Bin,9.3,9.4
Rhode Island,2 wk ahead,percent,1.36347158514448e-10,Bin,9.4,9.5
Rhode Island,2 wk ahead,percent,1.36347158514448e-10,Bin,9.5,9.6
Rhode Island,2 wk ahead,percent,1.36347158514448e-10,Bin,9.6,9.7
Rhode Island,2 wk ahead,percent,1.36347158514448e-10,Bin,9.7,9.8
Rhode Island,2 wk ahead,percent,1.36347158514448e-10,Bin,9.8,9.9
Rhode Island,2 wk ahead,percent,1.36347158514448e-10,Bin,9.9,10.0
Rhode Island,2 wk ahead,percent,1.36347158514448e-10,Bin,10.0,10.1
Rhode Island,2 wk ahead,percent,1.36347158514448e-10,Bin,10.1,10.2
Rhode Island,2 wk ahead,percent,1.36347158514448e-10,Bin,10.2,10.3
Rhode Island,2 wk ahead,percent,1.36347158514448e-10,Bin,10.3,10.4
Rhode Island,2 wk ahead,percent,1.36347158514448e-10,Bin,10.4,10.5
Rhode Island,2 wk ahead,percent,1.36347158514448e-10,Bin,10.5,10.6
Rhode Island,2 wk ahead,percent,1.36347158514448e-10,Bin,10.6,10.7
Rhode Island,2 wk ahead,percent,1.36347158514448e-10,Bin,10.7,10.8
Rhode Island,2 wk ahead,percent,1.36347158514448e-10,Bin,10.8,10.9
Rhode Island,2 wk ahead,percent,1.36347158514448e-10,Bin,10.9,11.0
Rhode Island,2 wk ahead,percent,1.36347158514448e-10,Bin,11.0,11.1
Rhode Island,2 wk ahead,percent,1.36347158514448e-10,Bin,11.1,11.2
Rhode Island,2 wk ahead,percent,1.36347158514448e-10,Bin,11.2,11.3
Rhode Island,2 wk ahead,percent,1.36347158514448e-10,Bin,11.3,11.4
Rhode Island,2 wk ahead,percent,1.36347158514448e-10,Bin,11.4,11.5
Rhode Island,2 wk ahead,percent,1.36347158514448e-10,Bin,11.5,11.6
Rhode Island,2 wk ahead,percent,1.36347158514448e-10,Bin,11.6,11.7
Rhode Island,2 wk ahead,percent,1.36347158514448e-10,Bin,11.7,11.8
Rhode Island,2 wk ahead,percent,1.36347158514448e-10,Bin,11.8,11.9
Rhode Island,2 wk ahead,percent,1.36347158514448e-10,Bin,11.9,12.0
Rhode Island,2 wk ahead,percent,1.36347158514448e-10,Bin,12.0,12.1
Rhode Island,2 wk ahead,percent,1.36347158514448e-10,Bin,12.1,12.2
Rhode Island,2 wk ahead,percent,1.36347158514448e-10,Bin,12.2,12.3
Rhode Island,2 wk ahead,percent,1.36347158514448e-10,Bin,12.3,12.4
Rhode Island,2 wk ahead,percent,1.36347158514448e-10,Bin,12.4,12.5
Rhode Island,2 wk ahead,percent,1.36347158514448e-10,Bin,12.5,12.6
Rhode Island,2 wk ahead,percent,1.36347158514448e-10,Bin,12.6,12.7
Rhode Island,2 wk ahead,percent,1.36347158514448e-10,Bin,12.7,12.8
Rhode Island,2 wk ahead,percent,1.36347158514448e-10,Bin,12.8,12.9
Rhode Island,2 wk ahead,percent,1.36347158514448e-10,Bin,12.9,13.0
Rhode Island,2 wk ahead,percent,1.36347158514448e-10,Bin,13.0,100.0
Rhode Island,3 wk ahead,percent,0.0100000314551983,Bin,0.0,0.1
Rhode Island,3 wk ahead,percent,0.246000016991332,Bin,0.1,0.2
Rhode Island,3 wk ahead,percent,0.305999988063593,Bin,0.2,0.3
Rhode Island,3 wk ahead,percent,0.191999969639247,Bin,0.3,0.4
Rhode Island,3 wk ahead,percent,0.133999972164951,Bin,0.4,0.5
Rhode Island,3 wk ahead,percent,0.0579999881556105,Bin,0.5,0.6
Rhode Island,3 wk ahead,percent,0.0319999936261563,Bin,0.6,0.7
Rhode Island,3 wk ahead,percent,0.0119999978342685,Bin,0.7,0.8
Rhode Island,3 wk ahead,percent,0.00399999951751334,Bin,0.8,0.9
Rhode Island,3 wk ahead,percent,0.00199999993832456,Bin,0.9,1.0
Rhode Island,3 wk ahead,percent,3.59135771566438e-10,Bin,1.0,1.1
Rhode Island,3 wk ahead,percent,3.59135771566438e-10,Bin,1.1,1.2
Rhode Island,3 wk ahead,percent,3.59135771566438e-10,Bin,1.2,1.3
Rhode Island,3 wk ahead,percent,3.59135771566438e-10,Bin,1.3,1.4
Rhode Island,3 wk ahead,percent,3.59135771566438e-10,Bin,1.4,1.5
Rhode Island,3 wk ahead,percent,3.59135771566438e-10,Bin,1.5,1.6
Rhode Island,3 wk ahead,percent,3.59135771566438e-10,Bin,1.6,1.7
Rhode Island,3 wk ahead,percent,3.59135771566438e-10,Bin,1.7,1.8
Rhode Island,3 wk ahead,percent,3.59135771566438e-10,Bin,1.8,1.9
Rhode Island,3 wk ahead,percent,3.59135771566438e-10,Bin,1.9,2.0
Rhode Island,3 wk ahead,percent,0.00199999993832456,Bin,2.0,2.1
Rhode Island,3 wk ahead,percent,3.59135771566436e-10,Bin,2.1,2.2
Rhode Island,3 wk ahead,percent,3.59135771566436e-10,Bin,2.2,2.3
Rhode Island,3 wk ahead,percent,3.59135771566436e-10,Bin,2.3,2.4
Rhode Island,3 wk ahead,percent,0.00199999993832456,Bin,2.4,2.5
Rhode Island,3 wk ahead,percent,3.59135771566436e-10,Bin,2.5,2.6
Rhode Island,3 wk ahead,percent,3.59135771566436e-10,Bin,2.6,2.7
Rhode Island,3 wk ahead,percent,3.59135771566436e-10,Bin,2.7,2.8
Rhode Island,3 wk ahead,percent,3.59135771566436e-10,Bin,2.8,2.9
Rhode Island,3 wk ahead,percent,3.59135771566436e-10,Bin,2.9,3.0
Rhode Island,3 wk ahead,percent,3.59135771566436e-10,Bin,3.0,3.1
Rhode Island,3 wk ahead,percent,3.59135771566436e-10,Bin,3.1,3.2
Rhode Island,3 wk ahead,percent,3.59135771566436e-10,Bin,3.2,3.3
Rhode Island,3 wk ahead,percent,3.59135771566436e-10,Bin,3.3,3.4
Rhode Island,3 wk ahead,percent,3.59135771566436e-10,Bin,3.4,3.5
Rhode Island,3 wk ahead,percent,3.59135771566436e-10,Bin,3.5,3.6
Rhode Island,3 wk ahead,percent,3.59135771566436e-10,Bin,3.6,3.7
Rhode Island,3 wk ahead,percent,3.59135771566436e-10,Bin,3.7,3.8
Rhode Island,3 wk ahead,percent,3.59135771566436e-10,Bin,3.8,3.9
Rhode Island,3 wk ahead,percent,3.59135771566436e-10,Bin,3.9,4.0
Rhode Island,3 wk ahead,percent,3.59135771566436e-10,Bin,4.0,4.1
Rhode Island,3 wk ahead,percent,3.59135771566436e-10,Bin,4.1,4.2
Rhode Island,3 wk ahead,percent,3.59135771566436e-10,Bin,4.2,4.3
Rhode Island,3 wk ahead,percent,3.59135771566436e-10,Bin,4.3,4.4
Rhode Island,3 wk ahead,percent,3.59135771566436e-10,Bin,4.4,4.5
Rhode Island,3 wk ahead,percent,3.59135771566436e-10,Bin,4.5,4.6
Rhode Island,3 wk ahead,percent,3.59135771566436e-10,Bin,4.6,4.7
Rhode Island,3 wk ahead,percent,3.59135771566436e-10,Bin,4.7,4.8
Rhode Island,3 wk ahead,percent,3.59135771566436e-10,Bin,4.8,4.9
Rhode Island,3 wk ahead,percent,3.59135771566436e-10,Bin,4.9,5.0
Rhode Island,3 wk ahead,percent,3.59135771566436e-10,Bin,5.0,5.1
Rhode Island,3 wk ahead,percent,3.59135771566436e-10,Bin,5.1,5.2
Rhode Island,3 wk ahead,percent,3.59135771566436e-10,Bin,5.2,5.3
Rhode Island,3 wk ahead,percent,3.59135771566436e-10,Bin,5.3,5.4
Rhode Island,3 wk ahead,percent,3.59135771566436e-10,Bin,5.4,5.5
Rhode Island,3 wk ahead,percent,3.59135771566436e-10,Bin,5.5,5.6
Rhode Island,3 wk ahead,percent,3.59135771566436e-10,Bin,5.6,5.7
Rhode Island,3 wk ahead,percent,3.59135771566436e-10,Bin,5.7,5.8
Rhode Island,3 wk ahead,percent,3.59135771566436e-10,Bin,5.8,5.9
Rhode Island,3 wk ahead,percent,3.59135771566436e-10,Bin,5.9,6.0
Rhode Island,3 wk ahead,percent,3.59135771566436e-10,Bin,6.0,6.1
Rhode Island,3 wk ahead,percent,3.59135771566436e-10,Bin,6.1,6.2
Rhode Island,3 wk ahead,percent,3.59135771566436e-10,Bin,6.2,6.3
Rhode Island,3 wk ahead,percent,3.59135771566436e-10,Bin,6.3,6.4
Rhode Island,3 wk ahead,percent,3.59135771566436e-10,Bin,6.4,6.5
Rhode Island,3 wk ahead,percent,3.59135771566436e-10,Bin,6.5,6.6
Rhode Island,3 wk ahead,percent,3.59135771566436e-10,Bin,6.6,6.7
Rhode Island,3 wk ahead,percent,3.59135771566436e-10,Bin,6.7,6.8
Rhode Island,3 wk ahead,percent,3.59135771566436e-10,Bin,6.8,6.9
Rhode Island,3 wk ahead,percent,3.59135771566436e-10,Bin,6.9,7.0
Rhode Island,3 wk ahead,percent,3.59135771566436e-10,Bin,7.0,7.1
Rhode Island,3 wk ahead,percent,3.59135771566436e-10,Bin,7.1,7.2
Rhode Island,3 wk ahead,percent,3.59135771566436e-10,Bin,7.2,7.3
Rhode Island,3 wk ahead,percent,3.59135771566436e-10,Bin,7.3,7.4
Rhode Island,3 wk ahead,percent,3.59135771566436e-10,Bin,7.4,7.5
Rhode Island,3 wk ahead,percent,3.59135771566436e-10,Bin,7.5,7.6
Rhode Island,3 wk ahead,percent,3.59135771566436e-10,Bin,7.6,7.7
Rhode Island,3 wk ahead,percent,3.59135771566436e-10,Bin,7.7,7.8
Rhode Island,3 wk ahead,percent,3.59135771566436e-10,Bin,7.8,7.9
Rhode Island,3 wk ahead,percent,3.59135771566436e-10,Bin,7.9,8.0
Rhode Island,3 wk ahead,percent,3.59135771566439e-10,Bin,8.0,8.1
Rhode Island,3 wk ahead,percent,3.59135771566442e-10,Bin,8.1,8.2
Rhode Island,3 wk ahead,percent,3.59135771566442e-10,Bin,8.2,8.3
Rhode Island,3 wk ahead,percent,3.59135771566442e-10,Bin,8.3,8.4
Rhode Island,3 wk ahead,percent,3.59135771566442e-10,Bin,8.4,8.5
Rhode Island,3 wk ahead,percent,3.59135771566442e-10,Bin,8.5,8.6
Rhode Island,3 wk ahead,percent,3.59135771566442e-10,Bin,8.6,8.7
Rhode Island,3 wk ahead,percent,3.59135771566442e-10,Bin,8.7,8.8
Rhode Island,3 wk ahead,percent,3.59135771566442e-10,Bin,8.8,8.9
Rhode Island,3 wk ahead,percent,3.59135771566442e-10,Bin,8.9,9.0
Rhode Island,3 wk ahead,percent,3.59135771566442e-10,Bin,9.0,9.1
Rhode Island,3 wk ahead,percent,3.59135771566442e-10,Bin,9.1,9.2
Rhode Island,3 wk ahead,percent,3.59135771566442e-10,Bin,9.2,9.3
Rhode Island,3 wk ahead,percent,3.59135771566442e-10,Bin,9.3,9.4
Rhode Island,3 wk ahead,percent,3.59135771566442e-10,Bin,9.4,9.5
Rhode Island,3 wk ahead,percent,3.59135771566442e-10,Bin,9.5,9.6
Rhode Island,3 wk ahead,percent,3.59135771566442e-10,Bin,9.6,9.7
Rhode Island,3 wk ahead,percent,3.59135771566442e-10,Bin,9.7,9.8
Rhode Island,3 wk ahead,percent,3.59135771566442e-10,Bin,9.8,9.9
Rhode Island,3 wk ahead,percent,3.59135771566442e-10,Bin,9.9,10.0
Rhode Island,3 wk ahead,percent,3.59135771566442e-10,Bin,10.0,10.1
Rhode Island,3 wk ahead,percent,3.59135771566442e-10,Bin,10.1,10.2
Rhode Island,3 wk ahead,percent,3.59135771566442e-10,Bin,10.2,10.3
Rhode Island,3 wk ahead,percent,3.59135771566442e-10,Bin,10.3,10.4
Rhode Island,3 wk ahead,percent,3.59135771566442e-10,Bin,10.4,10.5
Rhode Island,3 wk ahead,percent,3.59135771566442e-10,Bin,10.5,10.6
Rhode Island,3 wk ahead,percent,3.59135771566442e-10,Bin,10.6,10.7
Rhode Island,3 wk ahead,percent,3.59135771566442e-10,Bin,10.7,10.8
Rhode Island,3 wk ahead,percent,3.59135771566442e-10,Bin,10.8,10.9
Rhode Island,3 wk ahead,percent,3.59135771566442e-10,Bin,10.9,11.0
Rhode Island,3 wk ahead,percent,3.59135771566442e-10,Bin,11.0,11.1
Rhode Island,3 wk ahead,percent,3.59135771566442e-10,Bin,11.1,11.2
Rhode Island,3 wk ahead,percent,3.59135771566442e-10,Bin,11.2,11.3
Rhode Island,3 wk ahead,percent,3.59135771566442e-10,Bin,11.3,11.4
Rhode Island,3 wk ahead,percent,3.59135771566442e-10,Bin,11.4,11.5
Rhode Island,3 wk ahead,percent,3.59135771566442e-10,Bin,11.5,11.6
Rhode Island,3 wk ahead,percent,3.59135771566442e-10,Bin,11.6,11.7
Rhode Island,3 wk ahead,percent,3.59135771566442e-10,Bin,11.7,11.8
Rhode Island,3 wk ahead,percent,3.59135771566442e-10,Bin,11.8,11.9
Rhode Island,3 wk ahead,percent,3.59135771566442e-10,Bin,11.9,12.0
Rhode Island,3 wk ahead,percent,3.59135771566442e-10,Bin,12.0,12.1
Rhode Island,3 wk ahead,percent,3.59135771566442e-10,Bin,12.1,12.2
Rhode Island,3 wk ahead,percent,3.59135771566442e-10,Bin,12.2,12.3
Rhode Island,3 wk ahead,percent,3.59135771566442e-10,Bin,12.3,12.4
Rhode Island,3 wk ahead,percent,3.59135771566442e-10,Bin,12.4,12.5
Rhode Island,3 wk ahead,percent,3.59135771566442e-10,Bin,12.5,12.6
Rhode Island,3 wk ahead,percent,3.59135771566442e-10,Bin,12.6,12.7
Rhode Island,3 wk ahead,percent,3.59135771566442e-10,Bin,12.7,12.8
Rhode Island,3 wk ahead,percent,3.59135771566442e-10,Bin,12.8,12.9
Rhode Island,3 wk ahead,percent,3.59135771566442e-10,Bin,12.9,13.0
Rhode Island,3 wk ahead,percent,3.59135771566442e-10,Bin,13.0,100.0
Rhode Island,4 wk ahead,percent,0.0460000220380635,Bin,0.0,0.1
Rhode Island,4 wk ahead,percent,0.300000030609538,Bin,0.1,0.2
Rhode Island,4 wk ahead,percent,0.317999957086089,Bin,0.2,0.3
Rhode Island,4 wk ahead,percent,0.19199996019038,Bin,0.3,0.4
Rhode Island,4 wk ahead,percent,0.0659999866269767,Bin,0.4,0.5
Rhode Island,4 wk ahead,percent,0.0319999937606616,Bin,0.5,0.6
Rhode Island,4 wk ahead,percent,0.0219999958588042,Bin,0.6,0.7
Rhode Island,4 wk ahead,percent,0.0139999975373183,Bin,0.7,0.8
Rhode Island,4 wk ahead,percent,0.0059999992158324,Bin,0.8,0.9
Rhode Island,4 wk ahead,percent,0.00200000005508945,Bin,0.9,1.0
Rhode Island,4 wk ahead,percent,4.74717975279161e-10,Bin,1.0,1.1
Rhode Island,4 wk ahead,percent,4.74717975279161e-10,Bin,1.1,1.2
Rhode Island,4 wk ahead,percent,0.00200000005508945,Bin,1.2,1.3
Rhode Island,4 wk ahead,percent,4.74717975279161e-10,Bin,1.3,1.4
Rhode Island,4 wk ahead,percent,4.74717975279161e-10,Bin,1.4,1.5
Rhode Island,4 wk ahead,percent,4.74717975279161e-10,Bin,1.5,1.6
Rhode Island,4 wk ahead,percent,4.74717975279161e-10,Bin,1.6,1.7
Rhode Island,4 wk ahead,percent,4.74717975279161e-10,Bin,1.7,1.8
Rhode Island,4 wk ahead,percent,4.74717975279161e-10,Bin,1.8,1.9
Rhode Island,4 wk ahead,percent,4.74717975279161e-10,Bin,1.9,2.0
Rhode Island,4 wk ahead,percent,4.7471797527916e-10,Bin,2.0,2.1
Rhode Island,4 wk ahead,percent,4.74717975279159e-10,Bin,2.1,2.2
Rhode Island,4 wk ahead,percent,4.74717975279159e-10,Bin,2.2,2.3
Rhode Island,4 wk ahead,percent,4.74717975279159e-10,Bin,2.3,2.4
Rhode Island,4 wk ahead,percent,4.74717975279159e-10,Bin,2.4,2.5
Rhode Island,4 wk ahead,percent,4.74717975279159e-10,Bin,2.5,2.6
Rhode Island,4 wk ahead,percent,4.74717975279159e-10,Bin,2.6,2.7
Rhode Island,4 wk ahead,percent,4.74717975279159e-10,Bin,2.7,2.8
Rhode Island,4 wk ahead,percent,4.74717975279159e-10,Bin,2.8,2.9
Rhode Island,4 wk ahead,percent,4.74717975279159e-10,Bin,2.9,3.0
Rhode Island,4 wk ahead,percent,4.74717975279159e-10,Bin,3.0,3.1
Rhode Island,4 wk ahead,percent,4.74717975279159e-10,Bin,3.1,3.2
Rhode Island,4 wk ahead,percent,4.74717975279159e-10,Bin,3.2,3.3
Rhode Island,4 wk ahead,percent,4.74717975279159e-10,Bin,3.3,3.4
Rhode Island,4 wk ahead,percent,4.74717975279159e-10,Bin,3.4,3.5
Rhode Island,4 wk ahead,percent,4.74717975279159e-10,Bin,3.5,3.6
Rhode Island,4 wk ahead,percent,4.74717975279159e-10,Bin,3.6,3.7
Rhode Island,4 wk ahead,percent,4.74717975279159e-10,Bin,3.7,3.8
Rhode Island,4 wk ahead,percent,4.74717975279159e-10,Bin,3.8,3.9
Rhode Island,4 wk ahead,percent,4.74717975279159e-10,Bin,3.9,4.0
Rhode Island,4 wk ahead,percent,4.74717975279159e-10,Bin,4.0,4.1
Rhode Island,4 wk ahead,percent,4.74717975279159e-10,Bin,4.1,4.2
Rhode Island,4 wk ahead,percent,4.74717975279159e-10,Bin,4.2,4.3
Rhode Island,4 wk ahead,percent,4.74717975279159e-10,Bin,4.3,4.4
Rhode Island,4 wk ahead,percent,4.74717975279159e-10,Bin,4.4,4.5
Rhode Island,4 wk ahead,percent,4.74717975279159e-10,Bin,4.5,4.6
Rhode Island,4 wk ahead,percent,4.74717975279159e-10,Bin,4.6,4.7
Rhode Island,4 wk ahead,percent,4.74717975279159e-10,Bin,4.7,4.8
Rhode Island,4 wk ahead,percent,4.74717975279159e-10,Bin,4.8,4.9
Rhode Island,4 wk ahead,percent,4.74717975279159e-10,Bin,4.9,5.0
Rhode Island,4 wk ahead,percent,4.74717975279159e-10,Bin,5.0,5.1
Rhode Island,4 wk ahead,percent,4.74717975279159e-10,Bin,5.1,5.2
Rhode Island,4 wk ahead,percent,4.74717975279159e-10,Bin,5.2,5.3
Rhode Island,4 wk ahead,percent,4.74717975279159e-10,Bin,5.3,5.4
Rhode Island,4 wk ahead,percent,4.74717975279159e-10,Bin,5.4,5.5
Rhode Island,4 wk ahead,percent,4.74717975279159e-10,Bin,5.5,5.6
Rhode Island,4 wk ahead,percent,4.74717975279159e-10,Bin,5.6,5.7
Rhode Island,4 wk ahead,percent,4.74717975279159e-10,Bin,5.7,5.8
Rhode Island,4 wk ahead,percent,4.74717975279159e-10,Bin,5.8,5.9
Rhode Island,4 wk ahead,percent,4.74717975279159e-10,Bin,5.9,6.0
Rhode Island,4 wk ahead,percent,4.74717975279159e-10,Bin,6.0,6.1
Rhode Island,4 wk ahead,percent,4.74717975279159e-10,Bin,6.1,6.2
Rhode Island,4 wk ahead,percent,4.74717975279159e-10,Bin,6.2,6.3
Rhode Island,4 wk ahead,percent,4.74717975279159e-10,Bin,6.3,6.4
Rhode Island,4 wk ahead,percent,4.74717975279159e-10,Bin,6.4,6.5
Rhode Island,4 wk ahead,percent,4.74717975279159e-10,Bin,6.5,6.6
Rhode Island,4 wk ahead,percent,4.74717975279159e-10,Bin,6.6,6.7
Rhode Island,4 wk ahead,percent,4.74717975279159e-10,Bin,6.7,6.8
Rhode Island,4 wk ahead,percent,4.74717975279159e-10,Bin,6.8,6.9
Rhode Island,4 wk ahead,percent,4.74717975279159e-10,Bin,6.9,7.0
Rhode Island,4 wk ahead,percent,4.74717975279159e-10,Bin,7.0,7.1
Rhode Island,4 wk ahead,percent,4.74717975279159e-10,Bin,7.1,7.2
Rhode Island,4 wk ahead,percent,4.74717975279159e-10,Bin,7.2,7.3
Rhode Island,4 wk ahead,percent,4.74717975279159e-10,Bin,7.3,7.4
Rhode Island,4 wk ahead,percent,4.74717975279159e-10,Bin,7.4,7.5
Rhode Island,4 wk ahead,percent,4.74717975279159e-10,Bin,7.5,7.6
Rhode Island,4 wk ahead,percent,4.74717975279159e-10,Bin,7.6,7.7
Rhode Island,4 wk ahead,percent,4.74717975279159e-10,Bin,7.7,7.8
Rhode Island,4 wk ahead,percent,4.74717975279159e-10,Bin,7.8,7.9
Rhode Island,4 wk ahead,percent,4.74717975279159e-10,Bin,7.9,8.0
Rhode Island,4 wk ahead,percent,4.74717975279163e-10,Bin,8.0,8.1
Rhode Island,4 wk ahead,percent,4.74717975279167e-10,Bin,8.1,8.2
Rhode Island,4 wk ahead,percent,4.74717975279167e-10,Bin,8.2,8.3
Rhode Island,4 wk ahead,percent,4.74717975279167e-10,Bin,8.3,8.4
Rhode Island,4 wk ahead,percent,4.74717975279167e-10,Bin,8.4,8.5
Rhode Island,4 wk ahead,percent,4.74717975279167e-10,Bin,8.5,8.6
Rhode Island,4 wk ahead,percent,4.74717975279167e-10,Bin,8.6,8.7
Rhode Island,4 wk ahead,percent,4.74717975279167e-10,Bin,8.7,8.8
Rhode Island,4 wk ahead,percent,4.74717975279167e-10,Bin,8.8,8.9
Rhode Island,4 wk ahead,percent,4.74717975279167e-10,Bin,8.9,9.0
Rhode Island,4 wk ahead,percent,4.74717975279167e-10,Bin,9.0,9.1
Rhode Island,4 wk ahead,percent,4.74717975279167e-10,Bin,9.1,9.2
Rhode Island,4 wk ahead,percent,4.74717975279167e-10,Bin,9.2,9.3
Rhode Island,4 wk ahead,percent,4.74717975279167e-10,Bin,9.3,9.4
Rhode Island,4 wk ahead,percent,4.74717975279167e-10,Bin,9.4,9.5
Rhode Island,4 wk ahead,percent,4.74717975279167e-10,Bin,9.5,9.6
Rhode Island,4 wk ahead,percent,4.74717975279167e-10,Bin,9.6,9.7
Rhode Island,4 wk ahead,percent,4.74717975279167e-10,Bin,9.7,9.8
Rhode Island,4 wk ahead,percent,4.74717975279167e-10,Bin,9.8,9.9
Rhode Island,4 wk ahead,percent,4.74717975279167e-10,Bin,9.9,10.0
Rhode Island,4 wk ahead,percent,4.74717975279167e-10,Bin,10.0,10.1
Rhode Island,4 wk ahead,percent,4.74717975279167e-10,Bin,10.1,10.2
Rhode Island,4 wk ahead,percent,4.74717975279167e-10,Bin,10.2,10.3
Rhode Island,4 wk ahead,percent,4.74717975279167e-10,Bin,10.3,10.4
Rhode Island,4 wk ahead,percent,4.74717975279167e-10,Bin,10.4,10.5
Rhode Island,4 wk ahead,percent,4.74717975279167e-10,Bin,10.5,10.6
Rhode Island,4 wk ahead,percent,4.74717975279167e-10,Bin,10.6,10.7
Rhode Island,4 wk ahead,percent,4.74717975279167e-10,Bin,10.7,10.8
Rhode Island,4 wk ahead,percent,4.74717975279167e-10,Bin,10.8,10.9
Rhode Island,4 wk ahead,percent,4.74717975279167e-10,Bin,10.9,11.0
Rhode Island,4 wk ahead,percent,4.74717975279167e-10,Bin,11.0,11.1
Rhode Island,4 wk ahead,percent,4.74717975279167e-10,Bin,11.1,11.2
Rhode Island,4 wk ahead,percent,4.74717975279167e-10,Bin,11.2,11.3
Rhode Island,4 wk ahead,percent,4.74717975279167e-10,Bin,11.3,11.4
Rhode Island,4 wk ahead,percent,4.74717975279167e-10,Bin,11.4,11.5
Rhode Island,4 wk ahead,percent,4.74717975279167e-10,Bin,11.5,11.6
Rhode Island,4 wk ahead,percent,4.74717975279167e-10,Bin,11.6,11.7
Rhode Island,4 wk ahead,percent,4.74717975279167e-10,Bin,11.7,11.8
Rhode Island,4 wk ahead,percent,4.74717975279167e-10,Bin,11.8,11.9
Rhode Island,4 wk ahead,percent,4.74717975279167e-10,Bin,11.9,12.0
Rhode Island,4 wk ahead,percent,4.74717975279167e-10,Bin,12.0,12.1
Rhode Island,4 wk ahead,percent,4.74717975279167e-10,Bin,12.1,12.2
Rhode Island,4 wk ahead,percent,4.74717975279167e-10,Bin,12.2,12.3
Rhode Island,4 wk ahead,percent,4.74717975279167e-10,Bin,12.3,12.4
Rhode Island,4 wk ahead,percent,4.74717975279167e-10,Bin,12.4,12.5
Rhode Island,4 wk ahead,percent,4.74717975279167e-10,Bin,12.5,12.6
Rhode Island,4 wk ahead,percent,4.74717975279167e-10,Bin,12.6,12.7
Rhode Island,4 wk ahead,percent,4.74717975279167e-10,Bin,12.7,12.8
Rhode Island,4 wk ahead,percent,4.74717975279167e-10,Bin,12.8,12.9
Rhode Island,4 wk ahead,percent,4.74717975279167e-10,Bin,12.9,13.0
Rhode Island,4 wk ahead,percent,4.74717975279167e-10,Bin,13.0,100.0
Rhode Island,Season peak percentage,percent,2.21041296968198e-12,Bin,0.0,0.1
Rhode Island,Season peak percentage,percent,5.14441288985551e-12,Bin,0.1,0.2
Rhode Island,Season peak percentage,percent,6.16020447457935e-12,Bin,0.2,0.3
Rhode Island,Season peak percentage,percent,7.21152750957638e-12,Bin,0.3,0.4
Rhode Island,Season peak percentage,percent,8.26990121726268e-12,Bin,0.4,0.5
Rhode Island,Season peak percentage,percent,9.31282976265224e-12,Bin,0.5,0.6
Rhode Island,Season peak percentage,percent,1.03283310108966e-11,Bin,0.6,0.7
Rhode Island,Season peak percentage,percent,1.13173174380702e-11,Bin,0.7,0.8
Rhode Island,Season peak percentage,percent,1.22933535582915e-11,Bin,0.8,0.9
Rhode Island,Season peak percentage,percent,1.32786984973683e-11,Bin,0.9,1.0
Rhode Island,Season peak percentage,percent,1.42976143181825e-11,Bin,1.0,1.1
Rhode Island,Season peak percentage,percent,1.53674439118496e-11,Bin,1.1,1.2
Rhode Island,Season peak percentage,percent,1.64903231138234e-11,Bin,1.2,1.3
Rhode Island,Season peak percentage,percent,1.76460817364264e-11,Bin,1.3,1.4
Rhode Island,Season peak percentage,percent,1.87895613776630e-11,Bin,1.4,1.5
Rhode Island,Season peak percentage,percent,1.9852586916478e-11,Bin,1.5,1.6
Rhode Island,Season peak percentage,percent,2.07504812874213e-11,Bin,1.6,1.7
Rhode Island,Season peak percentage,percent,2.13940305486262e-11,Bin,1.7,1.8
Rhode Island,Season peak percentage,percent,2.17006500236971e-11,Bin,1.8,1.9
Rhode Island,Season peak percentage,percent,2.16090718496963e-11,Bin,1.9,2.0
Rhode Island,Season peak percentage,percent,2.10889410424199e-11,Bin,2.0,2.1
Rhode Island,Season peak percentage,percent,2.014617628783e-11,Bin,2.1,2.2
Rhode Island,Season peak percentage,percent,1.88264084598603e-11,Bin,2.2,2.3
Rhode Island,Season peak percentage,percent,1.72078950841161e-11,Bin,2.3,2.4
Rhode Island,Season peak percentage,percent,1.53963304039605e-11,Bin,2.4,2.5
Rhode Island,Season peak percentage,percent,1.35125121893143e-11,Bin,2.5,2.6
Rhode Island,Season peak percentage,percent,1.16818289792162e-11,Bin,2.6,2.7
Rhode Island,Season peak percentage,percent,1.00239994763754e-11,Bin,2.7,2.8
Rhode Island,Season peak percentage,percent,8.64397425860960e-12,Bin,2.8,2.9
Rhode Island,Season peak percentage,percent,7.62764454204668e-12,Bin,2.9,3.0
Rhode Island,Season peak percentage,percent,7.03755906309385e-12,Bin,3.0,3.1
Rhode Island,Season peak percentage,percent,6.91110884629442e-12,Bin,3.1,3.2
Rhode Island,Season peak percentage,percent,7.26239768307678e-12,Bin,3.2,3.3
Rhode Island,Season peak percentage,percent,8.07950723148427e-12,Bin,3.3,3.4
Rhode Island,Season peak percentage,percent,9.3283030326114e-12,Bin,3.4,3.5
Rhode Island,Season peak percentage,percent,1.09502465274541e-11,Bin,3.5,3.6
Rhode Island,Season peak percentage,percent,1.28665460849311e-11,Bin,3.6,3.7
Rhode Island,Season peak percentage,percent,1.49789667301591e-11,Bin,3.7,3.8
Rhode Island,Season peak percentage,percent,1.71760728537801e-11,Bin,3.8,3.9
Rhode Island,Season peak percentage,percent,1.93381728529463e-11,Bin,3.9,4.0
Rhode Island,Season peak percentage,percent,2.13457269678491e-11,Bin,4.0,4.1
Rhode Island,Season peak percentage,percent,2.30869539638673e-11,Bin,4.1,4.2
Rhode Island,Season peak percentage,percent,2.44673380482356e-11,Bin,4.2,4.3
Rhode Island,Season peak percentage,percent,2.5413604280543e-11,Bin,4.3,4.4
Rhode Island,Season peak percentage,percent,2.58810135903225e-11,Bin,4.4,4.5
Rhode Island,Season peak percentage,percent,2.58523847356287e-11,Bin,4.5,4.6
Rhode Island,Season peak percentage,percent,2.5339631903101e-11,Bin,4.6,4.7
Rhode Island,Season peak percentage,percent,2.43781464983859e-11,Bin,4.7,4.8
Rhode Island,Season peak percentage,percent,2.30251085731004e-11,Bin,4.8,4.9
Rhode Island,Season peak percentage,percent,2.13507095778474e-11,Bin,4.9,5.0
Rhode Island,Season peak percentage,percent,1.94356734372341e-11,Bin,5.0,5.1
Rhode Island,Season peak percentage,percent,1.7364346468292e-11,Bin,5.1,5.2
Rhode Island,Season peak percentage,percent,1.52201847868784e-11,Bin,5.2,5.3
Rhode Island,Season peak percentage,percent,1.30817173890665e-11,Bin,5.3,5.4
Rhode Island,Season peak percentage,percent,1.10187431918583e-11,Bin,5.4,5.5
Rhode Island,Season peak percentage,percent,9.08917296390341e-12,Bin,5.5,5.6
Rhode Island,Season peak percentage,percent,7.33741804683711e-12,Bin,5.6,5.7
Rhode Island,Season peak percentage,percent,5.79230914607826e-12,Bin,5.7,5.8
Rhode Island,Season peak percentage,percent,4.46857058498224e-12,Bin,5.8,5.9
Rhode Island,Season peak percentage,percent,3.36631971786725e-12,Bin,5.9,6.0
Rhode Island,Season peak percentage,percent,2.4749036571796e-12,Bin,6.0,6.1
Rhode Island,Season peak percentage,percent,1.77469713989564e-12,Bin,6.1,6.2
Rhode Island,Season peak percentage,percent,1.24041549582956e-12,Bin,6.2,6.3
Rhode Island,Season peak percentage,percent,8.44792986001516e-13,Bin,6.3,6.4
Rhode Island,Season peak percentage,percent,5.60265385106453e-13,Bin,6.4,6.5
Rhode Island,Season peak percentage,percent,3.61778898086799e-13,Bin,6.5,6.6
Rhode Island,Season peak percentage,percent,2.27322347364692e-13,Bin,6.6,6.7
Rhode Island,Season peak percentage,percent,1.38994442112818e-13,Bin,6.7,6.8
Rhode Island,Season peak percentage,percent,1.05919707460499e-13,Bin,6.8,6.9
Rhode Island,Season peak percentage,percent,1.0591676113869e-13,Bin,6.9,7.0
Rhode Island,Season peak percentage,percent,1.0591676113869e-13,Bin,7.0,7.1
Rhode Island,Season peak percentage,percent,1.0591676113869e-13,Bin,7.1,7.2
Rhode Island,Season peak percentage,percent,1.0591676113869e-13,Bin,7.2,7.3
Rhode Island,Season peak percentage,percent,1.0591676113869e-13,Bin,7.3,7.4
Rhode Island,Season peak percentage,percent,1.0591676113869e-13,Bin,7.4,7.5
Rhode Island,Season peak percentage,percent,1.0591676113869e-13,Bin,7.5,7.6
Rhode Island,Season peak percentage,percent,1.0591676113869e-13,Bin,7.6,7.7
Rhode Island,Season peak percentage,percent,1.0591676113869e-13,Bin,7.7,7.8
Rhode Island,Season peak percentage,percent,0.999999999107986,Bin,7.8,7.9
Rhode Island,Season peak percentage,percent,1.0591676113869e-13,Bin,7.9,8.0
Rhode Island,Season peak percentage,percent,1.05916761138691e-13,Bin,8.0,8.1
Rhode Island,Season peak percentage,percent,1.05916761138692e-13,Bin,8.1,8.2
Rhode Island,Season peak percentage,percent,1.05916761138692e-13,Bin,8.2,8.3
Rhode Island,Season peak percentage,percent,1.05916761138692e-13,Bin,8.3,8.4
Rhode Island,Season peak percentage,percent,1.05916761138692e-13,Bin,8.4,8.5
Rhode Island,Season peak percentage,percent,1.05916761138692e-13,Bin,8.5,8.6
Rhode Island,Season peak percentage,percent,1.05916761138692e-13,Bin,8.6,8.7
Rhode Island,Season peak percentage,percent,1.05916761138692e-13,Bin,8.7,8.8
Rhode Island,Season peak percentage,percent,1.05916761138692e-13,Bin,8.8,8.9
Rhode Island,Season peak percentage,percent,1.05916761138692e-13,Bin,8.9,9.0
Rhode Island,Season peak percentage,percent,1.05916761138692e-13,Bin,9.0,9.1
Rhode Island,Season peak percentage,percent,1.05916761138692e-13,Bin,9.1,9.2
Rhode Island,Season peak percentage,percent,1.05916761138692e-13,Bin,9.2,9.3
Rhode Island,Season peak percentage,percent,1.05916761138692e-13,Bin,9.3,9.4
Rhode Island,Season peak percentage,percent,1.05916761138692e-13,Bin,9.4,9.5
Rhode Island,Season peak percentage,percent,1.05916761138692e-13,Bin,9.5,9.6
Rhode Island,Season peak percentage,percent,1.05916761138692e-13,Bin,9.6,9.7
Rhode Island,Season peak percentage,percent,1.05916761138692e-13,Bin,9.7,9.8
Rhode Island,Season peak percentage,percent,1.05916761138692e-13,Bin,9.8,9.9
Rhode Island,Season peak percentage,percent,1.05916761138692e-13,Bin,9.9,10.0
Rhode Island,Season peak percentage,percent,1.05916761138692e-13,Bin,10.0,10.1
Rhode Island,Season peak percentage,percent,1.05916761138692e-13,Bin,10.1,10.2
Rhode Island,Season peak percentage,percent,1.05916761138692e-13,Bin,10.2,10.3
Rhode Island,Season peak percentage,percent,1.05916761138692e-13,Bin,10.3,10.4
Rhode Island,Season peak percentage,percent,1.05916761138692e-13,Bin,10.4,10.5
Rhode Island,Season peak percentage,percent,1.05916761138692e-13,Bin,10.5,10.6
Rhode Island,Season peak percentage,percent,1.05916761138692e-13,Bin,10.6,10.7
Rhode Island,Season peak percentage,percent,1.05916761138692e-13,Bin,10.7,10.8
Rhode Island,Season peak percentage,percent,1.05916761138692e-13,Bin,10.8,10.9
Rhode Island,Season peak percentage,percent,1.05916761138692e-13,Bin,10.9,11.0
Rhode Island,Season peak percentage,percent,1.05916761138692e-13,Bin,11.0,11.1
Rhode Island,Season peak percentage,percent,1.05916761138692e-13,Bin,11.1,11.2
Rhode Island,Season peak percentage,percent,1.05916761138692e-13,Bin,11.2,11.3
Rhode Island,Season peak percentage,percent,1.05916761138692e-13,Bin,11.3,11.4
Rhode Island,Season peak percentage,percent,1.05916761138692e-13,Bin,11.4,11.5
Rhode Island,Season peak percentage,percent,1.05916761138692e-13,Bin,11.5,11.6
Rhode Island,Season peak percentage,percent,1.05916761138692e-13,Bin,11.6,11.7
Rhode Island,Season peak percentage,percent,1.05916761138692e-13,Bin,11.7,11.8
Rhode Island,Season peak percentage,percent,1.05916761138692e-13,Bin,11.8,11.9
Rhode Island,Season peak percentage,percent,1.05916761138692e-13,Bin,11.9,12.0
Rhode Island,Season peak percentage,percent,1.05916761138692e-13,Bin,12.0,12.1
Rhode Island,Season peak percentage,percent,1.05916761138692e-13,Bin,12.1,12.2
Rhode Island,Season peak percentage,percent,1.05916761138692e-13,Bin,12.2,12.3
Rhode Island,Season peak percentage,percent,1.05916761138692e-13,Bin,12.3,12.4
Rhode Island,Season peak percentage,percent,1.05916761138692e-13,Bin,12.4,12.5
Rhode Island,Season peak percentage,percent,1.05916761138692e-13,Bin,12.5,12.6
Rhode Island,Season peak percentage,percent,1.05916761138692e-13,Bin,12.6,12.7
Rhode Island,Season peak percentage,percent,1.05916761138692e-13,Bin,12.7,12.8
Rhode Island,Season peak percentage,percent,1.05916761138692e-13,Bin,12.8,12.9
Rhode Island,Season peak percentage,percent,1.05916761138692e-13,Bin,12.9,13.0
Rhode Island,Season peak percentage,percent,1.05916761138692e-13,Bin,13.0,100.0
Rhode Island,Season peak week,week,3.27444511682863e-05,Bin,40.0,41.0
Rhode Island,Season peak week,week,5.66242653062816e-05,Bin,41.0,42.0
Rhode Island,Season peak week,week,9.40849146869038e-05,Bin,42.0,43.0
Rhode Island,Season peak week,week,0.000150307651108927,Bin,43.0,44.0
Rhode Island,Season peak week,week,0.00023104772425493,Bin,44.0,45.0
Rhode Island,Season peak week,week,0.000342012230473768,Bin,45.0,46.0
Rhode Island,Season peak week,week,0.000487989733588182,Bin,46.0,47.0
Rhode Island,Season peak week,week,0.000671827858114932,Bin,47.0,48.0
Rhode Island,Season peak week,week,0.000893538094806747,Bin,48.0,49.0
Rhode Island,Season peak week,week,0.00114963227192478,Bin,49.0,50.0
Rhode Island,Season peak week,week,0.00143298902943116,Bin,50.0,51.0
Rhode Island,Season peak week,week,0.00173330116010297,Bin,51.0,52.0
Rhode Island,Season peak week,week,0.00203805902010108,Bin,52.0,53.0
Rhode Island,Season peak week,week,0.00233384931721027,Bin,1.0,2.0
Rhode Island,Season peak week,week,0.00260770135425181,Bin,2.0,3.0
Rhode Island,Season peak week,week,0.00284823029369601,Bin,3.0,4.0
Rhode Island,Season peak week,week,0.00304642250899621,Bin,4.0,5.0
Rhode Island,Season peak week,week,0.00319603703551794,Bin,5.0,6.0
Rhode Island,Season peak week,week,0.943348434542955,Bin,6.0,7.0
Rhode Island,Season peak week,week,0.00333851213305879,Bin,7.0,8.0
Rhode Island,Season peak week,week,0.0033321516125858,Bin,8.0,9.0
Rhode Island,Season peak week,week,0.00327788771339238,Bin,9.0,10.0
Rhode Island,Season peak week,week,0.00318011476050957,Bin,10.0,11.0
Rhode Island,Season peak week,week,0.00304356457788923,Bin,11.0,12.0
Rhode Island,Season peak week,week,0.00287271227298665,Bin,12.0,13.0
Rhode Island,Season peak week,week,0.00267156157639448,Bin,13.0,14.0
Rhode Island,Season peak week,week,0.00244394734236774,Bin,14.0,15.0
Rhode Island,Season peak week,week,0.00219424220701972,Bin,15.0,16.0
Rhode Island,Season peak week,week,0.0019281791584803,Bin,16.0,17.0
Rhode Island,Season peak week,week,0.0016533745128523,Bin,17.0,18.0
Rhode Island,Season peak week,week,0.00137921413452427,Bin,18.0,19.0
Rhode Island,Season peak week,week,0.00111601893432506,Bin,19.0,20.0
Rhode Island,Season peak week,week,0.000873685605917445,Bin,20.0,21.0
South Carolina,1 wk ahead,percent,5.86032458804415e-10,Bin,0.0,0.1
South Carolina,1 wk ahead,percent,0.00600000608594857,Bin,0.1,0.2
South Carolina,1 wk ahead,percent,1.69990346834722e-08,Bin,0.2,0.3
South Carolina,1 wk ahead,percent,0.0280000141537419,Bin,0.3,0.4
South Carolina,1 wk ahead,percent,0.0320000042020034,Bin,0.4,0.5
South Carolina,1 wk ahead,percent,0.0620000009134108,Bin,0.5,0.6
South Carolina,1 wk ahead,percent,0.07999999696678,Bin,0.6,0.7
South Carolina,1 wk ahead,percent,0.0979999934525632,Bin,0.7,0.8
South Carolina,1 wk ahead,percent,0.129999991049109,Bin,0.8,0.9
South Carolina,1 wk ahead,percent,0.117999991873167,Bin,0.9,1.0
South Carolina,1 wk ahead,percent,0.077999994628023,Bin,1.0,1.1
South Carolina,1 wk ahead,percent,0.085999994077051,Bin,1.1,1.2
South Carolina,1 wk ahead,percent,0.073999994903509,Bin,1.2,1.3
South Carolina,1 wk ahead,percent,0.0459999968319126,Bin,1.3,1.4
South Carolina,1 wk ahead,percent,0.0239999983482952,Bin,1.4,1.5
South Carolina,1 wk ahead,percent,0.0279999981968266,Bin,1.5,1.6
South Carolina,1 wk ahead,percent,0.0260000000792546,Bin,1.6,1.7
South Carolina,1 wk ahead,percent,0.018000003212022,Bin,1.7,1.8
South Carolina,1 wk ahead,percent,0.00400000150262014,Bin,1.8,1.9
South Carolina,1 wk ahead,percent,0.00999999943900937,Bin,1.9,2.0
South Carolina,1 wk ahead,percent,0.0139999990905828,Bin,2.0,2.1
South Carolina,1 wk ahead,percent,0.00199999991704082,Bin,2.1,2.2
South Carolina,1 wk ahead,percent,0.00599999964155482,Bin,2.2,2.3
South Carolina,1 wk ahead,percent,5.47838158756681e-11,Bin,2.3,2.4
South Carolina,1 wk ahead,percent,5.47838158756681e-11,Bin,2.4,2.5
South Carolina,1 wk ahead,percent,5.47838158756681e-11,Bin,2.5,2.6
South Carolina,1 wk ahead,percent,0.00399999977929782,Bin,2.6,2.7
South Carolina,1 wk ahead,percent,5.47838158756681e-11,Bin,2.7,2.8
South Carolina,1 wk ahead,percent,0.00399999977929782,Bin,2.8,2.9
South Carolina,1 wk ahead,percent,5.47838158756681e-11,Bin,2.9,3.0
South Carolina,1 wk ahead,percent,5.47838158756681e-11,Bin,3.0,3.1
South Carolina,1 wk ahead,percent,5.47838158756681e-11,Bin,3.1,3.2
South Carolina,1 wk ahead,percent,0.00399999977929782,Bin,3.2,3.3
South Carolina,1 wk ahead,percent,0.00199999991704082,Bin,3.3,3.4
South Carolina,1 wk ahead,percent,0.00399999977929782,Bin,3.4,3.5
South Carolina,1 wk ahead,percent,5.47838158756681e-11,Bin,3.5,3.6
South Carolina,1 wk ahead,percent,0.00599999964155482,Bin,3.6,3.7
South Carolina,1 wk ahead,percent,0.00199999991704082,Bin,3.7,3.8
South Carolina,1 wk ahead,percent,5.47838158756681e-11,Bin,3.8,3.9
South Carolina,1 wk ahead,percent,5.47838158756681e-11,Bin,3.9,4.0
South Carolina,1 wk ahead,percent,5.47838158756681e-11,Bin,4.0,4.1
South Carolina,1 wk ahead,percent,5.47838158756681e-11,Bin,4.1,4.2
South Carolina,1 wk ahead,percent,5.47838158756681e-11,Bin,4.2,4.3
South Carolina,1 wk ahead,percent,5.47838158756681e-11,Bin,4.3,4.4
South Carolina,1 wk ahead,percent,5.47838158756681e-11,Bin,4.4,4.5
South Carolina,1 wk ahead,percent,5.47838158756681e-11,Bin,4.5,4.6
South Carolina,1 wk ahead,percent,5.47838158756681e-11,Bin,4.6,4.7
South Carolina,1 wk ahead,percent,5.47838158756681e-11,Bin,4.7,4.8
South Carolina,1 wk ahead,percent,5.47838158756681e-11,Bin,4.8,4.9
South Carolina,1 wk ahead,percent,5.47838158756681e-11,Bin,4.9,5.0
South Carolina,1 wk ahead,percent,5.47838158756681e-11,Bin,5.0,5.1
South Carolina,1 wk ahead,percent,5.47838158756681e-11,Bin,5.1,5.2
South Carolina,1 wk ahead,percent,5.47838158756681e-11,Bin,5.2,5.3
South Carolina,1 wk ahead,percent,5.47838158756681e-11,Bin,5.3,5.4
South Carolina,1 wk ahead,percent,5.47838158756681e-11,Bin,5.4,5.5
South Carolina,1 wk ahead,percent,5.47838158756681e-11,Bin,5.5,5.6
South Carolina,1 wk ahead,percent,5.47838158756681e-11,Bin,5.6,5.7
South Carolina,1 wk ahead,percent,5.47838158756681e-11,Bin,5.7,5.8
South Carolina,1 wk ahead,percent,5.47838158756681e-11,Bin,5.8,5.9
South Carolina,1 wk ahead,percent,5.47838158756681e-11,Bin,5.9,6.0
South Carolina,1 wk ahead,percent,5.47838158756681e-11,Bin,6.0,6.1
South Carolina,1 wk ahead,percent,5.47838158756681e-11,Bin,6.1,6.2
South Carolina,1 wk ahead,percent,5.47838158756681e-11,Bin,6.2,6.3
South Carolina,1 wk ahead,percent,5.47838158756681e-11,Bin,6.3,6.4
South Carolina,1 wk ahead,percent,5.47838158756681e-11,Bin,6.4,6.5
South Carolina,1 wk ahead,percent,5.47838158756681e-11,Bin,6.5,6.6
South Carolina,1 wk ahead,percent,5.47838158756681e-11,Bin,6.6,6.7
South Carolina,1 wk ahead,percent,5.47838158756681e-11,Bin,6.7,6.8
South Carolina,1 wk ahead,percent,5.47838158756681e-11,Bin,6.8,6.9
South Carolina,1 wk ahead,percent,5.47838158756681e-11,Bin,6.9,7.0
South Carolina,1 wk ahead,percent,5.47838158756681e-11,Bin,7.0,7.1
South Carolina,1 wk ahead,percent,5.47838158756681e-11,Bin,7.1,7.2
South Carolina,1 wk ahead,percent,5.47838158756681e-11,Bin,7.2,7.3
South Carolina,1 wk ahead,percent,5.47838158756681e-11,Bin,7.3,7.4
South Carolina,1 wk ahead,percent,5.47838158756681e-11,Bin,7.4,7.5
South Carolina,1 wk ahead,percent,5.47838158756681e-11,Bin,7.5,7.6
South Carolina,1 wk ahead,percent,5.47838158756681e-11,Bin,7.6,7.7
South Carolina,1 wk ahead,percent,5.47838158756681e-11,Bin,7.7,7.8
South Carolina,1 wk ahead,percent,5.47838158756681e-11,Bin,7.8,7.9
South Carolina,1 wk ahead,percent,5.47838158756681e-11,Bin,7.9,8.0
South Carolina,1 wk ahead,percent,5.47838158756686e-11,Bin,8.0,8.1
South Carolina,1 wk ahead,percent,5.47838158756691e-11,Bin,8.1,8.2
South Carolina,1 wk ahead,percent,5.47838158756691e-11,Bin,8.2,8.3
South Carolina,1 wk ahead,percent,5.47838158756691e-11,Bin,8.3,8.4
South Carolina,1 wk ahead,percent,5.47838158756691e-11,Bin,8.4,8.5
South Carolina,1 wk ahead,percent,5.47838158756691e-11,Bin,8.5,8.6
South Carolina,1 wk ahead,percent,5.47838158756691e-11,Bin,8.6,8.7
South Carolina,1 wk ahead,percent,5.47838158756691e-11,Bin,8.7,8.8
South Carolina,1 wk ahead,percent,5.47838158756691e-11,Bin,8.8,8.9
South Carolina,1 wk ahead,percent,5.47838158756691e-11,Bin,8.9,9.0
South Carolina,1 wk ahead,percent,5.47838158756691e-11,Bin,9.0,9.1
South Carolina,1 wk ahead,percent,5.47838158756691e-11,Bin,9.1,9.2
South Carolina,1 wk ahead,percent,0.00399999977929782,Bin,9.2,9.3
South Carolina,1 wk ahead,percent,5.47838158756691e-11,Bin,9.3,9.4
South Carolina,1 wk ahead,percent,5.47838158756691e-11,Bin,9.4,9.5
South Carolina,1 wk ahead,percent,5.47838158756691e-11,Bin,9.5,9.6
South Carolina,1 wk ahead,percent,5.47838158756691e-11,Bin,9.6,9.7
South Carolina,1 wk ahead,percent,5.47838158756691e-11,Bin,9.7,9.8
South Carolina,1 wk ahead,percent,5.47838158756691e-11,Bin,9.8,9.9
South Carolina,1 wk ahead,percent,5.47838158756691e-11,Bin,9.9,10.0
South Carolina,1 wk ahead,percent,5.47838158756691e-11,Bin,10.0,10.1
South Carolina,1 wk ahead,percent,5.47838158756691e-11,Bin,10.1,10.2
South Carolina,1 wk ahead,percent,5.47838158756691e-11,Bin,10.2,10.3
South Carolina,1 wk ahead,percent,5.47838158756691e-11,Bin,10.3,10.4
South Carolina,1 wk ahead,percent,5.47838158756691e-11,Bin,10.4,10.5
South Carolina,1 wk ahead,percent,5.47838158756691e-11,Bin,10.5,10.6
South Carolina,1 wk ahead,percent,5.47838158756691e-11,Bin,10.6,10.7
South Carolina,1 wk ahead,percent,5.47838158756691e-11,Bin,10.7,10.8
South Carolina,1 wk ahead,percent,5.47838158756691e-11,Bin,10.8,10.9
South Carolina,1 wk ahead,percent,5.47838158756691e-11,Bin,10.9,11.0
South Carolina,1 wk ahead,percent,5.47838158756691e-11,Bin,11.0,11.1
South Carolina,1 wk ahead,percent,5.47838158756691e-11,Bin,11.1,11.2
South Carolina,1 wk ahead,percent,5.47838158756691e-11,Bin,11.2,11.3
South Carolina,1 wk ahead,percent,5.47838158756691e-11,Bin,11.3,11.4
South Carolina,1 wk ahead,percent,5.47838158756691e-11,Bin,11.4,11.5
South Carolina,1 wk ahead,percent,5.47838158756691e-11,Bin,11.5,11.6
South Carolina,1 wk ahead,percent,5.47838158756691e-11,Bin,11.6,11.7
South Carolina,1 wk ahead,percent,5.47838158756691e-11,Bin,11.7,11.8
South Carolina,1 wk ahead,percent,5.47838158756691e-11,Bin,11.8,11.9
South Carolina,1 wk ahead,percent,5.47838158756691e-11,Bin,11.9,12.0
South Carolina,1 wk ahead,percent,5.47838158756691e-11,Bin,12.0,12.1
South Carolina,1 wk ahead,percent,5.47838158756691e-11,Bin,12.1,12.2
South Carolina,1 wk ahead,percent,5.47838158756691e-11,Bin,12.2,12.3
South Carolina,1 wk ahead,percent,5.47838158756691e-11,Bin,12.3,12.4
South Carolina,1 wk ahead,percent,5.47838158756691e-11,Bin,12.4,12.5
South Carolina,1 wk ahead,percent,5.47838158756691e-11,Bin,12.5,12.6
South Carolina,1 wk ahead,percent,5.47838158756691e-11,Bin,12.6,12.7
South Carolina,1 wk ahead,percent,5.47838158756691e-11,Bin,12.7,12.8
South Carolina,1 wk ahead,percent,5.47838158756691e-11,Bin,12.8,12.9
South Carolina,1 wk ahead,percent,5.47838158756691e-11,Bin,12.9,13.0
South Carolina,1 wk ahead,percent,5.47838158756691e-11,Bin,13.0,100.0
South Carolina,2 wk ahead,percent,3.22101629961679e-09,Bin,0.0,0.1
South Carolina,2 wk ahead,percent,0.00400001174900592,Bin,0.1,0.2
South Carolina,2 wk ahead,percent,0.0140000231660053,Bin,0.2,0.3
South Carolina,2 wk ahead,percent,0.0260000077173755,Bin,0.3,0.4
South Carolina,2 wk ahead,percent,0.0839999984775235,Bin,0.4,0.5
South Carolina,2 wk ahead,percent,0.099999992665393,Bin,0.5,0.6
South Carolina,2 wk ahead,percent,0.105999992172923,Bin,0.6,0.7
South Carolina,2 wk ahead,percent,0.11199999172988,Bin,0.7,0.8
South Carolina,2 wk ahead,percent,0.0979999927636447,Bin,0.8,0.9
South Carolina,2 wk ahead,percent,0.063999995274217,Bin,0.9,1.0
South Carolina,2 wk ahead,percent,0.0819999939450905,Bin,1.0,1.1
South Carolina,2 wk ahead,percent,0.0459999966033434,Bin,1.1,1.2
South Carolina,2 wk ahead,percent,0.0459999966033434,Bin,1.2,1.3
South Carolina,2 wk ahead,percent,0.0319999976371085,Bin,1.3,1.4
South Carolina,2 wk ahead,percent,0.0239999982278314,Bin,1.4,1.5
South Carolina,2 wk ahead,percent,0.0319999976381131,Bin,1.5,1.6
South Carolina,2 wk ahead,percent,0.0159999999964197,Bin,1.6,1.7
South Carolina,2 wk ahead,percent,0.0100000060919091,Bin,1.7,1.8
South Carolina,2 wk ahead,percent,0.015999999430029,Bin,1.8,1.9
South Carolina,2 wk ahead,percent,0.0139999990679116,Bin,1.9,2.0
South Carolina,2 wk ahead,percent,0.0159999989202308,Bin,2.0,2.1
South Carolina,2 wk ahead,percent,0.00199999995399588,Bin,2.1,2.2
South Carolina,2 wk ahead,percent,0.00399999980631516,Bin,2.2,2.3
South Carolina,2 wk ahead,percent,1.0167660031147e-10,Bin,2.3,2.4
South Carolina,2 wk ahead,percent,0.00399999980631516,Bin,2.4,2.5
South Carolina,2 wk ahead,percent,0.00399999980631516,Bin,2.5,2.6
South Carolina,2 wk ahead,percent,0.00599999965863444,Bin,2.6,2.7
South Carolina,2 wk ahead,percent,0.00399999980631516,Bin,2.7,2.8
South Carolina,2 wk ahead,percent,1.0167660031147e-10,Bin,2.8,2.9
South Carolina,2 wk ahead,percent,0.00399999980631516,Bin,2.9,3.0
South Carolina,2 wk ahead,percent,0.00399999980631516,Bin,3.0,3.1
South Carolina,2 wk ahead,percent,0.00199999995399588,Bin,3.1,3.2
South Carolina,2 wk ahead,percent,0.00399999980631516,Bin,3.2,3.3
South Carolina,2 wk ahead,percent,0.00399999980631516,Bin,3.3,3.4
South Carolina,2 wk ahead,percent,0.00399999980631516,Bin,3.4,3.5
South Carolina,2 wk ahead,percent,0.00199999995399588,Bin,3.5,3.6
South Carolina,2 wk ahead,percent,0.00199999995399588,Bin,3.6,3.7
South Carolina,2 wk ahead,percent,1.0167660031147e-10,Bin,3.7,3.8
South Carolina,2 wk ahead,percent,0.00199999995399588,Bin,3.8,3.9
South Carolina,2 wk ahead,percent,1.0167660031147e-10,Bin,3.9,4.0
South Carolina,2 wk ahead,percent,0.00199999995399588,Bin,4.0,4.1
South Carolina,2 wk ahead,percent,0.00199999995399588,Bin,4.1,4.2
South Carolina,2 wk ahead,percent,1.0167660031147e-10,Bin,4.2,4.3
South Carolina,2 wk ahead,percent,1.0167660031147e-10,Bin,4.3,4.4
South Carolina,2 wk ahead,percent,0.00199999995399588,Bin,4.4,4.5
South Carolina,2 wk ahead,percent,1.0167660031147e-10,Bin,4.5,4.6
South Carolina,2 wk ahead,percent,1.0167660031147e-10,Bin,4.6,4.7
South Carolina,2 wk ahead,percent,1.0167660031147e-10,Bin,4.7,4.8
South Carolina,2 wk ahead,percent,1.0167660031147e-10,Bin,4.8,4.9
South Carolina,2 wk ahead,percent,1.0167660031147e-10,Bin,4.9,5.0
South Carolina,2 wk ahead,percent,1.0167660031147e-10,Bin,5.0,5.1
South Carolina,2 wk ahead,percent,1.0167660031147e-10,Bin,5.1,5.2
South Carolina,2 wk ahead,percent,1.0167660031147e-10,Bin,5.2,5.3
South Carolina,2 wk ahead,percent,1.0167660031147e-10,Bin,5.3,5.4
South Carolina,2 wk ahead,percent,1.0167660031147e-10,Bin,5.4,5.5
South Carolina,2 wk ahead,percent,1.0167660031147e-10,Bin,5.5,5.6
South Carolina,2 wk ahead,percent,1.0167660031147e-10,Bin,5.6,5.7
South Carolina,2 wk ahead,percent,1.0167660031147e-10,Bin,5.7,5.8
South Carolina,2 wk ahead,percent,1.0167660031147e-10,Bin,5.8,5.9
South Carolina,2 wk ahead,percent,1.0167660031147e-10,Bin,5.9,6.0
South Carolina,2 wk ahead,percent,1.0167660031147e-10,Bin,6.0,6.1
South Carolina,2 wk ahead,percent,1.0167660031147e-10,Bin,6.1,6.2
South Carolina,2 wk ahead,percent,1.0167660031147e-10,Bin,6.2,6.3
South Carolina,2 wk ahead,percent,1.0167660031147e-10,Bin,6.3,6.4
South Carolina,2 wk ahead,percent,1.0167660031147e-10,Bin,6.4,6.5
South Carolina,2 wk ahead,percent,1.0167660031147e-10,Bin,6.5,6.6
South Carolina,2 wk ahead,percent,1.0167660031147e-10,Bin,6.6,6.7
South Carolina,2 wk ahead,percent,1.0167660031147e-10,Bin,6.7,6.8
South Carolina,2 wk ahead,percent,1.0167660031147e-10,Bin,6.8,6.9
South Carolina,2 wk ahead,percent,1.0167660031147e-10,Bin,6.9,7.0
South Carolina,2 wk ahead,percent,1.0167660031147e-10,Bin,7.0,7.1
South Carolina,2 wk ahead,percent,1.0167660031147e-10,Bin,7.1,7.2
South Carolina,2 wk ahead,percent,1.0167660031147e-10,Bin,7.2,7.3
South Carolina,2 wk ahead,percent,1.0167660031147e-10,Bin,7.3,7.4
South Carolina,2 wk ahead,percent,1.0167660031147e-10,Bin,7.4,7.5
South Carolina,2 wk ahead,percent,1.0167660031147e-10,Bin,7.5,7.6
South Carolina,2 wk ahead,percent,1.0167660031147e-10,Bin,7.6,7.7
South Carolina,2 wk ahead,percent,1.0167660031147e-10,Bin,7.7,7.8
South Carolina,2 wk ahead,percent,1.0167660031147e-10,Bin,7.8,7.9
South Carolina,2 wk ahead,percent,1.0167660031147e-10,Bin,7.9,8.0
South Carolina,2 wk ahead,percent,1.01676600311471e-10,Bin,8.0,8.1
South Carolina,2 wk ahead,percent,1.01676600311472e-10,Bin,8.1,8.2
South Carolina,2 wk ahead,percent,1.01676600311472e-10,Bin,8.2,8.3
South Carolina,2 wk ahead,percent,1.01676600311472e-10,Bin,8.3,8.4
South Carolina,2 wk ahead,percent,1.01676600311472e-10,Bin,8.4,8.5
South Carolina,2 wk ahead,percent,1.01676600311472e-10,Bin,8.5,8.6
South Carolina,2 wk ahead,percent,1.01676600311472e-10,Bin,8.6,8.7
South Carolina,2 wk ahead,percent,1.01676600311472e-10,Bin,8.7,8.8
South Carolina,2 wk ahead,percent,1.01676600311472e-10,Bin,8.8,8.9
South Carolina,2 wk ahead,percent,1.01676600311472e-10,Bin,8.9,9.0
South Carolina,2 wk ahead,percent,1.01676600311472e-10,Bin,9.0,9.1
South Carolina,2 wk ahead,percent,1.01676600311472e-10,Bin,9.1,9.2
South Carolina,2 wk ahead,percent,1.01676600311472e-10,Bin,9.2,9.3
South Carolina,2 wk ahead,percent,1.01676600311472e-10,Bin,9.3,9.4
South Carolina,2 wk ahead,percent,1.01676600311472e-10,Bin,9.4,9.5
South Carolina,2 wk ahead,percent,1.01676600311472e-10,Bin,9.5,9.6
South Carolina,2 wk ahead,percent,1.01676600311472e-10,Bin,9.6,9.7
South Carolina,2 wk ahead,percent,1.01676600311472e-10,Bin,9.7,9.8
South Carolina,2 wk ahead,percent,1.01676600311472e-10,Bin,9.8,9.9
South Carolina,2 wk ahead,percent,1.01676600311472e-10,Bin,9.9,10.0
South Carolina,2 wk ahead,percent,1.01676600311472e-10,Bin,10.0,10.1
South Carolina,2 wk ahead,percent,1.01676600311472e-10,Bin,10.1,10.2
South Carolina,2 wk ahead,percent,1.01676600311472e-10,Bin,10.2,10.3
South Carolina,2 wk ahead,percent,1.01676600311472e-10,Bin,10.3,10.4
South Carolina,2 wk ahead,percent,1.01676600311472e-10,Bin,10.4,10.5
South Carolina,2 wk ahead,percent,1.01676600311472e-10,Bin,10.5,10.6
South Carolina,2 wk ahead,percent,1.01676600311472e-10,Bin,10.6,10.7
South Carolina,2 wk ahead,percent,1.01676600311472e-10,Bin,10.7,10.8
South Carolina,2 wk ahead,percent,1.01676600311472e-10,Bin,10.8,10.9
South Carolina,2 wk ahead,percent,1.01676600311472e-10,Bin,10.9,11.0
South Carolina,2 wk ahead,percent,1.01676600311472e-10,Bin,11.0,11.1
South Carolina,2 wk ahead,percent,1.01676600311472e-10,Bin,11.1,11.2
South Carolina,2 wk ahead,percent,1.01676600311472e-10,Bin,11.2,11.3
South Carolina,2 wk ahead,percent,1.01676600311472e-10,Bin,11.3,11.4
South Carolina,2 wk ahead,percent,1.01676600311472e-10,Bin,11.4,11.5
South Carolina,2 wk ahead,percent,1.01676600311472e-10,Bin,11.5,11.6
South Carolina,2 wk ahead,percent,1.01676600311472e-10,Bin,11.6,11.7
South Carolina,2 wk ahead,percent,1.01676600311472e-10,Bin,11.7,11.8
South Carolina,2 wk ahead,percent,1.01676600311472e-10,Bin,11.8,11.9
South Carolina,2 wk ahead,percent,1.01676600311472e-10,Bin,11.9,12.0
South Carolina,2 wk ahead,percent,1.01676600311472e-10,Bin,12.0,12.1
South Carolina,2 wk ahead,percent,1.01676600311472e-10,Bin,12.1,12.2
South Carolina,2 wk ahead,percent,1.01676600311472e-10,Bin,12.2,12.3
South Carolina,2 wk ahead,percent,1.01676600311472e-10,Bin,12.3,12.4
South Carolina,2 wk ahead,percent,1.01676600311472e-10,Bin,12.4,12.5
South Carolina,2 wk ahead,percent,1.01676600311472e-10,Bin,12.5,12.6
South Carolina,2 wk ahead,percent,1.01676600311472e-10,Bin,12.6,12.7
South Carolina,2 wk ahead,percent,1.01676600311472e-10,Bin,12.7,12.8
South Carolina,2 wk ahead,percent,1.01676600311472e-10,Bin,12.8,12.9
South Carolina,2 wk ahead,percent,1.01676600311472e-10,Bin,12.9,13.0
South Carolina,2 wk ahead,percent,1.01676600311472e-10,Bin,13.0,100.0
South Carolina,3 wk ahead,percent,0.00200000925774715,Bin,0.0,0.1
South Carolina,3 wk ahead,percent,0.0180000475993742,Bin,0.1,0.2
South Carolina,3 wk ahead,percent,0.0320000444408678,Bin,0.2,0.3
South Carolina,3 wk ahead,percent,0.0920000172076667,Bin,0.3,0.4
South Carolina,3 wk ahead,percent,0.119999989629417,Bin,0.4,0.5
South Carolina,3 wk ahead,percent,0.123999975017559,Bin,0.5,0.6
South Carolina,3 wk ahead,percent,0.105999977707325,Bin,0.6,0.7
South Carolina,3 wk ahead,percent,0.0899999810843545,Bin,0.7,0.8
South Carolina,3 wk ahead,percent,0.0779999850248859,Bin,0.8,0.9
South Carolina,3 wk ahead,percent,0.0480000009439265,Bin,0.9,1.0
South Carolina,3 wk ahead,percent,0.0539999995247051,Bin,1.0,1.1
South Carolina,3 wk ahead,percent,0.0359999938038279,Bin,1.1,1.2
South Carolina,3 wk ahead,percent,0.0279999942837645,Bin,1.2,1.3
South Carolina,3 wk ahead,percent,0.0179999963878206,Bin,1.3,1.4
South Carolina,3 wk ahead,percent,0.0279999942837645,Bin,1.4,1.5
South Carolina,3 wk ahead,percent,0.023999995125387,Bin,1.5,1.6
South Carolina,3 wk ahead,percent,0.0119999976502543,Bin,1.6,1.7
South Carolina,3 wk ahead,percent,0.013999997229443,Bin,1.7,1.8
South Carolina,3 wk ahead,percent,0.0119999976502543,Bin,1.8,1.9
South Carolina,3 wk ahead,percent,0.00799999849187669,Bin,1.9,2.0
South Carolina,3 wk ahead,percent,0.00399999933349912,Bin,2.0,2.1
South Carolina,3 wk ahead,percent,0.00799999849187669,Bin,2.1,2.2
South Carolina,3 wk ahead,percent,0.00399999933349912,Bin,2.2,2.3
South Carolina,3 wk ahead,percent,0.00199999975431034,Bin,2.3,2.4
South Carolina,3 wk ahead,percent,0.00799999849187669,Bin,2.4,2.5
South Carolina,3 wk ahead,percent,0.00599999891268791,Bin,2.5,2.6
South Carolina,3 wk ahead,percent,0.00199999975431034,Bin,2.6,2.7
South Carolina,3 wk ahead,percent,0.00399999933349912,Bin,2.7,2.8
South Carolina,3 wk ahead,percent,0.00199999975431034,Bin,2.8,2.9
South Carolina,3 wk ahead,percent,0.00599999891268791,Bin,2.9,3.0
South Carolina,3 wk ahead,percent,0.00399999933349912,Bin,3.0,3.1
South Carolina,3 wk ahead,percent,1.75121553813449e-10,Bin,3.1,3.2
South Carolina,3 wk ahead,percent,1.75121553813449e-10,Bin,3.2,3.3
South Carolina,3 wk ahead,percent,1.75121553813449e-10,Bin,3.3,3.4
South Carolina,3 wk ahead,percent,1.75121553813449e-10,Bin,3.4,3.5
South Carolina,3 wk ahead,percent,0.00199999975431034,Bin,3.5,3.6
South Carolina,3 wk ahead,percent,1.75121553813449e-10,Bin,3.6,3.7
South Carolina,3 wk ahead,percent,1.75121553813449e-10,Bin,3.7,3.8
South Carolina,3 wk ahead,percent,1.75121553813449e-10,Bin,3.8,3.9
South Carolina,3 wk ahead,percent,1.75121553813449e-10,Bin,3.9,4.0
South Carolina,3 wk ahead,percent,1.75121553813449e-10,Bin,4.0,4.1
South Carolina,3 wk ahead,percent,1.75121553813449e-10,Bin,4.1,4.2
South Carolina,3 wk ahead,percent,1.75121553813449e-10,Bin,4.2,4.3
South Carolina,3 wk ahead,percent,1.75121553813449e-10,Bin,4.3,4.4
South Carolina,3 wk ahead,percent,1.75121553813449e-10,Bin,4.4,4.5
South Carolina,3 wk ahead,percent,1.75121553813449e-10,Bin,4.5,4.6
South Carolina,3 wk ahead,percent,1.75121553813449e-10,Bin,4.6,4.7
South Carolina,3 wk ahead,percent,0.00199999975431034,Bin,4.7,4.8
South Carolina,3 wk ahead,percent,1.75121553813449e-10,Bin,4.8,4.9
South Carolina,3 wk ahead,percent,1.75121553813449e-10,Bin,4.9,5.0
South Carolina,3 wk ahead,percent,1.75121553813449e-10,Bin,5.0,5.1
South Carolina,3 wk ahead,percent,1.75121553813449e-10,Bin,5.1,5.2
South Carolina,3 wk ahead,percent,1.75121553813449e-10,Bin,5.2,5.3
South Carolina,3 wk ahead,percent,1.75121553813449e-10,Bin,5.3,5.4
South Carolina,3 wk ahead,percent,1.75121553813449e-10,Bin,5.4,5.5
South Carolina,3 wk ahead,percent,1.75121553813449e-10,Bin,5.5,5.6
South Carolina,3 wk ahead,percent,1.75121553813449e-10,Bin,5.6,5.7
South Carolina,3 wk ahead,percent,1.75121553813449e-10,Bin,5.7,5.8
South Carolina,3 wk ahead,percent,1.75121553813449e-10,Bin,5.8,5.9
South Carolina,3 wk ahead,percent,1.75121553813449e-10,Bin,5.9,6.0
South Carolina,3 wk ahead,percent,1.75121553813449e-10,Bin,6.0,6.1
South Carolina,3 wk ahead,percent,1.75121553813449e-10,Bin,6.1,6.2
South Carolina,3 wk ahead,percent,1.75121553813449e-10,Bin,6.2,6.3
South Carolina,3 wk ahead,percent,1.75121553813449e-10,Bin,6.3,6.4
South Carolina,3 wk ahead,percent,1.75121553813449e-10,Bin,6.4,6.5
South Carolina,3 wk ahead,percent,1.75121553813449e-10,Bin,6.5,6.6
South Carolina,3 wk ahead,percent,1.75121553813449e-10,Bin,6.6,6.7
South Carolina,3 wk ahead,percent,1.75121553813449e-10,Bin,6.7,6.8
South Carolina,3 wk ahead,percent,1.75121553813449e-10,Bin,6.8,6.9
South Carolina,3 wk ahead,percent,1.75121553813449e-10,Bin,6.9,7.0
South Carolina,3 wk ahead,percent,1.75121553813449e-10,Bin,7.0,7.1
South Carolina,3 wk ahead,percent,1.75121553813449e-10,Bin,7.1,7.2
South Carolina,3 wk ahead,percent,1.75121553813449e-10,Bin,7.2,7.3
South Carolina,3 wk ahead,percent,1.75121553813449e-10,Bin,7.3,7.4
South Carolina,3 wk ahead,percent,1.75121553813449e-10,Bin,7.4,7.5
South Carolina,3 wk ahead,percent,1.75121553813449e-10,Bin,7.5,7.6
South Carolina,3 wk ahead,percent,1.75121553813449e-10,Bin,7.6,7.7
South Carolina,3 wk ahead,percent,1.75121553813449e-10,Bin,7.7,7.8
South Carolina,3 wk ahead,percent,1.75121553813449e-10,Bin,7.8,7.9
South Carolina,3 wk ahead,percent,1.75121553813449e-10,Bin,7.9,8.0
South Carolina,3 wk ahead,percent,1.7512155381345e-10,Bin,8.0,8.1
South Carolina,3 wk ahead,percent,1.75121553813452e-10,Bin,8.1,8.2
South Carolina,3 wk ahead,percent,1.75121553813452e-10,Bin,8.2,8.3
South Carolina,3 wk ahead,percent,1.75121553813452e-10,Bin,8.3,8.4
South Carolina,3 wk ahead,percent,1.75121553813452e-10,Bin,8.4,8.5
South Carolina,3 wk ahead,percent,1.75121553813452e-10,Bin,8.5,8.6
South Carolina,3 wk ahead,percent,1.75121553813452e-10,Bin,8.6,8.7
South Carolina,3 wk ahead,percent,1.75121553813452e-10,Bin,8.7,8.8
South Carolina,3 wk ahead,percent,1.75121553813452e-10,Bin,8.8,8.9
South Carolina,3 wk ahead,percent,1.75121553813452e-10,Bin,8.9,9.0
South Carolina,3 wk ahead,percent,1.75121553813452e-10,Bin,9.0,9.1
South Carolina,3 wk ahead,percent,1.75121553813452e-10,Bin,9.1,9.2
South Carolina,3 wk ahead,percent,1.75121553813452e-10,Bin,9.2,9.3
South Carolina,3 wk ahead,percent,1.75121553813452e-10,Bin,9.3,9.4
South Carolina,3 wk ahead,percent,1.75121553813452e-10,Bin,9.4,9.5
South Carolina,3 wk ahead,percent,0.00199999975431034,Bin,9.5,9.6
South Carolina,3 wk ahead,percent,1.75121553813452e-10,Bin,9.6,9.7
South Carolina,3 wk ahead,percent,1.75121553813452e-10,Bin,9.7,9.8
South Carolina,3 wk ahead,percent,1.75121553813452e-10,Bin,9.8,9.9
South Carolina,3 wk ahead,percent,1.75121553813452e-10,Bin,9.9,10.0
South Carolina,3 wk ahead,percent,1.75121553813452e-10,Bin,10.0,10.1
South Carolina,3 wk ahead,percent,1.75121553813452e-10,Bin,10.1,10.2
South Carolina,3 wk ahead,percent,1.75121553813452e-10,Bin,10.2,10.3
South Carolina,3 wk ahead,percent,1.75121553813452e-10,Bin,10.3,10.4
South Carolina,3 wk ahead,percent,1.75121553813452e-10,Bin,10.4,10.5
South Carolina,3 wk ahead,percent,1.75121553813452e-10,Bin,10.5,10.6
South Carolina,3 wk ahead,percent,1.75121553813452e-10,Bin,10.6,10.7
South Carolina,3 wk ahead,percent,1.75121553813452e-10,Bin,10.7,10.8
South Carolina,3 wk ahead,percent,1.75121553813452e-10,Bin,10.8,10.9
South Carolina,3 wk ahead,percent,1.75121553813452e-10,Bin,10.9,11.0
South Carolina,3 wk ahead,percent,1.75121553813452e-10,Bin,11.0,11.1
South Carolina,3 wk ahead,percent,1.75121553813452e-10,Bin,11.1,11.2
South Carolina,3 wk ahead,percent,1.75121553813452e-10,Bin,11.2,11.3
South Carolina,3 wk ahead,percent,1.75121553813452e-10,Bin,11.3,11.4
South Carolina,3 wk ahead,percent,1.75121553813452e-10,Bin,11.4,11.5
South Carolina,3 wk ahead,percent,1.75121553813452e-10,Bin,11.5,11.6
South Carolina,3 wk ahead,percent,1.75121553813452e-10,Bin,11.6,11.7
South Carolina,3 wk ahead,percent,1.75121553813452e-10,Bin,11.7,11.8
South Carolina,3 wk ahead,percent,1.75121553813452e-10,Bin,11.8,11.9
South Carolina,3 wk ahead,percent,1.75121553813452e-10,Bin,11.9,12.0
South Carolina,3 wk ahead,percent,1.75121553813452e-10,Bin,12.0,12.1
South Carolina,3 wk ahead,percent,1.75121553813452e-10,Bin,12.1,12.2
South Carolina,3 wk ahead,percent,1.75121553813452e-10,Bin,12.2,12.3
South Carolina,3 wk ahead,percent,1.75121553813452e-10,Bin,12.3,12.4
South Carolina,3 wk ahead,percent,1.75121553813452e-10,Bin,12.4,12.5
South Carolina,3 wk ahead,percent,1.75121553813452e-10,Bin,12.5,12.6
South Carolina,3 wk ahead,percent,1.75121553813452e-10,Bin,12.6,12.7
South Carolina,3 wk ahead,percent,1.75121553813452e-10,Bin,12.7,12.8
South Carolina,3 wk ahead,percent,1.75121553813452e-10,Bin,12.8,12.9
South Carolina,3 wk ahead,percent,1.75121553813452e-10,Bin,12.9,13.0
South Carolina,3 wk ahead,percent,1.75121553813452e-10,Bin,13.0,100.0
South Carolina,4 wk ahead,percent,0.00200001287142661,Bin,0.0,0.1
South Carolina,4 wk ahead,percent,0.0320000374731534,Bin,0.1,0.2
South Carolina,4 wk ahead,percent,0.080000038056651,Bin,0.2,0.3
South Carolina,4 wk ahead,percent,0.110000016876984,Bin,0.3,0.4
South Carolina,4 wk ahead,percent,0.11799999043414,Bin,0.4,0.5
South Carolina,4 wk ahead,percent,0.10999997955532,Bin,0.5,0.6
South Carolina,4 wk ahead,percent,0.10599997956251,Bin,0.6,0.7
South Carolina,4 wk ahead,percent,0.0879999886608035,Bin,0.7,0.8
South Carolina,4 wk ahead,percent,0.061999997256599,Bin,0.8,0.9
South Carolina,4 wk ahead,percent,0.0559999932108072,Bin,0.9,1.0
South Carolina,4 wk ahead,percent,0.0319999940819441,Bin,1.0,1.1
South Carolina,4 wk ahead,percent,0.0139999971863961,Bin,1.1,1.2
South Carolina,4 wk ahead,percent,0.0279999942482088,Bin,1.2,1.3
South Carolina,4 wk ahead,percent,0.0199999959267229,Bin,1.3,1.4
South Carolina,4 wk ahead,percent,0.0139999971856085,Bin,1.4,1.5
South Carolina,4 wk ahead,percent,0.00799999844449409,Bin,1.5,1.6
South Carolina,4 wk ahead,percent,0.0239999950874659,Bin,1.6,1.7
South Carolina,4 wk ahead,percent,0.00999999802486557,Bin,1.7,1.8
South Carolina,4 wk ahead,percent,0.01599999676598,Bin,1.8,1.9
South Carolina,4 wk ahead,percent,0.00799999844449409,Bin,1.9,2.0
South Carolina,4 wk ahead,percent,0.00799999844449409,Bin,2.0,2.1
South Carolina,4 wk ahead,percent,0.00799999844449409,Bin,2.1,2.2
South Carolina,4 wk ahead,percent,0.00399999928375114,Bin,2.2,2.3
South Carolina,4 wk ahead,percent,0.00599999886412261,Bin,2.3,2.4
South Carolina,4 wk ahead,percent,0.00399999928375114,Bin,2.4,2.5
South Carolina,4 wk ahead,percent,0.00399999928375114,Bin,2.5,2.6
South Carolina,4 wk ahead,percent,0.00199999970337966,Bin,2.6,2.7
South Carolina,4 wk ahead,percent,0.00199999970337966,Bin,2.7,2.8
South Carolina,4 wk ahead,percent,0.00199999970337966,Bin,2.8,2.9
South Carolina,4 wk ahead,percent,1.23008184792534e-10,Bin,2.9,3.0
South Carolina,4 wk ahead,percent,1.23008184792534e-10,Bin,3.0,3.1
South Carolina,4 wk ahead,percent,1.23008184792534e-10,Bin,3.1,3.2
South Carolina,4 wk ahead,percent,0.00199999970337966,Bin,3.2,3.3
South Carolina,4 wk ahead,percent,0.00199999970337966,Bin,3.3,3.4
South Carolina,4 wk ahead,percent,1.23008184792534e-10,Bin,3.4,3.5
South Carolina,4 wk ahead,percent,0.00199999970337966,Bin,3.5,3.6
South Carolina,4 wk ahead,percent,1.23008184792534e-10,Bin,3.6,3.7
South Carolina,4 wk ahead,percent,0.00199999970337966,Bin,3.7,3.8
South Carolina,4 wk ahead,percent,1.23008184792534e-10,Bin,3.8,3.9
South Carolina,4 wk ahead,percent,0.00199999970337966,Bin,3.9,4.0
South Carolina,4 wk ahead,percent,1.23008184792534e-10,Bin,4.0,4.1
South Carolina,4 wk ahead,percent,1.23008184792534e-10,Bin,4.1,4.2
South Carolina,4 wk ahead,percent,1.23008184792534e-10,Bin,4.2,4.3
South Carolina,4 wk ahead,percent,1.23008184792534e-10,Bin,4.3,4.4
South Carolina,4 wk ahead,percent,0.00199999970337966,Bin,4.4,4.5
South Carolina,4 wk ahead,percent,1.23008184792534e-10,Bin,4.5,4.6
South Carolina,4 wk ahead,percent,1.23008184792534e-10,Bin,4.6,4.7
South Carolina,4 wk ahead,percent,1.23008184792534e-10,Bin,4.7,4.8
South Carolina,4 wk ahead,percent,0.00199999970337966,Bin,4.8,4.9
South Carolina,4 wk ahead,percent,1.23008184792534e-10,Bin,4.9,5.0
South Carolina,4 wk ahead,percent,1.23008184792534e-10,Bin,5.0,5.1
South Carolina,4 wk ahead,percent,0.00199999970337966,Bin,5.1,5.2
South Carolina,4 wk ahead,percent,1.23008184792534e-10,Bin,5.2,5.3
South Carolina,4 wk ahead,percent,1.23008184792534e-10,Bin,5.3,5.4
South Carolina,4 wk ahead,percent,1.23008184792534e-10,Bin,5.4,5.5
South Carolina,4 wk ahead,percent,1.23008184792534e-10,Bin,5.5,5.6
South Carolina,4 wk ahead,percent,1.23008184792534e-10,Bin,5.6,5.7
South Carolina,4 wk ahead,percent,0.00199999970337966,Bin,5.7,5.8
South Carolina,4 wk ahead,percent,1.23008184792534e-10,Bin,5.8,5.9
South Carolina,4 wk ahead,percent,1.23008184792534e-10,Bin,5.9,6.0
South Carolina,4 wk ahead,percent,1.23008184792534e-10,Bin,6.0,6.1
South Carolina,4 wk ahead,percent,1.23008184792534e-10,Bin,6.1,6.2
South Carolina,4 wk ahead,percent,1.23008184792534e-10,Bin,6.2,6.3
South Carolina,4 wk ahead,percent,0.00199999970337966,Bin,6.3,6.4
South Carolina,4 wk ahead,percent,1.23008184792534e-10,Bin,6.4,6.5
South Carolina,4 wk ahead,percent,1.23008184792534e-10,Bin,6.5,6.6
South Carolina,4 wk ahead,percent,1.23008184792534e-10,Bin,6.6,6.7
South Carolina,4 wk ahead,percent,1.23008184792534e-10,Bin,6.7,6.8
South Carolina,4 wk ahead,percent,1.23008184792534e-10,Bin,6.8,6.9
South Carolina,4 wk ahead,percent,1.23008184792534e-10,Bin,6.9,7.0
South Carolina,4 wk ahead,percent,1.23008184792534e-10,Bin,7.0,7.1
South Carolina,4 wk ahead,percent,1.23008184792534e-10,Bin,7.1,7.2
South Carolina,4 wk ahead,percent,0.00199999970337966,Bin,7.2,7.3
South Carolina,4 wk ahead,percent,1.23008184792534e-10,Bin,7.3,7.4
South Carolina,4 wk ahead,percent,1.23008184792534e-10,Bin,7.4,7.5
South Carolina,4 wk ahead,percent,1.23008184792534e-10,Bin,7.5,7.6
South Carolina,4 wk ahead,percent,1.23008184792534e-10,Bin,7.6,7.7
South Carolina,4 wk ahead,percent,1.23008184792534e-10,Bin,7.7,7.8
South Carolina,4 wk ahead,percent,1.23008184792534e-10,Bin,7.8,7.9
South Carolina,4 wk ahead,percent,1.23008184792534e-10,Bin,7.9,8.0
South Carolina,4 wk ahead,percent,1.23008184792535e-10,Bin,8.0,8.1
South Carolina,4 wk ahead,percent,1.23008184792536e-10,Bin,8.1,8.2
South Carolina,4 wk ahead,percent,1.23008184792536e-10,Bin,8.2,8.3
South Carolina,4 wk ahead,percent,1.23008184792536e-10,Bin,8.3,8.4
South Carolina,4 wk ahead,percent,1.23008184792536e-10,Bin,8.4,8.5
South Carolina,4 wk ahead,percent,1.23008184792536e-10,Bin,8.5,8.6
South Carolina,4 wk ahead,percent,1.23008184792536e-10,Bin,8.6,8.7
South Carolina,4 wk ahead,percent,1.23008184792536e-10,Bin,8.7,8.8
South Carolina,4 wk ahead,percent,1.23008184792536e-10,Bin,8.8,8.9
South Carolina,4 wk ahead,percent,1.23008184792536e-10,Bin,8.9,9.0
South Carolina,4 wk ahead,percent,1.23008184792536e-10,Bin,9.0,9.1
South Carolina,4 wk ahead,percent,1.23008184792536e-10,Bin,9.1,9.2
South Carolina,4 wk ahead,percent,1.23008184792536e-10,Bin,9.2,9.3
South Carolina,4 wk ahead,percent,1.23008184792536e-10,Bin,9.3,9.4
South Carolina,4 wk ahead,percent,1.23008184792536e-10,Bin,9.4,9.5
South Carolina,4 wk ahead,percent,1.23008184792536e-10,Bin,9.5,9.6
South Carolina,4 wk ahead,percent,1.23008184792536e-10,Bin,9.6,9.7
South Carolina,4 wk ahead,percent,1.23008184792536e-10,Bin,9.7,9.8
South Carolina,4 wk ahead,percent,1.23008184792536e-10,Bin,9.8,9.9
South Carolina,4 wk ahead,percent,1.23008184792536e-10,Bin,9.9,10.0
South Carolina,4 wk ahead,percent,1.23008184792536e-10,Bin,10.0,10.1
South Carolina,4 wk ahead,percent,1.23008184792536e-10,Bin,10.1,10.2
South Carolina,4 wk ahead,percent,1.23008184792536e-10,Bin,10.2,10.3
South Carolina,4 wk ahead,percent,1.23008184792536e-10,Bin,10.3,10.4
South Carolina,4 wk ahead,percent,1.23008184792536e-10,Bin,10.4,10.5
South Carolina,4 wk ahead,percent,1.23008184792536e-10,Bin,10.5,10.6
South Carolina,4 wk ahead,percent,1.23008184792536e-10,Bin,10.6,10.7
South Carolina,4 wk ahead,percent,1.23008184792536e-10,Bin,10.7,10.8
South Carolina,4 wk ahead,percent,1.23008184792536e-10,Bin,10.8,10.9
South Carolina,4 wk ahead,percent,1.23008184792536e-10,Bin,10.9,11.0
South Carolina,4 wk ahead,percent,1.23008184792536e-10,Bin,11.0,11.1
South Carolina,4 wk ahead,percent,1.23008184792536e-10,Bin,11.1,11.2
South Carolina,4 wk ahead,percent,1.23008184792536e-10,Bin,11.2,11.3
South Carolina,4 wk ahead,percent,1.23008184792536e-10,Bin,11.3,11.4
South Carolina,4 wk ahead,percent,1.23008184792536e-10,Bin,11.4,11.5
South Carolina,4 wk ahead,percent,1.23008184792536e-10,Bin,11.5,11.6
South Carolina,4 wk ahead,percent,1.23008184792536e-10,Bin,11.6,11.7
South Carolina,4 wk ahead,percent,1.23008184792536e-10,Bin,11.7,11.8
South Carolina,4 wk ahead,percent,1.23008184792536e-10,Bin,11.8,11.9
South Carolina,4 wk ahead,percent,1.23008184792536e-10,Bin,11.9,12.0
South Carolina,4 wk ahead,percent,1.23008184792536e-10,Bin,12.0,12.1
South Carolina,4 wk ahead,percent,1.23008184792536e-10,Bin,12.1,12.2
South Carolina,4 wk ahead,percent,1.23008184792536e-10,Bin,12.2,12.3
South Carolina,4 wk ahead,percent,1.23008184792536e-10,Bin,12.3,12.4
South Carolina,4 wk ahead,percent,1.23008184792536e-10,Bin,12.4,12.5
South Carolina,4 wk ahead,percent,1.23008184792536e-10,Bin,12.5,12.6
South Carolina,4 wk ahead,percent,1.23008184792536e-10,Bin,12.6,12.7
South Carolina,4 wk ahead,percent,1.23008184792536e-10,Bin,12.7,12.8
South Carolina,4 wk ahead,percent,1.23008184792536e-10,Bin,12.8,12.9
South Carolina,4 wk ahead,percent,1.23008184792536e-10,Bin,12.9,13.0
South Carolina,4 wk ahead,percent,1.23008184792536e-10,Bin,13.0,100.0
South Carolina,Season peak percentage,percent,1.80507848068595e-12,Bin,0.0,0.1
South Carolina,Season peak percentage,percent,3.91360800032695e-12,Bin,0.1,0.2
South Carolina,Season peak percentage,percent,4.32678894122486e-12,Bin,0.2,0.3
South Carolina,Season peak percentage,percent,4.74669393245063e-12,Bin,0.3,0.4
South Carolina,Season peak percentage,percent,5.16943560175278e-12,Bin,0.4,0.5
South Carolina,Season peak percentage,percent,5.59160888570924e-12,Bin,0.5,0.6
South Carolina,Season peak percentage,percent,6.0105443615401e-12,Bin,0.6,0.7
South Carolina,Season peak percentage,percent,6.42442001891721e-12,Bin,0.7,0.8
South Carolina,Season peak percentage,percent,6.83254289717211e-12,Bin,0.8,0.9
South Carolina,Season peak percentage,percent,7.2352404378057e-12,Bin,0.9,1.0
South Carolina,Season peak percentage,percent,7.63393709998598e-12,Bin,1.0,1.1
South Carolina,Season peak percentage,percent,8.03093606650727e-12,Bin,1.1,1.2
South Carolina,Season peak percentage,percent,8.42918927506108e-12,Bin,1.2,1.3
South Carolina,Season peak percentage,percent,8.83195018411686e-12,Bin,1.3,1.4
South Carolina,Season peak percentage,percent,9.24239723957734e-12,Bin,1.4,1.5
South Carolina,Season peak percentage,percent,9.66314341984305e-12,Bin,1.5,1.6
South Carolina,Season peak percentage,percent,1.00959167270135e-11,Bin,1.6,1.7
South Carolina,Season peak percentage,percent,1.05409902676225e-11,Bin,1.7,1.8
South Carolina,Season peak percentage,percent,1.09971004840118e-11,Bin,1.8,1.9
South Carolina,Season peak percentage,percent,1.14610502931235e-11,Bin,1.9,2.0
South Carolina,Season peak percentage,percent,1.19277718023068e-11,Bin,2.0,2.1
South Carolina,Season peak percentage,percent,1.23903172631309e-11,Bin,2.1,2.2
South Carolina,Season peak percentage,percent,1.28402873455866e-11,Bin,2.2,2.3
South Carolina,Season peak percentage,percent,1.32677496740653e-11,Bin,2.3,2.4
South Carolina,Season peak percentage,percent,1.366247245807e-11,Bin,2.4,2.5
South Carolina,Season peak percentage,percent,1.40134875352912e-11,Bin,2.5,2.6
South Carolina,Season peak percentage,percent,1.43106126749788e-11,Bin,2.6,2.7
South Carolina,Season peak percentage,percent,1.45443856120251e-11,Bin,2.7,2.8
South Carolina,Season peak percentage,percent,1.4706731379714e-11,Bin,2.8,2.9
South Carolina,Season peak percentage,percent,1.47915841990453e-11,Bin,2.9,3.0
South Carolina,Season peak percentage,percent,1.47948215752394e-11,Bin,3.0,3.1
South Carolina,Season peak percentage,percent,1.47149681162488e-11,Bin,3.1,3.2
South Carolina,Season peak percentage,percent,1.45521386384658e-11,Bin,3.2,3.3
South Carolina,Season peak percentage,percent,1.43097699960074e-11,Bin,3.3,3.4
South Carolina,Season peak percentage,percent,1.39921354699108e-11,Bin,3.4,3.5
South Carolina,Season peak percentage,percent,1.36061239216217e-11,Bin,3.5,3.6
South Carolina,Season peak percentage,percent,1.3159561987081e-11,Bin,3.6,3.7
South Carolina,Season peak percentage,percent,1.2661296945447e-11,Bin,3.7,3.8
South Carolina,Season peak percentage,percent,1.21212191074286e-11,Bin,3.8,3.9
South Carolina,Season peak percentage,percent,1.1549098931357e-11,Bin,3.9,4.0
South Carolina,Season peak percentage,percent,1.09553895008401e-11,Bin,4.0,4.1
South Carolina,Season peak percentage,percent,1.03501338241427e-11,Bin,4.1,4.2
South Carolina,Season peak percentage,percent,9.7434697704527e-12,Bin,4.2,4.3
South Carolina,Season peak percentage,percent,9.14528096515824e-12,Bin,4.3,4.4
South Carolina,Season peak percentage,percent,8.56525065747968e-12,Bin,4.4,4.5
South Carolina,Season peak percentage,percent,8.01286552219124e-12,Bin,4.5,4.6
South Carolina,Season peak percentage,percent,7.49744905282193e-12,Bin,4.6,4.7
South Carolina,Season peak percentage,percent,7.02795489951414e-12,Bin,4.7,4.8
South Carolina,Season peak percentage,percent,6.61347356539426e-12,Bin,4.8,4.9
South Carolina,Season peak percentage,percent,6.26193003938492e-12,Bin,4.9,5.0
South Carolina,Season peak percentage,percent,5.98182529548785e-12,Bin,5.0,5.1
South Carolina,Season peak percentage,percent,5.77971205233514e-12,Bin,5.1,5.2
South Carolina,Season peak percentage,percent,5.66221558260865e-12,Bin,5.2,5.3
South Carolina,Season peak percentage,percent,5.63399394533306e-12,Bin,5.3,5.4
South Carolina,Season peak percentage,percent,5.69824825950224e-12,Bin,5.4,5.5
South Carolina,Season peak percentage,percent,5.85680393405853e-12,Bin,5.5,5.6
South Carolina,Season peak percentage,percent,6.10825363623085e-12,Bin,5.6,5.7
South Carolina,Season peak percentage,percent,6.4501547906339e-12,Bin,5.7,5.8
South Carolina,Season peak percentage,percent,6.87629142747154e-12,Bin,5.8,5.9
South Carolina,Season peak percentage,percent,7.37860473001054e-12,Bin,5.9,6.0
South Carolina,Season peak percentage,percent,7.94612374089364e-12,Bin,6.0,6.1
South Carolina,Season peak percentage,percent,8.56558590854954e-12,Bin,6.1,6.2
South Carolina,Season peak percentage,percent,9.22145771938707e-12,Bin,6.2,6.3
South Carolina,Season peak percentage,percent,9.89650461984782e-12,Bin,6.3,6.4
South Carolina,Season peak percentage,percent,1.05721701274243e-11,Bin,6.4,6.5
South Carolina,Season peak percentage,percent,1.12293673410726e-11,Bin,6.5,6.6
South Carolina,Season peak percentage,percent,1.18484811463151e-11,Bin,6.6,6.7
South Carolina,Season peak percentage,percent,1.24113260131288e-11,Bin,6.7,6.8
South Carolina,Season peak percentage,percent,1.29000004373535e-11,Bin,6.8,6.9
South Carolina,Season peak percentage,percent,1.32995563154632e-11,Bin,6.9,7.0
South Carolina,Season peak percentage,percent,1.35968549392075e-11,Bin,7.0,7.1
South Carolina,Season peak percentage,percent,1.37818099486906e-11,Bin,7.1,7.2
South Carolina,Season peak percentage,percent,1.38483725205337e-11,Bin,7.2,7.3
South Carolina,Season peak percentage,percent,1.3792901250018e-11,Bin,7.3,7.4
South Carolina,Season peak percentage,percent,1.36164782114655e-11,Bin,7.4,7.5
South Carolina,Season peak percentage,percent,1.33228578097841e-11,Bin,7.5,7.6
South Carolina,Season peak percentage,percent,1.29196186096669e-11,Bin,7.6,7.7
South Carolina,Season peak percentage,percent,1.24166676372185e-11,Bin,7.7,7.8
South Carolina,Season peak percentage,percent,1.18268374205456e-11,Bin,7.8,7.9
South Carolina,Season peak percentage,percent,1.11643479761255e-11,Bin,7.9,8.0
South Carolina,Season peak percentage,percent,1.04446674651888e-11,Bin,8.0,8.1
South Carolina,Season peak percentage,percent,9.68412755013163e-12,Bin,8.1,8.2
South Carolina,Season peak percentage,percent,8.89856975950942e-12,Bin,8.2,8.3
South Carolina,Season peak percentage,percent,8.10362680207665e-12,Bin,8.3,8.4
South Carolina,Season peak percentage,percent,7.31365044867162e-12,Bin,8.4,8.5
South Carolina,Season peak percentage,percent,6.54151484865442e-12,Bin,8.5,8.6
South Carolina,Season peak percentage,percent,5.79848022495614e-12,Bin,8.6,8.7
South Carolina,Season peak percentage,percent,5.09371551846499e-12,Bin,8.7,8.8
South Carolina,Season peak percentage,percent,4.43433271317933e-12,Bin,8.8,8.9
South Carolina,Season peak percentage,percent,3.82561635279074e-12,Bin,8.9,9.0
South Carolina,Season peak percentage,percent,3.27063111032891e-12,Bin,9.0,9.1
South Carolina,Season peak percentage,percent,2.770932427455e-12,Bin,9.1,9.2
South Carolina,Season peak percentage,percent,2.32622758916562e-12,Bin,9.2,9.3
South Carolina,Season peak percentage,percent,1.935261505464e-12,Bin,9.3,9.4
South Carolina,Season peak percentage,percent,1.59521826726975e-12,Bin,9.4,9.5
South Carolina,Season peak percentage,percent,1.30297536850528e-12,Bin,9.5,9.6
South Carolina,Season peak percentage,percent,1.05452889594282e-12,Bin,9.6,9.7
South Carolina,Season peak percentage,percent,8.45525006123527e-13,Bin,9.7,9.8
South Carolina,Season peak percentage,percent,6.71796549230841e-13,Bin,9.8,9.9
South Carolina,Season peak percentage,percent,5.28700303438952e-13,Bin,9.9,10.0
South Carolina,Season peak percentage,percent,4.12331921487049e-13,Bin,10.0,10.1
South Carolina,Season peak percentage,percent,3.18492835561227e-13,Bin,10.1,10.2
South Carolina,Season peak percentage,percent,2.43754390819588e-13,Bin,10.2,10.3
South Carolina,Season peak percentage,percent,1.84785908577968e-13,Bin,10.3,10.4
South Carolina,Season peak percentage,percent,1.38760992746016e-13,Bin,10.4,10.5
South Carolina,Season peak percentage,percent,1.03220733099727e-13,Bin,10.5,10.6
South Carolina,Season peak percentage,percent,7.6051517300669e-14,Bin,10.6,10.7
South Carolina,Season peak percentage,percent,6.36653805694404e-14,Bin,10.7,10.8
South Carolina,Season peak percentage,percent,6.36321037074043e-14,Bin,10.8,10.9
South Carolina,Season peak percentage,percent,6.36321037074043e-14,Bin,10.9,11.0
South Carolina,Season peak percentage,percent,6.36321037074043e-14,Bin,11.0,11.1
South Carolina,Season peak percentage,percent,6.36321037074043e-14,Bin,11.1,11.2
South Carolina,Season peak percentage,percent,6.36321037074043e-14,Bin,11.2,11.3
South Carolina,Season peak percentage,percent,6.36321037074043e-14,Bin,11.3,11.4
South Carolina,Season peak percentage,percent,6.36321037074043e-14,Bin,11.4,11.5
South Carolina,Season peak percentage,percent,6.36321037074043e-14,Bin,11.5,11.6
South Carolina,Season peak percentage,percent,6.36321037074043e-14,Bin,11.6,11.7
South Carolina,Season peak percentage,percent,6.36321037074043e-14,Bin,11.7,11.8
South Carolina,Season peak percentage,percent,6.36321037074043e-14,Bin,11.8,11.9
South Carolina,Season peak percentage,percent,6.36321037074043e-14,Bin,11.9,12.0
South Carolina,Season peak percentage,percent,6.36321037074043e-14,Bin,12.0,12.1
South Carolina,Season peak percentage,percent,6.36321037074043e-14,Bin,12.1,12.2
South Carolina,Season peak percentage,percent,6.36321037074043e-14,Bin,12.2,12.3
South Carolina,Season peak percentage,percent,6.36321037074043e-14,Bin,12.3,12.4
South Carolina,Season peak percentage,percent,6.36321037074043e-14,Bin,12.4,12.5
South Carolina,Season peak percentage,percent,6.36321037074043e-14,Bin,12.5,12.6
South Carolina,Season peak percentage,percent,6.36321037074043e-14,Bin,12.6,12.7
South Carolina,Season peak percentage,percent,6.36321037074043e-14,Bin,12.7,12.8
South Carolina,Season peak percentage,percent,6.36321037074043e-14,Bin,12.8,12.9
South Carolina,Season peak percentage,percent,6.36321037074043e-14,Bin,12.9,13.0
South Carolina,Season peak percentage,percent,0.999999999107944,Bin,13.0,100.0
South Carolina,Season peak week,week,0.000149795106783163,Bin,40.0,41.0
South Carolina,Season peak week,week,0.000239180464357268,Bin,41.0,42.0
South Carolina,Season peak week,week,0.000365823902946848,Bin,42.0,43.0
South Carolina,Season peak week,week,0.000536349168996813,Bin,43.0,44.0
South Carolina,Season peak week,week,0.000754408097799507,Bin,44.0,45.0
South Carolina,Season peak week,week,0.00101897491969109,Bin,45.0,46.0
South Carolina,Season peak week,week,0.00132317041147883,Bin,46.0,47.0
South Carolina,Season peak week,week,0.0016540683964117,Bin,47.0,48.0
South Carolina,Season peak week,week,0.00199382272578676,Bin,48.0,49.0
South Carolina,Season peak week,week,0.00232196425415379,Bin,49.0,50.0
South Carolina,Season peak week,week,0.00261848777369625,Bin,50.0,51.0
South Carolina,Season peak week,week,0.00286687158716293,Bin,51.0,52.0
South Carolina,Season peak week,week,0.00305638858070833,Bin,52.0,53.0
South Carolina,Season peak week,week,0.00318295951842446,Bin,1.0,2.0
South Carolina,Season peak week,week,0.00324870490634112,Bin,2.0,3.0
South Carolina,Season peak week,week,0.0032602839710627,Bin,3.0,4.0
South Carolina,Season peak week,week,0.003226663808747,Bin,4.0,5.0
South Carolina,Season peak week,week,0.00315690205881611,Bin,5.0,6.0
South Carolina,Season peak week,week,0.943113118419451,Bin,6.0,7.0
South Carolina,Season peak week,week,0.00293552789100815,Bin,7.0,8.0
South Carolina,Season peak week,week,0.00279002819931932,Bin,8.0,9.0
South Carolina,Season peak week,week,0.00262105726453276,Bin,9.0,10.0
South Carolina,Season peak week,week,0.00242692339255404,Bin,10.0,11.0
South Carolina,Season peak week,week,0.00220689768655501,Bin,11.0,12.0
South Carolina,Season peak week,week,0.00196295570270932,Bin,12.0,13.0
South Carolina,Season peak week,week,0.00170089312691055,Bin,13.0,14.0
South Carolina,Season peak week,week,0.00143026015458363,Bin,14.0,15.0
South Carolina,Season peak week,week,0.00116315251764836,Bin,15.0,16.0
South Carolina,Season peak week,week,0.000912146920283521,Bin,16.0,17.0
South Carolina,Season peak week,week,0.000688084191082315,Bin,17.0,18.0
South Carolina,Season peak week,week,0.000498319177886922,Bin,18.0,19.0
South Carolina,Season peak week,week,0.000345923948419542,Bin,19.0,20.0
South Carolina,Season peak week,week,0.000229891753690053,Bin,20.0,21.0
South Dakota,1 wk ahead,percent,4.30464194120739e-11,Bin,0.0,0.1
South Dakota,1 wk ahead,percent,0.00200000011283987,Bin,0.1,0.2
South Dakota,1 wk ahead,percent,0.00200000061911407,Bin,0.2,0.3
South Dakota,1 wk ahead,percent,0.00800000120697401,Bin,0.3,0.4
South Dakota,1 wk ahead,percent,0.00600000280211416,Bin,0.4,0.5
South Dakota,1 wk ahead,percent,0.00600000439539461,Bin,0.5,0.6
South Dakota,1 wk ahead,percent,0.00400000594416845,Bin,0.6,0.7
South Dakota,1 wk ahead,percent,0.0180000061768225,Bin,0.7,0.8
South Dakota,1 wk ahead,percent,0.0480000051324679,Bin,0.8,0.9
South Dakota,1 wk ahead,percent,0.0420000060735044,Bin,0.9,1.0
South Dakota,1 wk ahead,percent,0.0980000017026606,Bin,1.0,1.1
South Dakota,1 wk ahead,percent,0.125999998083314,Bin,1.1,1.2
South Dakota,1 wk ahead,percent,0.197999990818024,Bin,1.2,1.3
South Dakota,1 wk ahead,percent,0.12799999354787,Bin,1.3,1.4
South Dakota,1 wk ahead,percent,0.117999992862423,Bin,1.4,1.5
South Dakota,1 wk ahead,percent,0.0599999961883373,Bin,1.5,1.6
South Dakota,1 wk ahead,percent,0.0379999974620753,Bin,1.6,1.7
South Dakota,1 wk ahead,percent,0.0259999982407308,Bin,1.7,1.8
South Dakota,1 wk ahead,percent,0.0199999986539582,Bin,1.8,1.9
South Dakota,1 wk ahead,percent,0.0199999986539582,Bin,1.9,2.0
South Dakota,1 wk ahead,percent,0.00599999961815921,Bin,2.0,2.1
South Dakota,1 wk ahead,percent,0.00199999989364521,Bin,2.1,2.2
South Dakota,1 wk ahead,percent,0.00599999961815921,Bin,2.2,2.3
South Dakota,1 wk ahead,percent,3.13882053740175e-11,Bin,2.3,2.4
South Dakota,1 wk ahead,percent,3.13882053740175e-11,Bin,2.4,2.5
South Dakota,1 wk ahead,percent,0.00799999948041621,Bin,2.5,2.6
South Dakota,1 wk ahead,percent,0.00199999989364521,Bin,2.6,2.7
South Dakota,1 wk ahead,percent,3.13882053740175e-11,Bin,2.7,2.8
South Dakota,1 wk ahead,percent,3.13882053740175e-11,Bin,2.8,2.9
South Dakota,1 wk ahead,percent,0.00399999975590221,Bin,2.9,3.0
South Dakota,1 wk ahead,percent,0.00399999975590221,Bin,3.0,3.1
South Dakota,1 wk ahead,percent,3.13882053740175e-11,Bin,3.1,3.2
South Dakota,1 wk ahead,percent,3.13882053740175e-11,Bin,3.2,3.3
South Dakota,1 wk ahead,percent,3.13882053740175e-11,Bin,3.3,3.4
South Dakota,1 wk ahead,percent,3.13882053740175e-11,Bin,3.4,3.5
South Dakota,1 wk ahead,percent,3.13882053740175e-11,Bin,3.5,3.6
South Dakota,1 wk ahead,percent,3.13882053740175e-11,Bin,3.6,3.7
South Dakota,1 wk ahead,percent,3.13882053740175e-11,Bin,3.7,3.8
South Dakota,1 wk ahead,percent,3.13882053740175e-11,Bin,3.8,3.9
South Dakota,1 wk ahead,percent,3.13882053740175e-11,Bin,3.9,4.0
South Dakota,1 wk ahead,percent,3.13882053740175e-11,Bin,4.0,4.1
South Dakota,1 wk ahead,percent,3.13882053740175e-11,Bin,4.1,4.2
South Dakota,1 wk ahead,percent,3.13882053740175e-11,Bin,4.2,4.3
South Dakota,1 wk ahead,percent,3.13882053740175e-11,Bin,4.3,4.4
South Dakota,1 wk ahead,percent,3.13882053740175e-11,Bin,4.4,4.5
South Dakota,1 wk ahead,percent,3.13882053740175e-11,Bin,4.5,4.6
South Dakota,1 wk ahead,percent,3.13882053740175e-11,Bin,4.6,4.7
South Dakota,1 wk ahead,percent,3.13882053740175e-11,Bin,4.7,4.8
South Dakota,1 wk ahead,percent,3.13882053740175e-11,Bin,4.8,4.9
South Dakota,1 wk ahead,percent,3.13882053740175e-11,Bin,4.9,5.0
South Dakota,1 wk ahead,percent,3.13882053740175e-11,Bin,5.0,5.1
South Dakota,1 wk ahead,percent,3.13882053740175e-11,Bin,5.1,5.2
South Dakota,1 wk ahead,percent,3.13882053740175e-11,Bin,5.2,5.3
South Dakota,1 wk ahead,percent,3.13882053740175e-11,Bin,5.3,5.4
South Dakota,1 wk ahead,percent,3.13882053740175e-11,Bin,5.4,5.5
South Dakota,1 wk ahead,percent,3.13882053740175e-11,Bin,5.5,5.6
South Dakota,1 wk ahead,percent,3.13882053740175e-11,Bin,5.6,5.7
South Dakota,1 wk ahead,percent,3.13882053740175e-11,Bin,5.7,5.8
South Dakota,1 wk ahead,percent,3.13882053740175e-11,Bin,5.8,5.9
South Dakota,1 wk ahead,percent,3.13882053740175e-11,Bin,5.9,6.0
South Dakota,1 wk ahead,percent,3.13882053740175e-11,Bin,6.0,6.1
South Dakota,1 wk ahead,percent,3.13882053740175e-11,Bin,6.1,6.2
South Dakota,1 wk ahead,percent,3.13882053740175e-11,Bin,6.2,6.3
South Dakota,1 wk ahead,percent,3.13882053740175e-11,Bin,6.3,6.4
South Dakota,1 wk ahead,percent,3.13882053740175e-11,Bin,6.4,6.5
South Dakota,1 wk ahead,percent,3.13882053740175e-11,Bin,6.5,6.6
South Dakota,1 wk ahead,percent,3.13882053740175e-11,Bin,6.6,6.7
South Dakota,1 wk ahead,percent,3.13882053740175e-11,Bin,6.7,6.8
South Dakota,1 wk ahead,percent,3.13882053740175e-11,Bin,6.8,6.9
South Dakota,1 wk ahead,percent,3.13882053740175e-11,Bin,6.9,7.0
South Dakota,1 wk ahead,percent,3.13882053740175e-11,Bin,7.0,7.1
South Dakota,1 wk ahead,percent,3.13882053740175e-11,Bin,7.1,7.2
South Dakota,1 wk ahead,percent,3.13882053740175e-11,Bin,7.2,7.3
South Dakota,1 wk ahead,percent,3.13882053740175e-11,Bin,7.3,7.4
South Dakota,1 wk ahead,percent,3.13882053740175e-11,Bin,7.4,7.5
South Dakota,1 wk ahead,percent,3.13882053740175e-11,Bin,7.5,7.6
South Dakota,1 wk ahead,percent,3.13882053740175e-11,Bin,7.6,7.7
South Dakota,1 wk ahead,percent,3.13882053740175e-11,Bin,7.7,7.8
South Dakota,1 wk ahead,percent,3.13882053740175e-11,Bin,7.8,7.9
South Dakota,1 wk ahead,percent,3.13882053740175e-11,Bin,7.9,8.0
South Dakota,1 wk ahead,percent,3.13882053740177e-11,Bin,8.0,8.1
South Dakota,1 wk ahead,percent,3.1388205374018e-11,Bin,8.1,8.2
South Dakota,1 wk ahead,percent,3.1388205374018e-11,Bin,8.2,8.3
South Dakota,1 wk ahead,percent,3.1388205374018e-11,Bin,8.3,8.4
South Dakota,1 wk ahead,percent,3.1388205374018e-11,Bin,8.4,8.5
South Dakota,1 wk ahead,percent,3.1388205374018e-11,Bin,8.5,8.6
South Dakota,1 wk ahead,percent,3.1388205374018e-11,Bin,8.6,8.7
South Dakota,1 wk ahead,percent,3.1388205374018e-11,Bin,8.7,8.8
South Dakota,1 wk ahead,percent,3.1388205374018e-11,Bin,8.8,8.9
South Dakota,1 wk ahead,percent,3.1388205374018e-11,Bin,8.9,9.0
South Dakota,1 wk ahead,percent,3.1388205374018e-11,Bin,9.0,9.1
South Dakota,1 wk ahead,percent,3.1388205374018e-11,Bin,9.1,9.2
South Dakota,1 wk ahead,percent,3.1388205374018e-11,Bin,9.2,9.3
South Dakota,1 wk ahead,percent,3.1388205374018e-11,Bin,9.3,9.4
South Dakota,1 wk ahead,percent,3.1388205374018e-11,Bin,9.4,9.5
South Dakota,1 wk ahead,percent,3.1388205374018e-11,Bin,9.5,9.6
South Dakota,1 wk ahead,percent,3.1388205374018e-11,Bin,9.6,9.7
South Dakota,1 wk ahead,percent,3.1388205374018e-11,Bin,9.7,9.8
South Dakota,1 wk ahead,percent,3.1388205374018e-11,Bin,9.8,9.9
South Dakota,1 wk ahead,percent,3.1388205374018e-11,Bin,9.9,10.0
South Dakota,1 wk ahead,percent,3.1388205374018e-11,Bin,10.0,10.1
South Dakota,1 wk ahead,percent,3.1388205374018e-11,Bin,10.1,10.2
South Dakota,1 wk ahead,percent,3.1388205374018e-11,Bin,10.2,10.3
South Dakota,1 wk ahead,percent,3.1388205374018e-11,Bin,10.3,10.4
South Dakota,1 wk ahead,percent,3.1388205374018e-11,Bin,10.4,10.5
South Dakota,1 wk ahead,percent,3.1388205374018e-11,Bin,10.5,10.6
South Dakota,1 wk ahead,percent,3.1388205374018e-11,Bin,10.6,10.7
South Dakota,1 wk ahead,percent,3.1388205374018e-11,Bin,10.7,10.8
South Dakota,1 wk ahead,percent,3.1388205374018e-11,Bin,10.8,10.9
South Dakota,1 wk ahead,percent,3.1388205374018e-11,Bin,10.9,11.0
South Dakota,1 wk ahead,percent,3.1388205374018e-11,Bin,11.0,11.1
South Dakota,1 wk ahead,percent,3.1388205374018e-11,Bin,11.1,11.2
South Dakota,1 wk ahead,percent,3.1388205374018e-11,Bin,11.2,11.3
South Dakota,1 wk ahead,percent,3.1388205374018e-11,Bin,11.3,11.4
South Dakota,1 wk ahead,percent,3.1388205374018e-11,Bin,11.4,11.5
South Dakota,1 wk ahead,percent,3.1388205374018e-11,Bin,11.5,11.6
South Dakota,1 wk ahead,percent,3.1388205374018e-11,Bin,11.6,11.7
South Dakota,1 wk ahead,percent,3.1388205374018e-11,Bin,11.7,11.8
South Dakota,1 wk ahead,percent,3.1388205374018e-11,Bin,11.8,11.9
South Dakota,1 wk ahead,percent,3.1388205374018e-11,Bin,11.9,12.0
South Dakota,1 wk ahead,percent,3.1388205374018e-11,Bin,12.0,12.1
South Dakota,1 wk ahead,percent,3.1388205374018e-11,Bin,12.1,12.2
South Dakota,1 wk ahead,percent,3.1388205374018e-11,Bin,12.2,12.3
South Dakota,1 wk ahead,percent,3.1388205374018e-11,Bin,12.3,12.4
South Dakota,1 wk ahead,percent,3.1388205374018e-11,Bin,12.4,12.5
South Dakota,1 wk ahead,percent,3.1388205374018e-11,Bin,12.5,12.6
South Dakota,1 wk ahead,percent,3.1388205374018e-11,Bin,12.6,12.7
South Dakota,1 wk ahead,percent,3.1388205374018e-11,Bin,12.7,12.8
South Dakota,1 wk ahead,percent,3.1388205374018e-11,Bin,12.8,12.9
South Dakota,1 wk ahead,percent,3.1388205374018e-11,Bin,12.9,13.0
South Dakota,1 wk ahead,percent,3.1388205374018e-11,Bin,13.0,100.0
South Dakota,2 wk ahead,percent,2.56425127207232e-11,Bin,0.0,0.1
South Dakota,2 wk ahead,percent,5.36532374034812e-11,Bin,0.1,0.2
South Dakota,2 wk ahead,percent,5.32416453383392e-10,Bin,0.2,0.3
South Dakota,2 wk ahead,percent,0.00400000269778521,Bin,0.3,0.4
South Dakota,2 wk ahead,percent,0.0120000034239219,Bin,0.4,0.5
South Dakota,2 wk ahead,percent,0.0180000038023457,Bin,0.5,0.6
South Dakota,2 wk ahead,percent,0.0340000096403188,Bin,0.6,0.7
South Dakota,2 wk ahead,percent,0.068000004218879,Bin,0.7,0.8
South Dakota,2 wk ahead,percent,0.0899999955566352,Bin,0.8,0.9
South Dakota,2 wk ahead,percent,0.141999994040562,Bin,0.9,1.0
South Dakota,2 wk ahead,percent,0.141999998921184,Bin,1.0,1.1
South Dakota,2 wk ahead,percent,0.121999995832164,Bin,1.1,1.2
South Dakota,2 wk ahead,percent,0.133999990878611,Bin,1.2,1.3
South Dakota,2 wk ahead,percent,0.0759999963597577,Bin,1.3,1.4
South Dakota,2 wk ahead,percent,0.0500000013442108,Bin,1.4,1.5
South Dakota,2 wk ahead,percent,0.0380000003393422,Bin,1.5,1.6
South Dakota,2 wk ahead,percent,0.0239999986974106,Bin,1.6,1.7
South Dakota,2 wk ahead,percent,0.00799999947101774,Bin,1.7,1.8
South Dakota,2 wk ahead,percent,0.00399999976632064,Bin,1.8,1.9
South Dakota,2 wk ahead,percent,0.00399999976632064,Bin,1.9,2.0
South Dakota,2 wk ahead,percent,0.00599999961863992,Bin,2.0,2.1
South Dakota,2 wk ahead,percent,0.00399999976632064,Bin,2.1,2.2
South Dakota,2 wk ahead,percent,0.00999999932327848,Bin,2.2,2.3
South Dakota,2 wk ahead,percent,0.00199999991400136,Bin,2.3,2.4
South Dakota,2 wk ahead,percent,6.16820807143039e-11,Bin,2.4,2.5
South Dakota,2 wk ahead,percent,0.00399999976632064,Bin,2.5,2.6
South Dakota,2 wk ahead,percent,6.16820807143039e-11,Bin,2.6,2.7
South Dakota,2 wk ahead,percent,0.00199999991400136,Bin,2.7,2.8
South Dakota,2 wk ahead,percent,0.00199999991400136,Bin,2.8,2.9
South Dakota,2 wk ahead,percent,6.16820807143039e-11,Bin,2.9,3.0
South Dakota,2 wk ahead,percent,6.16820807143039e-11,Bin,3.0,3.1
South Dakota,2 wk ahead,percent,6.16820807143039e-11,Bin,3.1,3.2
South Dakota,2 wk ahead,percent,6.16820807143039e-11,Bin,3.2,3.3
South Dakota,2 wk ahead,percent,6.16820807143039e-11,Bin,3.3,3.4
South Dakota,2 wk ahead,percent,6.16820807143039e-11,Bin,3.4,3.5
South Dakota,2 wk ahead,percent,6.16820807143039e-11,Bin,3.5,3.6
South Dakota,2 wk ahead,percent,6.16820807143039e-11,Bin,3.6,3.7
South Dakota,2 wk ahead,percent,6.16820807143039e-11,Bin,3.7,3.8
South Dakota,2 wk ahead,percent,6.16820807143039e-11,Bin,3.8,3.9
South Dakota,2 wk ahead,percent,6.16820807143039e-11,Bin,3.9,4.0
South Dakota,2 wk ahead,percent,6.16820807143039e-11,Bin,4.0,4.1
South Dakota,2 wk ahead,percent,6.16820807143039e-11,Bin,4.1,4.2
South Dakota,2 wk ahead,percent,6.16820807143039e-11,Bin,4.2,4.3
South Dakota,2 wk ahead,percent,6.16820807143039e-11,Bin,4.3,4.4
South Dakota,2 wk ahead,percent,6.16820807143039e-11,Bin,4.4,4.5
South Dakota,2 wk ahead,percent,6.16820807143039e-11,Bin,4.5,4.6
South Dakota,2 wk ahead,percent,6.16820807143039e-11,Bin,4.6,4.7
South Dakota,2 wk ahead,percent,6.16820807143039e-11,Bin,4.7,4.8
South Dakota,2 wk ahead,percent,6.16820807143039e-11,Bin,4.8,4.9
South Dakota,2 wk ahead,percent,6.16820807143039e-11,Bin,4.9,5.0
South Dakota,2 wk ahead,percent,6.16820807143039e-11,Bin,5.0,5.1
South Dakota,2 wk ahead,percent,6.16820807143039e-11,Bin,5.1,5.2
South Dakota,2 wk ahead,percent,6.16820807143039e-11,Bin,5.2,5.3
South Dakota,2 wk ahead,percent,6.16820807143039e-11,Bin,5.3,5.4
South Dakota,2 wk ahead,percent,6.16820807143039e-11,Bin,5.4,5.5
South Dakota,2 wk ahead,percent,6.16820807143039e-11,Bin,5.5,5.6
South Dakota,2 wk ahead,percent,6.16820807143039e-11,Bin,5.6,5.7
South Dakota,2 wk ahead,percent,6.16820807143039e-11,Bin,5.7,5.8
South Dakota,2 wk ahead,percent,6.16820807143039e-11,Bin,5.8,5.9
South Dakota,2 wk ahead,percent,6.16820807143039e-11,Bin,5.9,6.0
South Dakota,2 wk ahead,percent,6.16820807143039e-11,Bin,6.0,6.1
South Dakota,2 wk ahead,percent,6.16820807143039e-11,Bin,6.1,6.2
South Dakota,2 wk ahead,percent,6.16820807143039e-11,Bin,6.2,6.3
South Dakota,2 wk ahead,percent,6.16820807143039e-11,Bin,6.3,6.4
South Dakota,2 wk ahead,percent,6.16820807143039e-11,Bin,6.4,6.5
South Dakota,2 wk ahead,percent,6.16820807143039e-11,Bin,6.5,6.6
South Dakota,2 wk ahead,percent,6.16820807143039e-11,Bin,6.6,6.7
South Dakota,2 wk ahead,percent,6.16820807143039e-11,Bin,6.7,6.8
South Dakota,2 wk ahead,percent,6.16820807143039e-11,Bin,6.8,6.9
South Dakota,2 wk ahead,percent,6.16820807143039e-11,Bin,6.9,7.0
South Dakota,2 wk ahead,percent,6.16820807143039e-11,Bin,7.0,7.1
South Dakota,2 wk ahead,percent,6.16820807143039e-11,Bin,7.1,7.2
South Dakota,2 wk ahead,percent,6.16820807143039e-11,Bin,7.2,7.3
South Dakota,2 wk ahead,percent,6.16820807143039e-11,Bin,7.3,7.4
South Dakota,2 wk ahead,percent,6.16820807143039e-11,Bin,7.4,7.5
South Dakota,2 wk ahead,percent,6.16820807143039e-11,Bin,7.5,7.6
South Dakota,2 wk ahead,percent,6.16820807143039e-11,Bin,7.6,7.7
South Dakota,2 wk ahead,percent,6.16820807143039e-11,Bin,7.7,7.8
South Dakota,2 wk ahead,percent,6.16820807143039e-11,Bin,7.8,7.9
South Dakota,2 wk ahead,percent,6.16820807143039e-11,Bin,7.9,8.0
South Dakota,2 wk ahead,percent,6.16820807143045e-11,Bin,8.0,8.1
South Dakota,2 wk ahead,percent,6.1682080714305e-11,Bin,8.1,8.2
South Dakota,2 wk ahead,percent,6.1682080714305e-11,Bin,8.2,8.3
South Dakota,2 wk ahead,percent,6.1682080714305e-11,Bin,8.3,8.4
South Dakota,2 wk ahead,percent,6.1682080714305e-11,Bin,8.4,8.5
South Dakota,2 wk ahead,percent,6.1682080714305e-11,Bin,8.5,8.6
South Dakota,2 wk ahead,percent,6.1682080714305e-11,Bin,8.6,8.7
South Dakota,2 wk ahead,percent,6.1682080714305e-11,Bin,8.7,8.8
South Dakota,2 wk ahead,percent,6.1682080714305e-11,Bin,8.8,8.9
South Dakota,2 wk ahead,percent,6.1682080714305e-11,Bin,8.9,9.0
South Dakota,2 wk ahead,percent,6.1682080714305e-11,Bin,9.0,9.1
South Dakota,2 wk ahead,percent,6.1682080714305e-11,Bin,9.1,9.2
South Dakota,2 wk ahead,percent,6.1682080714305e-11,Bin,9.2,9.3
South Dakota,2 wk ahead,percent,6.1682080714305e-11,Bin,9.3,9.4
South Dakota,2 wk ahead,percent,6.1682080714305e-11,Bin,9.4,9.5
South Dakota,2 wk ahead,percent,6.1682080714305e-11,Bin,9.5,9.6
South Dakota,2 wk ahead,percent,6.1682080714305e-11,Bin,9.6,9.7
South Dakota,2 wk ahead,percent,6.1682080714305e-11,Bin,9.7,9.8
South Dakota,2 wk ahead,percent,6.1682080714305e-11,Bin,9.8,9.9
South Dakota,2 wk ahead,percent,6.1682080714305e-11,Bin,9.9,10.0
South Dakota,2 wk ahead,percent,6.1682080714305e-11,Bin,10.0,10.1
South Dakota,2 wk ahead,percent,6.1682080714305e-11,Bin,10.1,10.2
South Dakota,2 wk ahead,percent,6.1682080714305e-11,Bin,10.2,10.3
South Dakota,2 wk ahead,percent,6.1682080714305e-11,Bin,10.3,10.4
South Dakota,2 wk ahead,percent,6.1682080714305e-11,Bin,10.4,10.5
South Dakota,2 wk ahead,percent,6.1682080714305e-11,Bin,10.5,10.6
South Dakota,2 wk ahead,percent,6.1682080714305e-11,Bin,10.6,10.7
South Dakota,2 wk ahead,percent,6.1682080714305e-11,Bin,10.7,10.8
South Dakota,2 wk ahead,percent,6.1682080714305e-11,Bin,10.8,10.9
South Dakota,2 wk ahead,percent,6.1682080714305e-11,Bin,10.9,11.0
South Dakota,2 wk ahead,percent,6.1682080714305e-11,Bin,11.0,11.1
South Dakota,2 wk ahead,percent,6.1682080714305e-11,Bin,11.1,11.2
South Dakota,2 wk ahead,percent,6.1682080714305e-11,Bin,11.2,11.3
South Dakota,2 wk ahead,percent,6.1682080714305e-11,Bin,11.3,11.4
South Dakota,2 wk ahead,percent,6.1682080714305e-11,Bin,11.4,11.5
South Dakota,2 wk ahead,percent,6.1682080714305e-11,Bin,11.5,11.6
South Dakota,2 wk ahead,percent,6.1682080714305e-11,Bin,11.6,11.7
South Dakota,2 wk ahead,percent,6.1682080714305e-11,Bin,11.7,11.8
South Dakota,2 wk ahead,percent,6.1682080714305e-11,Bin,11.8,11.9
South Dakota,2 wk ahead,percent,6.1682080714305e-11,Bin,11.9,12.0
South Dakota,2 wk ahead,percent,6.1682080714305e-11,Bin,12.0,12.1
South Dakota,2 wk ahead,percent,6.1682080714305e-11,Bin,12.1,12.2
South Dakota,2 wk ahead,percent,6.1682080714305e-11,Bin,12.2,12.3
South Dakota,2 wk ahead,percent,6.1682080714305e-11,Bin,12.3,12.4
South Dakota,2 wk ahead,percent,6.1682080714305e-11,Bin,12.4,12.5
South Dakota,2 wk ahead,percent,6.1682080714305e-11,Bin,12.5,12.6
South Dakota,2 wk ahead,percent,6.1682080714305e-11,Bin,12.6,12.7
South Dakota,2 wk ahead,percent,6.1682080714305e-11,Bin,12.7,12.8
South Dakota,2 wk ahead,percent,6.1682080714305e-11,Bin,12.8,12.9
South Dakota,2 wk ahead,percent,6.1682080714305e-11,Bin,12.9,13.0
South Dakota,2 wk ahead,percent,6.1682080714305e-11,Bin,13.0,100.0
South Dakota,3 wk ahead,percent,2.26869230419503e-09,Bin,0.0,0.1
South Dakota,3 wk ahead,percent,0.00600000770701058,Bin,0.1,0.2
South Dakota,3 wk ahead,percent,0.0160000049852372,Bin,0.2,0.3
South Dakota,3 wk ahead,percent,0.017999999826194,Bin,0.3,0.4
South Dakota,3 wk ahead,percent,0.0180000045381341,Bin,0.4,0.5
South Dakota,3 wk ahead,percent,0.0320000171888463,Bin,0.5,0.6
South Dakota,3 wk ahead,percent,0.0580000203829368,Bin,0.6,0.7
South Dakota,3 wk ahead,percent,0.1080000001913,Bin,0.7,0.8
South Dakota,3 wk ahead,percent,0.159999974393411,Bin,0.8,0.9
South Dakota,3 wk ahead,percent,0.157999973574852,Bin,0.9,1.0
South Dakota,3 wk ahead,percent,0.165999981971323,Bin,1.0,1.1
South Dakota,3 wk ahead,percent,0.102000001110733,Bin,1.1,1.2
South Dakota,3 wk ahead,percent,0.0580000052127198,Bin,1.2,1.3
South Dakota,3 wk ahead,percent,0.0240000014023652,Bin,1.3,1.4
South Dakota,3 wk ahead,percent,0.0279999950033312,Bin,1.4,1.5
South Dakota,3 wk ahead,percent,0.0119999976504981,Bin,1.5,1.6
South Dakota,3 wk ahead,percent,0.0079999984921205,Bin,1.6,1.7
South Dakota,3 wk ahead,percent,0.00199999975455415,Bin,1.7,1.8
South Dakota,3 wk ahead,percent,0.00599999891293171,Bin,1.8,1.9
South Dakota,3 wk ahead,percent,1.75365361935188e-10,Bin,1.9,2.0
South Dakota,3 wk ahead,percent,0.00599999891293171,Bin,2.0,2.1
South Dakota,3 wk ahead,percent,0.00399999933374293,Bin,2.1,2.2
South Dakota,3 wk ahead,percent,0.00399999933374293,Bin,2.2,2.3
South Dakota,3 wk ahead,percent,1.75365361935187e-10,Bin,2.3,2.4
South Dakota,3 wk ahead,percent,1.75365361935187e-10,Bin,2.4,2.5
South Dakota,3 wk ahead,percent,0.00199999975455415,Bin,2.5,2.6
South Dakota,3 wk ahead,percent,0.00199999975455415,Bin,2.6,2.7
South Dakota,3 wk ahead,percent,1.75365361935187e-10,Bin,2.7,2.8
South Dakota,3 wk ahead,percent,1.75365361935187e-10,Bin,2.8,2.9
South Dakota,3 wk ahead,percent,0.00199999975455415,Bin,2.9,3.0
South Dakota,3 wk ahead,percent,1.75365361935187e-10,Bin,3.0,3.1
South Dakota,3 wk ahead,percent,1.75365361935187e-10,Bin,3.1,3.2
South Dakota,3 wk ahead,percent,1.75365361935187e-10,Bin,3.2,3.3
South Dakota,3 wk ahead,percent,1.75365361935187e-10,Bin,3.3,3.4
South Dakota,3 wk ahead,percent,1.75365361935187e-10,Bin,3.4,3.5
South Dakota,3 wk ahead,percent,1.75365361935187e-10,Bin,3.5,3.6
South Dakota,3 wk ahead,percent,1.75365361935187e-10,Bin,3.6,3.7
South Dakota,3 wk ahead,percent,1.75365361935187e-10,Bin,3.7,3.8
South Dakota,3 wk ahead,percent,1.75365361935187e-10,Bin,3.8,3.9
South Dakota,3 wk ahead,percent,1.75365361935187e-10,Bin,3.9,4.0
South Dakota,3 wk ahead,percent,1.75365361935187e-10,Bin,4.0,4.1
South Dakota,3 wk ahead,percent,1.75365361935187e-10,Bin,4.1,4.2
South Dakota,3 wk ahead,percent,1.75365361935187e-10,Bin,4.2,4.3
South Dakota,3 wk ahead,percent,1.75365361935187e-10,Bin,4.3,4.4
South Dakota,3 wk ahead,percent,1.75365361935187e-10,Bin,4.4,4.5
South Dakota,3 wk ahead,percent,1.75365361935187e-10,Bin,4.5,4.6
South Dakota,3 wk ahead,percent,1.75365361935187e-10,Bin,4.6,4.7
South Dakota,3 wk ahead,percent,1.75365361935187e-10,Bin,4.7,4.8
South Dakota,3 wk ahead,percent,1.75365361935187e-10,Bin,4.8,4.9
South Dakota,3 wk ahead,percent,1.75365361935187e-10,Bin,4.9,5.0
South Dakota,3 wk ahead,percent,1.75365361935187e-10,Bin,5.0,5.1
South Dakota,3 wk ahead,percent,1.75365361935187e-10,Bin,5.1,5.2
South Dakota,3 wk ahead,percent,1.75365361935187e-10,Bin,5.2,5.3
South Dakota,3 wk ahead,percent,1.75365361935187e-10,Bin,5.3,5.4
South Dakota,3 wk ahead,percent,1.75365361935187e-10,Bin,5.4,5.5
South Dakota,3 wk ahead,percent,1.75365361935187e-10,Bin,5.5,5.6
South Dakota,3 wk ahead,percent,1.75365361935187e-10,Bin,5.6,5.7
South Dakota,3 wk ahead,percent,1.75365361935187e-10,Bin,5.7,5.8
South Dakota,3 wk ahead,percent,1.75365361935187e-10,Bin,5.8,5.9
South Dakota,3 wk ahead,percent,1.75365361935187e-10,Bin,5.9,6.0
South Dakota,3 wk ahead,percent,1.75365361935187e-10,Bin,6.0,6.1
South Dakota,3 wk ahead,percent,1.75365361935187e-10,Bin,6.1,6.2
South Dakota,3 wk ahead,percent,1.75365361935187e-10,Bin,6.2,6.3
South Dakota,3 wk ahead,percent,1.75365361935187e-10,Bin,6.3,6.4
South Dakota,3 wk ahead,percent,1.75365361935187e-10,Bin,6.4,6.5
South Dakota,3 wk ahead,percent,1.75365361935187e-10,Bin,6.5,6.6
South Dakota,3 wk ahead,percent,1.75365361935187e-10,Bin,6.6,6.7
South Dakota,3 wk ahead,percent,1.75365361935187e-10,Bin,6.7,6.8
South Dakota,3 wk ahead,percent,1.75365361935187e-10,Bin,6.8,6.9
South Dakota,3 wk ahead,percent,1.75365361935187e-10,Bin,6.9,7.0
South Dakota,3 wk ahead,percent,1.75365361935187e-10,Bin,7.0,7.1
South Dakota,3 wk ahead,percent,1.75365361935187e-10,Bin,7.1,7.2
South Dakota,3 wk ahead,percent,1.75365361935187e-10,Bin,7.2,7.3
South Dakota,3 wk ahead,percent,1.75365361935187e-10,Bin,7.3,7.4
South Dakota,3 wk ahead,percent,1.75365361935187e-10,Bin,7.4,7.5
South Dakota,3 wk ahead,percent,1.75365361935187e-10,Bin,7.5,7.6
South Dakota,3 wk ahead,percent,1.75365361935187e-10,Bin,7.6,7.7
South Dakota,3 wk ahead,percent,1.75365361935187e-10,Bin,7.7,7.8
South Dakota,3 wk ahead,percent,1.75365361935187e-10,Bin,7.8,7.9
South Dakota,3 wk ahead,percent,1.75365361935187e-10,Bin,7.9,8.0
South Dakota,3 wk ahead,percent,1.75365361935189e-10,Bin,8.0,8.1
South Dakota,3 wk ahead,percent,1.75365361935191e-10,Bin,8.1,8.2
South Dakota,3 wk ahead,percent,1.75365361935191e-10,Bin,8.2,8.3
South Dakota,3 wk ahead,percent,1.75365361935191e-10,Bin,8.3,8.4
South Dakota,3 wk ahead,percent,1.75365361935191e-10,Bin,8.4,8.5
South Dakota,3 wk ahead,percent,1.75365361935191e-10,Bin,8.5,8.6
South Dakota,3 wk ahead,percent,1.75365361935191e-10,Bin,8.6,8.7
South Dakota,3 wk ahead,percent,1.75365361935191e-10,Bin,8.7,8.8
South Dakota,3 wk ahead,percent,1.75365361935191e-10,Bin,8.8,8.9
South Dakota,3 wk ahead,percent,1.75365361935191e-10,Bin,8.9,9.0
South Dakota,3 wk ahead,percent,1.75365361935191e-10,Bin,9.0,9.1
South Dakota,3 wk ahead,percent,1.75365361935191e-10,Bin,9.1,9.2
South Dakota,3 wk ahead,percent,1.75365361935191e-10,Bin,9.2,9.3
South Dakota,3 wk ahead,percent,1.75365361935191e-10,Bin,9.3,9.4
South Dakota,3 wk ahead,percent,1.75365361935191e-10,Bin,9.4,9.5
South Dakota,3 wk ahead,percent,1.75365361935191e-10,Bin,9.5,9.6
South Dakota,3 wk ahead,percent,1.75365361935191e-10,Bin,9.6,9.7
South Dakota,3 wk ahead,percent,1.75365361935191e-10,Bin,9.7,9.8
South Dakota,3 wk ahead,percent,1.75365361935191e-10,Bin,9.8,9.9
South Dakota,3 wk ahead,percent,1.75365361935191e-10,Bin,9.9,10.0
South Dakota,3 wk ahead,percent,1.75365361935191e-10,Bin,10.0,10.1
South Dakota,3 wk ahead,percent,1.75365361935191e-10,Bin,10.1,10.2
South Dakota,3 wk ahead,percent,1.75365361935191e-10,Bin,10.2,10.3
South Dakota,3 wk ahead,percent,1.75365361935191e-10,Bin,10.3,10.4
South Dakota,3 wk ahead,percent,1.75365361935191e-10,Bin,10.4,10.5
South Dakota,3 wk ahead,percent,1.75365361935191e-10,Bin,10.5,10.6
South Dakota,3 wk ahead,percent,1.75365361935191e-10,Bin,10.6,10.7
South Dakota,3 wk ahead,percent,1.75365361935191e-10,Bin,10.7,10.8
South Dakota,3 wk ahead,percent,1.75365361935191e-10,Bin,10.8,10.9
South Dakota,3 wk ahead,percent,1.75365361935191e-10,Bin,10.9,11.0
South Dakota,3 wk ahead,percent,1.75365361935191e-10,Bin,11.0,11.1
South Dakota,3 wk ahead,percent,1.75365361935191e-10,Bin,11.1,11.2
South Dakota,3 wk ahead,percent,1.75365361935191e-10,Bin,11.2,11.3
South Dakota,3 wk ahead,percent,1.75365361935191e-10,Bin,11.3,11.4
South Dakota,3 wk ahead,percent,1.75365361935191e-10,Bin,11.4,11.5
South Dakota,3 wk ahead,percent,1.75365361935191e-10,Bin,11.5,11.6
South Dakota,3 wk ahead,percent,1.75365361935191e-10,Bin,11.6,11.7
South Dakota,3 wk ahead,percent,1.75365361935191e-10,Bin,11.7,11.8
South Dakota,3 wk ahead,percent,1.75365361935191e-10,Bin,11.8,11.9
South Dakota,3 wk ahead,percent,1.75365361935191e-10,Bin,11.9,12.0
South Dakota,3 wk ahead,percent,1.75365361935191e-10,Bin,12.0,12.1
South Dakota,3 wk ahead,percent,1.75365361935191e-10,Bin,12.1,12.2
South Dakota,3 wk ahead,percent,1.75365361935191e-10,Bin,12.2,12.3
South Dakota,3 wk ahead,percent,1.75365361935191e-10,Bin,12.3,12.4
South Dakota,3 wk ahead,percent,1.75365361935191e-10,Bin,12.4,12.5
South Dakota,3 wk ahead,percent,1.75365361935191e-10,Bin,12.5,12.6
South Dakota,3 wk ahead,percent,1.75365361935191e-10,Bin,12.6,12.7
South Dakota,3 wk ahead,percent,1.75365361935191e-10,Bin,12.7,12.8
South Dakota,3 wk ahead,percent,1.75365361935191e-10,Bin,12.8,12.9
South Dakota,3 wk ahead,percent,1.75365361935191e-10,Bin,12.9,13.0
South Dakota,3 wk ahead,percent,1.75365361935191e-10,Bin,13.0,100.0
South Dakota,4 wk ahead,percent,4.86290655084089e-09,Bin,0.0,0.1
South Dakota,4 wk ahead,percent,0.0040000059344836,Bin,0.1,0.2
South Dakota,4 wk ahead,percent,0.0139999986835676,Bin,0.2,0.3
South Dakota,4 wk ahead,percent,0.0279999953714689,Bin,0.3,0.4
South Dakota,4 wk ahead,percent,0.0420000004708844,Bin,0.4,0.5
South Dakota,4 wk ahead,percent,0.0660000112503556,Bin,0.5,0.6
South Dakota,4 wk ahead,percent,0.110000002922374,Bin,0.6,0.7
South Dakota,4 wk ahead,percent,0.151999989781375,Bin,0.7,0.8
South Dakota,4 wk ahead,percent,0.151999993347396,Bin,0.8,0.9
South Dakota,4 wk ahead,percent,0.121999991703299,Bin,0.9,1.0
South Dakota,4 wk ahead,percent,0.137999980428439,Bin,1.0,1.1
South Dakota,4 wk ahead,percent,0.0520000047318303,Bin,1.1,1.2
South Dakota,4 wk ahead,percent,0.0320000089630949,Bin,1.2,1.3
South Dakota,4 wk ahead,percent,0.0220000004187394,Bin,1.3,1.4
South Dakota,4 wk ahead,percent,0.0199999963281583,Bin,1.4,1.5
South Dakota,4 wk ahead,percent,0.00999999811265982,Bin,1.5,1.6
South Dakota,4 wk ahead,percent,0.00599999895191687,Bin,1.6,1.7
South Dakota,4 wk ahead,percent,0.00799999853228835,Bin,1.7,1.8
South Dakota,4 wk ahead,percent,0.00599999895191687,Bin,1.8,1.9
South Dakota,4 wk ahead,percent,0.0039999993715454,Bin,1.9,2.0
South Dakota,4 wk ahead,percent,0.00199999979117392,Bin,2.0,2.1
South Dakota,4 wk ahead,percent,2.1080244338504e-10,Bin,2.1,2.2
South Dakota,4 wk ahead,percent,2.1080244338504e-10,Bin,2.2,2.3
South Dakota,4 wk ahead,percent,0.00199999979117392,Bin,2.3,2.4
South Dakota,4 wk ahead,percent,0.0039999993715454,Bin,2.4,2.5
South Dakota,4 wk ahead,percent,2.1080244338504e-10,Bin,2.5,2.6
South Dakota,4 wk ahead,percent,2.1080244338504e-10,Bin,2.6,2.7
South Dakota,4 wk ahead,percent,2.1080244338504e-10,Bin,2.7,2.8
South Dakota,4 wk ahead,percent,0.00199999979117392,Bin,2.8,2.9
South Dakota,4 wk ahead,percent,0.00199999979117392,Bin,2.9,3.0
South Dakota,4 wk ahead,percent,2.1080244338504e-10,Bin,3.0,3.1
South Dakota,4 wk ahead,percent,2.1080244338504e-10,Bin,3.1,3.2
South Dakota,4 wk ahead,percent,2.1080244338504e-10,Bin,3.2,3.3
South Dakota,4 wk ahead,percent,2.1080244338504e-10,Bin,3.3,3.4
South Dakota,4 wk ahead,percent,2.1080244338504e-10,Bin,3.4,3.5
South Dakota,4 wk ahead,percent,2.1080244338504e-10,Bin,3.5,3.6
South Dakota,4 wk ahead,percent,2.1080244338504e-10,Bin,3.6,3.7
South Dakota,4 wk ahead,percent,2.1080244338504e-10,Bin,3.7,3.8
South Dakota,4 wk ahead,percent,2.1080244338504e-10,Bin,3.8,3.9
South Dakota,4 wk ahead,percent,2.1080244338504e-10,Bin,3.9,4.0
South Dakota,4 wk ahead,percent,2.1080244338504e-10,Bin,4.0,4.1
South Dakota,4 wk ahead,percent,2.1080244338504e-10,Bin,4.1,4.2
South Dakota,4 wk ahead,percent,2.1080244338504e-10,Bin,4.2,4.3
South Dakota,4 wk ahead,percent,2.1080244338504e-10,Bin,4.3,4.4
South Dakota,4 wk ahead,percent,2.1080244338504e-10,Bin,4.4,4.5
South Dakota,4 wk ahead,percent,2.1080244338504e-10,Bin,4.5,4.6
South Dakota,4 wk ahead,percent,2.1080244338504e-10,Bin,4.6,4.7
South Dakota,4 wk ahead,percent,2.1080244338504e-10,Bin,4.7,4.8
South Dakota,4 wk ahead,percent,2.1080244338504e-10,Bin,4.8,4.9
South Dakota,4 wk ahead,percent,2.1080244338504e-10,Bin,4.9,5.0
South Dakota,4 wk ahead,percent,2.1080244338504e-10,Bin,5.0,5.1
South Dakota,4 wk ahead,percent,2.1080244338504e-10,Bin,5.1,5.2
South Dakota,4 wk ahead,percent,2.1080244338504e-10,Bin,5.2,5.3
South Dakota,4 wk ahead,percent,2.1080244338504e-10,Bin,5.3,5.4
South Dakota,4 wk ahead,percent,2.1080244338504e-10,Bin,5.4,5.5
South Dakota,4 wk ahead,percent,2.1080244338504e-10,Bin,5.5,5.6
South Dakota,4 wk ahead,percent,2.1080244338504e-10,Bin,5.6,5.7
South Dakota,4 wk ahead,percent,2.1080244338504e-10,Bin,5.7,5.8
South Dakota,4 wk ahead,percent,2.1080244338504e-10,Bin,5.8,5.9
South Dakota,4 wk ahead,percent,2.1080244338504e-10,Bin,5.9,6.0
South Dakota,4 wk ahead,percent,2.1080244338504e-10,Bin,6.0,6.1
South Dakota,4 wk ahead,percent,2.1080244338504e-10,Bin,6.1,6.2
South Dakota,4 wk ahead,percent,2.1080244338504e-10,Bin,6.2,6.3
South Dakota,4 wk ahead,percent,2.1080244338504e-10,Bin,6.3,6.4
South Dakota,4 wk ahead,percent,2.1080244338504e-10,Bin,6.4,6.5
South Dakota,4 wk ahead,percent,2.1080244338504e-10,Bin,6.5,6.6
South Dakota,4 wk ahead,percent,2.1080244338504e-10,Bin,6.6,6.7
South Dakota,4 wk ahead,percent,2.1080244338504e-10,Bin,6.7,6.8
South Dakota,4 wk ahead,percent,2.1080244338504e-10,Bin,6.8,6.9
South Dakota,4 wk ahead,percent,2.1080244338504e-10,Bin,6.9,7.0
South Dakota,4 wk ahead,percent,2.1080244338504e-10,Bin,7.0,7.1
South Dakota,4 wk ahead,percent,2.1080244338504e-10,Bin,7.1,7.2
South Dakota,4 wk ahead,percent,2.1080244338504e-10,Bin,7.2,7.3
South Dakota,4 wk ahead,percent,2.1080244338504e-10,Bin,7.3,7.4
South Dakota,4 wk ahead,percent,2.1080244338504e-10,Bin,7.4,7.5
South Dakota,4 wk ahead,percent,2.1080244338504e-10,Bin,7.5,7.6
South Dakota,4 wk ahead,percent,2.1080244338504e-10,Bin,7.6,7.7
South Dakota,4 wk ahead,percent,2.1080244338504e-10,Bin,7.7,7.8
South Dakota,4 wk ahead,percent,2.1080244338504e-10,Bin,7.8,7.9
South Dakota,4 wk ahead,percent,2.1080244338504e-10,Bin,7.9,8.0
South Dakota,4 wk ahead,percent,2.10802443385042e-10,Bin,8.0,8.1
South Dakota,4 wk ahead,percent,2.10802443385044e-10,Bin,8.1,8.2
South Dakota,4 wk ahead,percent,2.10802443385044e-10,Bin,8.2,8.3
South Dakota,4 wk ahead,percent,2.10802443385044e-10,Bin,8.3,8.4
South Dakota,4 wk ahead,percent,2.10802443385044e-10,Bin,8.4,8.5
South Dakota,4 wk ahead,percent,2.10802443385044e-10,Bin,8.5,8.6
South Dakota,4 wk ahead,percent,2.10802443385044e-10,Bin,8.6,8.7
South Dakota,4 wk ahead,percent,2.10802443385044e-10,Bin,8.7,8.8
South Dakota,4 wk ahead,percent,2.10802443385044e-10,Bin,8.8,8.9
South Dakota,4 wk ahead,percent,2.10802443385044e-10,Bin,8.9,9.0
South Dakota,4 wk ahead,percent,2.10802443385044e-10,Bin,9.0,9.1
South Dakota,4 wk ahead,percent,2.10802443385044e-10,Bin,9.1,9.2
South Dakota,4 wk ahead,percent,2.10802443385044e-10,Bin,9.2,9.3
South Dakota,4 wk ahead,percent,2.10802443385044e-10,Bin,9.3,9.4
South Dakota,4 wk ahead,percent,2.10802443385044e-10,Bin,9.4,9.5
South Dakota,4 wk ahead,percent,2.10802443385044e-10,Bin,9.5,9.6
South Dakota,4 wk ahead,percent,2.10802443385044e-10,Bin,9.6,9.7
South Dakota,4 wk ahead,percent,2.10802443385044e-10,Bin,9.7,9.8
South Dakota,4 wk ahead,percent,2.10802443385044e-10,Bin,9.8,9.9
South Dakota,4 wk ahead,percent,2.10802443385044e-10,Bin,9.9,10.0
South Dakota,4 wk ahead,percent,2.10802443385044e-10,Bin,10.0,10.1
South Dakota,4 wk ahead,percent,2.10802443385044e-10,Bin,10.1,10.2
South Dakota,4 wk ahead,percent,2.10802443385044e-10,Bin,10.2,10.3
South Dakota,4 wk ahead,percent,2.10802443385044e-10,Bin,10.3,10.4
South Dakota,4 wk ahead,percent,2.10802443385044e-10,Bin,10.4,10.5
South Dakota,4 wk ahead,percent,2.10802443385044e-10,Bin,10.5,10.6
South Dakota,4 wk ahead,percent,2.10802443385044e-10,Bin,10.6,10.7
South Dakota,4 wk ahead,percent,2.10802443385044e-10,Bin,10.7,10.8
South Dakota,4 wk ahead,percent,2.10802443385044e-10,Bin,10.8,10.9
South Dakota,4 wk ahead,percent,2.10802443385044e-10,Bin,10.9,11.0
South Dakota,4 wk ahead,percent,2.10802443385044e-10,Bin,11.0,11.1
South Dakota,4 wk ahead,percent,2.10802443385044e-10,Bin,11.1,11.2
South Dakota,4 wk ahead,percent,2.10802443385044e-10,Bin,11.2,11.3
South Dakota,4 wk ahead,percent,2.10802443385044e-10,Bin,11.3,11.4
South Dakota,4 wk ahead,percent,2.10802443385044e-10,Bin,11.4,11.5
South Dakota,4 wk ahead,percent,2.10802443385044e-10,Bin,11.5,11.6
South Dakota,4 wk ahead,percent,2.10802443385044e-10,Bin,11.6,11.7
South Dakota,4 wk ahead,percent,2.10802443385044e-10,Bin,11.7,11.8
South Dakota,4 wk ahead,percent,2.10802443385044e-10,Bin,11.8,11.9
South Dakota,4 wk ahead,percent,2.10802443385044e-10,Bin,11.9,12.0
South Dakota,4 wk ahead,percent,2.10802443385044e-10,Bin,12.0,12.1
South Dakota,4 wk ahead,percent,2.10802443385044e-10,Bin,12.1,12.2
South Dakota,4 wk ahead,percent,2.10802443385044e-10,Bin,12.2,12.3
South Dakota,4 wk ahead,percent,2.10802443385044e-10,Bin,12.3,12.4
South Dakota,4 wk ahead,percent,2.10802443385044e-10,Bin,12.4,12.5
South Dakota,4 wk ahead,percent,2.10802443385044e-10,Bin,12.5,12.6
South Dakota,4 wk ahead,percent,2.10802443385044e-10,Bin,12.6,12.7
South Dakota,4 wk ahead,percent,2.10802443385044e-10,Bin,12.7,12.8
South Dakota,4 wk ahead,percent,2.10802443385044e-10,Bin,12.8,12.9
South Dakota,4 wk ahead,percent,2.10802443385044e-10,Bin,12.9,13.0
South Dakota,4 wk ahead,percent,2.10802443385044e-10,Bin,13.0,100.0
South Dakota,Season peak percentage,percent,1.01131860167181e-13,Bin,0.0,0.1
South Dakota,Season peak percentage,percent,2.02263720334363e-13,Bin,0.1,0.2
South Dakota,Season peak percentage,percent,2.02263720334363e-13,Bin,0.2,0.3
South Dakota,Season peak percentage,percent,2.02263720334363e-13,Bin,0.3,0.4
South Dakota,Season peak percentage,percent,2.02263720334363e-13,Bin,0.4,0.5
South Dakota,Season peak percentage,percent,2.02263720334363e-13,Bin,0.5,0.6
South Dakota,Season peak percentage,percent,2.02263720334363e-13,Bin,0.6,0.7
South Dakota,Season peak percentage,percent,2.02263720334363e-13,Bin,0.7,0.8
South Dakota,Season peak percentage,percent,2.02263720334363e-13,Bin,0.8,0.9
South Dakota,Season peak percentage,percent,2.02263720334363e-13,Bin,0.9,1.0
South Dakota,Season peak percentage,percent,2.02263720334363e-13,Bin,1.0,1.1
South Dakota,Season peak percentage,percent,2.03570167521415e-13,Bin,1.1,1.2
South Dakota,Season peak percentage,percent,3.31576753889693e-13,Bin,1.2,1.3
South Dakota,Season peak percentage,percent,6.68790055891509e-13,Bin,1.3,1.4
South Dakota,Season peak percentage,percent,1.26629058823595e-12,Bin,1.4,1.5
South Dakota,Season peak percentage,percent,2.25297359900269e-12,Bin,1.5,1.6
South Dakota,Season peak percentage,percent,3.7717383282711e-12,Bin,1.6,1.7
South Dakota,Season peak percentage,percent,5.95266177439353e-12,Bin,1.7,1.8
South Dakota,Season peak percentage,percent,8.87697175519293e-12,Bin,1.8,1.9
South Dakota,Season peak percentage,percent,1.25475040973845e-11,Bin,1.9,2.0
South Dakota,Season peak percentage,percent,1.68748395680736e-11,Bin,2.0,2.1
South Dakota,Season peak percentage,percent,2.16898830011383e-11,Bin,2.1,2.2
South Dakota,Season peak percentage,percent,2.67766427956469e-11,Bin,2.2,2.3
South Dakota,Season peak percentage,percent,3.19057023755661e-11,Bin,2.3,2.4
South Dakota,Season peak percentage,percent,3.68495949225089e-11,Bin,2.4,2.5
South Dakota,Season peak percentage,percent,4.13708400304127e-11,Bin,2.5,2.6
South Dakota,Season peak percentage,percent,4.51978048107996e-11,Bin,2.6,2.7
South Dakota,Season peak percentage,percent,4.80145109217441e-11,Bin,2.7,2.8
South Dakota,Season peak percentage,percent,4.94913847834182e-11,Bin,2.8,2.9
South Dakota,Season peak percentage,percent,4.93584962959707e-11,Bin,2.9,3.0
South Dakota,Season peak percentage,percent,4.74940694968595e-11,Bin,3.0,3.1
South Dakota,Season peak percentage,percent,4.39941458041819e-11,Bin,3.1,3.2
South Dakota,Season peak percentage,percent,3.91870045407471e-11,Bin,3.2,3.3
South Dakota,Season peak percentage,percent,3.35855091519706e-11,Bin,3.3,3.4
South Dakota,Season peak percentage,percent,2.77983442828041e-11,Bin,3.4,3.5
South Dakota,Season peak percentage,percent,2.24218510373378e-11,Bin,3.5,3.6
South Dakota,Season peak percentage,percent,1.79457731810455e-11,Bin,3.6,3.7
South Dakota,Season peak percentage,percent,1.46854782417136e-11,Bin,3.7,3.8
South Dakota,Season peak percentage,percent,1.27506421114155e-11,Bin,3.8,3.9
South Dakota,Season peak percentage,percent,1.2048541069812e-11,Bin,3.9,4.0
South Dakota,Season peak percentage,percent,1.23235515169023e-11,Bin,4.0,4.1
South Dakota,Season peak percentage,percent,1.32247666541605e-11,Bin,4.1,4.2
South Dakota,Season peak percentage,percent,1.43856421868941e-11,Bin,4.2,4.3
South Dakota,Season peak percentage,percent,1.54973646415268e-11,Bin,4.3,4.4
South Dakota,Season peak percentage,percent,1.63501457567252e-11,Bin,4.4,4.5
South Dakota,Season peak percentage,percent,1.68348264194282e-11,Bin,4.5,4.6
South Dakota,Season peak percentage,percent,1.69109543170327e-11,Bin,4.6,4.7
South Dakota,Season peak percentage,percent,1.65663936507112e-11,Bin,4.7,4.8
South Dakota,Season peak percentage,percent,1.57929082917209e-11,Bin,4.8,4.9
South Dakota,Season peak percentage,percent,1.4589851626721e-11,Bin,4.9,5.0
South Dakota,Season peak percentage,percent,1.29892105820143e-11,Bin,5.0,5.1
South Dakota,Season peak percentage,percent,1.10780058411184e-11,Bin,5.1,5.2
South Dakota,Season peak percentage,percent,9.00076512458514e-12,Bin,5.2,5.3
South Dakota,Season peak percentage,percent,6.93436506708699e-12,Bin,5.3,5.4
South Dakota,Season peak percentage,percent,0.999999999112927,Bin,5.4,5.5
South Dakota,Season peak percentage,percent,3.4611691501159e-12,Bin,5.5,5.6
South Dakota,Season peak percentage,percent,2.2317262344703e-12,Bin,5.6,5.7
South Dakota,Season peak percentage,percent,1.35122780041744e-12,Bin,5.7,5.8
South Dakota,Season peak percentage,percent,7.6742020751241e-13,Bin,5.8,5.9
South Dakota,Season peak percentage,percent,4.08572317808856e-13,Bin,5.9,6.0
South Dakota,Season peak percentage,percent,2.03813209431637e-13,Bin,6.0,6.1
South Dakota,Season peak percentage,percent,1.25555732144887e-13,Bin,6.1,6.2
South Dakota,Season peak percentage,percent,1.24754853143424e-13,Bin,6.2,6.3
South Dakota,Season peak percentage,percent,1.24754853143424e-13,Bin,6.3,6.4
South Dakota,Season peak percentage,percent,1.24754853143424e-13,Bin,6.4,6.5
South Dakota,Season peak percentage,percent,1.24754853143424e-13,Bin,6.5,6.6
South Dakota,Season peak percentage,percent,1.24754853143424e-13,Bin,6.6,6.7
South Dakota,Season peak percentage,percent,1.24754853143424e-13,Bin,6.7,6.8
South Dakota,Season peak percentage,percent,1.24754853143424e-13,Bin,6.8,6.9
South Dakota,Season peak percentage,percent,1.24754853143424e-13,Bin,6.9,7.0
South Dakota,Season peak percentage,percent,1.24754853143424e-13,Bin,7.0,7.1
South Dakota,Season peak percentage,percent,1.24754853143424e-13,Bin,7.1,7.2
South Dakota,Season peak percentage,percent,1.24754853143424e-13,Bin,7.2,7.3
South Dakota,Season peak percentage,percent,1.24754853143424e-13,Bin,7.3,7.4
South Dakota,Season peak percentage,percent,1.24754853143424e-13,Bin,7.4,7.5
South Dakota,Season peak percentage,percent,1.24754853143424e-13,Bin,7.5,7.6
South Dakota,Season peak percentage,percent,1.24754853143424e-13,Bin,7.6,7.7
South Dakota,Season peak percentage,percent,1.24754853143424e-13,Bin,7.7,7.8
South Dakota,Season peak percentage,percent,1.24754853143424e-13,Bin,7.8,7.9
South Dakota,Season peak percentage,percent,1.24754853143424e-13,Bin,7.9,8.0
South Dakota,Season peak percentage,percent,1.24754853143425e-13,Bin,8.0,8.1
South Dakota,Season peak percentage,percent,1.24754853143426e-13,Bin,8.1,8.2
South Dakota,Season peak percentage,percent,1.24754853143426e-13,Bin,8.2,8.3
South Dakota,Season peak percentage,percent,1.24754853143426e-13,Bin,8.3,8.4
South Dakota,Season peak percentage,percent,1.24754853143426e-13,Bin,8.4,8.5
South Dakota,Season peak percentage,percent,1.24754853143426e-13,Bin,8.5,8.6
South Dakota,Season peak percentage,percent,1.24754853143426e-13,Bin,8.6,8.7
South Dakota,Season peak percentage,percent,1.24754853143426e-13,Bin,8.7,8.8
South Dakota,Season peak percentage,percent,1.24754853143426e-13,Bin,8.8,8.9
South Dakota,Season peak percentage,percent,1.24754853143426e-13,Bin,8.9,9.0
South Dakota,Season peak percentage,percent,1.24754853143426e-13,Bin,9.0,9.1
South Dakota,Season peak percentage,percent,1.24754853143426e-13,Bin,9.1,9.2
South Dakota,Season peak percentage,percent,1.24754853143426e-13,Bin,9.2,9.3
South Dakota,Season peak percentage,percent,1.24754853143426e-13,Bin,9.3,9.4
South Dakota,Season peak percentage,percent,1.24754853143426e-13,Bin,9.4,9.5
South Dakota,Season peak percentage,percent,1.24754853143426e-13,Bin,9.5,9.6
South Dakota,Season peak percentage,percent,1.24754853143426e-13,Bin,9.6,9.7
South Dakota,Season peak percentage,percent,1.24754853143426e-13,Bin,9.7,9.8
South Dakota,Season peak percentage,percent,1.24754853143426e-13,Bin,9.8,9.9
South Dakota,Season peak percentage,percent,1.24754853143426e-13,Bin,9.9,10.0
South Dakota,Season peak percentage,percent,1.24754853143426e-13,Bin,10.0,10.1
South Dakota,Season peak percentage,percent,1.24754853143426e-13,Bin,10.1,10.2
South Dakota,Season peak percentage,percent,1.24754853143426e-13,Bin,10.2,10.3
South Dakota,Season peak percentage,percent,1.24754853143426e-13,Bin,10.3,10.4
South Dakota,Season peak percentage,percent,1.24754853143426e-13,Bin,10.4,10.5
South Dakota,Season peak percentage,percent,1.24754853143426e-13,Bin,10.5,10.6
South Dakota,Season peak percentage,percent,1.24754853143426e-13,Bin,10.6,10.7
South Dakota,Season peak percentage,percent,1.24754853143426e-13,Bin,10.7,10.8
South Dakota,Season peak percentage,percent,1.24754853143426e-13,Bin,10.8,10.9
South Dakota,Season peak percentage,percent,1.24754853143426e-13,Bin,10.9,11.0
South Dakota,Season peak percentage,percent,1.24754853143426e-13,Bin,11.0,11.1
South Dakota,Season peak percentage,percent,1.24754853143426e-13,Bin,11.1,11.2
South Dakota,Season peak percentage,percent,1.24754853143426e-13,Bin,11.2,11.3
South Dakota,Season peak percentage,percent,1.24754853143426e-13,Bin,11.3,11.4
South Dakota,Season peak percentage,percent,1.24754853143426e-13,Bin,11.4,11.5
South Dakota,Season peak percentage,percent,1.24754853143426e-13,Bin,11.5,11.6
South Dakota,Season peak percentage,percent,1.24754853143426e-13,Bin,11.6,11.7
South Dakota,Season peak percentage,percent,1.24754853143426e-13,Bin,11.7,11.8
South Dakota,Season peak percentage,percent,1.24754853143426e-13,Bin,11.8,11.9
South Dakota,Season peak percentage,percent,1.24754853143426e-13,Bin,11.9,12.0
South Dakota,Season peak percentage,percent,1.24754853143426e-13,Bin,12.0,12.1
South Dakota,Season peak percentage,percent,1.24754853143426e-13,Bin,12.1,12.2
South Dakota,Season peak percentage,percent,1.24754853143426e-13,Bin,12.2,12.3
South Dakota,Season peak percentage,percent,1.24754853143426e-13,Bin,12.3,12.4
South Dakota,Season peak percentage,percent,1.24754853143426e-13,Bin,12.4,12.5
South Dakota,Season peak percentage,percent,1.24754853143426e-13,Bin,12.5,12.6
South Dakota,Season peak percentage,percent,1.24754853143426e-13,Bin,12.6,12.7
South Dakota,Season peak percentage,percent,1.24754853143426e-13,Bin,12.7,12.8
South Dakota,Season peak percentage,percent,1.24754853143426e-13,Bin,12.8,12.9
South Dakota,Season peak percentage,percent,1.24754853143426e-13,Bin,12.9,13.0
South Dakota,Season peak percentage,percent,1.24754853143426e-13,Bin,13.0,100.0
South Dakota,Season peak week,week,4.29658081268664e-05,Bin,40.0,41.0
South Dakota,Season peak week,week,4.29658081268664e-05,Bin,41.0,42.0
South Dakota,Season peak week,week,4.29658081268664e-05,Bin,42.0,43.0
South Dakota,Season peak week,week,4.29658081268664e-05,Bin,43.0,44.0
South Dakota,Season peak week,week,4.29658081268664e-05,Bin,44.0,45.0
South Dakota,Season peak week,week,4.29658081268664e-05,Bin,45.0,46.0
South Dakota,Season peak week,week,4.29658081268664e-05,Bin,46.0,47.0
South Dakota,Season peak week,week,4.29658081268664e-05,Bin,47.0,48.0
South Dakota,Season peak week,week,4.29658081268664e-05,Bin,48.0,49.0
South Dakota,Season peak week,week,4.29658081268664e-05,Bin,49.0,50.0
South Dakota,Season peak week,week,4.29658081268664e-05,Bin,50.0,51.0
South Dakota,Season peak week,week,4.29658081268664e-05,Bin,51.0,52.0
South Dakota,Season peak week,week,0.00017878465964422,Bin,52.0,53.0
South Dakota,Season peak week,week,0.00169515115471127,Bin,1.0,2.0
South Dakota,Season peak week,week,0.0037473096078741,Bin,2.0,3.0
South Dakota,Season peak week,week,0.00356990065296521,Bin,3.0,4.0
South Dakota,Season peak week,week,0.00596946350472381,Bin,4.0,5.0
South Dakota,Season peak week,week,0.950743119754741,Bin,5.0,6.0
South Dakota,Season peak week,week,0.0159514226614773,Bin,6.0,7.0
South Dakota,Season peak week,week,0.0123892907630036,Bin,7.0,8.0
South Dakota,Season peak week,week,0.00391389340945518,Bin,8.0,9.0
South Dakota,Season peak week,week,0.000369027842329261,Bin,9.0,10.0
South Dakota,Season peak week,week,8.70042083229213e-05,Bin,10.0,11.0
South Dakota,Season peak week,week,8.70042083229213e-05,Bin,11.0,12.0
South Dakota,Season peak week,week,8.70042083229213e-05,Bin,12.0,13.0
South Dakota,Season peak week,week,8.70042083229213e-05,Bin,13.0,14.0
South Dakota,Season peak week,week,8.70042083229213e-05,Bin,14.0,15.0
South Dakota,Season peak week,week,8.70042083229213e-05,Bin,15.0,16.0
South Dakota,Season peak week,week,8.70042083229213e-05,Bin,16.0,17.0
South Dakota,Season peak week,week,8.70042083229213e-05,Bin,17.0,18.0
South Dakota,Season peak week,week,8.70042083229213e-05,Bin,18.0,19.0
South Dakota,Season peak week,week,8.70042083229213e-05,Bin,19.0,20.0
South Dakota,Season peak week,week,8.70042083229213e-05,Bin,20.0,21.0
Tennessee,1 wk ahead,percent,2.65980116823227e-09,Bin,0.0,0.1
Tennessee,1 wk ahead,percent,0.0220000046309921,Bin,0.1,0.2
Tennessee,1 wk ahead,percent,0.0880000006327835,Bin,0.2,0.3
Tennessee,1 wk ahead,percent,0.303999985548339,Bin,0.3,0.4
Tennessee,1 wk ahead,percent,0.25599998805703,Bin,0.4,0.5
Tennessee,1 wk ahead,percent,0.179999992243178,Bin,0.5,0.6
Tennessee,1 wk ahead,percent,0.0679999989553095,Bin,0.6,0.7
Tennessee,1 wk ahead,percent,0.0320000006042061,Bin,0.7,0.8
Tennessee,1 wk ahead,percent,0.0240000004746595,Bin,0.8,0.9
Tennessee,1 wk ahead,percent,0.0140000005809356,Bin,0.9,1.0
Tennessee,1 wk ahead,percent,1.0593576770479e-09,Bin,1.0,1.1
Tennessee,1 wk ahead,percent,0.00200000058126833,Bin,1.1,1.2
Tennessee,1 wk ahead,percent,0.00400000030226604,Bin,1.2,1.3
Tennessee,1 wk ahead,percent,6.53467155981805e-10,Bin,1.3,1.4
Tennessee,1 wk ahead,percent,9.08068463744295e-10,Bin,1.4,1.5
Tennessee,1 wk ahead,percent,1.24464299757973e-09,Bin,1.5,1.6
Tennessee,1 wk ahead,percent,1.53098628159635e-09,Bin,1.6,1.7
Tennessee,1 wk ahead,percent,1.65730359866322e-09,Bin,1.7,1.8
Tennessee,1 wk ahead,percent,1.60152867727058e-09,Bin,1.8,1.9
Tennessee,1 wk ahead,percent,0.00200000131321539,Bin,1.9,2.0
Tennessee,1 wk ahead,percent,0.00200000121165629,Bin,2.0,2.1
Tennessee,1 wk ahead,percent,1.39976578666085e-09,Bin,2.1,2.2
Tennessee,1 wk ahead,percent,1.58958524086307e-09,Bin,2.2,2.3
Tennessee,1 wk ahead,percent,1.79487517311132e-09,Bin,2.3,2.4
Tennessee,1 wk ahead,percent,1.86112606319112e-09,Bin,2.4,2.5
Tennessee,1 wk ahead,percent,1.70390675806348e-09,Bin,2.5,2.6
Tennessee,1 wk ahead,percent,1.35603323628435e-09,Bin,2.6,2.7
Tennessee,1 wk ahead,percent,0.00200000079495878,Bin,2.7,2.8
Tennessee,1 wk ahead,percent,5.53346112657789e-10,Bin,2.8,2.9
Tennessee,1 wk ahead,percent,2.8293342806919e-10,Bin,2.9,3.0
Tennessee,1 wk ahead,percent,1.24662151521648e-10,Bin,3.0,3.1
Tennessee,1 wk ahead,percent,4.73252875954231e-11,Bin,3.1,3.2
Tennessee,1 wk ahead,percent,2.11912777379159e-11,Bin,3.2,3.3
Tennessee,1 wk ahead,percent,2.06050597896392e-11,Bin,3.3,3.4
Tennessee,1 wk ahead,percent,2.06050597896392e-11,Bin,3.4,3.5
Tennessee,1 wk ahead,percent,2.06050597896392e-11,Bin,3.5,3.6
Tennessee,1 wk ahead,percent,2.06050597896392e-11,Bin,3.6,3.7
Tennessee,1 wk ahead,percent,2.06050597896392e-11,Bin,3.7,3.8
Tennessee,1 wk ahead,percent,2.06050597896392e-11,Bin,3.8,3.9
Tennessee,1 wk ahead,percent,2.06050597896392e-11,Bin,3.9,4.0
Tennessee,1 wk ahead,percent,2.06050597896392e-11,Bin,4.0,4.1
Tennessee,1 wk ahead,percent,2.06050597896392e-11,Bin,4.1,4.2
Tennessee,1 wk ahead,percent,2.06050597896392e-11,Bin,4.2,4.3
Tennessee,1 wk ahead,percent,2.06050597896392e-11,Bin,4.3,4.4
Tennessee,1 wk ahead,percent,2.06050597896392e-11,Bin,4.4,4.5
Tennessee,1 wk ahead,percent,2.06050597896392e-11,Bin,4.5,4.6
Tennessee,1 wk ahead,percent,2.06050597896392e-11,Bin,4.6,4.7
Tennessee,1 wk ahead,percent,2.06050597896392e-11,Bin,4.7,4.8
Tennessee,1 wk ahead,percent,2.06050597896392e-11,Bin,4.8,4.9
Tennessee,1 wk ahead,percent,2.06050597896392e-11,Bin,4.9,5.0
Tennessee,1 wk ahead,percent,2.06050597896392e-11,Bin,5.0,5.1
Tennessee,1 wk ahead,percent,2.06050597896392e-11,Bin,5.1,5.2
Tennessee,1 wk ahead,percent,2.06050597896392e-11,Bin,5.2,5.3
Tennessee,1 wk ahead,percent,2.06050597896392e-11,Bin,5.3,5.4
Tennessee,1 wk ahead,percent,2.06050597896392e-11,Bin,5.4,5.5
Tennessee,1 wk ahead,percent,2.06050597896392e-11,Bin,5.5,5.6
Tennessee,1 wk ahead,percent,2.06050597896392e-11,Bin,5.6,5.7
Tennessee,1 wk ahead,percent,2.06050597896392e-11,Bin,5.7,5.8
Tennessee,1 wk ahead,percent,2.06050597896392e-11,Bin,5.8,5.9
Tennessee,1 wk ahead,percent,2.06050597896392e-11,Bin,5.9,6.0
Tennessee,1 wk ahead,percent,2.06050597896392e-11,Bin,6.0,6.1
Tennessee,1 wk ahead,percent,2.06050597896392e-11,Bin,6.1,6.2
Tennessee,1 wk ahead,percent,2.06050597896392e-11,Bin,6.2,6.3
Tennessee,1 wk ahead,percent,2.06050597896392e-11,Bin,6.3,6.4
Tennessee,1 wk ahead,percent,2.06050597896392e-11,Bin,6.4,6.5
Tennessee,1 wk ahead,percent,2.06050597896392e-11,Bin,6.5,6.6
Tennessee,1 wk ahead,percent,2.06050597896392e-11,Bin,6.6,6.7
Tennessee,1 wk ahead,percent,2.06050597896392e-11,Bin,6.7,6.8
Tennessee,1 wk ahead,percent,2.06050597896392e-11,Bin,6.8,6.9
Tennessee,1 wk ahead,percent,2.06050597896392e-11,Bin,6.9,7.0
Tennessee,1 wk ahead,percent,2.06050597896392e-11,Bin,7.0,7.1
Tennessee,1 wk ahead,percent,2.06050597896392e-11,Bin,7.1,7.2
Tennessee,1 wk ahead,percent,2.06050597896392e-11,Bin,7.2,7.3
Tennessee,1 wk ahead,percent,2.06050597896392e-11,Bin,7.3,7.4
Tennessee,1 wk ahead,percent,2.06050597896392e-11,Bin,7.4,7.5
Tennessee,1 wk ahead,percent,2.06050597896392e-11,Bin,7.5,7.6
Tennessee,1 wk ahead,percent,2.06050597896392e-11,Bin,7.6,7.7
Tennessee,1 wk ahead,percent,2.06050597896392e-11,Bin,7.7,7.8
Tennessee,1 wk ahead,percent,2.06050597896392e-11,Bin,7.8,7.9
Tennessee,1 wk ahead,percent,2.06050597896392e-11,Bin,7.9,8.0
Tennessee,1 wk ahead,percent,2.06050597896394e-11,Bin,8.0,8.1
Tennessee,1 wk ahead,percent,2.06050597896395e-11,Bin,8.1,8.2
Tennessee,1 wk ahead,percent,2.06050597896395e-11,Bin,8.2,8.3
Tennessee,1 wk ahead,percent,2.06050597896395e-11,Bin,8.3,8.4
Tennessee,1 wk ahead,percent,2.06050597896395e-11,Bin,8.4,8.5
Tennessee,1 wk ahead,percent,2.06050597896395e-11,Bin,8.5,8.6
Tennessee,1 wk ahead,percent,2.06050597896395e-11,Bin,8.6,8.7
Tennessee,1 wk ahead,percent,2.06050597896395e-11,Bin,8.7,8.8
Tennessee,1 wk ahead,percent,2.06050597896395e-11,Bin,8.8,8.9
Tennessee,1 wk ahead,percent,2.06050597896395e-11,Bin,8.9,9.0
Tennessee,1 wk ahead,percent,2.06050597896395e-11,Bin,9.0,9.1
Tennessee,1 wk ahead,percent,2.06050597896395e-11,Bin,9.1,9.2
Tennessee,1 wk ahead,percent,2.06050597896395e-11,Bin,9.2,9.3
Tennessee,1 wk ahead,percent,2.06050597896395e-11,Bin,9.3,9.4
Tennessee,1 wk ahead,percent,2.06050597896395e-11,Bin,9.4,9.5
Tennessee,1 wk ahead,percent,2.06050597896395e-11,Bin,9.5,9.6
Tennessee,1 wk ahead,percent,2.06050597896395e-11,Bin,9.6,9.7
Tennessee,1 wk ahead,percent,2.06050597896395e-11,Bin,9.7,9.8
Tennessee,1 wk ahead,percent,2.06050597896395e-11,Bin,9.8,9.9
Tennessee,1 wk ahead,percent,2.06050597896395e-11,Bin,9.9,10.0
Tennessee,1 wk ahead,percent,2.06050597896395e-11,Bin,10.0,10.1
Tennessee,1 wk ahead,percent,2.06050597896395e-11,Bin,10.1,10.2
Tennessee,1 wk ahead,percent,2.06050597896395e-11,Bin,10.2,10.3
Tennessee,1 wk ahead,percent,2.06050597896395e-11,Bin,10.3,10.4
Tennessee,1 wk ahead,percent,2.06050597896395e-11,Bin,10.4,10.5
Tennessee,1 wk ahead,percent,2.06050597896395e-11,Bin,10.5,10.6
Tennessee,1 wk ahead,percent,2.06050597896395e-11,Bin,10.6,10.7
Tennessee,1 wk ahead,percent,2.06050597896395e-11,Bin,10.7,10.8
Tennessee,1 wk ahead,percent,2.06050597896395e-11,Bin,10.8,10.9
Tennessee,1 wk ahead,percent,2.06050597896395e-11,Bin,10.9,11.0
Tennessee,1 wk ahead,percent,2.06050597896395e-11,Bin,11.0,11.1
Tennessee,1 wk ahead,percent,2.06050597896395e-11,Bin,11.1,11.2
Tennessee,1 wk ahead,percent,2.06050597896395e-11,Bin,11.2,11.3
Tennessee,1 wk ahead,percent,2.06050597896395e-11,Bin,11.3,11.4
Tennessee,1 wk ahead,percent,2.06050597896395e-11,Bin,11.4,11.5
Tennessee,1 wk ahead,percent,2.06050597896395e-11,Bin,11.5,11.6
Tennessee,1 wk ahead,percent,2.06050597896395e-11,Bin,11.6,11.7
Tennessee,1 wk ahead,percent,2.06050597896395e-11,Bin,11.7,11.8
Tennessee,1 wk ahead,percent,2.06050597896395e-11,Bin,11.8,11.9
Tennessee,1 wk ahead,percent,2.06050597896395e-11,Bin,11.9,12.0
Tennessee,1 wk ahead,percent,2.06050597896395e-11,Bin,12.0,12.1
Tennessee,1 wk ahead,percent,2.06050597896395e-11,Bin,12.1,12.2
Tennessee,1 wk ahead,percent,2.06050597896395e-11,Bin,12.2,12.3
Tennessee,1 wk ahead,percent,2.06050597896395e-11,Bin,12.3,12.4
Tennessee,1 wk ahead,percent,2.06050597896395e-11,Bin,12.4,12.5
Tennessee,1 wk ahead,percent,2.06050597896395e-11,Bin,12.5,12.6
Tennessee,1 wk ahead,percent,2.06050597896395e-11,Bin,12.6,12.7
Tennessee,1 wk ahead,percent,2.06050597896395e-11,Bin,12.7,12.8
Tennessee,1 wk ahead,percent,2.06050597896395e-11,Bin,12.8,12.9
Tennessee,1 wk ahead,percent,2.06050597896395e-11,Bin,12.9,13.0
Tennessee,1 wk ahead,percent,2.06050597896395e-11,Bin,13.0,100.0
Tennessee,2 wk ahead,percent,0.0120000028865634,Bin,0.0,0.1
Tennessee,2 wk ahead,percent,0.0560000062935654,Bin,0.1,0.2
Tennessee,2 wk ahead,percent,0.211999996630882,Bin,0.2,0.3
Tennessee,2 wk ahead,percent,0.26199999131909,Bin,0.3,0.4
Tennessee,2 wk ahead,percent,0.183999993187545,Bin,0.4,0.5
Tennessee,2 wk ahead,percent,0.129999993506251,Bin,0.5,0.6
Tennessee,2 wk ahead,percent,0.059999996581049,Bin,0.6,0.7
Tennessee,2 wk ahead,percent,0.045999996833977,Bin,0.7,0.8
Tennessee,2 wk ahead,percent,0.0159999988549209,Bin,0.8,0.9
Tennessee,2 wk ahead,percent,0.00599999956089679,Bin,0.9,1.0
Tennessee,2 wk ahead,percent,0.00199999985280131,Bin,1.0,1.1
Tennessee,2 wk ahead,percent,0.00199999985490337,Bin,1.1,1.2
Tennessee,2 wk ahead,percent,0.00799999943203784,Bin,1.2,1.3
Tennessee,2 wk ahead,percent,1.34540646061436e-10,Bin,1.3,1.4
Tennessee,2 wk ahead,percent,5.31485375514156e-10,Bin,1.4,1.5
Tennessee,2 wk ahead,percent,1.40400330652732e-09,Bin,1.5,1.6
Tennessee,2 wk ahead,percent,0.00200000233358616,Bin,1.6,1.7
Tennessee,2 wk ahead,percent,2.93489440145662e-09,Bin,1.7,1.8
Tennessee,2 wk ahead,percent,2.32511077601058e-09,Bin,1.8,1.9
Tennessee,2 wk ahead,percent,0.00200000110066875,Bin,1.9,2.0
Tennessee,2 wk ahead,percent,5.44036570101238e-10,Bin,2.0,2.1
Tennessee,2 wk ahead,percent,5.44960584558707e-10,Bin,2.1,2.2
Tennessee,2 wk ahead,percent,1.22539788195185e-09,Bin,2.2,2.3
Tennessee,2 wk ahead,percent,2.21646639346793e-09,Bin,2.3,2.4
Tennessee,2 wk ahead,percent,2.71556320017336e-09,Bin,2.4,2.5
Tennessee,2 wk ahead,percent,2.22867496097027e-09,Bin,2.5,2.6
Tennessee,2 wk ahead,percent,1.22431205389434e-09,Bin,2.6,2.7
Tennessee,2 wk ahead,percent,4.50027187978225e-10,Bin,2.7,2.8
Tennessee,2 wk ahead,percent,1.10617936392302e-10,Bin,2.8,2.9
Tennessee,2 wk ahead,percent,3.19557260137663e-11,Bin,2.9,3.0
Tennessee,2 wk ahead,percent,3.11803487790105e-11,Bin,3.0,3.1
Tennessee,2 wk ahead,percent,3.11803487790105e-11,Bin,3.1,3.2
Tennessee,2 wk ahead,percent,3.11803487790105e-11,Bin,3.2,3.3
Tennessee,2 wk ahead,percent,3.11803487790105e-11,Bin,3.3,3.4
Tennessee,2 wk ahead,percent,3.11803487790105e-11,Bin,3.4,3.5
Tennessee,2 wk ahead,percent,3.11803487790105e-11,Bin,3.5,3.6
Tennessee,2 wk ahead,percent,3.11803487790105e-11,Bin,3.6,3.7
Tennessee,2 wk ahead,percent,3.11803487790105e-11,Bin,3.7,3.8
Tennessee,2 wk ahead,percent,3.11803487790105e-11,Bin,3.8,3.9
Tennessee,2 wk ahead,percent,3.11803487790105e-11,Bin,3.9,4.0
Tennessee,2 wk ahead,percent,3.11803487790105e-11,Bin,4.0,4.1
Tennessee,2 wk ahead,percent,3.11803487790105e-11,Bin,4.1,4.2
Tennessee,2 wk ahead,percent,3.11803487790105e-11,Bin,4.2,4.3
Tennessee,2 wk ahead,percent,3.11803487790105e-11,Bin,4.3,4.4
Tennessee,2 wk ahead,percent,3.11803487790105e-11,Bin,4.4,4.5
Tennessee,2 wk ahead,percent,3.11803487790105e-11,Bin,4.5,4.6
Tennessee,2 wk ahead,percent,3.11803487790105e-11,Bin,4.6,4.7
Tennessee,2 wk ahead,percent,3.11803487790105e-11,Bin,4.7,4.8
Tennessee,2 wk ahead,percent,3.11803487790105e-11,Bin,4.8,4.9
Tennessee,2 wk ahead,percent,3.11803487790105e-11,Bin,4.9,5.0
Tennessee,2 wk ahead,percent,3.11803487790105e-11,Bin,5.0,5.1
Tennessee,2 wk ahead,percent,3.11803487790105e-11,Bin,5.1,5.2
Tennessee,2 wk ahead,percent,3.11803487790105e-11,Bin,5.2,5.3
Tennessee,2 wk ahead,percent,3.11803487790105e-11,Bin,5.3,5.4
Tennessee,2 wk ahead,percent,3.11803487790105e-11,Bin,5.4,5.5
Tennessee,2 wk ahead,percent,3.11803487790105e-11,Bin,5.5,5.6
Tennessee,2 wk ahead,percent,3.11803487790105e-11,Bin,5.6,5.7
Tennessee,2 wk ahead,percent,3.11803487790105e-11,Bin,5.7,5.8
Tennessee,2 wk ahead,percent,3.11803487790105e-11,Bin,5.8,5.9
Tennessee,2 wk ahead,percent,3.11803487790105e-11,Bin,5.9,6.0
Tennessee,2 wk ahead,percent,3.11803487790105e-11,Bin,6.0,6.1
Tennessee,2 wk ahead,percent,3.11803487790105e-11,Bin,6.1,6.2
Tennessee,2 wk ahead,percent,3.11803487790105e-11,Bin,6.2,6.3
Tennessee,2 wk ahead,percent,3.11803487790105e-11,Bin,6.3,6.4
Tennessee,2 wk ahead,percent,3.11803487790105e-11,Bin,6.4,6.5
Tennessee,2 wk ahead,percent,3.11803487790105e-11,Bin,6.5,6.6
Tennessee,2 wk ahead,percent,3.11803487790105e-11,Bin,6.6,6.7
Tennessee,2 wk ahead,percent,3.11803487790105e-11,Bin,6.7,6.8
Tennessee,2 wk ahead,percent,3.11803487790105e-11,Bin,6.8,6.9
Tennessee,2 wk ahead,percent,3.11803487790105e-11,Bin,6.9,7.0
Tennessee,2 wk ahead,percent,3.11803487790105e-11,Bin,7.0,7.1
Tennessee,2 wk ahead,percent,3.11803487790105e-11,Bin,7.1,7.2
Tennessee,2 wk ahead,percent,3.11803487790105e-11,Bin,7.2,7.3
Tennessee,2 wk ahead,percent,3.11803487790105e-11,Bin,7.3,7.4
Tennessee,2 wk ahead,percent,3.11803487790105e-11,Bin,7.4,7.5
Tennessee,2 wk ahead,percent,3.11803487790105e-11,Bin,7.5,7.6
Tennessee,2 wk ahead,percent,3.11803487790105e-11,Bin,7.6,7.7
Tennessee,2 wk ahead,percent,3.11803487790105e-11,Bin,7.7,7.8
Tennessee,2 wk ahead,percent,3.11803487790105e-11,Bin,7.8,7.9
Tennessee,2 wk ahead,percent,3.11803487790105e-11,Bin,7.9,8.0
Tennessee,2 wk ahead,percent,3.11803487790108e-11,Bin,8.0,8.1
Tennessee,2 wk ahead,percent,3.1180348779011e-11,Bin,8.1,8.2
Tennessee,2 wk ahead,percent,3.1180348779011e-11,Bin,8.2,8.3
Tennessee,2 wk ahead,percent,3.1180348779011e-11,Bin,8.3,8.4
Tennessee,2 wk ahead,percent,3.1180348779011e-11,Bin,8.4,8.5
Tennessee,2 wk ahead,percent,3.1180348779011e-11,Bin,8.5,8.6
Tennessee,2 wk ahead,percent,3.1180348779011e-11,Bin,8.6,8.7
Tennessee,2 wk ahead,percent,3.1180348779011e-11,Bin,8.7,8.8
Tennessee,2 wk ahead,percent,3.1180348779011e-11,Bin,8.8,8.9
Tennessee,2 wk ahead,percent,3.1180348779011e-11,Bin,8.9,9.0
Tennessee,2 wk ahead,percent,3.1180348779011e-11,Bin,9.0,9.1
Tennessee,2 wk ahead,percent,3.1180348779011e-11,Bin,9.1,9.2
Tennessee,2 wk ahead,percent,3.1180348779011e-11,Bin,9.2,9.3
Tennessee,2 wk ahead,percent,3.1180348779011e-11,Bin,9.3,9.4
Tennessee,2 wk ahead,percent,3.1180348779011e-11,Bin,9.4,9.5
Tennessee,2 wk ahead,percent,3.1180348779011e-11,Bin,9.5,9.6
Tennessee,2 wk ahead,percent,3.1180348779011e-11,Bin,9.6,9.7
Tennessee,2 wk ahead,percent,3.1180348779011e-11,Bin,9.7,9.8
Tennessee,2 wk ahead,percent,3.1180348779011e-11,Bin,9.8,9.9
Tennessee,2 wk ahead,percent,3.1180348779011e-11,Bin,9.9,10.0
Tennessee,2 wk ahead,percent,3.1180348779011e-11,Bin,10.0,10.1
Tennessee,2 wk ahead,percent,3.1180348779011e-11,Bin,10.1,10.2
Tennessee,2 wk ahead,percent,3.1180348779011e-11,Bin,10.2,10.3
Tennessee,2 wk ahead,percent,3.1180348779011e-11,Bin,10.3,10.4
Tennessee,2 wk ahead,percent,3.1180348779011e-11,Bin,10.4,10.5
Tennessee,2 wk ahead,percent,3.1180348779011e-11,Bin,10.5,10.6
Tennessee,2 wk ahead,percent,3.1180348779011e-11,Bin,10.6,10.7
Tennessee,2 wk ahead,percent,3.1180348779011e-11,Bin,10.7,10.8
Tennessee,2 wk ahead,percent,3.1180348779011e-11,Bin,10.8,10.9
Tennessee,2 wk ahead,percent,3.1180348779011e-11,Bin,10.9,11.0
Tennessee,2 wk ahead,percent,3.1180348779011e-11,Bin,11.0,11.1
Tennessee,2 wk ahead,percent,3.1180348779011e-11,Bin,11.1,11.2
Tennessee,2 wk ahead,percent,3.1180348779011e-11,Bin,11.2,11.3
Tennessee,2 wk ahead,percent,3.1180348779011e-11,Bin,11.3,11.4
Tennessee,2 wk ahead,percent,3.1180348779011e-11,Bin,11.4,11.5
Tennessee,2 wk ahead,percent,3.1180348779011e-11,Bin,11.5,11.6
Tennessee,2 wk ahead,percent,3.1180348779011e-11,Bin,11.6,11.7
Tennessee,2 wk ahead,percent,3.1180348779011e-11,Bin,11.7,11.8
Tennessee,2 wk ahead,percent,3.1180348779011e-11,Bin,11.8,11.9
Tennessee,2 wk ahead,percent,3.1180348779011e-11,Bin,11.9,12.0
Tennessee,2 wk ahead,percent,3.1180348779011e-11,Bin,12.0,12.1
Tennessee,2 wk ahead,percent,3.1180348779011e-11,Bin,12.1,12.2
Tennessee,2 wk ahead,percent,3.1180348779011e-11,Bin,12.2,12.3
Tennessee,2 wk ahead,percent,3.1180348779011e-11,Bin,12.3,12.4
Tennessee,2 wk ahead,percent,3.1180348779011e-11,Bin,12.4,12.5
Tennessee,2 wk ahead,percent,3.1180348779011e-11,Bin,12.5,12.6
Tennessee,2 wk ahead,percent,3.1180348779011e-11,Bin,12.6,12.7
Tennessee,2 wk ahead,percent,3.1180348779011e-11,Bin,12.7,12.8
Tennessee,2 wk ahead,percent,3.1180348779011e-11,Bin,12.8,12.9
Tennessee,2 wk ahead,percent,3.1180348779011e-11,Bin,12.9,13.0
Tennessee,2 wk ahead,percent,3.1180348779011e-11,Bin,13.0,100.0
Tennessee,3 wk ahead,percent,0.0220000021892692,Bin,0.0,0.1
Tennessee,3 wk ahead,percent,0.107999991715406,Bin,0.1,0.2
Tennessee,3 wk ahead,percent,0.305999950460632,Bin,0.2,0.3
Tennessee,3 wk ahead,percent,0.267999958084183,Bin,0.3,0.4
Tennessee,3 wk ahead,percent,0.123999987387207,Bin,0.4,0.5
Tennessee,3 wk ahead,percent,0.0799999952673351,Bin,0.5,0.6
Tennessee,3 wk ahead,percent,0.040000002173757,Bin,0.6,0.7
Tennessee,3 wk ahead,percent,0.0140000061946095,Bin,0.7,0.8
Tennessee,3 wk ahead,percent,0.00800000617062787,Bin,0.8,0.9
Tennessee,3 wk ahead,percent,0.0100000046501154,Bin,0.9,1.0
Tennessee,3 wk ahead,percent,0.0020000054021661,Bin,1.0,1.1
Tennessee,3 wk ahead,percent,0.00200000462250029,Bin,1.1,1.2
Tennessee,3 wk ahead,percent,4.42724268938465e-09,Bin,1.2,1.3
Tennessee,3 wk ahead,percent,4.01682541401361e-09,Bin,1.3,1.4
Tennessee,3 wk ahead,percent,0.00200000344032775,Bin,1.4,1.5
Tennessee,3 wk ahead,percent,3.98431854537765e-09,Bin,1.5,1.6
Tennessee,3 wk ahead,percent,4.36081898709421e-09,Bin,1.6,1.7
Tennessee,3 wk ahead,percent,0.00400000406961499,Bin,1.7,1.8
Tennessee,3 wk ahead,percent,5.51906457036927e-09,Bin,1.8,1.9
Tennessee,3 wk ahead,percent,6.05997087570084e-09,Bin,1.9,2.0
Tennessee,3 wk ahead,percent,6.42988075630175e-09,Bin,2.0,2.1
Tennessee,3 wk ahead,percent,0.00200000614087158,Bin,2.1,2.2
Tennessee,3 wk ahead,percent,0.00200000600770959,Bin,2.2,2.3
Tennessee,3 wk ahead,percent,6.03859988119618e-09,Bin,2.3,2.4
Tennessee,3 wk ahead,percent,5.42804655799767e-09,Bin,2.4,2.5
Tennessee,3 wk ahead,percent,0.00200000423467929,Bin,2.5,2.6
Tennessee,3 wk ahead,percent,3.79571914126393e-09,Bin,2.6,2.7
Tennessee,3 wk ahead,percent,2.93016640921572e-09,Bin,2.7,2.8
Tennessee,3 wk ahead,percent,2.13343337667925e-09,Bin,2.8,2.9
Tennessee,3 wk ahead,percent,1.46003232401519e-09,Bin,2.9,3.0
Tennessee,3 wk ahead,percent,0.00200000051566819,Bin,3.0,3.1
Tennessee,3 wk ahead,percent,5.61674441050123e-10,Bin,3.1,3.2
Tennessee,3 wk ahead,percent,3.14458793940887e-10,Bin,3.2,3.3
Tennessee,3 wk ahead,percent,1.64123311807981e-10,Bin,3.3,3.4
Tennessee,3 wk ahead,percent,7.97660020037334e-11,Bin,3.4,3.5
Tennessee,3 wk ahead,percent,4.3179694675965e-11,Bin,3.5,3.6
Tennessee,3 wk ahead,percent,4.1545360407446e-11,Bin,3.6,3.7
Tennessee,3 wk ahead,percent,4.1545360407446e-11,Bin,3.7,3.8
Tennessee,3 wk ahead,percent,4.1545360407446e-11,Bin,3.8,3.9
Tennessee,3 wk ahead,percent,4.1545360407446e-11,Bin,3.9,4.0
Tennessee,3 wk ahead,percent,0.00199999962073414,Bin,4.0,4.1
Tennessee,3 wk ahead,percent,4.1545360407446e-11,Bin,4.1,4.2
Tennessee,3 wk ahead,percent,4.1545360407446e-11,Bin,4.2,4.3
Tennessee,3 wk ahead,percent,4.1545360407446e-11,Bin,4.3,4.4
Tennessee,3 wk ahead,percent,4.1545360407446e-11,Bin,4.4,4.5
Tennessee,3 wk ahead,percent,4.1545360407446e-11,Bin,4.5,4.6
Tennessee,3 wk ahead,percent,4.1545360407446e-11,Bin,4.6,4.7
Tennessee,3 wk ahead,percent,4.1545360407446e-11,Bin,4.7,4.8
Tennessee,3 wk ahead,percent,4.1545360407446e-11,Bin,4.8,4.9
Tennessee,3 wk ahead,percent,4.1545360407446e-11,Bin,4.9,5.0
Tennessee,3 wk ahead,percent,4.1545360407446e-11,Bin,5.0,5.1
Tennessee,3 wk ahead,percent,4.1545360407446e-11,Bin,5.1,5.2
Tennessee,3 wk ahead,percent,4.1545360407446e-11,Bin,5.2,5.3
Tennessee,3 wk ahead,percent,4.1545360407446e-11,Bin,5.3,5.4
Tennessee,3 wk ahead,percent,4.1545360407446e-11,Bin,5.4,5.5
Tennessee,3 wk ahead,percent,4.1545360407446e-11,Bin,5.5,5.6
Tennessee,3 wk ahead,percent,4.1545360407446e-11,Bin,5.6,5.7
Tennessee,3 wk ahead,percent,4.1545360407446e-11,Bin,5.7,5.8
Tennessee,3 wk ahead,percent,4.1545360407446e-11,Bin,5.8,5.9
Tennessee,3 wk ahead,percent,4.1545360407446e-11,Bin,5.9,6.0
Tennessee,3 wk ahead,percent,4.1545360407446e-11,Bin,6.0,6.1
Tennessee,3 wk ahead,percent,4.1545360407446e-11,Bin,6.1,6.2
Tennessee,3 wk ahead,percent,4.1545360407446e-11,Bin,6.2,6.3
Tennessee,3 wk ahead,percent,4.1545360407446e-11,Bin,6.3,6.4
Tennessee,3 wk ahead,percent,4.1545360407446e-11,Bin,6.4,6.5
Tennessee,3 wk ahead,percent,4.1545360407446e-11,Bin,6.5,6.6
Tennessee,3 wk ahead,percent,4.1545360407446e-11,Bin,6.6,6.7
Tennessee,3 wk ahead,percent,4.1545360407446e-11,Bin,6.7,6.8
Tennessee,3 wk ahead,percent,4.1545360407446e-11,Bin,6.8,6.9
Tennessee,3 wk ahead,percent,4.1545360407446e-11,Bin,6.9,7.0
Tennessee,3 wk ahead,percent,4.1545360407446e-11,Bin,7.0,7.1
Tennessee,3 wk ahead,percent,4.1545360407446e-11,Bin,7.1,7.2
Tennessee,3 wk ahead,percent,4.1545360407446e-11,Bin,7.2,7.3
Tennessee,3 wk ahead,percent,4.1545360407446e-11,Bin,7.3,7.4
Tennessee,3 wk ahead,percent,4.1545360407446e-11,Bin,7.4,7.5
Tennessee,3 wk ahead,percent,4.1545360407446e-11,Bin,7.5,7.6
Tennessee,3 wk ahead,percent,4.1545360407446e-11,Bin,7.6,7.7
Tennessee,3 wk ahead,percent,4.1545360407446e-11,Bin,7.7,7.8
Tennessee,3 wk ahead,percent,4.1545360407446e-11,Bin,7.8,7.9
Tennessee,3 wk ahead,percent,4.1545360407446e-11,Bin,7.9,8.0
Tennessee,3 wk ahead,percent,4.15453604074463e-11,Bin,8.0,8.1
Tennessee,3 wk ahead,percent,4.15453604074467e-11,Bin,8.1,8.2
Tennessee,3 wk ahead,percent,4.15453604074467e-11,Bin,8.2,8.3
Tennessee,3 wk ahead,percent,4.15453604074467e-11,Bin,8.3,8.4
Tennessee,3 wk ahead,percent,4.15453604074467e-11,Bin,8.4,8.5
Tennessee,3 wk ahead,percent,4.15453604074467e-11,Bin,8.5,8.6
Tennessee,3 wk ahead,percent,4.15453604074467e-11,Bin,8.6,8.7
Tennessee,3 wk ahead,percent,4.15453604074467e-11,Bin,8.7,8.8
Tennessee,3 wk ahead,percent,4.15453604074467e-11,Bin,8.8,8.9
Tennessee,3 wk ahead,percent,4.15453604074467e-11,Bin,8.9,9.0
Tennessee,3 wk ahead,percent,4.15453604074467e-11,Bin,9.0,9.1
Tennessee,3 wk ahead,percent,4.15453604074467e-11,Bin,9.1,9.2
Tennessee,3 wk ahead,percent,4.15453604074467e-11,Bin,9.2,9.3
Tennessee,3 wk ahead,percent,4.15453604074467e-11,Bin,9.3,9.4
Tennessee,3 wk ahead,percent,4.15453604074467e-11,Bin,9.4,9.5
Tennessee,3 wk ahead,percent,4.15453604074467e-11,Bin,9.5,9.6
Tennessee,3 wk ahead,percent,4.15453604074467e-11,Bin,9.6,9.7
Tennessee,3 wk ahead,percent,4.15453604074467e-11,Bin,9.7,9.8
Tennessee,3 wk ahead,percent,4.15453604074467e-11,Bin,9.8,9.9
Tennessee,3 wk ahead,percent,4.15453604074467e-11,Bin,9.9,10.0
Tennessee,3 wk ahead,percent,4.15453604074467e-11,Bin,10.0,10.1
Tennessee,3 wk ahead,percent,4.15453604074467e-11,Bin,10.1,10.2
Tennessee,3 wk ahead,percent,4.15453604074467e-11,Bin,10.2,10.3
Tennessee,3 wk ahead,percent,4.15453604074467e-11,Bin,10.3,10.4
Tennessee,3 wk ahead,percent,4.15453604074467e-11,Bin,10.4,10.5
Tennessee,3 wk ahead,percent,4.15453604074467e-11,Bin,10.5,10.6
Tennessee,3 wk ahead,percent,4.15453604074467e-11,Bin,10.6,10.7
Tennessee,3 wk ahead,percent,4.15453604074467e-11,Bin,10.7,10.8
Tennessee,3 wk ahead,percent,4.15453604074467e-11,Bin,10.8,10.9
Tennessee,3 wk ahead,percent,4.15453604074467e-11,Bin,10.9,11.0
Tennessee,3 wk ahead,percent,4.15453604074467e-11,Bin,11.0,11.1
Tennessee,3 wk ahead,percent,4.15453604074467e-11,Bin,11.1,11.2
Tennessee,3 wk ahead,percent,4.15453604074467e-11,Bin,11.2,11.3
Tennessee,3 wk ahead,percent,4.15453604074467e-11,Bin,11.3,11.4
Tennessee,3 wk ahead,percent,4.15453604074467e-11,Bin,11.4,11.5
Tennessee,3 wk ahead,percent,4.15453604074467e-11,Bin,11.5,11.6
Tennessee,3 wk ahead,percent,4.15453604074467e-11,Bin,11.6,11.7
Tennessee,3 wk ahead,percent,4.15453604074467e-11,Bin,11.7,11.8
Tennessee,3 wk ahead,percent,4.15453604074467e-11,Bin,11.8,11.9
Tennessee,3 wk ahead,percent,4.15453604074467e-11,Bin,11.9,12.0
Tennessee,3 wk ahead,percent,4.15453604074467e-11,Bin,12.0,12.1
Tennessee,3 wk ahead,percent,4.15453604074467e-11,Bin,12.1,12.2
Tennessee,3 wk ahead,percent,4.15453604074467e-11,Bin,12.2,12.3
Tennessee,3 wk ahead,percent,4.15453604074467e-11,Bin,12.3,12.4
Tennessee,3 wk ahead,percent,4.15453604074467e-11,Bin,12.4,12.5
Tennessee,3 wk ahead,percent,4.15453604074467e-11,Bin,12.5,12.6
Tennessee,3 wk ahead,percent,4.15453604074467e-11,Bin,12.6,12.7
Tennessee,3 wk ahead,percent,4.15453604074467e-11,Bin,12.7,12.8
Tennessee,3 wk ahead,percent,4.15453604074467e-11,Bin,12.8,12.9
Tennessee,3 wk ahead,percent,4.15453604074467e-11,Bin,12.9,13.0
Tennessee,3 wk ahead,percent,4.15453604074467e-11,Bin,13.0,100.0
Tennessee,4 wk ahead,percent,0.0200000029600585,Bin,0.0,0.1
Tennessee,4 wk ahead,percent,0.239999964642068,Bin,0.1,0.2
Tennessee,4 wk ahead,percent,0.279999956335883,Bin,0.2,0.3
Tennessee,4 wk ahead,percent,0.197999972801319,Bin,0.3,0.4
Tennessee,4 wk ahead,percent,0.103999991293495,Bin,0.4,0.5
Tennessee,4 wk ahead,percent,0.0699999970496224,Bin,0.5,0.6
Tennessee,4 wk ahead,percent,0.0280000045563047,Bin,0.6,0.7
Tennessee,4 wk ahead,percent,0.0140000063138989,Bin,0.7,0.8
Tennessee,4 wk ahead,percent,0.0140000051999291,Bin,0.8,0.9
Tennessee,4 wk ahead,percent,0.00800000533329662,Bin,0.9,1.0
Tennessee,4 wk ahead,percent,0.00400000502183394,Bin,1.0,1.1
Tennessee,4 wk ahead,percent,0.0080000030891398,Bin,1.1,1.2
Tennessee,4 wk ahead,percent,0.00200000347142143,Bin,1.2,1.3
Tennessee,4 wk ahead,percent,0.0020000029953919,Bin,1.3,1.4
Tennessee,4 wk ahead,percent,3.48215585546091e-09,Bin,1.4,1.5
Tennessee,4 wk ahead,percent,4.13330717806992e-09,Bin,1.5,1.6
Tennessee,4 wk ahead,percent,5.26665614361262e-09,Bin,1.6,1.7
Tennessee,4 wk ahead,percent,0.00200000621359469,Bin,1.7,1.8
Tennessee,4 wk ahead,percent,7.88412283908503e-09,Bin,1.8,1.9
Tennessee,4 wk ahead,percent,8.66750975820095e-09,Bin,1.9,2.0
Tennessee,4 wk ahead,percent,0.00200000832445756,Bin,2.0,2.1
Tennessee,4 wk ahead,percent,8.07065855203742e-09,Bin,2.1,2.2
Tennessee,4 wk ahead,percent,6.80704937049613e-09,Bin,2.2,2.3
Tennessee,4 wk ahead,percent,5.24363410179236e-09,Bin,2.3,2.4
Tennessee,4 wk ahead,percent,3.68809829371419e-09,Bin,2.4,2.5
Tennessee,4 wk ahead,percent,0.00200000194830649,Bin,2.5,2.6
Tennessee,4 wk ahead,percent,1.38753255485918e-09,Bin,2.6,2.7
Tennessee,4 wk ahead,percent,7.41871512851467e-10,Bin,2.7,2.8
Tennessee,4 wk ahead,percent,3.61846924383682e-10,Bin,2.8,2.9
Tennessee,4 wk ahead,percent,1.60981369807867e-10,Bin,2.9,3.0
Tennessee,4 wk ahead,percent,7.50704203728296e-11,Bin,3.0,3.1
Tennessee,4 wk ahead,percent,6.89911198619861e-11,Bin,3.1,3.2
Tennessee,4 wk ahead,percent,6.89911198619861e-11,Bin,3.2,3.3
Tennessee,4 wk ahead,percent,6.89911198619861e-11,Bin,3.3,3.4
Tennessee,4 wk ahead,percent,6.89911198619861e-11,Bin,3.4,3.5
Tennessee,4 wk ahead,percent,6.89911198619861e-11,Bin,3.5,3.6
Tennessee,4 wk ahead,percent,6.89911198619861e-11,Bin,3.6,3.7
Tennessee,4 wk ahead,percent,6.89911198619861e-11,Bin,3.7,3.8
Tennessee,4 wk ahead,percent,6.89911198619861e-11,Bin,3.8,3.9
Tennessee,4 wk ahead,percent,6.89911198619861e-11,Bin,3.9,4.0
Tennessee,4 wk ahead,percent,6.89911198619861e-11,Bin,4.0,4.1
Tennessee,4 wk ahead,percent,6.89911198619861e-11,Bin,4.1,4.2
Tennessee,4 wk ahead,percent,6.89911198619861e-11,Bin,4.2,4.3
Tennessee,4 wk ahead,percent,6.89911198619861e-11,Bin,4.3,4.4
Tennessee,4 wk ahead,percent,6.89911198619861e-11,Bin,4.4,4.5
Tennessee,4 wk ahead,percent,6.89911198619861e-11,Bin,4.5,4.6
Tennessee,4 wk ahead,percent,6.89911198619861e-11,Bin,4.6,4.7
Tennessee,4 wk ahead,percent,6.89911198619861e-11,Bin,4.7,4.8
Tennessee,4 wk ahead,percent,6.89911198619861e-11,Bin,4.8,4.9
Tennessee,4 wk ahead,percent,6.89911198619861e-11,Bin,4.9,5.0
Tennessee,4 wk ahead,percent,0.0019999996493626,Bin,5.0,5.1
Tennessee,4 wk ahead,percent,6.89911198619861e-11,Bin,5.1,5.2
Tennessee,4 wk ahead,percent,6.89911198619861e-11,Bin,5.2,5.3
Tennessee,4 wk ahead,percent,6.89911198619861e-11,Bin,5.3,5.4
Tennessee,4 wk ahead,percent,6.89911198619861e-11,Bin,5.4,5.5
Tennessee,4 wk ahead,percent,6.89911198619861e-11,Bin,5.5,5.6
Tennessee,4 wk ahead,percent,6.89911198619861e-11,Bin,5.6,5.7
Tennessee,4 wk ahead,percent,6.89911198619861e-11,Bin,5.7,5.8
Tennessee,4 wk ahead,percent,6.89911198619861e-11,Bin,5.8,5.9
Tennessee,4 wk ahead,percent,6.89911198619861e-11,Bin,5.9,6.0
Tennessee,4 wk ahead,percent,6.89911198619861e-11,Bin,6.0,6.1
Tennessee,4 wk ahead,percent,6.89911198619861e-11,Bin,6.1,6.2
Tennessee,4 wk ahead,percent,6.89911198619861e-11,Bin,6.2,6.3
Tennessee,4 wk ahead,percent,6.89911198619861e-11,Bin,6.3,6.4
Tennessee,4 wk ahead,percent,6.89911198619861e-11,Bin,6.4,6.5
Tennessee,4 wk ahead,percent,6.89911198619861e-11,Bin,6.5,6.6
Tennessee,4 wk ahead,percent,6.89911198619861e-11,Bin,6.6,6.7
Tennessee,4 wk ahead,percent,6.89911198619861e-11,Bin,6.7,6.8
Tennessee,4 wk ahead,percent,6.89911198619861e-11,Bin,6.8,6.9
Tennessee,4 wk ahead,percent,6.89911198619861e-11,Bin,6.9,7.0
Tennessee,4 wk ahead,percent,6.89911198619861e-11,Bin,7.0,7.1
Tennessee,4 wk ahead,percent,6.89911198619861e-11,Bin,7.1,7.2
Tennessee,4 wk ahead,percent,6.89911198619861e-11,Bin,7.2,7.3
Tennessee,4 wk ahead,percent,6.89911198619861e-11,Bin,7.3,7.4
Tennessee,4 wk ahead,percent,6.89911198619861e-11,Bin,7.4,7.5
Tennessee,4 wk ahead,percent,6.89911198619861e-11,Bin,7.5,7.6
Tennessee,4 wk ahead,percent,6.89911198619861e-11,Bin,7.6,7.7
Tennessee,4 wk ahead,percent,6.89911198619861e-11,Bin,7.7,7.8
Tennessee,4 wk ahead,percent,6.89911198619861e-11,Bin,7.8,7.9
Tennessee,4 wk ahead,percent,6.89911198619861e-11,Bin,7.9,8.0
Tennessee,4 wk ahead,percent,6.89911198619867e-11,Bin,8.0,8.1
Tennessee,4 wk ahead,percent,6.89911198619873e-11,Bin,8.1,8.2
Tennessee,4 wk ahead,percent,6.89911198619873e-11,Bin,8.2,8.3
Tennessee,4 wk ahead,percent,6.89911198619873e-11,Bin,8.3,8.4
Tennessee,4 wk ahead,percent,6.89911198619873e-11,Bin,8.4,8.5
Tennessee,4 wk ahead,percent,6.89911198619873e-11,Bin,8.5,8.6
Tennessee,4 wk ahead,percent,6.89911198619873e-11,Bin,8.6,8.7
Tennessee,4 wk ahead,percent,6.89911198619873e-11,Bin,8.7,8.8
Tennessee,4 wk ahead,percent,6.89911198619873e-11,Bin,8.8,8.9
Tennessee,4 wk ahead,percent,6.89911198619873e-11,Bin,8.9,9.0
Tennessee,4 wk ahead,percent,6.89911198619873e-11,Bin,9.0,9.1
Tennessee,4 wk ahead,percent,6.89911198619873e-11,Bin,9.1,9.2
Tennessee,4 wk ahead,percent,6.89911198619873e-11,Bin,9.2,9.3
Tennessee,4 wk ahead,percent,6.89911198619873e-11,Bin,9.3,9.4
Tennessee,4 wk ahead,percent,6.89911198619873e-11,Bin,9.4,9.5
Tennessee,4 wk ahead,percent,6.89911198619873e-11,Bin,9.5,9.6
Tennessee,4 wk ahead,percent,6.89911198619873e-11,Bin,9.6,9.7
Tennessee,4 wk ahead,percent,6.89911198619873e-11,Bin,9.7,9.8
Tennessee,4 wk ahead,percent,6.89911198619873e-11,Bin,9.8,9.9
Tennessee,4 wk ahead,percent,6.89911198619873e-11,Bin,9.9,10.0
Tennessee,4 wk ahead,percent,6.89911198619873e-11,Bin,10.0,10.1
Tennessee,4 wk ahead,percent,6.89911198619873e-11,Bin,10.1,10.2
Tennessee,4 wk ahead,percent,6.89911198619873e-11,Bin,10.2,10.3
Tennessee,4 wk ahead,percent,6.89911198619873e-11,Bin,10.3,10.4
Tennessee,4 wk ahead,percent,6.89911198619873e-11,Bin,10.4,10.5
Tennessee,4 wk ahead,percent,6.89911198619873e-11,Bin,10.5,10.6
Tennessee,4 wk ahead,percent,6.89911198619873e-11,Bin,10.6,10.7
Tennessee,4 wk ahead,percent,6.89911198619873e-11,Bin,10.7,10.8
Tennessee,4 wk ahead,percent,6.89911198619873e-11,Bin,10.8,10.9
Tennessee,4 wk ahead,percent,6.89911198619873e-11,Bin,10.9,11.0
Tennessee,4 wk ahead,percent,6.89911198619873e-11,Bin,11.0,11.1
Tennessee,4 wk ahead,percent,6.89911198619873e-11,Bin,11.1,11.2
Tennessee,4 wk ahead,percent,6.89911198619873e-11,Bin,11.2,11.3
Tennessee,4 wk ahead,percent,6.89911198619873e-11,Bin,11.3,11.4
Tennessee,4 wk ahead,percent,6.89911198619873e-11,Bin,11.4,11.5
Tennessee,4 wk ahead,percent,6.89911198619873e-11,Bin,11.5,11.6
Tennessee,4 wk ahead,percent,6.89911198619873e-11,Bin,11.6,11.7
Tennessee,4 wk ahead,percent,6.89911198619873e-11,Bin,11.7,11.8
Tennessee,4 wk ahead,percent,6.89911198619873e-11,Bin,11.8,11.9
Tennessee,4 wk ahead,percent,6.89911198619873e-11,Bin,11.9,12.0
Tennessee,4 wk ahead,percent,6.89911198619873e-11,Bin,12.0,12.1
Tennessee,4 wk ahead,percent,6.89911198619873e-11,Bin,12.1,12.2
Tennessee,4 wk ahead,percent,6.89911198619873e-11,Bin,12.2,12.3
Tennessee,4 wk ahead,percent,6.89911198619873e-11,Bin,12.3,12.4
Tennessee,4 wk ahead,percent,6.89911198619873e-11,Bin,12.4,12.5
Tennessee,4 wk ahead,percent,6.89911198619873e-11,Bin,12.5,12.6
Tennessee,4 wk ahead,percent,6.89911198619873e-11,Bin,12.6,12.7
Tennessee,4 wk ahead,percent,6.89911198619873e-11,Bin,12.7,12.8
Tennessee,4 wk ahead,percent,6.89911198619873e-11,Bin,12.8,12.9
Tennessee,4 wk ahead,percent,6.89911198619873e-11,Bin,12.9,13.0
Tennessee,4 wk ahead,percent,6.89911198619873e-11,Bin,13.0,100.0
Tennessee,Season peak percentage,percent,3.43757114263171e-14,Bin,0.0,0.1
Tennessee,Season peak percentage,percent,6.87514228526343e-14,Bin,0.1,0.2
Tennessee,Season peak percentage,percent,6.87514228526343e-14,Bin,0.2,0.3
Tennessee,Season peak percentage,percent,6.95130755106693e-14,Bin,0.3,0.4
Tennessee,Season peak percentage,percent,9.11613419061596e-14,Bin,0.4,0.5
Tennessee,Season peak percentage,percent,1.30870218834387e-13,Bin,0.5,0.6
Tennessee,Season peak percentage,percent,1.84999475084828e-13,Bin,0.6,0.7
Tennessee,Season peak percentage,percent,2.57548052159954e-13,Bin,0.7,0.8
Tennessee,Season peak percentage,percent,3.53121776134472e-13,Bin,0.8,0.9
Tennessee,Season peak percentage,percent,4.76896387073301e-13,Bin,0.9,1.0
Tennessee,Season peak percentage,percent,6.34477823659574e-13,Bin,1.0,1.1
Tennessee,Season peak percentage,percent,8.31636459733696e-13,Bin,1.1,1.2
Tennessee,Season peak percentage,percent,1.07406332996212e-12,Bin,1.2,1.3
Tennessee,Season peak percentage,percent,1.36708091785872e-12,Bin,1.3,1.4
Tennessee,Season peak percentage,percent,1.71517012345538e-12,Bin,1.4,1.5
Tennessee,Season peak percentage,percent,2.12138733092236e-12,Bin,1.5,1.6
Tennessee,Season peak percentage,percent,2.5872540349598e-12,Bin,1.6,1.7
Tennessee,Season peak percentage,percent,3.11211679286329e-12,Bin,1.7,1.8
Tennessee,Season peak percentage,percent,3.69294010673641e-12,Bin,1.8,1.9
Tennessee,Season peak percentage,percent,4.32421140203407e-12,Bin,1.9,2.0
Tennessee,Season peak percentage,percent,4.99774729380332e-12,Bin,2.0,2.1
Tennessee,Season peak percentage,percent,5.70279873760943e-12,Bin,2.1,2.2
Tennessee,Season peak percentage,percent,6.42648345458914e-12,Bin,2.2,2.3
Tennessee,Season peak percentage,percent,7.15405479754415e-12,Bin,2.3,2.4
Tennessee,Season peak percentage,percent,7.86945169687973e-12,Bin,2.4,2.5
Tennessee,Season peak percentage,percent,8.55588395792106e-12,Bin,2.5,2.6
Tennessee,Season peak percentage,percent,9.19634320455548e-12,Bin,2.6,2.7
Tennessee,Season peak percentage,percent,9.77442784546678e-12,Bin,2.7,2.8
Tennessee,Season peak percentage,percent,1.02747381831427e-11,Bin,2.8,2.9
Tennessee,Season peak percentage,percent,1.0683451159079e-11,Bin,2.9,3.0
Tennessee,Season peak percentage,percent,1.09888108766845e-11,Bin,3.0,3.1
Tennessee,Season peak percentage,percent,1.11818842445167e-11,Bin,3.1,3.2
Tennessee,Season peak percentage,percent,1.12563035210624e-11,Bin,3.2,3.3
Tennessee,Season peak percentage,percent,1.12092599778303e-11,Bin,3.3,3.4
Tennessee,Season peak percentage,percent,1.10412990105493e-11,Bin,3.4,3.5
Tennessee,Season peak percentage,percent,1.07565723689679e-11,Bin,3.5,3.6
Tennessee,Season peak percentage,percent,1.03628749054502e-11,Bin,3.6,3.7
Tennessee,Season peak percentage,percent,9.87188381525025e-12,Bin,3.7,3.8
Tennessee,Season peak percentage,percent,9.29821130732363e-12,Bin,3.8,3.9
Tennessee,Season peak percentage,percent,8.65954504602278e-12,Bin,3.9,4.0
Tennessee,Season peak percentage,percent,7.97577722428813e-12,Bin,4.0,4.1
Tennessee,Season peak percentage,percent,7.26834801676726e-12,Bin,4.1,4.2
Tennessee,Season peak percentage,percent,6.55955002391538e-12,Bin,4.2,4.3
Tennessee,Season peak percentage,percent,5.87163418797905e-12,Bin,4.3,4.4
Tennessee,Season peak percentage,percent,5.22610403859387e-12,Bin,4.4,4.5
Tennessee,Season peak percentage,percent,4.64302368964217e-12,Bin,4.5,4.6
Tennessee,Season peak percentage,percent,4.14048009859968e-12,Bin,4.6,4.7
Tennessee,Season peak percentage,percent,3.7339798759353e-12,Bin,4.7,4.8
Tennessee,Season peak percentage,percent,3.43670962541943e-12,Bin,4.8,4.9
Tennessee,Season peak percentage,percent,3.25868160103051e-12,Bin,4.9,5.0
Tennessee,Season peak percentage,percent,3.20738328762394e-12,Bin,5.0,5.1
Tennessee,Season peak percentage,percent,3.28751251586808e-12,Bin,5.1,5.2
Tennessee,Season peak percentage,percent,3.50120951331334e-12,Bin,5.2,5.3
Tennessee,Season peak percentage,percent,3.84785268878949e-12,Bin,5.3,5.4
Tennessee,Season peak percentage,percent,4.32497171322609e-12,Bin,5.4,5.5
Tennessee,Season peak percentage,percent,4.92755151500701e-12,Bin,5.5,5.6
Tennessee,Season peak percentage,percent,5.64879875352888e-12,Bin,5.6,5.7
Tennessee,Season peak percentage,percent,6.48015750097305e-12,Bin,5.7,5.8
Tennessee,Season peak percentage,percent,7.41162047637485e-12,Bin,5.8,5.9
Tennessee,Season peak percentage,percent,8.43153340920797e-12,Bin,5.9,6.0
Tennessee,Season peak percentage,percent,9.52738859137256e-12,Bin,6.0,6.1
Tennessee,Season peak percentage,percent,1.06854591110849e-11,Bin,6.1,6.2
Tennessee,Season peak percentage,percent,1.1891163507552e-11,Bin,6.2,6.3
Tennessee,Season peak percentage,percent,1.31290677910352e-11,Bin,6.3,6.4
Tennessee,Season peak percentage,percent,1.43829077034294e-11,Bin,6.4,6.5
Tennessee,Season peak percentage,percent,1.56354428572881e-11,Bin,6.5,6.6
Tennessee,Season peak percentage,percent,1.68684735243195e-11,Bin,6.6,6.7
Tennessee,Season peak percentage,percent,1.80627465750815e-11,Bin,6.7,6.8
Tennessee,Season peak percentage,percent,1.91980302092032e-11,Bin,6.8,6.9
Tennessee,Season peak percentage,percent,2.02534182579008e-11,Bin,6.9,7.0
Tennessee,Season peak percentage,percent,2.12072490572455e-11,Bin,7.0,7.1
Tennessee,Season peak percentage,percent,2.20382293276065e-11,Bin,7.1,7.2
Tennessee,Season peak percentage,percent,2.27256803278369e-11,Bin,7.2,7.3
Tennessee,Season peak percentage,percent,2.32504175721841e-11,Bin,7.3,7.4
Tennessee,Season peak percentage,percent,2.3595533132235e-11,Bin,7.4,7.5
Tennessee,Season peak percentage,percent,2.37478507396467e-11,Bin,7.5,7.6
Tennessee,Season peak percentage,percent,2.36976292319296e-11,Bin,7.6,7.7
Tennessee,Season peak percentage,percent,2.34405952555822e-11,Bin,7.7,7.8
Tennessee,Season peak percentage,percent,2.29777285601516e-11,Bin,7.8,7.9
Tennessee,Season peak percentage,percent,2.23155486529196e-11,Bin,7.9,8.0
Tennessee,Season peak percentage,percent,2.14660106300873e-11,Bin,8.0,8.1
Tennessee,Season peak percentage,percent,2.04468387155425e-11,Bin,8.1,8.2
Tennessee,Season peak percentage,percent,1.92800095479951e-11,Bin,8.2,8.3
Tennessee,Season peak percentage,percent,1.79918922512768e-11,Bin,8.3,8.4
Tennessee,Season peak percentage,percent,1.66117233867415e-11,Bin,8.4,8.5
Tennessee,Season peak percentage,percent,1.51704500896668e-11,Bin,8.5,8.6
Tennessee,Season peak percentage,percent,1.36995004033662e-11,Bin,8.6,8.7
Tennessee,Season peak percentage,percent,1.22296537743141e-11,Bin,8.7,8.8
Tennessee,Season peak percentage,percent,1.07895978311374e-11,Bin,8.8,8.9
Tennessee,Season peak percentage,percent,9.40503810198358e-12,Bin,8.9,9.0
Tennessee,Season peak percentage,percent,8.09777972294878e-12,Bin,9.0,9.1
Tennessee,Season peak percentage,percent,6.88502811429598e-12,Bin,9.1,9.2
Tennessee,Season peak percentage,percent,5.77941700015854e-12,Bin,9.2,9.3
Tennessee,Season peak percentage,percent,4.78849566544769e-12,Bin,9.3,9.4
Tennessee,Season peak percentage,percent,0.999999999111795,Bin,9.4,9.5
Tennessee,Season peak percentage,percent,3.15812820251568e-12,Bin,9.5,9.6
Tennessee,Season peak percentage,percent,2.51292681561575e-12,Bin,9.6,9.7
Tennessee,Season peak percentage,percent,1.97193910065915e-12,Bin,9.7,9.8
Tennessee,Season peak percentage,percent,1.52593082446896e-12,Bin,9.8,9.9
Tennessee,Season peak percentage,percent,1.16419773623756e-12,Bin,9.9,10.0
Tennessee,Season peak percentage,percent,8.75552323402141e-13,Bin,10.0,10.1
Tennessee,Season peak percentage,percent,6.49009257805033e-13,Bin,10.1,10.2
Tennessee,Season peak percentage,percent,4.74139115876304e-13,Bin,10.2,10.3
Tennessee,Season peak percentage,percent,3.41338454680024e-13,Bin,10.3,10.4
Tennessee,Season peak percentage,percent,2.4212162654692e-13,Bin,10.4,10.5
Tennessee,Season peak percentage,percent,1.69211558761383e-13,Bin,10.5,10.6
Tennessee,Season peak percentage,percent,1.16496155482706e-13,Bin,10.6,10.7
Tennessee,Season peak percentage,percent,8.80832209161258e-14,Bin,10.7,10.8
Tennessee,Season peak percentage,percent,8.70879122103446e-14,Bin,10.8,10.9
Tennessee,Season peak percentage,percent,8.70879122103446e-14,Bin,10.9,11.0
Tennessee,Season peak percentage,percent,8.70879122103446e-14,Bin,11.0,11.1
Tennessee,Season peak percentage,percent,8.70879122103446e-14,Bin,11.1,11.2
Tennessee,Season peak percentage,percent,8.70879122103446e-14,Bin,11.2,11.3
Tennessee,Season peak percentage,percent,8.70879122103446e-14,Bin,11.3,11.4
Tennessee,Season peak percentage,percent,8.70879122103446e-14,Bin,11.4,11.5
Tennessee,Season peak percentage,percent,8.70879122103446e-14,Bin,11.5,11.6
Tennessee,Season peak percentage,percent,8.70879122103446e-14,Bin,11.6,11.7
Tennessee,Season peak percentage,percent,8.70879122103446e-14,Bin,11.7,11.8
Tennessee,Season peak percentage,percent,8.70879122103446e-14,Bin,11.8,11.9
Tennessee,Season peak percentage,percent,8.70879122103446e-14,Bin,11.9,12.0
Tennessee,Season peak percentage,percent,8.70879122103446e-14,Bin,12.0,12.1
Tennessee,Season peak percentage,percent,8.70879122103446e-14,Bin,12.1,12.2
Tennessee,Season peak percentage,percent,8.70879122103446e-14,Bin,12.2,12.3
Tennessee,Season peak percentage,percent,8.70879122103446e-14,Bin,12.3,12.4
Tennessee,Season peak percentage,percent,8.70879122103446e-14,Bin,12.4,12.5
Tennessee,Season peak percentage,percent,8.70879122103446e-14,Bin,12.5,12.6
Tennessee,Season peak percentage,percent,8.70879122103446e-14,Bin,12.6,12.7
Tennessee,Season peak percentage,percent,8.70879122103446e-14,Bin,12.7,12.8
Tennessee,Season peak percentage,percent,8.70879122103446e-14,Bin,12.8,12.9
Tennessee,Season peak percentage,percent,8.70879122103446e-14,Bin,12.9,13.0
Tennessee,Season peak percentage,percent,8.70879122103446e-14,Bin,13.0,100.0
Tennessee,Season peak week,week,8.36260783694164e-05,Bin,40.0,41.0
Tennessee,Season peak week,week,8.36260783694164e-05,Bin,41.0,42.0
Tennessee,Season peak week,week,8.36260783694164e-05,Bin,42.0,43.0
Tennessee,Season peak week,week,8.36260783694164e-05,Bin,43.0,44.0
Tennessee,Season peak week,week,8.36260783694164e-05,Bin,44.0,45.0
Tennessee,Season peak week,week,8.36260783694164e-05,Bin,45.0,46.0
Tennessee,Season peak week,week,8.36260783694164e-05,Bin,46.0,47.0
Tennessee,Season peak week,week,8.36260783694164e-05,Bin,47.0,48.0
Tennessee,Season peak week,week,0.000128104500533003,Bin,48.0,49.0
Tennessee,Season peak week,week,0.000707517656969414,Bin,49.0,50.0
Tennessee,Season peak week,week,0.00258328605175012,Bin,50.0,51.0
Tennessee,Season peak week,week,0.00561535004381646,Bin,51.0,52.0
Tennessee,Season peak week,week,0.00727675662748791,Bin,52.0,53.0
Tennessee,Season peak week,week,0.00565719959600788,Bin,1.0,2.0
Tennessee,Season peak week,week,0.00285734850232564,Bin,2.0,3.0
Tennessee,Season peak week,week,0.941859025612722,Bin,3.0,4.0
Tennessee,Season peak week,week,0.00284819164334421,Bin,4.0,5.0
Tennessee,Season peak week,week,0.00431142398415359,Bin,5.0,6.0
Tennessee,Season peak week,week,0.00433911124877942,Bin,6.0,7.0
Tennessee,Season peak week,week,0.00300702214598139,Bin,7.0,8.0
Tennessee,Season peak week,week,0.00219364715231187,Bin,8.0,9.0
Tennessee,Season peak week,week,0.00300691382273923,Bin,9.0,10.0
Tennessee,Season peak week,week,0.00433811096475882,Bin,10.0,11.0
Tennessee,Season peak week,week,0.00429990564480433,Bin,11.0,12.0
Tennessee,Season peak week,week,0.00273298488181881,Bin,12.0,13.0
Tennessee,Season peak week,week,0.00109692376376946,Bin,13.0,14.0
Tennessee,Season peak week,week,0.00027423091225815,Bin,14.0,15.0
Tennessee,Season peak week,week,4.68305469163884e-05,Bin,15.0,16.0
Tennessee,Season peak week,week,3.02212139592092e-05,Bin,16.0,17.0
Tennessee,Season peak week,week,3.02212139592092e-05,Bin,17.0,18.0
Tennessee,Season peak week,week,3.02212139592092e-05,Bin,18.0,19.0
Tennessee,Season peak week,week,3.02212139592092e-05,Bin,19.0,20.0
Tennessee,Season peak week,week,3.02212139592092e-05,Bin,20.0,21.0
Texas,1 wk ahead,percent,9.39307533584115e-12,Bin,0.0,0.1
Texas,1 wk ahead,percent,1.87861506716823e-11,Bin,0.1,0.2
Texas,1 wk ahead,percent,1.87861506716823e-11,Bin,0.2,0.3
Texas,1 wk ahead,percent,1.87861506716823e-11,Bin,0.3,0.4
Texas,1 wk ahead,percent,1.87861506716823e-11,Bin,0.4,0.5
Texas,1 wk ahead,percent,1.87861506716823e-11,Bin,0.5,0.6
Texas,1 wk ahead,percent,1.87861506716823e-11,Bin,0.6,0.7
Texas,1 wk ahead,percent,1.87861506716823e-11,Bin,0.7,0.8
Texas,1 wk ahead,percent,1.87861506716823e-11,Bin,0.8,0.9
Texas,1 wk ahead,percent,1.87861506716823e-11,Bin,0.9,1.0
Texas,1 wk ahead,percent,2.921353592291e-11,Bin,1.0,1.1
Texas,1 wk ahead,percent,9.4869764640826e-11,Bin,1.1,1.2
Texas,1 wk ahead,percent,2.58083920896111e-10,Bin,1.2,1.3
Texas,1 wk ahead,percent,5.7818351656005e-10,Bin,1.3,1.4
Texas,1 wk ahead,percent,0.00200000094015471,Bin,1.4,1.5
Texas,1 wk ahead,percent,0.0100000010137368,Bin,1.5,1.6
Texas,1 wk ahead,percent,0.00400000206717241,Bin,1.6,1.7
Texas,1 wk ahead,percent,0.0160000018106034,Bin,1.7,1.8
Texas,1 wk ahead,percent,0.0519999998039704,Bin,1.8,1.9
Texas,1 wk ahead,percent,0.0739999986493261,Bin,1.9,2.0
Texas,1 wk ahead,percent,0.121999995558427,Bin,2.0,2.1
Texas,1 wk ahead,percent,0.149999993718083,Bin,2.1,2.2
Texas,1 wk ahead,percent,0.151999993685969,Bin,2.2,2.3
Texas,1 wk ahead,percent,0.141999994695378,Bin,2.3,2.4
Texas,1 wk ahead,percent,0.0999999981808869,Bin,2.4,2.5
Texas,1 wk ahead,percent,0.0460000025522226,Bin,2.5,2.6
Texas,1 wk ahead,percent,0.0700000012049942,Bin,2.6,2.7
Texas,1 wk ahead,percent,0.0160000045443449,Bin,2.7,2.8
Texas,1 wk ahead,percent,0.00400000429282046,Bin,2.8,2.9
Texas,1 wk ahead,percent,0.00400000285936176,Bin,2.9,3.0
Texas,1 wk ahead,percent,0.00400000152865408,Bin,3.0,3.1
Texas,1 wk ahead,percent,0.00200000072677359,Bin,3.1,3.2
Texas,1 wk ahead,percent,0.013999999379054,Bin,3.2,3.3
Texas,1 wk ahead,percent,0.00599999969931809,Bin,3.3,3.4
Texas,1 wk ahead,percent,3.3976003358852e-11,Bin,3.4,3.5
Texas,1 wk ahead,percent,2.71319715464469e-11,Bin,3.5,3.6
Texas,1 wk ahead,percent,2.71319715464469e-11,Bin,3.6,3.7
Texas,1 wk ahead,percent,0.00599999961390297,Bin,3.7,3.8
Texas,1 wk ahead,percent,2.71319715464469e-11,Bin,3.8,3.9
Texas,1 wk ahead,percent,2.71319715464469e-11,Bin,3.9,4.0
Texas,1 wk ahead,percent,0.00399999975164597,Bin,4.0,4.1
Texas,1 wk ahead,percent,2.71319715464469e-11,Bin,4.1,4.2
Texas,1 wk ahead,percent,2.71319715464469e-11,Bin,4.2,4.3
Texas,1 wk ahead,percent,2.71319715464469e-11,Bin,4.3,4.4
Texas,1 wk ahead,percent,2.71319715464469e-11,Bin,4.4,4.5
Texas,1 wk ahead,percent,2.71319715464469e-11,Bin,4.5,4.6
Texas,1 wk ahead,percent,2.71319715464469e-11,Bin,4.6,4.7
Texas,1 wk ahead,percent,2.71319715464469e-11,Bin,4.7,4.8
Texas,1 wk ahead,percent,2.71319715464469e-11,Bin,4.8,4.9
Texas,1 wk ahead,percent,2.71319715464469e-11,Bin,4.9,5.0
Texas,1 wk ahead,percent,2.71319715464469e-11,Bin,5.0,5.1
Texas,1 wk ahead,percent,2.71319715464469e-11,Bin,5.1,5.2
Texas,1 wk ahead,percent,2.71319715464469e-11,Bin,5.2,5.3
Texas,1 wk ahead,percent,2.71319715464469e-11,Bin,5.3,5.4
Texas,1 wk ahead,percent,2.71319715464469e-11,Bin,5.4,5.5
Texas,1 wk ahead,percent,2.71319715464469e-11,Bin,5.5,5.6
Texas,1 wk ahead,percent,2.71319715464469e-11,Bin,5.6,5.7
Texas,1 wk ahead,percent,2.71319715464469e-11,Bin,5.7,5.8
Texas,1 wk ahead,percent,2.71319715464469e-11,Bin,5.8,5.9
Texas,1 wk ahead,percent,2.71319715464469e-11,Bin,5.9,6.0
Texas,1 wk ahead,percent,2.71319715464469e-11,Bin,6.0,6.1
Texas,1 wk ahead,percent,2.71319715464469e-11,Bin,6.1,6.2
Texas,1 wk ahead,percent,2.71319715464469e-11,Bin,6.2,6.3
Texas,1 wk ahead,percent,2.71319715464469e-11,Bin,6.3,6.4
Texas,1 wk ahead,percent,2.71319715464469e-11,Bin,6.4,6.5
Texas,1 wk ahead,percent,2.71319715464469e-11,Bin,6.5,6.6
Texas,1 wk ahead,percent,2.71319715464469e-11,Bin,6.6,6.7
Texas,1 wk ahead,percent,2.71319715464469e-11,Bin,6.7,6.8
Texas,1 wk ahead,percent,2.71319715464469e-11,Bin,6.8,6.9
Texas,1 wk ahead,percent,2.71319715464469e-11,Bin,6.9,7.0
Texas,1 wk ahead,percent,2.71319715464469e-11,Bin,7.0,7.1
Texas,1 wk ahead,percent,2.71319715464469e-11,Bin,7.1,7.2
Texas,1 wk ahead,percent,2.71319715464469e-11,Bin,7.2,7.3
Texas,1 wk ahead,percent,2.71319715464469e-11,Bin,7.3,7.4
Texas,1 wk ahead,percent,2.71319715464469e-11,Bin,7.4,7.5
Texas,1 wk ahead,percent,2.71319715464469e-11,Bin,7.5,7.6
Texas,1 wk ahead,percent,2.71319715464469e-11,Bin,7.6,7.7
Texas,1 wk ahead,percent,2.71319715464469e-11,Bin,7.7,7.8
Texas,1 wk ahead,percent,2.71319715464469e-11,Bin,7.8,7.9
Texas,1 wk ahead,percent,2.71319715464469e-11,Bin,7.9,8.0
Texas,1 wk ahead,percent,2.71319715464471e-11,Bin,8.0,8.1
Texas,1 wk ahead,percent,2.71319715464474e-11,Bin,8.1,8.2
Texas,1 wk ahead,percent,2.71319715464474e-11,Bin,8.2,8.3
Texas,1 wk ahead,percent,2.71319715464474e-11,Bin,8.3,8.4
Texas,1 wk ahead,percent,2.71319715464474e-11,Bin,8.4,8.5
Texas,1 wk ahead,percent,2.71319715464474e-11,Bin,8.5,8.6
Texas,1 wk ahead,percent,2.71319715464474e-11,Bin,8.6,8.7
Texas,1 wk ahead,percent,2.71319715464474e-11,Bin,8.7,8.8
Texas,1 wk ahead,percent,2.71319715464474e-11,Bin,8.8,8.9
Texas,1 wk ahead,percent,2.71319715464474e-11,Bin,8.9,9.0
Texas,1 wk ahead,percent,2.71319715464474e-11,Bin,9.0,9.1
Texas,1 wk ahead,percent,2.71319715464474e-11,Bin,9.1,9.2
Texas,1 wk ahead,percent,2.71319715464474e-11,Bin,9.2,9.3
Texas,1 wk ahead,percent,2.71319715464474e-11,Bin,9.3,9.4
Texas,1 wk ahead,percent,2.71319715464474e-11,Bin,9.4,9.5
Texas,1 wk ahead,percent,2.71319715464474e-11,Bin,9.5,9.6
Texas,1 wk ahead,percent,2.71319715464474e-11,Bin,9.6,9.7
Texas,1 wk ahead,percent,2.71319715464474e-11,Bin,9.7,9.8
Texas,1 wk ahead,percent,2.71319715464474e-11,Bin,9.8,9.9
Texas,1 wk ahead,percent,2.71319715464474e-11,Bin,9.9,10.0
Texas,1 wk ahead,percent,2.71319715464474e-11,Bin,10.0,10.1
Texas,1 wk ahead,percent,2.71319715464474e-11,Bin,10.1,10.2
Texas,1 wk ahead,percent,2.71319715464474e-11,Bin,10.2,10.3
Texas,1 wk ahead,percent,2.71319715464474e-11,Bin,10.3,10.4
Texas,1 wk ahead,percent,2.71319715464474e-11,Bin,10.4,10.5
Texas,1 wk ahead,percent,2.71319715464474e-11,Bin,10.5,10.6
Texas,1 wk ahead,percent,2.71319715464474e-11,Bin,10.6,10.7
Texas,1 wk ahead,percent,2.71319715464474e-11,Bin,10.7,10.8
Texas,1 wk ahead,percent,2.71319715464474e-11,Bin,10.8,10.9
Texas,1 wk ahead,percent,2.71319715464474e-11,Bin,10.9,11.0
Texas,1 wk ahead,percent,2.71319715464474e-11,Bin,11.0,11.1
Texas,1 wk ahead,percent,2.71319715464474e-11,Bin,11.1,11.2
Texas,1 wk ahead,percent,2.71319715464474e-11,Bin,11.2,11.3
Texas,1 wk ahead,percent,2.71319715464474e-11,Bin,11.3,11.4
Texas,1 wk ahead,percent,2.71319715464474e-11,Bin,11.4,11.5
Texas,1 wk ahead,percent,2.71319715464474e-11,Bin,11.5,11.6
Texas,1 wk ahead,percent,2.71319715464474e-11,Bin,11.6,11.7
Texas,1 wk ahead,percent,2.71319715464474e-11,Bin,11.7,11.8
Texas,1 wk ahead,percent,2.71319715464474e-11,Bin,11.8,11.9
Texas,1 wk ahead,percent,2.71319715464474e-11,Bin,11.9,12.0
Texas,1 wk ahead,percent,2.71319715464474e-11,Bin,12.0,12.1
Texas,1 wk ahead,percent,2.71319715464474e-11,Bin,12.1,12.2
Texas,1 wk ahead,percent,2.71319715464474e-11,Bin,12.2,12.3
Texas,1 wk ahead,percent,2.71319715464474e-11,Bin,12.3,12.4
Texas,1 wk ahead,percent,2.71319715464474e-11,Bin,12.4,12.5
Texas,1 wk ahead,percent,2.71319715464474e-11,Bin,12.5,12.6
Texas,1 wk ahead,percent,2.71319715464474e-11,Bin,12.6,12.7
Texas,1 wk ahead,percent,2.71319715464474e-11,Bin,12.7,12.8
Texas,1 wk ahead,percent,2.71319715464474e-11,Bin,12.8,12.9
Texas,1 wk ahead,percent,2.71319715464474e-11,Bin,12.9,13.0
Texas,1 wk ahead,percent,2.71319715464474e-11,Bin,13.0,100.0
Texas,2 wk ahead,percent,1.26196587026743e-11,Bin,0.0,0.1
Texas,2 wk ahead,percent,2.52393174053486e-11,Bin,0.1,0.2
Texas,2 wk ahead,percent,2.52393174053486e-11,Bin,0.2,0.3
Texas,2 wk ahead,percent,2.52393174053486e-11,Bin,0.3,0.4
Texas,2 wk ahead,percent,2.52393174053486e-11,Bin,0.4,0.5
Texas,2 wk ahead,percent,2.52393174053486e-11,Bin,0.5,0.6
Texas,2 wk ahead,percent,2.52393174053487e-11,Bin,0.6,0.7
Texas,2 wk ahead,percent,2.52393174053487e-11,Bin,0.7,0.8
Texas,2 wk ahead,percent,2.52393174053487e-11,Bin,0.8,0.9
Texas,2 wk ahead,percent,2.52393174053487e-11,Bin,0.9,1.0
Texas,2 wk ahead,percent,4.29843736091594e-11,Bin,1.0,1.1
Texas,2 wk ahead,percent,1.24552297471817e-10,Bin,1.1,1.2
Texas,2 wk ahead,percent,3.1301418799891e-10,Bin,1.2,1.3
Texas,2 wk ahead,percent,6.82323313764445e-10,Bin,1.3,1.4
Texas,2 wk ahead,percent,0.00200000114859258,Bin,1.4,1.5
Texas,2 wk ahead,percent,0.0120000012758557,Bin,1.5,1.6
Texas,2 wk ahead,percent,0.0180000018700088,Bin,1.6,1.7
Texas,2 wk ahead,percent,0.030000002046804,Bin,1.7,1.8
Texas,2 wk ahead,percent,0.0859999988564239,Bin,1.8,1.9
Texas,2 wk ahead,percent,0.119999997090011,Bin,1.9,2.0
Texas,2 wk ahead,percent,0.133999996582516,Bin,2.0,2.1
Texas,2 wk ahead,percent,0.155999995268726,Bin,2.1,2.2
Texas,2 wk ahead,percent,0.163999994749453,Bin,2.2,2.3
Texas,2 wk ahead,percent,0.0979999993971622,Bin,2.3,2.4
Texas,2 wk ahead,percent,0.056000001919961,Bin,2.4,2.5
Texas,2 wk ahead,percent,0.0360000024726367,Bin,2.5,2.6
Texas,2 wk ahead,percent,0.0220000023468249,Bin,2.6,2.7
Texas,2 wk ahead,percent,0.0280000007010973,Bin,2.7,2.8
Texas,2 wk ahead,percent,0.0140000006855535,Bin,2.8,2.9
Texas,2 wk ahead,percent,0.00600000050003344,Bin,2.9,3.0
Texas,2 wk ahead,percent,0.0139999994202683,Bin,3.0,3.1
Texas,2 wk ahead,percent,1.90957942160535e-10,Bin,3.1,3.2
Texas,2 wk ahead,percent,6.99032251715153e-11,Bin,3.2,3.3
Texas,2 wk ahead,percent,2.62464205722008e-11,Bin,3.3,3.4
Texas,2 wk ahead,percent,2.34399742578548e-11,Bin,3.4,3.5
Texas,2 wk ahead,percent,2.34399742578548e-11,Bin,3.5,3.6
Texas,2 wk ahead,percent,2.34399742578548e-11,Bin,3.6,3.7
Texas,2 wk ahead,percent,0.00399999972807853,Bin,3.7,3.8
Texas,2 wk ahead,percent,2.34399742578548e-11,Bin,3.8,3.9
Texas,2 wk ahead,percent,2.34399742578548e-11,Bin,3.9,4.0
Texas,2 wk ahead,percent,2.34399742578548e-11,Bin,4.0,4.1
Texas,2 wk ahead,percent,2.34399742578548e-11,Bin,4.1,4.2
Texas,2 wk ahead,percent,2.34399742578548e-11,Bin,4.2,4.3
Texas,2 wk ahead,percent,2.34399742578548e-11,Bin,4.3,4.4
Texas,2 wk ahead,percent,2.34399742578548e-11,Bin,4.4,4.5
Texas,2 wk ahead,percent,2.34399742578548e-11,Bin,4.5,4.6
Texas,2 wk ahead,percent,2.34399742578548e-11,Bin,4.6,4.7
Texas,2 wk ahead,percent,2.34399742578548e-11,Bin,4.7,4.8
Texas,2 wk ahead,percent,2.34399742578548e-11,Bin,4.8,4.9
Texas,2 wk ahead,percent,2.34399742578548e-11,Bin,4.9,5.0
Texas,2 wk ahead,percent,2.34399742578548e-11,Bin,5.0,5.1
Texas,2 wk ahead,percent,2.34399742578548e-11,Bin,5.1,5.2
Texas,2 wk ahead,percent,2.34399742578548e-11,Bin,5.2,5.3
Texas,2 wk ahead,percent,2.34399742578548e-11,Bin,5.3,5.4
Texas,2 wk ahead,percent,2.34399742578548e-11,Bin,5.4,5.5
Texas,2 wk ahead,percent,2.34399742578548e-11,Bin,5.5,5.6
Texas,2 wk ahead,percent,2.34399742578548e-11,Bin,5.6,5.7
Texas,2 wk ahead,percent,2.34399742578548e-11,Bin,5.7,5.8
Texas,2 wk ahead,percent,2.34399742578548e-11,Bin,5.8,5.9
Texas,2 wk ahead,percent,2.34399742578548e-11,Bin,5.9,6.0
Texas,2 wk ahead,percent,2.34399742578548e-11,Bin,6.0,6.1
Texas,2 wk ahead,percent,2.34399742578548e-11,Bin,6.1,6.2
Texas,2 wk ahead,percent,2.34399742578548e-11,Bin,6.2,6.3
Texas,2 wk ahead,percent,2.34399742578548e-11,Bin,6.3,6.4
Texas,2 wk ahead,percent,2.34399742578548e-11,Bin,6.4,6.5
Texas,2 wk ahead,percent,2.34399742578548e-11,Bin,6.5,6.6
Texas,2 wk ahead,percent,2.34399742578548e-11,Bin,6.6,6.7
Texas,2 wk ahead,percent,2.34399742578548e-11,Bin,6.7,6.8
Texas,2 wk ahead,percent,2.34399742578548e-11,Bin,6.8,6.9
Texas,2 wk ahead,percent,2.34399742578548e-11,Bin,6.9,7.0
Texas,2 wk ahead,percent,2.34399742578548e-11,Bin,7.0,7.1
Texas,2 wk ahead,percent,2.34399742578548e-11,Bin,7.1,7.2
Texas,2 wk ahead,percent,2.34399742578548e-11,Bin,7.2,7.3
Texas,2 wk ahead,percent,2.34399742578548e-11,Bin,7.3,7.4
Texas,2 wk ahead,percent,2.34399742578548e-11,Bin,7.4,7.5
Texas,2 wk ahead,percent,2.34399742578548e-11,Bin,7.5,7.6
Texas,2 wk ahead,percent,2.34399742578548e-11,Bin,7.6,7.7
Texas,2 wk ahead,percent,2.34399742578548e-11,Bin,7.7,7.8
Texas,2 wk ahead,percent,2.34399742578548e-11,Bin,7.8,7.9
Texas,2 wk ahead,percent,2.34399742578548e-11,Bin,7.9,8.0
Texas,2 wk ahead,percent,2.3439974257855e-11,Bin,8.0,8.1
Texas,2 wk ahead,percent,2.34399742578552e-11,Bin,8.1,8.2
Texas,2 wk ahead,percent,2.34399742578552e-11,Bin,8.2,8.3
Texas,2 wk ahead,percent,2.34399742578552e-11,Bin,8.3,8.4
Texas,2 wk ahead,percent,2.34399742578552e-11,Bin,8.4,8.5
Texas,2 wk ahead,percent,2.34399742578552e-11,Bin,8.5,8.6
Texas,2 wk ahead,percent,2.34399742578552e-11,Bin,8.6,8.7
Texas,2 wk ahead,percent,2.34399742578552e-11,Bin,8.7,8.8
Texas,2 wk ahead,percent,2.34399742578552e-11,Bin,8.8,8.9
Texas,2 wk ahead,percent,2.34399742578552e-11,Bin,8.9,9.0
Texas,2 wk ahead,percent,2.34399742578552e-11,Bin,9.0,9.1
Texas,2 wk ahead,percent,2.34399742578552e-11,Bin,9.1,9.2
Texas,2 wk ahead,percent,2.34399742578552e-11,Bin,9.2,9.3
Texas,2 wk ahead,percent,2.34399742578552e-11,Bin,9.3,9.4
Texas,2 wk ahead,percent,2.34399742578552e-11,Bin,9.4,9.5
Texas,2 wk ahead,percent,2.34399742578552e-11,Bin,9.5,9.6
Texas,2 wk ahead,percent,2.34399742578552e-11,Bin,9.6,9.7
Texas,2 wk ahead,percent,2.34399742578552e-11,Bin,9.7,9.8
Texas,2 wk ahead,percent,2.34399742578552e-11,Bin,9.8,9.9
Texas,2 wk ahead,percent,2.34399742578552e-11,Bin,9.9,10.0
Texas,2 wk ahead,percent,2.34399742578552e-11,Bin,10.0,10.1
Texas,2 wk ahead,percent,2.34399742578552e-11,Bin,10.1,10.2
Texas,2 wk ahead,percent,2.34399742578552e-11,Bin,10.2,10.3
Texas,2 wk ahead,percent,2.34399742578552e-11,Bin,10.3,10.4
Texas,2 wk ahead,percent,2.34399742578552e-11,Bin,10.4,10.5
Texas,2 wk ahead,percent,2.34399742578552e-11,Bin,10.5,10.6
Texas,2 wk ahead,percent,2.34399742578552e-11,Bin,10.6,10.7
Texas,2 wk ahead,percent,2.34399742578552e-11,Bin,10.7,10.8
Texas,2 wk ahead,percent,2.34399742578552e-11,Bin,10.8,10.9
Texas,2 wk ahead,percent,2.34399742578552e-11,Bin,10.9,11.0
Texas,2 wk ahead,percent,2.34399742578552e-11,Bin,11.0,11.1
Texas,2 wk ahead,percent,2.34399742578552e-11,Bin,11.1,11.2
Texas,2 wk ahead,percent,2.34399742578552e-11,Bin,11.2,11.3
Texas,2 wk ahead,percent,2.34399742578552e-11,Bin,11.3,11.4
Texas,2 wk ahead,percent,2.34399742578552e-11,Bin,11.4,11.5
Texas,2 wk ahead,percent,2.34399742578552e-11,Bin,11.5,11.6
Texas,2 wk ahead,percent,2.34399742578552e-11,Bin,11.6,11.7
Texas,2 wk ahead,percent,2.34399742578552e-11,Bin,11.7,11.8
Texas,2 wk ahead,percent,2.34399742578552e-11,Bin,11.8,11.9
Texas,2 wk ahead,percent,2.34399742578552e-11,Bin,11.9,12.0
Texas,2 wk ahead,percent,2.34399742578552e-11,Bin,12.0,12.1
Texas,2 wk ahead,percent,2.34399742578552e-11,Bin,12.1,12.2
Texas,2 wk ahead,percent,2.34399742578552e-11,Bin,12.2,12.3
Texas,2 wk ahead,percent,2.34399742578552e-11,Bin,12.3,12.4
Texas,2 wk ahead,percent,2.34399742578552e-11,Bin,12.4,12.5
Texas,2 wk ahead,percent,2.34399742578552e-11,Bin,12.5,12.6
Texas,2 wk ahead,percent,2.34399742578552e-11,Bin,12.6,12.7
Texas,2 wk ahead,percent,2.34399742578552e-11,Bin,12.7,12.8
Texas,2 wk ahead,percent,2.34399742578552e-11,Bin,12.8,12.9
Texas,2 wk ahead,percent,2.34399742578552e-11,Bin,12.9,13.0
Texas,2 wk ahead,percent,2.34399742578552e-11,Bin,13.0,100.0
Texas,3 wk ahead,percent,9.84194455707177e-11,Bin,0.0,0.1
Texas,3 wk ahead,percent,1.96838891141436e-10,Bin,0.1,0.2
Texas,3 wk ahead,percent,1.96838891141435e-10,Bin,0.2,0.3
Texas,3 wk ahead,percent,1.96838891141435e-10,Bin,0.3,0.4
Texas,3 wk ahead,percent,1.96838891141435e-10,Bin,0.4,0.5
Texas,3 wk ahead,percent,1.96838891141436e-10,Bin,0.5,0.6
Texas,3 wk ahead,percent,1.96838891141436e-10,Bin,0.6,0.7
Texas,3 wk ahead,percent,1.96838891141436e-10,Bin,0.7,0.8
Texas,3 wk ahead,percent,1.96838891141436e-10,Bin,0.8,0.9
Texas,3 wk ahead,percent,1.96838891141436e-10,Bin,0.9,1.0
Texas,3 wk ahead,percent,1.96838891141436e-10,Bin,1.0,1.1
Texas,3 wk ahead,percent,1.96838891141436e-10,Bin,1.1,1.2
Texas,3 wk ahead,percent,1.96838891141436e-10,Bin,1.2,1.3
Texas,3 wk ahead,percent,1.43931106117941e-09,Bin,1.3,1.4
Texas,3 wk ahead,percent,0.00800001119247833,Bin,1.4,1.5
Texas,3 wk ahead,percent,0.0100000077074952,Bin,1.5,1.6
Texas,3 wk ahead,percent,0.0199999963950043,Bin,1.6,1.7
Texas,3 wk ahead,percent,0.0399999916071669,Bin,1.7,1.8
Texas,3 wk ahead,percent,0.0559999902698189,Bin,1.8,1.9
Texas,3 wk ahead,percent,0.0799999966642209,Bin,1.9,2.0
Texas,3 wk ahead,percent,0.139999978161486,Bin,2.0,2.1
Texas,3 wk ahead,percent,0.139999971730828,Bin,2.1,2.2
Texas,3 wk ahead,percent,0.11999999491013,Bin,2.2,2.3
Texas,3 wk ahead,percent,0.112000032778403,Bin,2.3,2.4
Texas,3 wk ahead,percent,0.0760000088380834,Bin,2.4,2.5
Texas,3 wk ahead,percent,0.0619999910295384,Bin,2.5,2.6
Texas,3 wk ahead,percent,0.0340000103206824,Bin,2.6,2.7
Texas,3 wk ahead,percent,0.0200000061365733,Bin,2.7,2.8
Texas,3 wk ahead,percent,0.0179999967824142,Bin,2.8,2.9
Texas,3 wk ahead,percent,0.0239999951957736,Bin,2.9,3.0
Texas,3 wk ahead,percent,0.0119999977206409,Bin,3.0,3.1
Texas,3 wk ahead,percent,0.00799999856226335,Bin,3.1,3.2
Texas,3 wk ahead,percent,0.001999999824697,Bin,3.2,3.3
Texas,3 wk ahead,percent,2.45508215446483e-10,Bin,3.3,3.4
Texas,3 wk ahead,percent,0.001999999824697,Bin,3.4,3.5
Texas,3 wk ahead,percent,2.45508215446483e-10,Bin,3.5,3.6
Texas,3 wk ahead,percent,0.001999999824697,Bin,3.6,3.7
Texas,3 wk ahead,percent,0.00399999940388578,Bin,3.7,3.8
Texas,3 wk ahead,percent,0.001999999824697,Bin,3.8,3.9
Texas,3 wk ahead,percent,2.45508215446483e-10,Bin,3.9,4.0
Texas,3 wk ahead,percent,2.45508215446483e-10,Bin,4.0,4.1
Texas,3 wk ahead,percent,0.00399999940388578,Bin,4.1,4.2
Texas,3 wk ahead,percent,2.45508215446483e-10,Bin,4.2,4.3
Texas,3 wk ahead,percent,2.45508215446483e-10,Bin,4.3,4.4
Texas,3 wk ahead,percent,2.45508215446483e-10,Bin,4.4,4.5
Texas,3 wk ahead,percent,2.45508215446483e-10,Bin,4.5,4.6
Texas,3 wk ahead,percent,2.45508215446483e-10,Bin,4.6,4.7
Texas,3 wk ahead,percent,2.45508215446483e-10,Bin,4.7,4.8
Texas,3 wk ahead,percent,2.45508215446483e-10,Bin,4.8,4.9
Texas,3 wk ahead,percent,0.001999999824697,Bin,4.9,5.0
Texas,3 wk ahead,percent,2.45508215446483e-10,Bin,5.0,5.1
Texas,3 wk ahead,percent,2.45508215446483e-10,Bin,5.1,5.2
Texas,3 wk ahead,percent,2.45508215446483e-10,Bin,5.2,5.3
Texas,3 wk ahead,percent,2.45508215446483e-10,Bin,5.3,5.4
Texas,3 wk ahead,percent,2.45508215446483e-10,Bin,5.4,5.5
Texas,3 wk ahead,percent,0.001999999824697,Bin,5.5,5.6
Texas,3 wk ahead,percent,2.45508215446483e-10,Bin,5.6,5.7
Texas,3 wk ahead,percent,2.45508215446483e-10,Bin,5.7,5.8
Texas,3 wk ahead,percent,2.45508215446483e-10,Bin,5.8,5.9
Texas,3 wk ahead,percent,2.45508215446483e-10,Bin,5.9,6.0
Texas,3 wk ahead,percent,2.45508215446483e-10,Bin,6.0,6.1
Texas,3 wk ahead,percent,2.45508215446483e-10,Bin,6.1,6.2
Texas,3 wk ahead,percent,2.45508215446483e-10,Bin,6.2,6.3
Texas,3 wk ahead,percent,2.45508215446483e-10,Bin,6.3,6.4
Texas,3 wk ahead,percent,2.45508215446483e-10,Bin,6.4,6.5
Texas,3 wk ahead,percent,2.45508215446483e-10,Bin,6.5,6.6
Texas,3 wk ahead,percent,2.45508215446483e-10,Bin,6.6,6.7
Texas,3 wk ahead,percent,2.45508215446483e-10,Bin,6.7,6.8
Texas,3 wk ahead,percent,2.45508215446483e-10,Bin,6.8,6.9
Texas,3 wk ahead,percent,2.45508215446483e-10,Bin,6.9,7.0
Texas,3 wk ahead,percent,2.45508215446483e-10,Bin,7.0,7.1
Texas,3 wk ahead,percent,2.45508215446483e-10,Bin,7.1,7.2
Texas,3 wk ahead,percent,2.45508215446483e-10,Bin,7.2,7.3
Texas,3 wk ahead,percent,2.45508215446483e-10,Bin,7.3,7.4
Texas,3 wk ahead,percent,2.45508215446483e-10,Bin,7.4,7.5
Texas,3 wk ahead,percent,2.45508215446483e-10,Bin,7.5,7.6
Texas,3 wk ahead,percent,2.45508215446483e-10,Bin,7.6,7.7
Texas,3 wk ahead,percent,2.45508215446483e-10,Bin,7.7,7.8
Texas,3 wk ahead,percent,2.45508215446483e-10,Bin,7.8,7.9
Texas,3 wk ahead,percent,2.45508215446483e-10,Bin,7.9,8.0
Texas,3 wk ahead,percent,2.45508215446485e-10,Bin,8.0,8.1
Texas,3 wk ahead,percent,2.45508215446488e-10,Bin,8.1,8.2
Texas,3 wk ahead,percent,2.45508215446488e-10,Bin,8.2,8.3
Texas,3 wk ahead,percent,2.45508215446488e-10,Bin,8.3,8.4
Texas,3 wk ahead,percent,2.45508215446488e-10,Bin,8.4,8.5
Texas,3 wk ahead,percent,2.45508215446488e-10,Bin,8.5,8.6
Texas,3 wk ahead,percent,2.45508215446488e-10,Bin,8.6,8.7
Texas,3 wk ahead,percent,2.45508215446488e-10,Bin,8.7,8.8
Texas,3 wk ahead,percent,2.45508215446488e-10,Bin,8.8,8.9
Texas,3 wk ahead,percent,2.45508215446488e-10,Bin,8.9,9.0
Texas,3 wk ahead,percent,2.45508215446488e-10,Bin,9.0,9.1
Texas,3 wk ahead,percent,2.45508215446488e-10,Bin,9.1,9.2
Texas,3 wk ahead,percent,2.45508215446488e-10,Bin,9.2,9.3
Texas,3 wk ahead,percent,2.45508215446488e-10,Bin,9.3,9.4
Texas,3 wk ahead,percent,2.45508215446488e-10,Bin,9.4,9.5
Texas,3 wk ahead,percent,2.45508215446488e-10,Bin,9.5,9.6
Texas,3 wk ahead,percent,2.45508215446488e-10,Bin,9.6,9.7
Texas,3 wk ahead,percent,2.45508215446488e-10,Bin,9.7,9.8
Texas,3 wk ahead,percent,2.45508215446488e-10,Bin,9.8,9.9
Texas,3 wk ahead,percent,2.45508215446488e-10,Bin,9.9,10.0
Texas,3 wk ahead,percent,2.45508215446488e-10,Bin,10.0,10.1
Texas,3 wk ahead,percent,2.45508215446488e-10,Bin,10.1,10.2
Texas,3 wk ahead,percent,2.45508215446488e-10,Bin,10.2,10.3
Texas,3 wk ahead,percent,2.45508215446488e-10,Bin,10.3,10.4
Texas,3 wk ahead,percent,2.45508215446488e-10,Bin,10.4,10.5
Texas,3 wk ahead,percent,2.45508215446488e-10,Bin,10.5,10.6
Texas,3 wk ahead,percent,2.45508215446488e-10,Bin,10.6,10.7
Texas,3 wk ahead,percent,2.45508215446488e-10,Bin,10.7,10.8
Texas,3 wk ahead,percent,2.45508215446488e-10,Bin,10.8,10.9
Texas,3 wk ahead,percent,2.45508215446488e-10,Bin,10.9,11.0
Texas,3 wk ahead,percent,2.45508215446488e-10,Bin,11.0,11.1
Texas,3 wk ahead,percent,2.45508215446488e-10,Bin,11.1,11.2
Texas,3 wk ahead,percent,2.45508215446488e-10,Bin,11.2,11.3
Texas,3 wk ahead,percent,2.45508215446488e-10,Bin,11.3,11.4
Texas,3 wk ahead,percent,2.45508215446488e-10,Bin,11.4,11.5
Texas,3 wk ahead,percent,2.45508215446488e-10,Bin,11.5,11.6
Texas,3 wk ahead,percent,2.45508215446488e-10,Bin,11.6,11.7
Texas,3 wk ahead,percent,2.45508215446488e-10,Bin,11.7,11.8
Texas,3 wk ahead,percent,2.45508215446488e-10,Bin,11.8,11.9
Texas,3 wk ahead,percent,2.45508215446488e-10,Bin,11.9,12.0
Texas,3 wk ahead,percent,2.45508215446488e-10,Bin,12.0,12.1
Texas,3 wk ahead,percent,2.45508215446488e-10,Bin,12.1,12.2
Texas,3 wk ahead,percent,2.45508215446488e-10,Bin,12.2,12.3
Texas,3 wk ahead,percent,2.45508215446488e-10,Bin,12.3,12.4
Texas,3 wk ahead,percent,2.45508215446488e-10,Bin,12.4,12.5
Texas,3 wk ahead,percent,2.45508215446488e-10,Bin,12.5,12.6
Texas,3 wk ahead,percent,2.45508215446488e-10,Bin,12.6,12.7
Texas,3 wk ahead,percent,2.45508215446488e-10,Bin,12.7,12.8
Texas,3 wk ahead,percent,2.45508215446488e-10,Bin,12.8,12.9
Texas,3 wk ahead,percent,2.45508215446488e-10,Bin,12.9,13.0
Texas,3 wk ahead,percent,2.45508215446488e-10,Bin,13.0,100.0
Texas,4 wk ahead,percent,2.37195147544762e-11,Bin,0.0,0.1
Texas,4 wk ahead,percent,7.94976461162086e-11,Bin,0.1,0.2
Texas,4 wk ahead,percent,1.47747782007445e-10,Bin,0.2,0.3
Texas,4 wk ahead,percent,2.59173528322575e-10,Bin,0.3,0.4
Texas,4 wk ahead,percent,4.29449149319228e-10,Bin,0.4,0.5
Texas,4 wk ahead,percent,6.72766575248369e-10,Bin,0.5,0.6
Texas,4 wk ahead,percent,9.97887461465206e-10,Bin,0.6,0.7
Texas,4 wk ahead,percent,1.40412436627851e-09,Bin,0.7,0.8
Texas,4 wk ahead,percent,1.87932940819924e-09,Bin,0.8,0.9
Texas,4 wk ahead,percent,2.40165224090645e-09,Bin,0.9,1.0
Texas,4 wk ahead,percent,2.94523133113731e-09,Bin,1.0,1.1
Texas,4 wk ahead,percent,3.48902393027762e-09,Bin,1.1,1.2
Texas,4 wk ahead,percent,0.00200000360577164,Bin,1.2,1.3
Texas,4 wk ahead,percent,4.56503167030914e-09,Bin,1.3,1.4
Texas,4 wk ahead,percent,0.00800000345675359,Bin,1.4,1.5
Texas,4 wk ahead,percent,0.0120000032538344,Bin,1.5,1.6
Texas,4 wk ahead,percent,0.0240000014688825,Bin,1.6,1.7
Texas,4 wk ahead,percent,0.0280000014706882,Bin,1.7,1.8
Texas,4 wk ahead,percent,0.0759999923324551,Bin,1.8,1.9
Texas,4 wk ahead,percent,0.0859999912127899,Bin,1.9,2.0
Texas,4 wk ahead,percent,0.0959999900694726,Bin,2.0,2.1
Texas,4 wk ahead,percent,0.121999985465991,Bin,2.1,2.2
Texas,4 wk ahead,percent,0.103999989915657,Bin,2.2,2.3
Texas,4 wk ahead,percent,0.0779999958044869,Bin,2.3,2.4
Texas,4 wk ahead,percent,0.0659999984749338,Bin,2.4,2.5
Texas,4 wk ahead,percent,0.0879999937077741,Bin,2.5,2.6
Texas,4 wk ahead,percent,0.050000001218836,Bin,2.6,2.7
Texas,4 wk ahead,percent,0.042000002134772,Bin,2.7,2.8
Texas,4 wk ahead,percent,0.0280000040394444,Bin,2.8,2.9
Texas,4 wk ahead,percent,0.0220000040506255,Bin,2.9,3.0
Texas,4 wk ahead,percent,0.010000005186106,Bin,3.0,3.1
Texas,4 wk ahead,percent,0.0120000033471242,Bin,3.1,3.2
Texas,4 wk ahead,percent,0.0120000019905801,Bin,3.2,3.3
Texas,4 wk ahead,percent,0.00600000204027346,Bin,3.3,3.4
Texas,4 wk ahead,percent,0.00600000103408093,Bin,3.4,3.5
Texas,4 wk ahead,percent,1.51073023331029e-09,Bin,3.5,3.6
Texas,4 wk ahead,percent,0.0099999988439616,Bin,3.6,3.7
Texas,4 wk ahead,percent,0.00399999971626274,Bin,3.7,3.8
Texas,4 wk ahead,percent,0.0039999994701753,Bin,3.8,3.9
Texas,4 wk ahead,percent,1.62710149523308e-10,Bin,3.9,4.0
Texas,4 wk ahead,percent,0.00199999966449338,Bin,4.0,4.1
Texas,4 wk ahead,percent,7.19480707913836e-11,Bin,4.1,4.2
Texas,4 wk ahead,percent,7.19480707913836e-11,Bin,4.2,4.3
Texas,4 wk ahead,percent,7.19480707913836e-11,Bin,4.3,4.4
Texas,4 wk ahead,percent,7.19480707913836e-11,Bin,4.4,4.5
Texas,4 wk ahead,percent,0.00199999965231955,Bin,4.5,4.6
Texas,4 wk ahead,percent,7.19480707913836e-11,Bin,4.6,4.7
Texas,4 wk ahead,percent,7.19480707913836e-11,Bin,4.7,4.8
Texas,4 wk ahead,percent,7.19480707913836e-11,Bin,4.8,4.9
Texas,4 wk ahead,percent,7.19480707913836e-11,Bin,4.9,5.0
Texas,4 wk ahead,percent,7.19480707913836e-11,Bin,5.0,5.1
Texas,4 wk ahead,percent,7.19480707913836e-11,Bin,5.1,5.2
Texas,4 wk ahead,percent,7.19480707913836e-11,Bin,5.2,5.3
Texas,4 wk ahead,percent,7.19480707913836e-11,Bin,5.3,5.4
Texas,4 wk ahead,percent,7.19480707913836e-11,Bin,5.4,5.5
Texas,4 wk ahead,percent,7.19480707913836e-11,Bin,5.5,5.6
Texas,4 wk ahead,percent,7.19480707913836e-11,Bin,5.6,5.7
Texas,4 wk ahead,percent,7.19480707913836e-11,Bin,5.7,5.8
Texas,4 wk ahead,percent,7.19480707913836e-11,Bin,5.8,5.9
Texas,4 wk ahead,percent,7.19480707913836e-11,Bin,5.9,6.0
Texas,4 wk ahead,percent,7.19480707913836e-11,Bin,6.0,6.1
Texas,4 wk ahead,percent,7.19480707913836e-11,Bin,6.1,6.2
Texas,4 wk ahead,percent,7.19480707913836e-11,Bin,6.2,6.3
Texas,4 wk ahead,percent,7.19480707913836e-11,Bin,6.3,6.4
Texas,4 wk ahead,percent,7.19480707913836e-11,Bin,6.4,6.5
Texas,4 wk ahead,percent,7.19480707913836e-11,Bin,6.5,6.6
Texas,4 wk ahead,percent,7.19480707913836e-11,Bin,6.6,6.7
Texas,4 wk ahead,percent,7.19480707913836e-11,Bin,6.7,6.8
Texas,4 wk ahead,percent,7.19480707913836e-11,Bin,6.8,6.9
Texas,4 wk ahead,percent,7.19480707913836e-11,Bin,6.9,7.0
Texas,4 wk ahead,percent,7.19480707913836e-11,Bin,7.0,7.1
Texas,4 wk ahead,percent,7.19480707913836e-11,Bin,7.1,7.2
Texas,4 wk ahead,percent,7.19480707913836e-11,Bin,7.2,7.3
Texas,4 wk ahead,percent,7.19480707913836e-11,Bin,7.3,7.4
Texas,4 wk ahead,percent,7.19480707913836e-11,Bin,7.4,7.5
Texas,4 wk ahead,percent,7.19480707913836e-11,Bin,7.5,7.6
Texas,4 wk ahead,percent,7.19480707913836e-11,Bin,7.6,7.7
Texas,4 wk ahead,percent,7.19480707913836e-11,Bin,7.7,7.8
Texas,4 wk ahead,percent,7.19480707913836e-11,Bin,7.8,7.9
Texas,4 wk ahead,percent,7.19480707913836e-11,Bin,7.9,8.0
Texas,4 wk ahead,percent,7.19480707913842e-11,Bin,8.0,8.1
Texas,4 wk ahead,percent,7.19480707913849e-11,Bin,8.1,8.2
Texas,4 wk ahead,percent,7.19480707913849e-11,Bin,8.2,8.3
Texas,4 wk ahead,percent,7.19480707913849e-11,Bin,8.3,8.4
Texas,4 wk ahead,percent,7.19480707913849e-11,Bin,8.4,8.5
Texas,4 wk ahead,percent,7.19480707913849e-11,Bin,8.5,8.6
Texas,4 wk ahead,percent,7.19480707913849e-11,Bin,8.6,8.7
Texas,4 wk ahead,percent,7.19480707913849e-11,Bin,8.7,8.8
Texas,4 wk ahead,percent,7.19480707913849e-11,Bin,8.8,8.9
Texas,4 wk ahead,percent,7.19480707913849e-11,Bin,8.9,9.0
Texas,4 wk ahead,percent,7.19480707913849e-11,Bin,9.0,9.1
Texas,4 wk ahead,percent,7.19480707913849e-11,Bin,9.1,9.2
Texas,4 wk ahead,percent,7.19480707913849e-11,Bin,9.2,9.3
Texas,4 wk ahead,percent,7.19480707913849e-11,Bin,9.3,9.4
Texas,4 wk ahead,percent,7.19480707913849e-11,Bin,9.4,9.5
Texas,4 wk ahead,percent,7.19480707913849e-11,Bin,9.5,9.6
Texas,4 wk ahead,percent,7.19480707913849e-11,Bin,9.6,9.7
Texas,4 wk ahead,percent,7.19480707913849e-11,Bin,9.7,9.8
Texas,4 wk ahead,percent,7.19480707913849e-11,Bin,9.8,9.9
Texas,4 wk ahead,percent,7.19480707913849e-11,Bin,9.9,10.0
Texas,4 wk ahead,percent,7.19480707913849e-11,Bin,10.0,10.1
Texas,4 wk ahead,percent,7.19480707913849e-11,Bin,10.1,10.2
Texas,4 wk ahead,percent,7.19480707913849e-11,Bin,10.2,10.3
Texas,4 wk ahead,percent,7.19480707913849e-11,Bin,10.3,10.4
Texas,4 wk ahead,percent,7.19480707913849e-11,Bin,10.4,10.5
Texas,4 wk ahead,percent,7.19480707913849e-11,Bin,10.5,10.6
Texas,4 wk ahead,percent,7.19480707913849e-11,Bin,10.6,10.7
Texas,4 wk ahead,percent,7.19480707913849e-11,Bin,10.7,10.8
Texas,4 wk ahead,percent,7.19480707913849e-11,Bin,10.8,10.9
Texas,4 wk ahead,percent,7.19480707913849e-11,Bin,10.9,11.0
Texas,4 wk ahead,percent,7.19480707913849e-11,Bin,11.0,11.1
Texas,4 wk ahead,percent,7.19480707913849e-11,Bin,11.1,11.2
Texas,4 wk ahead,percent,7.19480707913849e-11,Bin,11.2,11.3
Texas,4 wk ahead,percent,7.19480707913849e-11,Bin,11.3,11.4
Texas,4 wk ahead,percent,7.19480707913849e-11,Bin,11.4,11.5
Texas,4 wk ahead,percent,7.19480707913849e-11,Bin,11.5,11.6
Texas,4 wk ahead,percent,7.19480707913849e-11,Bin,11.6,11.7
Texas,4 wk ahead,percent,7.19480707913849e-11,Bin,11.7,11.8
Texas,4 wk ahead,percent,7.19480707913849e-11,Bin,11.8,11.9
Texas,4 wk ahead,percent,7.19480707913849e-11,Bin,11.9,12.0
Texas,4 wk ahead,percent,7.19480707913849e-11,Bin,12.0,12.1
Texas,4 wk ahead,percent,7.19480707913849e-11,Bin,12.1,12.2
Texas,4 wk ahead,percent,7.19480707913849e-11,Bin,12.2,12.3
Texas,4 wk ahead,percent,7.19480707913849e-11,Bin,12.3,12.4
Texas,4 wk ahead,percent,7.19480707913849e-11,Bin,12.4,12.5
Texas,4 wk ahead,percent,7.19480707913849e-11,Bin,12.5,12.6
Texas,4 wk ahead,percent,7.19480707913849e-11,Bin,12.6,12.7
Texas,4 wk ahead,percent,7.19480707913849e-11,Bin,12.7,12.8
Texas,4 wk ahead,percent,7.19480707913849e-11,Bin,12.8,12.9
Texas,4 wk ahead,percent,7.19480707913849e-11,Bin,12.9,13.0
Texas,4 wk ahead,percent,7.19480707913849e-11,Bin,13.0,100.0
Texas,Season peak percentage,percent,3.58304412640962e-13,Bin,0.0,0.1
Texas,Season peak percentage,percent,7.62322804304494e-13,Bin,0.1,0.2
Texas,Season peak percentage,percent,8.26092600313738e-13,Bin,0.2,0.3
Texas,Season peak percentage,percent,8.93415268843204e-13,Bin,0.3,0.4
Texas,Season peak percentage,percent,9.64256536781498e-13,Bin,0.4,0.5
Texas,Season peak percentage,percent,1.03850406462713e-12,Bin,0.5,0.6
Texas,Season peak percentage,percent,1.11623248070176e-12,Bin,0.6,0.7
Texas,Season peak percentage,percent,1.19739806417766e-12,Bin,0.7,0.8
Texas,Season peak percentage,percent,1.28182613179327e-12,Bin,0.8,0.9
Texas,Season peak percentage,percent,1.36948154419142e-12,Bin,0.9,1.0
Texas,Season peak percentage,percent,1.46030167131431e-12,Bin,1.0,1.1
Texas,Season peak percentage,percent,1.5540570751075e-12,Bin,1.1,1.2
Texas,Season peak percentage,percent,1.65060704111451e-12,Bin,1.2,1.3
Texas,Season peak percentage,percent,1.74985793301519e-12,Bin,1.3,1.4
Texas,Season peak percentage,percent,1.85153705531006e-12,Bin,1.4,1.5
Texas,Season peak percentage,percent,1.95542845766515e-12,Bin,1.5,1.6
Texas,Season peak percentage,percent,2.06136840721011e-12,Bin,1.6,1.7
Texas,Season peak percentage,percent,2.16908151482322e-12,Bin,1.7,1.8
Texas,Season peak percentage,percent,2.2783022041366e-12,Bin,1.8,1.9
Texas,Season peak percentage,percent,2.38880023853111e-12,Bin,1.9,2.0
Texas,Season peak percentage,percent,2.50030794560344e-12,Bin,2.0,2.1
Texas,Season peak percentage,percent,2.61254097429944e-12,Bin,2.1,2.2
Texas,Season peak percentage,percent,2.72523900444182e-12,Bin,2.2,2.3
Texas,Season peak percentage,percent,2.83813592206324e-12,Bin,2.3,2.4
Texas,Season peak percentage,percent,2.95096565907844e-12,Bin,2.4,2.5
Texas,Season peak percentage,percent,3.06347809880428e-12,Bin,2.5,2.6
Texas,Season peak percentage,percent,3.17541247547841e-12,Bin,2.6,2.7
Texas,Season peak percentage,percent,3.28655022403012e-12,Bin,2.7,2.8
Texas,Season peak percentage,percent,3.39668217102478e-12,Bin,2.8,2.9
Texas,Season peak percentage,percent,3.50559067146649e-12,Bin,2.9,3.0
Texas,Season peak percentage,percent,3.61309991048121e-12,Bin,3.0,3.1
Texas,Season peak percentage,percent,3.7190758412622e-12,Bin,3.1,3.2
Texas,Season peak percentage,percent,3.82337721085462e-12,Bin,3.2,3.3
Texas,Season peak percentage,percent,3.92586738427097e-12,Bin,3.3,3.4
Texas,Season peak percentage,percent,4.02651029900677e-12,Bin,3.4,3.5
Texas,Season peak percentage,percent,4.1252585066652e-12,Bin,3.5,3.6
Texas,Season peak percentage,percent,4.22202449218729e-12,Bin,3.6,3.7
Texas,Season peak percentage,percent,4.31686992900779e-12,Bin,3.7,3.8
Texas,Season peak percentage,percent,4.40983201390206e-12,Bin,3.8,3.9
Texas,Season peak percentage,percent,4.50092707654565e-12,Bin,3.9,4.0
Texas,Season peak percentage,percent,4.59025891208919e-12,Bin,4.0,4.1
Texas,Season peak percentage,percent,4.67795942377891e-12,Bin,4.1,4.2
Texas,Season peak percentage,percent,4.76414052982551e-12,Bin,4.2,4.3
Texas,Season peak percentage,percent,4.8489453016662e-12,Bin,4.3,4.4
Texas,Season peak percentage,percent,4.93257956144597e-12,Bin,4.4,4.5
Texas,Season peak percentage,percent,5.01522832409444e-12,Bin,4.5,4.6
Texas,Season peak percentage,percent,5.09707652848505e-12,Bin,4.6,4.7
Texas,Season peak percentage,percent,5.17837146145539e-12,Bin,4.7,4.8
Texas,Season peak percentage,percent,5.25933731987756e-12,Bin,4.8,4.9
Texas,Season peak percentage,percent,5.34020988172837e-12,Bin,4.9,5.0
Texas,Season peak percentage,percent,5.42123596627125e-12,Bin,5.0,5.1
Texas,Season peak percentage,percent,5.50265548413683e-12,Bin,5.1,5.2
Texas,Season peak percentage,percent,5.58472045207081e-12,Bin,5.2,5.3
Texas,Season peak percentage,percent,5.66767797962698e-12,Bin,5.3,5.4
Texas,Season peak percentage,percent,5.75174595174213e-12,Bin,5.4,5.5
Texas,Season peak percentage,percent,5.8371544418743e-12,Bin,5.5,5.6
Texas,Season peak percentage,percent,5.92415571033627e-12,Bin,5.6,5.7
Texas,Season peak percentage,percent,6.01290961537597e-12,Bin,5.7,5.8
Texas,Season peak percentage,percent,6.10360131947456e-12,Bin,5.8,5.9
Texas,Season peak percentage,percent,6.1964529482741e-12,Bin,5.9,6.0
Texas,Season peak percentage,percent,6.29157460991123e-12,Bin,6.0,6.1
Texas,Season peak percentage,percent,6.3890792003102e-12,Bin,6.1,6.2
Texas,Season peak percentage,percent,6.48911284963732e-12,Bin,6.2,6.3
Texas,Season peak percentage,percent,6.59175626825094e-12,Bin,6.3,6.4
Texas,Season peak percentage,percent,6.69702074470242e-12,Bin,6.4,6.5
Texas,Season peak percentage,percent,6.80495377452245e-12,Bin,6.5,6.6
Texas,Season peak percentage,percent,6.91560313625967e-12,Bin,6.6,6.7
Texas,Season peak percentage,percent,7.02886641836057e-12,Bin,6.7,6.8
Texas,Season peak percentage,percent,7.14468314001862e-12,Bin,6.8,6.9
Texas,Season peak percentage,percent,7.26303350835049e-12,Bin,6.9,7.0
Texas,Season peak percentage,percent,7.38372420180562e-12,Bin,7.0,7.1
Texas,Season peak percentage,percent,7.50658065245548e-12,Bin,7.1,7.2
Texas,Season peak percentage,percent,7.63146784759616e-12,Bin,7.2,7.3
Texas,Season peak percentage,percent,7.75813358541025e-12,Bin,7.3,7.4
Texas,Season peak percentage,percent,7.88628623190387e-12,Bin,7.4,7.5
Texas,Season peak percentage,percent,8.01566845718656e-12,Bin,7.5,7.6
Texas,Season peak percentage,percent,8.14595313788682e-12,Bin,7.6,7.7
Texas,Season peak percentage,percent,8.27675856967592e-12,Bin,7.7,7.8
Texas,Season peak percentage,percent,8.40770867887042e-12,Bin,7.8,7.9
Texas,Season peak percentage,percent,8.53837626125036e-12,Bin,7.9,8.0
Texas,Season peak percentage,percent,8.66832853735954e-12,Bin,8.0,8.1
Texas,Season peak percentage,percent,8.79709226473257e-12,Bin,8.1,8.2
Texas,Season peak percentage,percent,8.92412273964302e-12,Bin,8.2,8.3
Texas,Season peak percentage,percent,9.04896147856652e-12,Bin,8.3,8.4
Texas,Season peak percentage,percent,9.17108616636041e-12,Bin,8.4,8.5
Texas,Season peak percentage,percent,9.28983207957902e-12,Bin,8.5,8.6
Texas,Season peak percentage,percent,9.4047256628222e-12,Bin,8.6,8.7
Texas,Season peak percentage,percent,9.51526468117763e-12,Bin,8.7,8.8
Texas,Season peak percentage,percent,9.62067262008121e-12,Bin,8.8,8.9
Texas,Season peak percentage,percent,9.72046867826145e-12,Bin,8.9,9.0
Texas,Season peak percentage,percent,9.81421494252695e-12,Bin,9.0,9.1
Texas,Season peak percentage,percent,9.90113305784361e-12,Bin,9.1,9.2
Texas,Season peak percentage,percent,9.98069469522811e-12,Bin,9.2,9.3
Texas,Season peak percentage,percent,1.00525581668284e-11,Bin,9.3,9.4
Texas,Season peak percentage,percent,1.01160488434792e-11,Bin,9.4,9.5
Texas,Season peak percentage,percent,1.01705753098292e-11,Bin,9.5,9.6
Texas,Season peak percentage,percent,1.02159307297671e-11,Bin,9.6,9.7
Texas,Season peak percentage,percent,1.02516286085745e-11,Bin,9.7,9.8
Texas,Season peak percentage,percent,1.02770139087203e-11,Bin,9.8,9.9
Texas,Season peak percentage,percent,1.02920467462334e-11,Bin,9.9,10.0
Texas,Season peak percentage,percent,1.02964379101179e-11,Bin,10.0,10.1
Texas,Season peak percentage,percent,1.02896439272743e-11,Bin,10.1,10.2
Texas,Season peak percentage,percent,1.02716667544561e-11,Bin,10.2,10.3
Texas,Season peak percentage,percent,1.02424452121364e-11,Bin,10.3,10.4
Texas,Season peak percentage,percent,1.02016926161363e-11,Bin,10.4,10.5
Texas,Season peak percentage,percent,1.01493600273807e-11,Bin,10.5,10.6
Texas,Season peak percentage,percent,1.00856480045279e-11,Bin,10.6,10.7
Texas,Season peak percentage,percent,1.00105524792979e-11,Bin,10.7,10.8
Texas,Season peak percentage,percent,9.92397657148991e-12,Bin,10.8,10.9
Texas,Season peak percentage,percent,9.82637479515771e-12,Bin,10.9,11.0
Texas,Season peak percentage,percent,9.71797943112644e-12,Bin,11.0,11.1
Texas,Season peak percentage,percent,9.5987748932994e-12,Bin,11.1,11.2
Texas,Season peak percentage,percent,9.46932770721491e-12,Bin,11.2,11.3
Texas,Season peak percentage,percent,9.33005574014287e-12,Bin,11.3,11.4
Texas,Season peak percentage,percent,9.18120088841324e-12,Bin,11.4,11.5
Texas,Season peak percentage,percent,9.02324781304813e-12,Bin,11.5,11.6
Texas,Season peak percentage,percent,8.8568150064742e-12,Bin,11.6,11.7
Texas,Season peak percentage,percent,8.68235267935496e-12,Bin,11.7,11.8
Texas,Season peak percentage,percent,8.50028527081994e-12,Bin,11.8,11.9
Texas,Season peak percentage,percent,8.31136775933369e-12,Bin,11.9,12.0
Texas,Season peak percentage,percent,8.11618559286468e-12,Bin,12.0,12.1
Texas,Season peak percentage,percent,7.91515584207202e-12,Bin,12.1,12.2
Texas,Season peak percentage,percent,7.70907696868501e-12,Bin,12.2,12.3
Texas,Season peak percentage,percent,7.49857365169006e-12,Bin,12.3,12.4
Texas,Season peak percentage,percent,7.28418262033974e-12,Bin,12.4,12.5
Texas,Season peak percentage,percent,7.06658397161851e-12,Bin,12.5,12.6
Texas,Season peak percentage,percent,6.84643571497668e-12,Bin,12.6,12.7
Texas,Season peak percentage,percent,6.62432249250492e-12,Bin,12.7,12.8
Texas,Season peak percentage,percent,6.40085012487201e-12,Bin,12.8,12.9
Texas,Season peak percentage,percent,6.17664170220363e-12,Bin,12.9,13.0
Texas,Season peak percentage,percent,0.999999999188623,Bin,13.0,100.0
Texas,Season peak week,week,3.50342531643938e-05,Bin,40.0,41.0
Texas,Season peak week,week,3.50342531643938e-05,Bin,41.0,42.0
Texas,Season peak week,week,3.50342531643938e-05,Bin,42.0,43.0
Texas,Season peak week,week,3.50342531643938e-05,Bin,43.0,44.0
Texas,Season peak week,week,3.50342531643938e-05,Bin,44.0,45.0
Texas,Season peak week,week,3.50342531643938e-05,Bin,45.0,46.0
Texas,Season peak week,week,3.50342531643938e-05,Bin,46.0,47.0
Texas,Season peak week,week,3.63536331018565e-05,Bin,47.0,48.0
Texas,Season peak week,week,0.000189326618396727,Bin,48.0,49.0
Texas,Season peak week,week,0.00107192387527256,Bin,49.0,50.0
Texas,Season peak week,week,0.00348848750231539,Bin,50.0,51.0
Texas,Season peak week,week,0.0066337721544254,Bin,51.0,52.0
Texas,Season peak week,week,0.00736569856458965,Bin,52.0,53.0
Texas,Season peak week,week,0.00469560632002699,Bin,1.0,2.0
Texas,Season peak week,week,0.00169565586749503,Bin,2.0,3.0
Texas,Season peak week,week,0.000517635099220263,Bin,3.0,4.0
Texas,Season peak week,week,0.941161366408822,Bin,4.0,5.0
Texas,Season peak week,week,0.00349052190341153,Bin,5.0,6.0
Texas,Season peak week,week,0.00663489887217586,Bin,6.0,7.0
Texas,Season peak week,week,0.00738251397442195,Bin,7.0,8.0
Texas,Season peak week,week,0.00485021375783185,Bin,8.0,9.0
Texas,Season peak week,week,0.00243748690096758,Bin,9.0,10.0
Texas,Season peak week,week,0.00229551018584257,Bin,10.0,11.0
Texas,Season peak week,week,0.00273429317466546,Bin,11.0,12.0
Texas,Season peak week,week,0.00196909794807378,Bin,12.0,13.0
Texas,Season peak week,week,0.000760514265423544,Bin,13.0,14.0
Texas,Season peak week,week,0.00015565543450392,Bin,14.0,15.0
Texas,Season peak week,week,3.23157144371084e-05,Bin,15.0,16.0
Texas,Season peak week,week,3.11824104856556e-05,Bin,16.0,17.0
Texas,Season peak week,week,3.11824104856556e-05,Bin,17.0,18.0
Texas,Season peak week,week,3.11824104856556e-05,Bin,18.0,19.0
Texas,Season peak week,week,3.11824104856556e-05,Bin,19.0,20.0
Texas,Season peak week,week,3.11824104856556e-05,Bin,20.0,21.0
Utah,1 wk ahead,percent,2.29651140100919e-11,Bin,0.0,0.1
Utah,1 wk ahead,percent,0.00200000010438389,Bin,0.1,0.2
Utah,1 wk ahead,percent,1.72600172007712e-09,Bin,0.2,0.3
Utah,1 wk ahead,percent,0.0220000022757187,Bin,0.3,0.4
Utah,1 wk ahead,percent,0.0100000019099506,Bin,0.4,0.5
Utah,1 wk ahead,percent,0.0139999997114733,Bin,0.5,0.6
Utah,1 wk ahead,percent,0.0939999947308569,Bin,0.6,0.7
Utah,1 wk ahead,percent,0.161999992178196,Bin,0.7,0.8
Utah,1 wk ahead,percent,0.265999984639569,Bin,0.8,0.9
Utah,1 wk ahead,percent,0.195999987316878,Bin,0.9,1.0
Utah,1 wk ahead,percent,0.105999992768179,Bin,1.0,1.1
Utah,1 wk ahead,percent,0.0299999979369096,Bin,1.1,1.2
Utah,1 wk ahead,percent,0.0279999981396961,Bin,1.2,1.3
Utah,1 wk ahead,percent,0.0239999994753466,Bin,1.3,1.4
Utah,1 wk ahead,percent,0.0100000058968077,Bin,1.4,1.5
Utah,1 wk ahead,percent,1.42001568151184e-08,Bin,1.5,1.6
Utah,1 wk ahead,percent,0.00400001098920323,Bin,1.6,1.7
Utah,1 wk ahead,percent,0.00400000287666698,Bin,1.7,1.8
Utah,1 wk ahead,percent,0.00599999989158799,Bin,1.8,1.9
Utah,1 wk ahead,percent,2.49284594962994e-10,Bin,1.9,2.0
Utah,1 wk ahead,percent,1.77063575472504e-09,Bin,2.0,2.1
Utah,1 wk ahead,percent,4.01098689386779e-09,Bin,2.1,2.2
Utah,1 wk ahead,percent,2.83142776556152e-09,Bin,2.2,2.3
Utah,1 wk ahead,percent,6.19354878832091e-10,Bin,2.3,2.4
Utah,1 wk ahead,percent,0.00399999978614644,Bin,2.4,2.5
Utah,1 wk ahead,percent,0.00799999949790822,Bin,2.5,2.6
Utah,1 wk ahead,percent,4.8880216323129e-11,Bin,2.6,2.7
Utah,1 wk ahead,percent,4.8880216323129e-11,Bin,2.7,2.8
Utah,1 wk ahead,percent,4.8880216323129e-11,Bin,2.8,2.9
Utah,1 wk ahead,percent,4.8880216323129e-11,Bin,2.9,3.0
Utah,1 wk ahead,percent,4.8880216323129e-11,Bin,3.0,3.1
Utah,1 wk ahead,percent,4.8880216323129e-11,Bin,3.1,3.2
Utah,1 wk ahead,percent,4.8880216323129e-11,Bin,3.2,3.3
Utah,1 wk ahead,percent,4.8880216323129e-11,Bin,3.3,3.4
Utah,1 wk ahead,percent,4.8880216323129e-11,Bin,3.4,3.5
Utah,1 wk ahead,percent,4.8880216323129e-11,Bin,3.5,3.6
Utah,1 wk ahead,percent,4.8880216323129e-11,Bin,3.6,3.7
Utah,1 wk ahead,percent,4.8880216323129e-11,Bin,3.7,3.8
Utah,1 wk ahead,percent,4.8880216323129e-11,Bin,3.8,3.9
Utah,1 wk ahead,percent,0.00999999936016522,Bin,3.9,4.0
Utah,1 wk ahead,percent,4.8880216323129e-11,Bin,4.0,4.1
Utah,1 wk ahead,percent,4.8880216323129e-11,Bin,4.1,4.2
Utah,1 wk ahead,percent,4.8880216323129e-11,Bin,4.2,4.3
Utah,1 wk ahead,percent,4.8880216323129e-11,Bin,4.3,4.4
Utah,1 wk ahead,percent,4.8880216323129e-11,Bin,4.4,4.5
Utah,1 wk ahead,percent,4.8880216323129e-11,Bin,4.5,4.6
Utah,1 wk ahead,percent,4.8880216323129e-11,Bin,4.6,4.7
Utah,1 wk ahead,percent,4.8880216323129e-11,Bin,4.7,4.8
Utah,1 wk ahead,percent,4.8880216323129e-11,Bin,4.8,4.9
Utah,1 wk ahead,percent,4.8880216323129e-11,Bin,4.9,5.0
Utah,1 wk ahead,percent,4.8880216323129e-11,Bin,5.0,5.1
Utah,1 wk ahead,percent,4.8880216323129e-11,Bin,5.1,5.2
Utah,1 wk ahead,percent,4.8880216323129e-11,Bin,5.2,5.3
Utah,1 wk ahead,percent,4.8880216323129e-11,Bin,5.3,5.4
Utah,1 wk ahead,percent,4.8880216323129e-11,Bin,5.4,5.5
Utah,1 wk ahead,percent,4.8880216323129e-11,Bin,5.5,5.6
Utah,1 wk ahead,percent,4.8880216323129e-11,Bin,5.6,5.7
Utah,1 wk ahead,percent,4.8880216323129e-11,Bin,5.7,5.8
Utah,1 wk ahead,percent,4.8880216323129e-11,Bin,5.8,5.9
Utah,1 wk ahead,percent,4.8880216323129e-11,Bin,5.9,6.0
Utah,1 wk ahead,percent,4.8880216323129e-11,Bin,6.0,6.1
Utah,1 wk ahead,percent,4.8880216323129e-11,Bin,6.1,6.2
Utah,1 wk ahead,percent,4.8880216323129e-11,Bin,6.2,6.3
Utah,1 wk ahead,percent,4.8880216323129e-11,Bin,6.3,6.4
Utah,1 wk ahead,percent,4.8880216323129e-11,Bin,6.4,6.5
Utah,1 wk ahead,percent,4.8880216323129e-11,Bin,6.5,6.6
Utah,1 wk ahead,percent,4.8880216323129e-11,Bin,6.6,6.7
Utah,1 wk ahead,percent,4.8880216323129e-11,Bin,6.7,6.8
Utah,1 wk ahead,percent,4.8880216323129e-11,Bin,6.8,6.9
Utah,1 wk ahead,percent,4.8880216323129e-11,Bin,6.9,7.0
Utah,1 wk ahead,percent,4.8880216323129e-11,Bin,7.0,7.1
Utah,1 wk ahead,percent,4.8880216323129e-11,Bin,7.1,7.2
Utah,1 wk ahead,percent,4.8880216323129e-11,Bin,7.2,7.3
Utah,1 wk ahead,percent,4.8880216323129e-11,Bin,7.3,7.4
Utah,1 wk ahead,percent,4.8880216323129e-11,Bin,7.4,7.5
Utah,1 wk ahead,percent,4.8880216323129e-11,Bin,7.5,7.6
Utah,1 wk ahead,percent,4.8880216323129e-11,Bin,7.6,7.7
Utah,1 wk ahead,percent,4.8880216323129e-11,Bin,7.7,7.8
Utah,1 wk ahead,percent,4.8880216323129e-11,Bin,7.8,7.9
Utah,1 wk ahead,percent,4.8880216323129e-11,Bin,7.9,8.0
Utah,1 wk ahead,percent,4.88802163231294e-11,Bin,8.0,8.1
Utah,1 wk ahead,percent,4.88802163231298e-11,Bin,8.1,8.2
Utah,1 wk ahead,percent,4.88802163231298e-11,Bin,8.2,8.3
Utah,1 wk ahead,percent,4.88802163231298e-11,Bin,8.3,8.4
Utah,1 wk ahead,percent,4.88802163231298e-11,Bin,8.4,8.5
Utah,1 wk ahead,percent,4.88802163231298e-11,Bin,8.5,8.6
Utah,1 wk ahead,percent,4.88802163231298e-11,Bin,8.6,8.7
Utah,1 wk ahead,percent,4.88802163231298e-11,Bin,8.7,8.8
Utah,1 wk ahead,percent,4.88802163231298e-11,Bin,8.8,8.9
Utah,1 wk ahead,percent,4.88802163231298e-11,Bin,8.9,9.0
Utah,1 wk ahead,percent,4.88802163231298e-11,Bin,9.0,9.1
Utah,1 wk ahead,percent,4.88802163231298e-11,Bin,9.1,9.2
Utah,1 wk ahead,percent,4.88802163231298e-11,Bin,9.2,9.3
Utah,1 wk ahead,percent,4.88802163231298e-11,Bin,9.3,9.4
Utah,1 wk ahead,percent,4.88802163231298e-11,Bin,9.4,9.5
Utah,1 wk ahead,percent,4.88802163231298e-11,Bin,9.5,9.6
Utah,1 wk ahead,percent,4.88802163231298e-11,Bin,9.6,9.7
Utah,1 wk ahead,percent,4.88802163231298e-11,Bin,9.7,9.8
Utah,1 wk ahead,percent,4.88802163231298e-11,Bin,9.8,9.9
Utah,1 wk ahead,percent,4.88802163231298e-11,Bin,9.9,10.0
Utah,1 wk ahead,percent,4.88802163231298e-11,Bin,10.0,10.1
Utah,1 wk ahead,percent,4.88802163231298e-11,Bin,10.1,10.2
Utah,1 wk ahead,percent,4.88802163231298e-11,Bin,10.2,10.3
Utah,1 wk ahead,percent,4.88802163231298e-11,Bin,10.3,10.4
Utah,1 wk ahead,percent,4.88802163231298e-11,Bin,10.4,10.5
Utah,1 wk ahead,percent,4.88802163231298e-11,Bin,10.5,10.6
Utah,1 wk ahead,percent,4.88802163231298e-11,Bin,10.6,10.7
Utah,1 wk ahead,percent,4.88802163231298e-11,Bin,10.7,10.8
Utah,1 wk ahead,percent,4.88802163231298e-11,Bin,10.8,10.9
Utah,1 wk ahead,percent,4.88802163231298e-11,Bin,10.9,11.0
Utah,1 wk ahead,percent,4.88802163231298e-11,Bin,11.0,11.1
Utah,1 wk ahead,percent,4.88802163231298e-11,Bin,11.1,11.2
Utah,1 wk ahead,percent,4.88802163231298e-11,Bin,11.2,11.3
Utah,1 wk ahead,percent,4.88802163231298e-11,Bin,11.3,11.4
Utah,1 wk ahead,percent,4.88802163231298e-11,Bin,11.4,11.5
Utah,1 wk ahead,percent,4.88802163231298e-11,Bin,11.5,11.6
Utah,1 wk ahead,percent,4.88802163231298e-11,Bin,11.6,11.7
Utah,1 wk ahead,percent,4.88802163231298e-11,Bin,11.7,11.8
Utah,1 wk ahead,percent,4.88802163231298e-11,Bin,11.8,11.9
Utah,1 wk ahead,percent,4.88802163231298e-11,Bin,11.9,12.0
Utah,1 wk ahead,percent,4.88802163231298e-11,Bin,12.0,12.1
Utah,1 wk ahead,percent,4.88802163231298e-11,Bin,12.1,12.2
Utah,1 wk ahead,percent,4.88802163231298e-11,Bin,12.2,12.3
Utah,1 wk ahead,percent,4.88802163231298e-11,Bin,12.3,12.4
Utah,1 wk ahead,percent,4.88802163231298e-11,Bin,12.4,12.5
Utah,1 wk ahead,percent,4.88802163231298e-11,Bin,12.5,12.6
Utah,1 wk ahead,percent,4.88802163231298e-11,Bin,12.6,12.7
Utah,1 wk ahead,percent,4.88802163231298e-11,Bin,12.7,12.8
Utah,1 wk ahead,percent,4.88802163231298e-11,Bin,12.8,12.9
Utah,1 wk ahead,percent,4.88802163231298e-11,Bin,12.9,13.0
Utah,1 wk ahead,percent,4.88802163231298e-11,Bin,13.0,100.0
Utah,2 wk ahead,percent,4.64774959114535e-10,Bin,0.0,0.1
Utah,2 wk ahead,percent,0.00400000113638219,Bin,0.1,0.2
Utah,2 wk ahead,percent,0.00400000189060802,Bin,0.2,0.3
Utah,2 wk ahead,percent,0.0140000018065059,Bin,0.3,0.4
Utah,2 wk ahead,percent,0.0140000021143891,Bin,0.4,0.5
Utah,2 wk ahead,percent,0.0300000007736657,Bin,0.5,0.6
Utah,2 wk ahead,percent,0.0479999989174216,Bin,0.6,0.7
Utah,2 wk ahead,percent,0.115999993273864,Bin,0.7,0.8
Utah,2 wk ahead,percent,0.143999990782554,Bin,0.8,0.9
Utah,2 wk ahead,percent,0.171999988658136,Bin,0.9,1.0
Utah,2 wk ahead,percent,0.125999992351979,Bin,1.0,1.1
Utah,2 wk ahead,percent,0.121999993161116,Bin,1.1,1.2
Utah,2 wk ahead,percent,0.0619999981856107,Bin,1.2,1.3
Utah,2 wk ahead,percent,0.0420000003040144,Bin,1.3,1.4
Utah,2 wk ahead,percent,0.0180000028194529,Bin,1.4,1.5
Utah,2 wk ahead,percent,0.00600000455659509,Bin,1.5,1.6
Utah,2 wk ahead,percent,0.0100000050500224,Bin,1.6,1.7
Utah,2 wk ahead,percent,0.0100000054522537,Bin,1.7,1.8
Utah,2 wk ahead,percent,0.00800000533049932,Bin,1.8,1.9
Utah,2 wk ahead,percent,0.00600000451112302,Bin,1.9,2.0
Utah,2 wk ahead,percent,3.57395751677821e-09,Bin,2.0,2.1
Utah,2 wk ahead,percent,0.00400000190666875,Bin,2.1,2.2
Utah,2 wk ahead,percent,0.00200000100361483,Bin,2.2,2.3
Utah,2 wk ahead,percent,0.00600000006547773,Bin,2.3,2.4
Utah,2 wk ahead,percent,1.89142576268542e-10,Bin,2.4,2.5
Utah,2 wk ahead,percent,0.0059999996170882,Bin,2.5,2.6
Utah,2 wk ahead,percent,0.00199999989063291,Bin,2.6,2.7
Utah,2 wk ahead,percent,0.0119999991522293,Bin,2.7,2.8
Utah,2 wk ahead,percent,3.83136322575971e-11,Bin,2.8,2.9
Utah,2 wk ahead,percent,3.83136322575971e-11,Bin,2.9,3.0
Utah,2 wk ahead,percent,0.00199999989063291,Bin,3.0,3.1
Utah,2 wk ahead,percent,3.83136322575971e-11,Bin,3.1,3.2
Utah,2 wk ahead,percent,0.00199999989063291,Bin,3.2,3.3
Utah,2 wk ahead,percent,3.83136322575971e-11,Bin,3.3,3.4
Utah,2 wk ahead,percent,3.83136322575971e-11,Bin,3.4,3.5
Utah,2 wk ahead,percent,3.83136322575971e-11,Bin,3.5,3.6
Utah,2 wk ahead,percent,3.83136322575971e-11,Bin,3.6,3.7
Utah,2 wk ahead,percent,0.00199999989063291,Bin,3.7,3.8
Utah,2 wk ahead,percent,3.83136322575971e-11,Bin,3.8,3.9
Utah,2 wk ahead,percent,3.83136322575971e-11,Bin,3.9,4.0
Utah,2 wk ahead,percent,3.83136322575971e-11,Bin,4.0,4.1
Utah,2 wk ahead,percent,0.00199999989063291,Bin,4.1,4.2
Utah,2 wk ahead,percent,3.83136322575971e-11,Bin,4.2,4.3
Utah,2 wk ahead,percent,3.83136322575971e-11,Bin,4.3,4.4
Utah,2 wk ahead,percent,0.00199999989063291,Bin,4.4,4.5
Utah,2 wk ahead,percent,3.83136322575971e-11,Bin,4.5,4.6
Utah,2 wk ahead,percent,3.83136322575971e-11,Bin,4.6,4.7
Utah,2 wk ahead,percent,3.83136322575971e-11,Bin,4.7,4.8
Utah,2 wk ahead,percent,3.83136322575971e-11,Bin,4.8,4.9
Utah,2 wk ahead,percent,3.83136322575971e-11,Bin,4.9,5.0
Utah,2 wk ahead,percent,3.83136322575971e-11,Bin,5.0,5.1
Utah,2 wk ahead,percent,3.83136322575971e-11,Bin,5.1,5.2
Utah,2 wk ahead,percent,3.83136322575971e-11,Bin,5.2,5.3
Utah,2 wk ahead,percent,3.83136322575971e-11,Bin,5.3,5.4
Utah,2 wk ahead,percent,0.00199999989063291,Bin,5.4,5.5
Utah,2 wk ahead,percent,3.83136322575971e-11,Bin,5.5,5.6
Utah,2 wk ahead,percent,3.83136322575971e-11,Bin,5.6,5.7
Utah,2 wk ahead,percent,3.83136322575971e-11,Bin,5.7,5.8
Utah,2 wk ahead,percent,3.83136322575971e-11,Bin,5.8,5.9
Utah,2 wk ahead,percent,3.83136322575971e-11,Bin,5.9,6.0
Utah,2 wk ahead,percent,3.83136322575971e-11,Bin,6.0,6.1
Utah,2 wk ahead,percent,3.83136322575971e-11,Bin,6.1,6.2
Utah,2 wk ahead,percent,3.83136322575971e-11,Bin,6.2,6.3
Utah,2 wk ahead,percent,3.83136322575971e-11,Bin,6.3,6.4
Utah,2 wk ahead,percent,3.83136322575971e-11,Bin,6.4,6.5
Utah,2 wk ahead,percent,3.83136322575971e-11,Bin,6.5,6.6
Utah,2 wk ahead,percent,3.83136322575971e-11,Bin,6.6,6.7
Utah,2 wk ahead,percent,3.83136322575971e-11,Bin,6.7,6.8
Utah,2 wk ahead,percent,3.83136322575971e-11,Bin,6.8,6.9
Utah,2 wk ahead,percent,3.83136322575971e-11,Bin,6.9,7.0
Utah,2 wk ahead,percent,3.83136322575971e-11,Bin,7.0,7.1
Utah,2 wk ahead,percent,3.83136322575971e-11,Bin,7.1,7.2
Utah,2 wk ahead,percent,3.83136322575971e-11,Bin,7.2,7.3
Utah,2 wk ahead,percent,3.83136322575971e-11,Bin,7.3,7.4
Utah,2 wk ahead,percent,3.83136322575971e-11,Bin,7.4,7.5
Utah,2 wk ahead,percent,3.83136322575971e-11,Bin,7.5,7.6
Utah,2 wk ahead,percent,3.83136322575971e-11,Bin,7.6,7.7
Utah,2 wk ahead,percent,3.83136322575971e-11,Bin,7.7,7.8
Utah,2 wk ahead,percent,3.83136322575971e-11,Bin,7.8,7.9
Utah,2 wk ahead,percent,3.83136322575971e-11,Bin,7.9,8.0
Utah,2 wk ahead,percent,3.83136322575974e-11,Bin,8.0,8.1
Utah,2 wk ahead,percent,3.83136322575977e-11,Bin,8.1,8.2
Utah,2 wk ahead,percent,3.83136322575977e-11,Bin,8.2,8.3
Utah,2 wk ahead,percent,3.83136322575977e-11,Bin,8.3,8.4
Utah,2 wk ahead,percent,3.83136322575977e-11,Bin,8.4,8.5
Utah,2 wk ahead,percent,3.83136322575977e-11,Bin,8.5,8.6
Utah,2 wk ahead,percent,3.83136322575977e-11,Bin,8.6,8.7
Utah,2 wk ahead,percent,3.83136322575977e-11,Bin,8.7,8.8
Utah,2 wk ahead,percent,3.83136322575977e-11,Bin,8.8,8.9
Utah,2 wk ahead,percent,3.83136322575977e-11,Bin,8.9,9.0
Utah,2 wk ahead,percent,3.83136322575977e-11,Bin,9.0,9.1
Utah,2 wk ahead,percent,3.83136322575977e-11,Bin,9.1,9.2
Utah,2 wk ahead,percent,3.83136322575977e-11,Bin,9.2,9.3
Utah,2 wk ahead,percent,3.83136322575977e-11,Bin,9.3,9.4
Utah,2 wk ahead,percent,3.83136322575977e-11,Bin,9.4,9.5
Utah,2 wk ahead,percent,3.83136322575977e-11,Bin,9.5,9.6
Utah,2 wk ahead,percent,3.83136322575977e-11,Bin,9.6,9.7
Utah,2 wk ahead,percent,3.83136322575977e-11,Bin,9.7,9.8
Utah,2 wk ahead,percent,3.83136322575977e-11,Bin,9.8,9.9
Utah,2 wk ahead,percent,3.83136322575977e-11,Bin,9.9,10.0
Utah,2 wk ahead,percent,3.83136322575977e-11,Bin,10.0,10.1
Utah,2 wk ahead,percent,3.83136322575977e-11,Bin,10.1,10.2
Utah,2 wk ahead,percent,3.83136322575977e-11,Bin,10.2,10.3
Utah,2 wk ahead,percent,3.83136322575977e-11,Bin,10.3,10.4
Utah,2 wk ahead,percent,3.83136322575977e-11,Bin,10.4,10.5
Utah,2 wk ahead,percent,3.83136322575977e-11,Bin,10.5,10.6
Utah,2 wk ahead,percent,3.83136322575977e-11,Bin,10.6,10.7
Utah,2 wk ahead,percent,3.83136322575977e-11,Bin,10.7,10.8
Utah,2 wk ahead,percent,3.83136322575977e-11,Bin,10.8,10.9
Utah,2 wk ahead,percent,3.83136322575977e-11,Bin,10.9,11.0
Utah,2 wk ahead,percent,3.83136322575977e-11,Bin,11.0,11.1
Utah,2 wk ahead,percent,3.83136322575977e-11,Bin,11.1,11.2
Utah,2 wk ahead,percent,3.83136322575977e-11,Bin,11.2,11.3
Utah,2 wk ahead,percent,3.83136322575977e-11,Bin,11.3,11.4
Utah,2 wk ahead,percent,3.83136322575977e-11,Bin,11.4,11.5
Utah,2 wk ahead,percent,3.83136322575977e-11,Bin,11.5,11.6
Utah,2 wk ahead,percent,3.83136322575977e-11,Bin,11.6,11.7
Utah,2 wk ahead,percent,3.83136322575977e-11,Bin,11.7,11.8
Utah,2 wk ahead,percent,3.83136322575977e-11,Bin,11.8,11.9
Utah,2 wk ahead,percent,3.83136322575977e-11,Bin,11.9,12.0
Utah,2 wk ahead,percent,3.83136322575977e-11,Bin,12.0,12.1
Utah,2 wk ahead,percent,3.83136322575977e-11,Bin,12.1,12.2
Utah,2 wk ahead,percent,3.83136322575977e-11,Bin,12.2,12.3
Utah,2 wk ahead,percent,3.83136322575977e-11,Bin,12.3,12.4
Utah,2 wk ahead,percent,3.83136322575977e-11,Bin,12.4,12.5
Utah,2 wk ahead,percent,3.83136322575977e-11,Bin,12.5,12.6
Utah,2 wk ahead,percent,3.83136322575977e-11,Bin,12.6,12.7
Utah,2 wk ahead,percent,3.83136322575977e-11,Bin,12.7,12.8
Utah,2 wk ahead,percent,3.83136322575977e-11,Bin,12.8,12.9
Utah,2 wk ahead,percent,3.83136322575977e-11,Bin,12.9,13.0
Utah,2 wk ahead,percent,3.83136322575977e-11,Bin,13.0,100.0
Utah,3 wk ahead,percent,1.08742424794338e-09,Bin,0.0,0.1
Utah,3 wk ahead,percent,0.00600000204463752,Bin,0.1,0.2
Utah,3 wk ahead,percent,0.0100000029607967,Bin,0.2,0.3
Utah,3 wk ahead,percent,0.0100000046624757,Bin,0.3,0.4
Utah,3 wk ahead,percent,0.0220000033037197,Bin,0.4,0.5
Utah,3 wk ahead,percent,0.0300000019312184,Bin,0.5,0.6
Utah,3 wk ahead,percent,0.0879999892508913,Bin,0.6,0.7
Utah,3 wk ahead,percent,0.109999983845591,Bin,0.7,0.8
Utah,3 wk ahead,percent,0.143999976310788,Bin,0.8,0.9
Utah,3 wk ahead,percent,0.159999973507763,Bin,0.9,1.0
Utah,3 wk ahead,percent,0.123999982710127,Bin,1.0,1.1
Utah,3 wk ahead,percent,0.0699999964137566,Bin,1.1,1.2
Utah,3 wk ahead,percent,0.0679999992788997,Bin,1.2,1.3
Utah,3 wk ahead,percent,0.0340000084009349,Bin,1.3,1.4
Utah,3 wk ahead,percent,0.0200000124713444,Bin,1.4,1.5
Utah,3 wk ahead,percent,0.020000012589386,Bin,1.5,1.6
Utah,3 wk ahead,percent,0.00800001417828587,Bin,1.6,1.7
Utah,3 wk ahead,percent,0.0160000105541296,Bin,1.7,1.8
Utah,3 wk ahead,percent,0.00600000993375493,Bin,1.8,1.9
Utah,3 wk ahead,percent,0.00800000644171779,Bin,1.9,2.0
Utah,3 wk ahead,percent,0.00600000398319491,Bin,2.0,2.1
Utah,3 wk ahead,percent,0.00200000255835275,Bin,2.1,2.2
Utah,3 wk ahead,percent,0.013999998530086,Bin,2.2,2.3
Utah,3 wk ahead,percent,0.00599999937123648,Bin,2.3,2.4
Utah,3 wk ahead,percent,0.00399999939320433,Bin,2.4,2.5
Utah,3 wk ahead,percent,0.00599999882026944,Bin,2.5,2.6
Utah,3 wk ahead,percent,0.00199999964727695,Bin,2.6,2.7
Utah,3 wk ahead,percent,0.00199999964727695,Bin,2.7,2.8
Utah,3 wk ahead,percent,0.00199999964727695,Bin,2.8,2.9
Utah,3 wk ahead,percent,6.8088169170567e-11,Bin,2.9,3.0
Utah,3 wk ahead,percent,6.8088169170567e-11,Bin,3.0,3.1
Utah,3 wk ahead,percent,6.8088169170567e-11,Bin,3.1,3.2
Utah,3 wk ahead,percent,6.8088169170567e-11,Bin,3.2,3.3
Utah,3 wk ahead,percent,0.00199999964727695,Bin,3.3,3.4
Utah,3 wk ahead,percent,6.8088169170567e-11,Bin,3.4,3.5
Utah,3 wk ahead,percent,6.8088169170567e-11,Bin,3.5,3.6
Utah,3 wk ahead,percent,6.8088169170567e-11,Bin,3.6,3.7
Utah,3 wk ahead,percent,6.8088169170567e-11,Bin,3.7,3.8
Utah,3 wk ahead,percent,6.8088169170567e-11,Bin,3.8,3.9
Utah,3 wk ahead,percent,6.8088169170567e-11,Bin,3.9,4.0
Utah,3 wk ahead,percent,6.8088169170567e-11,Bin,4.0,4.1
Utah,3 wk ahead,percent,6.8088169170567e-11,Bin,4.1,4.2
Utah,3 wk ahead,percent,6.8088169170567e-11,Bin,4.2,4.3
Utah,3 wk ahead,percent,6.8088169170567e-11,Bin,4.3,4.4
Utah,3 wk ahead,percent,6.8088169170567e-11,Bin,4.4,4.5
Utah,3 wk ahead,percent,6.8088169170567e-11,Bin,4.5,4.6
Utah,3 wk ahead,percent,6.8088169170567e-11,Bin,4.6,4.7
Utah,3 wk ahead,percent,6.8088169170567e-11,Bin,4.7,4.8
Utah,3 wk ahead,percent,6.8088169170567e-11,Bin,4.8,4.9
Utah,3 wk ahead,percent,6.8088169170567e-11,Bin,4.9,5.0
Utah,3 wk ahead,percent,6.8088169170567e-11,Bin,5.0,5.1
Utah,3 wk ahead,percent,6.8088169170567e-11,Bin,5.1,5.2
Utah,3 wk ahead,percent,6.8088169170567e-11,Bin,5.2,5.3
Utah,3 wk ahead,percent,6.8088169170567e-11,Bin,5.3,5.4
Utah,3 wk ahead,percent,6.8088169170567e-11,Bin,5.4,5.5
Utah,3 wk ahead,percent,6.8088169170567e-11,Bin,5.5,5.6
Utah,3 wk ahead,percent,6.8088169170567e-11,Bin,5.6,5.7
Utah,3 wk ahead,percent,6.8088169170567e-11,Bin,5.7,5.8
Utah,3 wk ahead,percent,6.8088169170567e-11,Bin,5.8,5.9
Utah,3 wk ahead,percent,6.8088169170567e-11,Bin,5.9,6.0
Utah,3 wk ahead,percent,6.8088169170567e-11,Bin,6.0,6.1
Utah,3 wk ahead,percent,6.8088169170567e-11,Bin,6.1,6.2
Utah,3 wk ahead,percent,6.8088169170567e-11,Bin,6.2,6.3
Utah,3 wk ahead,percent,6.8088169170567e-11,Bin,6.3,6.4
Utah,3 wk ahead,percent,6.8088169170567e-11,Bin,6.4,6.5
Utah,3 wk ahead,percent,6.8088169170567e-11,Bin,6.5,6.6
Utah,3 wk ahead,percent,6.8088169170567e-11,Bin,6.6,6.7
Utah,3 wk ahead,percent,6.8088169170567e-11,Bin,6.7,6.8
Utah,3 wk ahead,percent,6.8088169170567e-11,Bin,6.8,6.9
Utah,3 wk ahead,percent,6.8088169170567e-11,Bin,6.9,7.0
Utah,3 wk ahead,percent,6.8088169170567e-11,Bin,7.0,7.1
Utah,3 wk ahead,percent,6.8088169170567e-11,Bin,7.1,7.2
Utah,3 wk ahead,percent,6.8088169170567e-11,Bin,7.2,7.3
Utah,3 wk ahead,percent,6.8088169170567e-11,Bin,7.3,7.4
Utah,3 wk ahead,percent,6.8088169170567e-11,Bin,7.4,7.5
Utah,3 wk ahead,percent,6.8088169170567e-11,Bin,7.5,7.6
Utah,3 wk ahead,percent,6.8088169170567e-11,Bin,7.6,7.7
Utah,3 wk ahead,percent,6.8088169170567e-11,Bin,7.7,7.8
Utah,3 wk ahead,percent,6.8088169170567e-11,Bin,7.8,7.9
Utah,3 wk ahead,percent,6.8088169170567e-11,Bin,7.9,8.0
Utah,3 wk ahead,percent,6.80881691705676e-11,Bin,8.0,8.1
Utah,3 wk ahead,percent,6.80881691705682e-11,Bin,8.1,8.2
Utah,3 wk ahead,percent,6.80881691705682e-11,Bin,8.2,8.3
Utah,3 wk ahead,percent,6.80881691705682e-11,Bin,8.3,8.4
Utah,3 wk ahead,percent,6.80881691705682e-11,Bin,8.4,8.5
Utah,3 wk ahead,percent,6.80881691705682e-11,Bin,8.5,8.6
Utah,3 wk ahead,percent,6.80881691705682e-11,Bin,8.6,8.7
Utah,3 wk ahead,percent,6.80881691705682e-11,Bin,8.7,8.8
Utah,3 wk ahead,percent,6.80881691705682e-11,Bin,8.8,8.9
Utah,3 wk ahead,percent,6.80881691705682e-11,Bin,8.9,9.0
Utah,3 wk ahead,percent,6.80881691705682e-11,Bin,9.0,9.1
Utah,3 wk ahead,percent,6.80881691705682e-11,Bin,9.1,9.2
Utah,3 wk ahead,percent,6.80881691705682e-11,Bin,9.2,9.3
Utah,3 wk ahead,percent,6.80881691705682e-11,Bin,9.3,9.4
Utah,3 wk ahead,percent,6.80881691705682e-11,Bin,9.4,9.5
Utah,3 wk ahead,percent,6.80881691705682e-11,Bin,9.5,9.6
Utah,3 wk ahead,percent,6.80881691705682e-11,Bin,9.6,9.7
Utah,3 wk ahead,percent,6.80881691705682e-11,Bin,9.7,9.8
Utah,3 wk ahead,percent,6.80881691705682e-11,Bin,9.8,9.9
Utah,3 wk ahead,percent,6.80881691705682e-11,Bin,9.9,10.0
Utah,3 wk ahead,percent,6.80881691705682e-11,Bin,10.0,10.1
Utah,3 wk ahead,percent,6.80881691705682e-11,Bin,10.1,10.2
Utah,3 wk ahead,percent,6.80881691705682e-11,Bin,10.2,10.3
Utah,3 wk ahead,percent,6.80881691705682e-11,Bin,10.3,10.4
Utah,3 wk ahead,percent,6.80881691705682e-11,Bin,10.4,10.5
Utah,3 wk ahead,percent,6.80881691705682e-11,Bin,10.5,10.6
Utah,3 wk ahead,percent,6.80881691705682e-11,Bin,10.6,10.7
Utah,3 wk ahead,percent,6.80881691705682e-11,Bin,10.7,10.8
Utah,3 wk ahead,percent,6.80881691705682e-11,Bin,10.8,10.9
Utah,3 wk ahead,percent,6.80881691705682e-11,Bin,10.9,11.0
Utah,3 wk ahead,percent,6.80881691705682e-11,Bin,11.0,11.1
Utah,3 wk ahead,percent,6.80881691705682e-11,Bin,11.1,11.2
Utah,3 wk ahead,percent,6.80881691705682e-11,Bin,11.2,11.3
Utah,3 wk ahead,percent,6.80881691705682e-11,Bin,11.3,11.4
Utah,3 wk ahead,percent,6.80881691705682e-11,Bin,11.4,11.5
Utah,3 wk ahead,percent,6.80881691705682e-11,Bin,11.5,11.6
Utah,3 wk ahead,percent,6.80881691705682e-11,Bin,11.6,11.7
Utah,3 wk ahead,percent,6.80881691705682e-11,Bin,11.7,11.8
Utah,3 wk ahead,percent,6.80881691705682e-11,Bin,11.8,11.9
Utah,3 wk ahead,percent,6.80881691705682e-11,Bin,11.9,12.0
Utah,3 wk ahead,percent,6.80881691705682e-11,Bin,12.0,12.1
Utah,3 wk ahead,percent,6.80881691705682e-11,Bin,12.1,12.2
Utah,3 wk ahead,percent,6.80881691705682e-11,Bin,12.2,12.3
Utah,3 wk ahead,percent,6.80881691705682e-11,Bin,12.3,12.4
Utah,3 wk ahead,percent,6.80881691705682e-11,Bin,12.4,12.5
Utah,3 wk ahead,percent,6.80881691705682e-11,Bin,12.5,12.6
Utah,3 wk ahead,percent,6.80881691705682e-11,Bin,12.6,12.7
Utah,3 wk ahead,percent,6.80881691705682e-11,Bin,12.7,12.8
Utah,3 wk ahead,percent,6.80881691705682e-11,Bin,12.8,12.9
Utah,3 wk ahead,percent,6.80881691705682e-11,Bin,12.9,13.0
Utah,3 wk ahead,percent,6.80881691705682e-11,Bin,13.0,100.0
Utah,4 wk ahead,percent,1.1059512333863e-09,Bin,0.0,0.1
Utah,4 wk ahead,percent,0.0040000032742308,Bin,0.1,0.2
Utah,4 wk ahead,percent,0.0220000023840179,Bin,0.2,0.3
Utah,4 wk ahead,percent,0.0180000053253985,Bin,0.3,0.4
Utah,4 wk ahead,percent,0.0180000057995716,Bin,0.4,0.5
Utah,4 wk ahead,percent,0.0419999996060686,Bin,0.5,0.6
Utah,4 wk ahead,percent,0.0659999921905576,Bin,0.6,0.7
Utah,4 wk ahead,percent,0.119999978165496,Bin,0.7,0.8
Utah,4 wk ahead,percent,0.123999975370949,Bin,0.8,0.9
Utah,4 wk ahead,percent,0.137999971662289,Bin,0.9,1.0
Utah,4 wk ahead,percent,0.0999999802393433,Bin,1.0,1.1
Utah,4 wk ahead,percent,0.0819999869171187,Bin,1.1,1.2
Utah,4 wk ahead,percent,0.0639999970784212,Bin,1.2,1.3
Utah,4 wk ahead,percent,0.0640000058210544,Bin,1.3,1.4
Utah,4 wk ahead,percent,0.0240000208095124,Bin,1.4,1.5
Utah,4 wk ahead,percent,0.0220000219376919,Bin,1.5,1.6
Utah,4 wk ahead,percent,0.0140000195297997,Bin,1.6,1.7
Utah,4 wk ahead,percent,0.0140000139705494,Bin,1.7,1.8
Utah,4 wk ahead,percent,0.0080000097413126,Bin,1.8,1.9
Utah,4 wk ahead,percent,0.0020000060229516,Bin,1.9,2.0
Utah,4 wk ahead,percent,0.0100000006978711,Bin,2.0,2.1
Utah,4 wk ahead,percent,0.00599999962742671,Bin,2.1,2.2
Utah,4 wk ahead,percent,0.00399999936259551,Bin,2.2,2.3
Utah,4 wk ahead,percent,0.007999998418648,Bin,2.3,2.4
Utah,4 wk ahead,percent,0.00999999799901948,Bin,2.4,2.5
Utah,4 wk ahead,percent,9.71620973769599e-11,Bin,2.5,2.6
Utah,4 wk ahead,percent,0.00199999967753357,Bin,2.6,2.7
Utah,4 wk ahead,percent,9.71620973769599e-11,Bin,2.7,2.8
Utah,4 wk ahead,percent,9.71620973769599e-11,Bin,2.8,2.9
Utah,4 wk ahead,percent,9.71620973769599e-11,Bin,2.9,3.0
Utah,4 wk ahead,percent,9.71620973769599e-11,Bin,3.0,3.1
Utah,4 wk ahead,percent,0.00199999967753357,Bin,3.1,3.2
Utah,4 wk ahead,percent,9.71620973769599e-11,Bin,3.2,3.3
Utah,4 wk ahead,percent,9.71620973769599e-11,Bin,3.3,3.4
Utah,4 wk ahead,percent,9.71620973769599e-11,Bin,3.4,3.5
Utah,4 wk ahead,percent,0.00199999967753357,Bin,3.5,3.6
Utah,4 wk ahead,percent,9.71620973769599e-11,Bin,3.6,3.7
Utah,4 wk ahead,percent,9.71620973769599e-11,Bin,3.7,3.8
Utah,4 wk ahead,percent,0.00199999967753357,Bin,3.8,3.9
Utah,4 wk ahead,percent,9.71620973769599e-11,Bin,3.9,4.0
Utah,4 wk ahead,percent,0.00199999967753357,Bin,4.0,4.1
Utah,4 wk ahead,percent,0.00199999967753357,Bin,4.1,4.2
Utah,4 wk ahead,percent,9.71620973769599e-11,Bin,4.2,4.3
Utah,4 wk ahead,percent,9.71620973769599e-11,Bin,4.3,4.4
Utah,4 wk ahead,percent,9.71620973769599e-11,Bin,4.4,4.5
Utah,4 wk ahead,percent,9.71620973769599e-11,Bin,4.5,4.6
Utah,4 wk ahead,percent,9.71620973769599e-11,Bin,4.6,4.7
Utah,4 wk ahead,percent,9.71620973769599e-11,Bin,4.7,4.8
Utah,4 wk ahead,percent,9.71620973769599e-11,Bin,4.8,4.9
Utah,4 wk ahead,percent,9.71620973769599e-11,Bin,4.9,5.0
Utah,4 wk ahead,percent,9.71620973769599e-11,Bin,5.0,5.1
Utah,4 wk ahead,percent,9.71620973769599e-11,Bin,5.1,5.2
Utah,4 wk ahead,percent,9.71620973769599e-11,Bin,5.2,5.3
Utah,4 wk ahead,percent,9.71620973769599e-11,Bin,5.3,5.4
Utah,4 wk ahead,percent,9.71620973769599e-11,Bin,5.4,5.5
Utah,4 wk ahead,percent,9.71620973769599e-11,Bin,5.5,5.6
Utah,4 wk ahead,percent,9.71620973769599e-11,Bin,5.6,5.7
Utah,4 wk ahead,percent,9.71620973769599e-11,Bin,5.7,5.8
Utah,4 wk ahead,percent,9.71620973769599e-11,Bin,5.8,5.9
Utah,4 wk ahead,percent,0.00199999967753357,Bin,5.9,6.0
Utah,4 wk ahead,percent,9.71620973769599e-11,Bin,6.0,6.1
Utah,4 wk ahead,percent,9.71620973769599e-11,Bin,6.1,6.2
Utah,4 wk ahead,percent,9.71620973769599e-11,Bin,6.2,6.3
Utah,4 wk ahead,percent,9.71620973769599e-11,Bin,6.3,6.4
Utah,4 wk ahead,percent,9.71620973769599e-11,Bin,6.4,6.5
Utah,4 wk ahead,percent,9.71620973769599e-11,Bin,6.5,6.6
Utah,4 wk ahead,percent,9.71620973769599e-11,Bin,6.6,6.7
Utah,4 wk ahead,percent,0.00199999967753357,Bin,6.7,6.8
Utah,4 wk ahead,percent,9.71620973769599e-11,Bin,6.8,6.9
Utah,4 wk ahead,percent,9.71620973769599e-11,Bin,6.9,7.0
Utah,4 wk ahead,percent,9.71620973769599e-11,Bin,7.0,7.1
Utah,4 wk ahead,percent,9.71620973769599e-11,Bin,7.1,7.2
Utah,4 wk ahead,percent,9.71620973769599e-11,Bin,7.2,7.3
Utah,4 wk ahead,percent,9.71620973769599e-11,Bin,7.3,7.4
Utah,4 wk ahead,percent,9.71620973769599e-11,Bin,7.4,7.5
Utah,4 wk ahead,percent,9.71620973769599e-11,Bin,7.5,7.6
Utah,4 wk ahead,percent,9.71620973769599e-11,Bin,7.6,7.7
Utah,4 wk ahead,percent,9.71620973769599e-11,Bin,7.7,7.8
Utah,4 wk ahead,percent,9.71620973769599e-11,Bin,7.8,7.9
Utah,4 wk ahead,percent,9.71620973769599e-11,Bin,7.9,8.0
Utah,4 wk ahead,percent,9.71620973769608e-11,Bin,8.0,8.1
Utah,4 wk ahead,percent,9.71620973769617e-11,Bin,8.1,8.2
Utah,4 wk ahead,percent,9.71620973769617e-11,Bin,8.2,8.3
Utah,4 wk ahead,percent,9.71620973769617e-11,Bin,8.3,8.4
Utah,4 wk ahead,percent,9.71620973769617e-11,Bin,8.4,8.5
Utah,4 wk ahead,percent,9.71620973769617e-11,Bin,8.5,8.6
Utah,4 wk ahead,percent,9.71620973769617e-11,Bin,8.6,8.7
Utah,4 wk ahead,percent,9.71620973769617e-11,Bin,8.7,8.8
Utah,4 wk ahead,percent,9.71620973769617e-11,Bin,8.8,8.9
Utah,4 wk ahead,percent,9.71620973769617e-11,Bin,8.9,9.0
Utah,4 wk ahead,percent,9.71620973769617e-11,Bin,9.0,9.1
Utah,4 wk ahead,percent,9.71620973769617e-11,Bin,9.1,9.2
Utah,4 wk ahead,percent,9.71620973769617e-11,Bin,9.2,9.3
Utah,4 wk ahead,percent,9.71620973769617e-11,Bin,9.3,9.4
Utah,4 wk ahead,percent,9.71620973769617e-11,Bin,9.4,9.5
Utah,4 wk ahead,percent,9.71620973769617e-11,Bin,9.5,9.6
Utah,4 wk ahead,percent,9.71620973769617e-11,Bin,9.6,9.7
Utah,4 wk ahead,percent,9.71620973769617e-11,Bin,9.7,9.8
Utah,4 wk ahead,percent,9.71620973769617e-11,Bin,9.8,9.9
Utah,4 wk ahead,percent,9.71620973769617e-11,Bin,9.9,10.0
Utah,4 wk ahead,percent,9.71620973769617e-11,Bin,10.0,10.1
Utah,4 wk ahead,percent,9.71620973769617e-11,Bin,10.1,10.2
Utah,4 wk ahead,percent,9.71620973769617e-11,Bin,10.2,10.3
Utah,4 wk ahead,percent,9.71620973769617e-11,Bin,10.3,10.4
Utah,4 wk ahead,percent,9.71620973769617e-11,Bin,10.4,10.5
Utah,4 wk ahead,percent,9.71620973769617e-11,Bin,10.5,10.6
Utah,4 wk ahead,percent,9.71620973769617e-11,Bin,10.6,10.7
Utah,4 wk ahead,percent,9.71620973769617e-11,Bin,10.7,10.8
Utah,4 wk ahead,percent,9.71620973769617e-11,Bin,10.8,10.9
Utah,4 wk ahead,percent,9.71620973769617e-11,Bin,10.9,11.0
Utah,4 wk ahead,percent,9.71620973769617e-11,Bin,11.0,11.1
Utah,4 wk ahead,percent,9.71620973769617e-11,Bin,11.1,11.2
Utah,4 wk ahead,percent,9.71620973769617e-11,Bin,11.2,11.3
Utah,4 wk ahead,percent,9.71620973769617e-11,Bin,11.3,11.4
Utah,4 wk ahead,percent,9.71620973769617e-11,Bin,11.4,11.5
Utah,4 wk ahead,percent,9.71620973769617e-11,Bin,11.5,11.6
Utah,4 wk ahead,percent,9.71620973769617e-11,Bin,11.6,11.7
Utah,4 wk ahead,percent,9.71620973769617e-11,Bin,11.7,11.8
Utah,4 wk ahead,percent,9.71620973769617e-11,Bin,11.8,11.9
Utah,4 wk ahead,percent,9.71620973769617e-11,Bin,11.9,12.0
Utah,4 wk ahead,percent,9.71620973769617e-11,Bin,12.0,12.1
Utah,4 wk ahead,percent,9.71620973769617e-11,Bin,12.1,12.2
Utah,4 wk ahead,percent,9.71620973769617e-11,Bin,12.2,12.3
Utah,4 wk ahead,percent,9.71620973769617e-11,Bin,12.3,12.4
Utah,4 wk ahead,percent,9.71620973769617e-11,Bin,12.4,12.5
Utah,4 wk ahead,percent,9.71620973769617e-11,Bin,12.5,12.6
Utah,4 wk ahead,percent,9.71620973769617e-11,Bin,12.6,12.7
Utah,4 wk ahead,percent,9.71620973769617e-11,Bin,12.7,12.8
Utah,4 wk ahead,percent,9.71620973769617e-11,Bin,12.8,12.9
Utah,4 wk ahead,percent,9.71620973769617e-11,Bin,12.9,13.0
Utah,4 wk ahead,percent,9.71620973769617e-11,Bin,13.0,100.0
Utah,Season peak percentage,percent,3.52837826837512e-14,Bin,0.0,0.1
Utah,Season peak percentage,percent,8.89499146013082e-14,Bin,0.1,0.2
Utah,Season peak percentage,percent,1.19637579188947e-13,Bin,0.2,0.3
Utah,Season peak percentage,percent,1.59383158767792e-13,Bin,0.3,0.4
Utah,Season peak percentage,percent,2.10305680506063e-13,Bin,0.4,0.5
Utah,Season peak percentage,percent,2.74865011208941e-13,Bin,0.5,0.6
Utah,Season peak percentage,percent,3.5595391678874e-13,Bin,0.6,0.7
Utah,Season peak percentage,percent,4.56638629566582e-13,Bin,0.7,0.8
Utah,Season peak percentage,percent,5.80514335194861e-13,Bin,0.8,0.9
Utah,Season peak percentage,percent,7.31409850664846e-13,Bin,0.9,1.0
Utah,Season peak percentage,percent,9.13271656493777e-13,Bin,1.0,1.1
Utah,Season peak percentage,percent,1.13048152959934e-12,Bin,1.1,1.2
Utah,Season peak percentage,percent,1.38725174515513e-12,Bin,1.2,1.3
Utah,Season peak percentage,percent,1.688033693835e-12,Bin,1.3,1.4
Utah,Season peak percentage,percent,2.03697502524886e-12,Bin,1.4,1.5
Utah,Season peak percentage,percent,2.43787384173791e-12,Bin,1.5,1.6
Utah,Season peak percentage,percent,2.89454021242185e-12,Bin,1.6,1.7
Utah,Season peak percentage,percent,3.40954667782365e-12,Bin,1.7,1.8
Utah,Season peak percentage,percent,3.98527304969154e-12,Bin,1.8,1.9
Utah,Season peak percentage,percent,4.62303327263493e-12,Bin,1.9,2.0
Utah,Season peak percentage,percent,5.32283071759392e-12,Bin,2.0,2.1
Utah,Season peak percentage,percent,6.08387143928439e-12,Bin,2.1,2.2
Utah,Season peak percentage,percent,6.90361641459615e-12,Bin,2.2,2.3
Utah,Season peak percentage,percent,7.77843443448967e-12,Bin,2.3,2.4
Utah,Season peak percentage,percent,8.70293120716594e-12,Bin,2.4,2.5
Utah,Season peak percentage,percent,9.67003204156915e-12,Bin,2.5,2.6
Utah,Season peak percentage,percent,1.06714478545034e-11,Bin,2.6,2.7
Utah,Season peak percentage,percent,1.16969358229089e-11,Bin,2.7,2.8
Utah,Season peak percentage,percent,1.27351302612843e-11,Bin,2.8,2.9
Utah,Season peak percentage,percent,1.37733148548075e-11,Bin,2.9,3.0
Utah,Season peak percentage,percent,0.961999999156578,Bin,3.0,3.1
Utah,Season peak percentage,percent,0.00200000001401034,Bin,3.1,3.2
Utah,Season peak percentage,percent,0.00200000001496477,Bin,3.2,3.3
Utah,Season peak percentage,percent,0.00400000001407846,Bin,3.3,3.4
Utah,Season peak percentage,percent,1.84747898915192e-11,Bin,3.4,3.5
Utah,Season peak percentage,percent,0.00400000001565236,Bin,3.5,3.6
Utah,Season peak percentage,percent,1.9874201164183e-11,Bin,3.6,3.7
Utah,Season peak percentage,percent,2.04269896571744e-11,Bin,3.7,3.8
Utah,Season peak percentage,percent,0.00400000001730515,Bin,3.8,3.9
Utah,Season peak percentage,percent,0.0100000000122898,Bin,3.9,4.0
Utah,Season peak percentage,percent,0.0020000000196554,Bin,4.0,4.1
Utah,Season peak percentage,percent,0.00200000001977776,Bin,4.1,4.2
Utah,Season peak percentage,percent,2.15841273194247e-11,Bin,4.2,4.3
Utah,Season peak percentage,percent,2.15136130240665e-11,Bin,4.3,4.4
Utah,Season peak percentage,percent,0.00200000001957586,Bin,4.4,4.5
Utah,Season peak percentage,percent,2.11349152033392e-11,Bin,4.5,4.6
Utah,Season peak percentage,percent,2.08492367182457e-11,Bin,4.6,4.7
Utah,Season peak percentage,percent,2.05148593719005e-11,Bin,4.7,4.8
Utah,Season peak percentage,percent,2.01428111590782e-11,Bin,4.8,4.9
Utah,Season peak percentage,percent,1.97429310845908e-11,Bin,4.9,5.0
Utah,Season peak percentage,percent,1.93237604139043e-11,Bin,5.0,5.1
Utah,Season peak percentage,percent,1.88919607438024e-11,Bin,5.1,5.2
Utah,Season peak percentage,percent,1.84524378967427e-11,Bin,5.2,5.3
Utah,Season peak percentage,percent,1.80081884496025e-11,Bin,5.3,5.4
Utah,Season peak percentage,percent,0.00200000001577629,Bin,5.4,5.5
Utah,Season peak percentage,percent,1.71093453770892e-11,Bin,5.5,5.6
Utah,Season peak percentage,percent,1.66533257610237e-11,Bin,5.6,5.7
Utah,Season peak percentage,percent,1.61903749501359e-11,Bin,5.7,5.8
Utah,Season peak percentage,percent,1.5717988499071e-11,Bin,5.8,5.9
Utah,Season peak percentage,percent,0.00200000001344923,Bin,5.9,6.0
Utah,Season peak percentage,percent,1.47343853066666e-11,Bin,6.0,6.1
Utah,Season peak percentage,percent,1.42186391922251e-11,Bin,6.1,6.2
Utah,Season peak percentage,percent,1.36848084057001e-11,Bin,6.2,6.3
Utah,Season peak percentage,percent,1.31321405904684e-11,Bin,6.3,6.4
Utah,Season peak percentage,percent,1.25605848484618e-11,Bin,6.4,6.5
Utah,Season peak percentage,percent,1.19710446873315e-11,Bin,6.5,6.6
Utah,Season peak percentage,percent,1.13649749957368e-11,Bin,6.6,6.7
Utah,Season peak percentage,percent,0.00200000000896041,Bin,6.7,6.8
Utah,Season peak percentage,percent,1.01129624881728e-11,Bin,6.8,6.9
Utah,Season peak percentage,percent,9.47329650097366e-12,Bin,6.9,7.0
Utah,Season peak percentage,percent,8.82952457764539e-12,Bin,7.0,7.1
Utah,Season peak percentage,percent,8.18583040227421e-12,Bin,7.1,7.2
Utah,Season peak percentage,percent,7.54665843982322e-12,Bin,7.2,7.3
Utah,Season peak percentage,percent,6.91652464993692e-12,Bin,7.3,7.4
Utah,Season peak percentage,percent,6.30006187336411e-12,Bin,7.4,7.5
Utah,Season peak percentage,percent,5.70161725863071e-12,Bin,7.5,7.6
Utah,Season peak percentage,percent,5.12544952393185e-12,Bin,7.6,7.7
Utah,Season peak percentage,percent,4.57543992126237e-12,Bin,7.7,7.8
Utah,Season peak percentage,percent,4.05489047733827e-12,Bin,7.8,7.9
Utah,Season peak percentage,percent,3.56673935496902e-12,Bin,7.9,8.0
Utah,Season peak percentage,percent,3.11308672646104e-12,Bin,8.0,8.1
Utah,Season peak percentage,percent,2.69558549123133e-12,Bin,8.1,8.2
Utah,Season peak percentage,percent,2.31506439249805e-12,Bin,8.2,8.3
Utah,Season peak percentage,percent,1.97154298118388e-12,Bin,8.3,8.4
Utah,Season peak percentage,percent,1.66474500869737e-12,Bin,8.4,8.5
Utah,Season peak percentage,percent,1.39336295688267e-12,Bin,8.5,8.6
Utah,Season peak percentage,percent,1.15585240527264e-12,Bin,8.6,8.7
Utah,Season peak percentage,percent,9.50197598759522e-13,Bin,8.7,8.8
Utah,Season peak percentage,percent,7.73926842870298e-13,Bin,8.8,8.9
Utah,Season peak percentage,percent,6.24533268885965e-13,Bin,8.9,9.0
Utah,Season peak percentage,percent,4.99186325408701e-13,Bin,9.0,9.1
Utah,Season peak percentage,percent,3.95220910439287e-13,Bin,9.1,9.2
Utah,Season peak percentage,percent,3.09922736744556e-13,Bin,9.2,9.3
Utah,Season peak percentage,percent,2.40637874560929e-13,Bin,9.3,9.4
Utah,Season peak percentage,percent,1.85044778671993e-13,Bin,9.4,9.5
Utah,Season peak percentage,percent,1.40884978436106e-13,Bin,9.5,9.6
Utah,Season peak percentage,percent,1.06197032988467e-13,Bin,9.6,9.7
Utah,Season peak percentage,percent,7.92592317385121e-14,Bin,9.7,9.8
Utah,Season peak percentage,percent,5.91101045096822e-14,Bin,9.8,9.9
Utah,Season peak percentage,percent,5.41733932029547e-14,Bin,9.9,10.0
Utah,Season peak percentage,percent,5.41733932029547e-14,Bin,10.0,10.1
Utah,Season peak percentage,percent,5.41733932029547e-14,Bin,10.1,10.2
Utah,Season peak percentage,percent,5.41733932029547e-14,Bin,10.2,10.3
Utah,Season peak percentage,percent,5.41733932029547e-14,Bin,10.3,10.4
Utah,Season peak percentage,percent,5.41733932029547e-14,Bin,10.4,10.5
Utah,Season peak percentage,percent,5.41733932029547e-14,Bin,10.5,10.6
Utah,Season peak percentage,percent,5.41733932029547e-14,Bin,10.6,10.7
Utah,Season peak percentage,percent,5.41733932029547e-14,Bin,10.7,10.8
Utah,Season peak percentage,percent,5.41733932029547e-14,Bin,10.8,10.9
Utah,Season peak percentage,percent,5.41733932029547e-14,Bin,10.9,11.0
Utah,Season peak percentage,percent,5.41733932029547e-14,Bin,11.0,11.1
Utah,Season peak percentage,percent,5.41733932029547e-14,Bin,11.1,11.2
Utah,Season peak percentage,percent,5.41733932029547e-14,Bin,11.2,11.3
Utah,Season peak percentage,percent,5.41733932029547e-14,Bin,11.3,11.4
Utah,Season peak percentage,percent,5.41733932029547e-14,Bin,11.4,11.5
Utah,Season peak percentage,percent,5.41733932029547e-14,Bin,11.5,11.6
Utah,Season peak percentage,percent,5.41733932029547e-14,Bin,11.6,11.7
Utah,Season peak percentage,percent,5.41733932029547e-14,Bin,11.7,11.8
Utah,Season peak percentage,percent,5.41733932029547e-14,Bin,11.8,11.9
Utah,Season peak percentage,percent,5.41733932029547e-14,Bin,11.9,12.0
Utah,Season peak percentage,percent,5.41733932029547e-14,Bin,12.0,12.1
Utah,Season peak percentage,percent,5.41733932029547e-14,Bin,12.1,12.2
Utah,Season peak percentage,percent,5.41733932029547e-14,Bin,12.2,12.3
Utah,Season peak percentage,percent,5.41733932029547e-14,Bin,12.3,12.4
Utah,Season peak percentage,percent,5.41733932029547e-14,Bin,12.4,12.5
Utah,Season peak percentage,percent,5.41733932029547e-14,Bin,12.5,12.6
Utah,Season peak percentage,percent,5.41733932029547e-14,Bin,12.6,12.7
Utah,Season peak percentage,percent,5.41733932029547e-14,Bin,12.7,12.8
Utah,Season peak percentage,percent,5.41733932029547e-14,Bin,12.8,12.9
Utah,Season peak percentage,percent,5.41733932029547e-14,Bin,12.9,13.0
Utah,Season peak percentage,percent,5.41733932029547e-14,Bin,13.0,100.0
Utah,Season peak week,week,0.000135590838040279,Bin,40.0,41.0
Utah,Season peak week,week,0.000135590838040279,Bin,41.0,42.0
Utah,Season peak week,week,0.000135590838040279,Bin,42.0,43.0
Utah,Season peak week,week,0.000135590838040279,Bin,43.0,44.0
Utah,Season peak week,week,0.000135590838040279,Bin,44.0,45.0
Utah,Season peak week,week,0.000135590838040279,Bin,45.0,46.0
Utah,Season peak week,week,0.000135590838040279,Bin,46.0,47.0
Utah,Season peak week,week,0.000135590838040279,Bin,47.0,48.0
Utah,Season peak week,week,0.000135590838040279,Bin,48.0,49.0
Utah,Season peak week,week,0.000381751294005229,Bin,49.0,50.0
Utah,Season peak week,week,0.00254024418203196,Bin,50.0,51.0
Utah,Season peak week,week,0.00796177548122135,Bin,51.0,52.0
Utah,Season peak week,week,0.0116456499440401,Bin,52.0,53.0
Utah,Season peak week,week,0.00796206870544486,Bin,1.0,2.0
Utah,Season peak week,week,0.00254677475645887,Bin,2.0,3.0
Utah,Season peak week,week,0.000470871650281682,Bin,3.0,4.0
Utah,Season peak week,week,0.000667149472063409,Bin,4.0,5.0
Utah,Season peak week,week,0.00208545800898837,Bin,5.0,6.0
Utah,Season peak week,week,0.00354692934694433,Bin,6.0,7.0
Utah,Season peak week,week,0.00398741887759823,Bin,7.0,8.0
Utah,Season peak week,week,0.924549597434204,Bin,8.0,9.0
Utah,Season peak week,week,0.00271963868893103,Bin,9.0,10.0
Utah,Season peak week,week,0.00263191889516684,Bin,10.0,11.0
Utah,Season peak week,week,0.00300573195069294,Bin,11.0,12.0
Utah,Season peak week,week,0.00199689046363533,Bin,12.0,13.0
Utah,Season peak week,week,0.000635263813367166,Bin,13.0,14.0
Utah,Season peak week,week,9.5442969307845e-05,Bin,14.0,15.0
Utah,Season peak week,week,3.38979991666193e-05,Bin,15.0,16.0
Utah,Season peak week,week,3.38979991666193e-05,Bin,16.0,17.0
Utah,Season peak week,week,3.38979991666193e-05,Bin,17.0,18.0
Utah,Season peak week,week,0.00960675726329366,Bin,18.0,19.0
Utah,Season peak week,week,0.00769218541046825,Bin,19.0,20.0
Utah,Season peak week,week,0.00194846985199203,Bin,20.0,21.0
Vermont,1 wk ahead,percent,1.95287315324842e-11,Bin,0.0,0.1
Vermont,1 wk ahead,percent,3.90574630649684e-11,Bin,0.1,0.2
Vermont,1 wk ahead,percent,3.90574630649684e-11,Bin,0.2,0.3
Vermont,1 wk ahead,percent,0.00199999990131446,Bin,0.3,0.4
Vermont,1 wk ahead,percent,0.00799999948808547,Bin,0.4,0.5
Vermont,1 wk ahead,percent,0.00399999976357146,Bin,0.5,0.6
Vermont,1 wk ahead,percent,3.90574630649684e-11,Bin,0.6,0.7
Vermont,1 wk ahead,percent,7.24219654048919e-11,Bin,0.7,0.8
Vermont,1 wk ahead,percent,0.00600000007459636,Bin,0.8,0.9
Vermont,1 wk ahead,percent,0.0100000010829534,Bin,0.9,1.0
Vermont,1 wk ahead,percent,0.0200000019093669,Bin,1.0,1.1
Vermont,1 wk ahead,percent,0.0160000024429073,Bin,1.1,1.2
Vermont,1 wk ahead,percent,0.024000002336957,Bin,1.2,1.3
Vermont,1 wk ahead,percent,0.0580000026977928,Bin,1.3,1.4
Vermont,1 wk ahead,percent,0.0360000071175245,Bin,1.4,1.5
Vermont,1 wk ahead,percent,0.0740000045778898,Bin,1.5,1.6
Vermont,1 wk ahead,percent,0.0760000011722275,Bin,1.6,1.7
Vermont,1 wk ahead,percent,0.0779999976719023,Bin,1.7,1.8
Vermont,1 wk ahead,percent,0.0999999955726071,Bin,1.8,1.9
Vermont,1 wk ahead,percent,0.0899999967104839,Bin,1.9,2.0
Vermont,1 wk ahead,percent,0.0939999956680106,Bin,2.0,2.1
Vermont,1 wk ahead,percent,0.0539999975726555,Bin,2.1,2.2
Vermont,1 wk ahead,percent,0.0379999992550839,Bin,2.2,2.3
Vermont,1 wk ahead,percent,0.0360000002877802,Bin,2.3,2.4
Vermont,1 wk ahead,percent,0.0260000004061192,Bin,2.4,2.5
Vermont,1 wk ahead,percent,0.0199999995024651,Bin,2.5,2.6
Vermont,1 wk ahead,percent,0.0119999993502525,Bin,2.6,2.7
Vermont,1 wk ahead,percent,0.00399999975820932,Bin,2.7,2.8
Vermont,1 wk ahead,percent,0.0099999993435323,Bin,2.8,2.9
Vermont,1 wk ahead,percent,0.00199999989450429,Bin,2.9,3.0
Vermont,1 wk ahead,percent,0.0279999981038453,Bin,3.0,3.1
Vermont,1 wk ahead,percent,0.0039999997567613,Bin,3.1,3.2
Vermont,1 wk ahead,percent,0.0099999993435323,Bin,3.2,3.3
Vermont,1 wk ahead,percent,0.0039999997567613,Bin,3.3,3.4
Vermont,1 wk ahead,percent,0.00199999989450429,Bin,3.4,3.5
Vermont,1 wk ahead,percent,0.0159999989303033,Bin,3.5,3.6
Vermont,1 wk ahead,percent,0.0039999997567613,Bin,3.6,3.7
Vermont,1 wk ahead,percent,3.2247294800353e-11,Bin,3.7,3.8
Vermont,1 wk ahead,percent,0.0039999997567613,Bin,3.8,3.9
Vermont,1 wk ahead,percent,0.0059999996190183,Bin,3.9,4.0
Vermont,1 wk ahead,percent,0.0059999996190183,Bin,4.0,4.1
Vermont,1 wk ahead,percent,3.2247294800353e-11,Bin,4.1,4.2
Vermont,1 wk ahead,percent,3.2247294800353e-11,Bin,4.2,4.3
Vermont,1 wk ahead,percent,3.2247294800353e-11,Bin,4.3,4.4
Vermont,1 wk ahead,percent,3.2247294800353e-11,Bin,4.4,4.5
Vermont,1 wk ahead,percent,3.2247294800353e-11,Bin,4.5,4.6
Vermont,1 wk ahead,percent,3.2247294800353e-11,Bin,4.6,4.7
Vermont,1 wk ahead,percent,3.2247294800353e-11,Bin,4.7,4.8
Vermont,1 wk ahead,percent,3.2247294800353e-11,Bin,4.8,4.9
Vermont,1 wk ahead,percent,0.0099999993435323,Bin,4.9,5.0
Vermont,1 wk ahead,percent,3.2247294800353e-11,Bin,5.0,5.1
Vermont,1 wk ahead,percent,3.2247294800353e-11,Bin,5.1,5.2
Vermont,1 wk ahead,percent,3.2247294800353e-11,Bin,5.2,5.3
Vermont,1 wk ahead,percent,3.2247294800353e-11,Bin,5.3,5.4
Vermont,1 wk ahead,percent,0.00199999989450429,Bin,5.4,5.5
Vermont,1 wk ahead,percent,3.2247294800353e-11,Bin,5.5,5.6
Vermont,1 wk ahead,percent,3.2247294800353e-11,Bin,5.6,5.7
Vermont,1 wk ahead,percent,3.2247294800353e-11,Bin,5.7,5.8
Vermont,1 wk ahead,percent,3.2247294800353e-11,Bin,5.8,5.9
Vermont,1 wk ahead,percent,3.2247294800353e-11,Bin,5.9,6.0
Vermont,1 wk ahead,percent,3.2247294800353e-11,Bin,6.0,6.1
Vermont,1 wk ahead,percent,3.2247294800353e-11,Bin,6.1,6.2
Vermont,1 wk ahead,percent,3.2247294800353e-11,Bin,6.2,6.3
Vermont,1 wk ahead,percent,3.2247294800353e-11,Bin,6.3,6.4
Vermont,1 wk ahead,percent,3.2247294800353e-11,Bin,6.4,6.5
Vermont,1 wk ahead,percent,3.2247294800353e-11,Bin,6.5,6.6
Vermont,1 wk ahead,percent,3.2247294800353e-11,Bin,6.6,6.7
Vermont,1 wk ahead,percent,3.2247294800353e-11,Bin,6.7,6.8
Vermont,1 wk ahead,percent,3.2247294800353e-11,Bin,6.8,6.9
Vermont,1 wk ahead,percent,3.2247294800353e-11,Bin,6.9,7.0
Vermont,1 wk ahead,percent,3.2247294800353e-11,Bin,7.0,7.1
Vermont,1 wk ahead,percent,3.2247294800353e-11,Bin,7.1,7.2
Vermont,1 wk ahead,percent,3.2247294800353e-11,Bin,7.2,7.3
Vermont,1 wk ahead,percent,3.2247294800353e-11,Bin,7.3,7.4
Vermont,1 wk ahead,percent,3.2247294800353e-11,Bin,7.4,7.5
Vermont,1 wk ahead,percent,3.2247294800353e-11,Bin,7.5,7.6
Vermont,1 wk ahead,percent,3.2247294800353e-11,Bin,7.6,7.7
Vermont,1 wk ahead,percent,3.2247294800353e-11,Bin,7.7,7.8
Vermont,1 wk ahead,percent,3.2247294800353e-11,Bin,7.8,7.9
Vermont,1 wk ahead,percent,3.2247294800353e-11,Bin,7.9,8.0
Vermont,1 wk ahead,percent,3.22472948003533e-11,Bin,8.0,8.1
Vermont,1 wk ahead,percent,3.22472948003536e-11,Bin,8.1,8.2
Vermont,1 wk ahead,percent,3.22472948003536e-11,Bin,8.2,8.3
Vermont,1 wk ahead,percent,3.22472948003536e-11,Bin,8.3,8.4
Vermont,1 wk ahead,percent,3.22472948003536e-11,Bin,8.4,8.5
Vermont,1 wk ahead,percent,3.22472948003536e-11,Bin,8.5,8.6
Vermont,1 wk ahead,percent,3.22472948003536e-11,Bin,8.6,8.7
Vermont,1 wk ahead,percent,3.22472948003536e-11,Bin,8.7,8.8
Vermont,1 wk ahead,percent,3.22472948003536e-11,Bin,8.8,8.9
Vermont,1 wk ahead,percent,3.22472948003536e-11,Bin,8.9,9.0
Vermont,1 wk ahead,percent,3.22472948003536e-11,Bin,9.0,9.1
Vermont,1 wk ahead,percent,3.22472948003536e-11,Bin,9.1,9.2
Vermont,1 wk ahead,percent,3.22472948003536e-11,Bin,9.2,9.3
Vermont,1 wk ahead,percent,3.22472948003536e-11,Bin,9.3,9.4
Vermont,1 wk ahead,percent,3.22472948003536e-11,Bin,9.4,9.5
Vermont,1 wk ahead,percent,3.22472948003536e-11,Bin,9.5,9.6
Vermont,1 wk ahead,percent,3.22472948003536e-11,Bin,9.6,9.7
Vermont,1 wk ahead,percent,3.22472948003536e-11,Bin,9.7,9.8
Vermont,1 wk ahead,percent,3.22472948003536e-11,Bin,9.8,9.9
Vermont,1 wk ahead,percent,3.22472948003536e-11,Bin,9.9,10.0
Vermont,1 wk ahead,percent,3.22472948003536e-11,Bin,10.0,10.1
Vermont,1 wk ahead,percent,3.22472948003536e-11,Bin,10.1,10.2
Vermont,1 wk ahead,percent,3.22472948003536e-11,Bin,10.2,10.3
Vermont,1 wk ahead,percent,3.22472948003536e-11,Bin,10.3,10.4
Vermont,1 wk ahead,percent,3.22472948003536e-11,Bin,10.4,10.5
Vermont,1 wk ahead,percent,3.22472948003536e-11,Bin,10.5,10.6
Vermont,1 wk ahead,percent,3.22472948003536e-11,Bin,10.6,10.7
Vermont,1 wk ahead,percent,3.22472948003536e-11,Bin,10.7,10.8
Vermont,1 wk ahead,percent,3.22472948003536e-11,Bin,10.8,10.9
Vermont,1 wk ahead,percent,3.22472948003536e-11,Bin,10.9,11.0
Vermont,1 wk ahead,percent,3.22472948003536e-11,Bin,11.0,11.1
Vermont,1 wk ahead,percent,3.22472948003536e-11,Bin,11.1,11.2
Vermont,1 wk ahead,percent,3.22472948003536e-11,Bin,11.2,11.3
Vermont,1 wk ahead,percent,3.22472948003536e-11,Bin,11.3,11.4
Vermont,1 wk ahead,percent,3.22472948003536e-11,Bin,11.4,11.5
Vermont,1 wk ahead,percent,3.22472948003536e-11,Bin,11.5,11.6
Vermont,1 wk ahead,percent,3.22472948003536e-11,Bin,11.6,11.7
Vermont,1 wk ahead,percent,3.22472948003536e-11,Bin,11.7,11.8
Vermont,1 wk ahead,percent,3.22472948003536e-11,Bin,11.8,11.9
Vermont,1 wk ahead,percent,3.22472948003536e-11,Bin,11.9,12.0
Vermont,1 wk ahead,percent,3.22472948003536e-11,Bin,12.0,12.1
Vermont,1 wk ahead,percent,3.22472948003536e-11,Bin,12.1,12.2
Vermont,1 wk ahead,percent,3.22472948003536e-11,Bin,12.2,12.3
Vermont,1 wk ahead,percent,3.22472948003536e-11,Bin,12.3,12.4
Vermont,1 wk ahead,percent,3.22472948003536e-11,Bin,12.4,12.5
Vermont,1 wk ahead,percent,3.22472948003536e-11,Bin,12.5,12.6
Vermont,1 wk ahead,percent,3.22472948003536e-11,Bin,12.6,12.7
Vermont,1 wk ahead,percent,3.22472948003536e-11,Bin,12.7,12.8
Vermont,1 wk ahead,percent,3.22472948003536e-11,Bin,12.8,12.9
Vermont,1 wk ahead,percent,3.22472948003536e-11,Bin,12.9,13.0
Vermont,1 wk ahead,percent,0.0059999996190183,Bin,13.0,100.0
Vermont,2 wk ahead,percent,7.01656744314741e-11,Bin,0.0,0.1
Vermont,2 wk ahead,percent,2.46832626085062e-10,Bin,0.1,0.2
Vermont,2 wk ahead,percent,4.66420786448791e-10,Bin,0.2,0.3
Vermont,2 wk ahead,percent,0.004000000496578,Bin,0.3,0.4
Vermont,2 wk ahead,percent,0.00800000062212434,Bin,0.4,0.5
Vermont,2 wk ahead,percent,0.00200000153525315,Bin,0.5,0.6
Vermont,2 wk ahead,percent,0.0100000013887071,Bin,0.6,0.7
Vermont,2 wk ahead,percent,0.0160000012846567,Bin,0.7,0.8
Vermont,2 wk ahead,percent,0.0379999998452044,Bin,0.8,0.9
Vermont,2 wk ahead,percent,0.0220000010692393,Bin,0.9,1.0
Vermont,2 wk ahead,percent,0.0379999998678228,Bin,1.0,1.1
Vermont,2 wk ahead,percent,0.0659999978411422,Bin,1.1,1.2
Vermont,2 wk ahead,percent,0.0959999958402404,Bin,1.2,1.3
Vermont,2 wk ahead,percent,0.0799999974522816,Bin,1.3,1.4
Vermont,2 wk ahead,percent,0.0779999981910868,Bin,1.4,1.5
Vermont,2 wk ahead,percent,0.0879999980725374,Bin,1.5,1.6
Vermont,2 wk ahead,percent,0.0660000001972113,Bin,1.6,1.7
Vermont,2 wk ahead,percent,0.0700000001736752,Bin,1.7,1.8
Vermont,2 wk ahead,percent,0.0520000014979602,Bin,1.8,1.9
Vermont,2 wk ahead,percent,0.0380000022496971,Bin,1.9,2.0
Vermont,2 wk ahead,percent,0.0400000015716769,Bin,2.0,2.1
Vermont,2 wk ahead,percent,0.0460000004047289,Bin,2.1,2.2
Vermont,2 wk ahead,percent,0.0260000010489247,Bin,2.2,2.3
Vermont,2 wk ahead,percent,0.0100000013960936,Bin,2.3,2.4
Vermont,2 wk ahead,percent,0.0180000000715081,Bin,2.4,2.5
Vermont,2 wk ahead,percent,0.0159999996515275,Bin,2.5,2.6
Vermont,2 wk ahead,percent,0.00799999985587847,Bin,2.6,2.7
Vermont,2 wk ahead,percent,0.00799999962430496,Bin,2.7,2.8
Vermont,2 wk ahead,percent,0.00399999979735484,Bin,2.8,2.9
Vermont,2 wk ahead,percent,0.00999999929732097,Bin,2.9,3.0
Vermont,2 wk ahead,percent,0.00399999972419012,Bin,3.0,3.1
Vermont,2 wk ahead,percent,0.0139999989857708,Bin,3.1,3.2
Vermont,2 wk ahead,percent,0.00199999987185515,Bin,3.2,3.3
Vermont,2 wk ahead,percent,1.95358718099138e-11,Bin,3.3,3.4
Vermont,2 wk ahead,percent,0.00999999928113227,Bin,3.4,3.5
Vermont,2 wk ahead,percent,0.00199999987185515,Bin,3.5,3.6
Vermont,2 wk ahead,percent,1.95358718099138e-11,Bin,3.6,3.7
Vermont,2 wk ahead,percent,0.00199999987185515,Bin,3.7,3.8
Vermont,2 wk ahead,percent,1.95358718099138e-11,Bin,3.8,3.9
Vermont,2 wk ahead,percent,1.95358718099138e-11,Bin,3.9,4.0
Vermont,2 wk ahead,percent,1.95358718099138e-11,Bin,4.0,4.1
Vermont,2 wk ahead,percent,1.95358718099138e-11,Bin,4.1,4.2
Vermont,2 wk ahead,percent,1.95358718099138e-11,Bin,4.2,4.3
Vermont,2 wk ahead,percent,1.95358718099138e-11,Bin,4.3,4.4
Vermont,2 wk ahead,percent,1.95358718099138e-11,Bin,4.4,4.5
Vermont,2 wk ahead,percent,1.95358718099138e-11,Bin,4.5,4.6
Vermont,2 wk ahead,percent,1.95358718099138e-11,Bin,4.6,4.7
Vermont,2 wk ahead,percent,1.95358718099138e-11,Bin,4.7,4.8
Vermont,2 wk ahead,percent,1.95358718099138e-11,Bin,4.8,4.9
Vermont,2 wk ahead,percent,1.95358718099138e-11,Bin,4.9,5.0
Vermont,2 wk ahead,percent,1.95358718099138e-11,Bin,5.0,5.1
Vermont,2 wk ahead,percent,1.95358718099138e-11,Bin,5.1,5.2
Vermont,2 wk ahead,percent,1.95358718099138e-11,Bin,5.2,5.3
Vermont,2 wk ahead,percent,1.95358718099138e-11,Bin,5.3,5.4
Vermont,2 wk ahead,percent,1.95358718099138e-11,Bin,5.4,5.5
Vermont,2 wk ahead,percent,1.95358718099138e-11,Bin,5.5,5.6
Vermont,2 wk ahead,percent,1.95358718099138e-11,Bin,5.6,5.7
Vermont,2 wk ahead,percent,1.95358718099138e-11,Bin,5.7,5.8
Vermont,2 wk ahead,percent,1.95358718099138e-11,Bin,5.8,5.9
Vermont,2 wk ahead,percent,1.95358718099138e-11,Bin,5.9,6.0
Vermont,2 wk ahead,percent,1.95358718099138e-11,Bin,6.0,6.1
Vermont,2 wk ahead,percent,1.95358718099138e-11,Bin,6.1,6.2
Vermont,2 wk ahead,percent,1.95358718099138e-11,Bin,6.2,6.3
Vermont,2 wk ahead,percent,0.00199999987185515,Bin,6.3,6.4
Vermont,2 wk ahead,percent,1.95358718099138e-11,Bin,6.4,6.5
Vermont,2 wk ahead,percent,1.95358718099138e-11,Bin,6.5,6.6
Vermont,2 wk ahead,percent,1.95358718099138e-11,Bin,6.6,6.7
Vermont,2 wk ahead,percent,1.95358718099138e-11,Bin,6.7,6.8
Vermont,2 wk ahead,percent,1.95358718099138e-11,Bin,6.8,6.9
Vermont,2 wk ahead,percent,1.95358718099138e-11,Bin,6.9,7.0
Vermont,2 wk ahead,percent,1.95358718099138e-11,Bin,7.0,7.1
Vermont,2 wk ahead,percent,1.95358718099138e-11,Bin,7.1,7.2
Vermont,2 wk ahead,percent,1.95358718099138e-11,Bin,7.2,7.3
Vermont,2 wk ahead,percent,1.95358718099138e-11,Bin,7.3,7.4
Vermont,2 wk ahead,percent,1.95358718099138e-11,Bin,7.4,7.5
Vermont,2 wk ahead,percent,1.95358718099138e-11,Bin,7.5,7.6
Vermont,2 wk ahead,percent,1.95358718099138e-11,Bin,7.6,7.7
Vermont,2 wk ahead,percent,1.95358718099138e-11,Bin,7.7,7.8
Vermont,2 wk ahead,percent,1.95358718099138e-11,Bin,7.8,7.9
Vermont,2 wk ahead,percent,1.95358718099138e-11,Bin,7.9,8.0
Vermont,2 wk ahead,percent,1.9535871809914e-11,Bin,8.0,8.1
Vermont,2 wk ahead,percent,1.95358718099142e-11,Bin,8.1,8.2
Vermont,2 wk ahead,percent,1.95358718099142e-11,Bin,8.2,8.3
Vermont,2 wk ahead,percent,1.95358718099142e-11,Bin,8.3,8.4
Vermont,2 wk ahead,percent,1.95358718099142e-11,Bin,8.4,8.5
Vermont,2 wk ahead,percent,1.95358718099142e-11,Bin,8.5,8.6
Vermont,2 wk ahead,percent,1.95358718099142e-11,Bin,8.6,8.7
Vermont,2 wk ahead,percent,1.95358718099142e-11,Bin,8.7,8.8
Vermont,2 wk ahead,percent,1.95358718099142e-11,Bin,8.8,8.9
Vermont,2 wk ahead,percent,1.95358718099142e-11,Bin,8.9,9.0
Vermont,2 wk ahead,percent,1.95358718099142e-11,Bin,9.0,9.1
Vermont,2 wk ahead,percent,1.95358718099142e-11,Bin,9.1,9.2
Vermont,2 wk ahead,percent,1.95358718099142e-11,Bin,9.2,9.3
Vermont,2 wk ahead,percent,1.95358718099142e-11,Bin,9.3,9.4
Vermont,2 wk ahead,percent,1.95358718099142e-11,Bin,9.4,9.5
Vermont,2 wk ahead,percent,1.95358718099142e-11,Bin,9.5,9.6
Vermont,2 wk ahead,percent,1.95358718099142e-11,Bin,9.6,9.7
Vermont,2 wk ahead,percent,1.95358718099142e-11,Bin,9.7,9.8
Vermont,2 wk ahead,percent,1.95358718099142e-11,Bin,9.8,9.9
Vermont,2 wk ahead,percent,1.95358718099142e-11,Bin,9.9,10.0
Vermont,2 wk ahead,percent,1.95358718099142e-11,Bin,10.0,10.1
Vermont,2 wk ahead,percent,1.95358718099142e-11,Bin,10.1,10.2
Vermont,2 wk ahead,percent,1.95358718099142e-11,Bin,10.2,10.3
Vermont,2 wk ahead,percent,1.95358718099142e-11,Bin,10.3,10.4
Vermont,2 wk ahead,percent,1.95358718099142e-11,Bin,10.4,10.5
Vermont,2 wk ahead,percent,1.95358718099142e-11,Bin,10.5,10.6
Vermont,2 wk ahead,percent,1.95358718099142e-11,Bin,10.6,10.7
Vermont,2 wk ahead,percent,1.95358718099142e-11,Bin,10.7,10.8
Vermont,2 wk ahead,percent,1.95358718099142e-11,Bin,10.8,10.9
Vermont,2 wk ahead,percent,1.95358718099142e-11,Bin,10.9,11.0
Vermont,2 wk ahead,percent,1.95358718099142e-11,Bin,11.0,11.1
Vermont,2 wk ahead,percent,1.95358718099142e-11,Bin,11.1,11.2
Vermont,2 wk ahead,percent,1.95358718099142e-11,Bin,11.2,11.3
Vermont,2 wk ahead,percent,1.95358718099142e-11,Bin,11.3,11.4
Vermont,2 wk ahead,percent,1.95358718099142e-11,Bin,11.4,11.5
Vermont,2 wk ahead,percent,1.95358718099142e-11,Bin,11.5,11.6
Vermont,2 wk ahead,percent,1.95358718099142e-11,Bin,11.6,11.7
Vermont,2 wk ahead,percent,1.95358718099142e-11,Bin,11.7,11.8
Vermont,2 wk ahead,percent,1.95358718099142e-11,Bin,11.8,11.9
Vermont,2 wk ahead,percent,1.95358718099142e-11,Bin,11.9,12.0
Vermont,2 wk ahead,percent,1.95358718099142e-11,Bin,12.0,12.1
Vermont,2 wk ahead,percent,1.95358718099142e-11,Bin,12.1,12.2
Vermont,2 wk ahead,percent,1.95358718099142e-11,Bin,12.2,12.3
Vermont,2 wk ahead,percent,1.95358718099142e-11,Bin,12.3,12.4
Vermont,2 wk ahead,percent,1.95358718099142e-11,Bin,12.4,12.5
Vermont,2 wk ahead,percent,1.95358718099142e-11,Bin,12.5,12.6
Vermont,2 wk ahead,percent,1.95358718099142e-11,Bin,12.6,12.7
Vermont,2 wk ahead,percent,1.95358718099142e-11,Bin,12.7,12.8
Vermont,2 wk ahead,percent,1.95358718099142e-11,Bin,12.8,12.9
Vermont,2 wk ahead,percent,1.95358718099142e-11,Bin,12.9,13.0
Vermont,2 wk ahead,percent,0.00599999957649371,Bin,13.0,100.0
Vermont,3 wk ahead,percent,4.53210466961352e-10,Bin,0.0,0.1
Vermont,3 wk ahead,percent,1.37384307323616e-09,Bin,0.1,0.2
Vermont,3 wk ahead,percent,0.00200000175969455,Bin,0.2,0.3
Vermont,3 wk ahead,percent,0.00200000274564263,Bin,0.3,0.4
Vermont,3 wk ahead,percent,0.00400000340165681,Bin,0.4,0.5
Vermont,3 wk ahead,percent,0.0160000019445782,Bin,0.5,0.6
Vermont,3 wk ahead,percent,0.008000004620818,Bin,0.6,0.7
Vermont,3 wk ahead,percent,0.0439999979542562,Bin,0.7,0.8
Vermont,3 wk ahead,percent,0.0260000025897834,Bin,0.8,0.9
Vermont,3 wk ahead,percent,0.0519999979264209,Bin,0.9,1.0
Vermont,3 wk ahead,percent,0.0579999974220976,Bin,1.0,1.1
Vermont,3 wk ahead,percent,0.0819999930694502,Bin,1.1,1.2
Vermont,3 wk ahead,percent,0.0839999933097614,Bin,1.2,1.3
Vermont,3 wk ahead,percent,0.0859999935836616,Bin,1.3,1.4
Vermont,3 wk ahead,percent,0.0979999918473727,Bin,1.4,1.5
Vermont,3 wk ahead,percent,0.0580000011094874,Bin,1.5,1.6
Vermont,3 wk ahead,percent,0.0679999997208138,Bin,1.6,1.7
Vermont,3 wk ahead,percent,0.0460000046313631,Bin,1.7,1.8
Vermont,3 wk ahead,percent,0.04400000460806,Bin,1.8,1.9
Vermont,3 wk ahead,percent,0.0380000045723876,Bin,1.9,2.0
Vermont,3 wk ahead,percent,0.0360000029626258,Bin,2.0,2.1
Vermont,3 wk ahead,percent,0.0300000017978383,Bin,2.1,2.2
Vermont,3 wk ahead,percent,0.0180000019131545,Bin,2.2,2.3
Vermont,3 wk ahead,percent,0.0199999994386075,Bin,2.3,2.4
Vermont,3 wk ahead,percent,0.0139999991726247,Bin,2.4,2.5
Vermont,3 wk ahead,percent,0.0139999981698106,Bin,2.5,2.6
Vermont,3 wk ahead,percent,0.0139999975862641,Bin,2.6,2.7
Vermont,3 wk ahead,percent,0.00799999854627495,Bin,2.7,2.8
Vermont,3 wk ahead,percent,0.00599999883281982,Bin,2.8,2.9
Vermont,3 wk ahead,percent,0.00399999923666536,Bin,2.9,3.0
Vermont,3 wk ahead,percent,7.82877918814671e-11,Bin,3.0,3.1
Vermont,3 wk ahead,percent,0.00199999965747658,Bin,3.1,3.2
Vermont,3 wk ahead,percent,0.00399999923666536,Bin,3.2,3.3
Vermont,3 wk ahead,percent,0.00199999965747658,Bin,3.3,3.4
Vermont,3 wk ahead,percent,7.82877918814671e-11,Bin,3.4,3.5
Vermont,3 wk ahead,percent,0.00199999965747658,Bin,3.5,3.6
Vermont,3 wk ahead,percent,7.82877918814671e-11,Bin,3.6,3.7
Vermont,3 wk ahead,percent,7.82877918814671e-11,Bin,3.7,3.8
Vermont,3 wk ahead,percent,7.82877918814671e-11,Bin,3.8,3.9
Vermont,3 wk ahead,percent,7.82877918814671e-11,Bin,3.9,4.0
Vermont,3 wk ahead,percent,7.82877918814671e-11,Bin,4.0,4.1
Vermont,3 wk ahead,percent,7.82877918814671e-11,Bin,4.1,4.2
Vermont,3 wk ahead,percent,7.82877918814671e-11,Bin,4.2,4.3
Vermont,3 wk ahead,percent,7.82877918814671e-11,Bin,4.3,4.4
Vermont,3 wk ahead,percent,0.00199999965747658,Bin,4.4,4.5
Vermont,3 wk ahead,percent,7.82877918814671e-11,Bin,4.5,4.6
Vermont,3 wk ahead,percent,0.00199999965747658,Bin,4.6,4.7
Vermont,3 wk ahead,percent,7.82877918814671e-11,Bin,4.7,4.8
Vermont,3 wk ahead,percent,7.82877918814671e-11,Bin,4.8,4.9
Vermont,3 wk ahead,percent,7.82877918814671e-11,Bin,4.9,5.0
Vermont,3 wk ahead,percent,7.82877918814671e-11,Bin,5.0,5.1
Vermont,3 wk ahead,percent,0.00199999965747658,Bin,5.1,5.2
Vermont,3 wk ahead,percent,7.82877918814671e-11,Bin,5.2,5.3
Vermont,3 wk ahead,percent,7.82877918814671e-11,Bin,5.3,5.4
Vermont,3 wk ahead,percent,7.82877918814671e-11,Bin,5.4,5.5
Vermont,3 wk ahead,percent,7.82877918814671e-11,Bin,5.5,5.6
Vermont,3 wk ahead,percent,7.82877918814671e-11,Bin,5.6,5.7
Vermont,3 wk ahead,percent,7.82877918814671e-11,Bin,5.7,5.8
Vermont,3 wk ahead,percent,7.82877918814671e-11,Bin,5.8,5.9
Vermont,3 wk ahead,percent,7.82877918814671e-11,Bin,5.9,6.0
Vermont,3 wk ahead,percent,7.82877918814671e-11,Bin,6.0,6.1
Vermont,3 wk ahead,percent,7.82877918814671e-11,Bin,6.1,6.2
Vermont,3 wk ahead,percent,7.82877918814671e-11,Bin,6.2,6.3
Vermont,3 wk ahead,percent,7.82877918814671e-11,Bin,6.3,6.4
Vermont,3 wk ahead,percent,7.82877918814671e-11,Bin,6.4,6.5
Vermont,3 wk ahead,percent,7.82877918814671e-11,Bin,6.5,6.6
Vermont,3 wk ahead,percent,7.82877918814671e-11,Bin,6.6,6.7
Vermont,3 wk ahead,percent,7.82877918814671e-11,Bin,6.7,6.8
Vermont,3 wk ahead,percent,7.82877918814671e-11,Bin,6.8,6.9
Vermont,3 wk ahead,percent,7.82877918814671e-11,Bin,6.9,7.0
Vermont,3 wk ahead,percent,7.82877918814671e-11,Bin,7.0,7.1
Vermont,3 wk ahead,percent,7.82877918814671e-11,Bin,7.1,7.2
Vermont,3 wk ahead,percent,7.82877918814671e-11,Bin,7.2,7.3
Vermont,3 wk ahead,percent,7.82877918814671e-11,Bin,7.3,7.4
Vermont,3 wk ahead,percent,7.82877918814671e-11,Bin,7.4,7.5
Vermont,3 wk ahead,percent,7.82877918814671e-11,Bin,7.5,7.6
Vermont,3 wk ahead,percent,7.82877918814671e-11,Bin,7.6,7.7
Vermont,3 wk ahead,percent,7.82877918814671e-11,Bin,7.7,7.8
Vermont,3 wk ahead,percent,7.82877918814671e-11,Bin,7.8,7.9
Vermont,3 wk ahead,percent,7.82877918814671e-11,Bin,7.9,8.0
Vermont,3 wk ahead,percent,7.82877918814678e-11,Bin,8.0,8.1
Vermont,3 wk ahead,percent,7.82877918814685e-11,Bin,8.1,8.2
Vermont,3 wk ahead,percent,7.82877918814685e-11,Bin,8.2,8.3
Vermont,3 wk ahead,percent,7.82877918814685e-11,Bin,8.3,8.4
Vermont,3 wk ahead,percent,0.00199999965747658,Bin,8.4,8.5
Vermont,3 wk ahead,percent,7.82877918814685e-11,Bin,8.5,8.6
Vermont,3 wk ahead,percent,7.82877918814685e-11,Bin,8.6,8.7
Vermont,3 wk ahead,percent,7.82877918814685e-11,Bin,8.7,8.8
Vermont,3 wk ahead,percent,7.82877918814685e-11,Bin,8.8,8.9
Vermont,3 wk ahead,percent,7.82877918814685e-11,Bin,8.9,9.0
Vermont,3 wk ahead,percent,7.82877918814685e-11,Bin,9.0,9.1
Vermont,3 wk ahead,percent,7.82877918814685e-11,Bin,9.1,9.2
Vermont,3 wk ahead,percent,7.82877918814685e-11,Bin,9.2,9.3
Vermont,3 wk ahead,percent,7.82877918814685e-11,Bin,9.3,9.4
Vermont,3 wk ahead,percent,7.82877918814685e-11,Bin,9.4,9.5
Vermont,3 wk ahead,percent,7.82877918814685e-11,Bin,9.5,9.6
Vermont,3 wk ahead,percent,7.82877918814685e-11,Bin,9.6,9.7
Vermont,3 wk ahead,percent,7.82877918814685e-11,Bin,9.7,9.8
Vermont,3 wk ahead,percent,7.82877918814685e-11,Bin,9.8,9.9
Vermont,3 wk ahead,percent,7.82877918814685e-11,Bin,9.9,10.0
Vermont,3 wk ahead,percent,7.82877918814685e-11,Bin,10.0,10.1
Vermont,3 wk ahead,percent,7.82877918814685e-11,Bin,10.1,10.2
Vermont,3 wk ahead,percent,7.82877918814685e-11,Bin,10.2,10.3
Vermont,3 wk ahead,percent,7.82877918814685e-11,Bin,10.3,10.4
Vermont,3 wk ahead,percent,7.82877918814685e-11,Bin,10.4,10.5
Vermont,3 wk ahead,percent,7.82877918814685e-11,Bin,10.5,10.6
Vermont,3 wk ahead,percent,7.82877918814685e-11,Bin,10.6,10.7
Vermont,3 wk ahead,percent,7.82877918814685e-11,Bin,10.7,10.8
Vermont,3 wk ahead,percent,7.82877918814685e-11,Bin,10.8,10.9
Vermont,3 wk ahead,percent,7.82877918814685e-11,Bin,10.9,11.0
Vermont,3 wk ahead,percent,7.82877918814685e-11,Bin,11.0,11.1
Vermont,3 wk ahead,percent,7.82877918814685e-11,Bin,11.1,11.2
Vermont,3 wk ahead,percent,7.82877918814685e-11,Bin,11.2,11.3
Vermont,3 wk ahead,percent,7.82877918814685e-11,Bin,11.3,11.4
Vermont,3 wk ahead,percent,7.82877918814685e-11,Bin,11.4,11.5
Vermont,3 wk ahead,percent,7.82877918814685e-11,Bin,11.5,11.6
Vermont,3 wk ahead,percent,7.82877918814685e-11,Bin,11.6,11.7
Vermont,3 wk ahead,percent,7.82877918814685e-11,Bin,11.7,11.8
Vermont,3 wk ahead,percent,7.82877918814685e-11,Bin,11.8,11.9
Vermont,3 wk ahead,percent,7.82877918814685e-11,Bin,11.9,12.0
Vermont,3 wk ahead,percent,7.82877918814685e-11,Bin,12.0,12.1
Vermont,3 wk ahead,percent,7.82877918814685e-11,Bin,12.1,12.2
Vermont,3 wk ahead,percent,0.00199999965747658,Bin,12.2,12.3
Vermont,3 wk ahead,percent,7.82877918814685e-11,Bin,12.3,12.4
Vermont,3 wk ahead,percent,7.82877918814685e-11,Bin,12.4,12.5
Vermont,3 wk ahead,percent,7.82877918814685e-11,Bin,12.5,12.6
Vermont,3 wk ahead,percent,7.82877918814685e-11,Bin,12.6,12.7
Vermont,3 wk ahead,percent,7.82877918814685e-11,Bin,12.7,12.8
Vermont,3 wk ahead,percent,7.82877918814685e-11,Bin,12.8,12.9
Vermont,3 wk ahead,percent,7.82877918814685e-11,Bin,12.9,13.0
Vermont,3 wk ahead,percent,7.82877918814685e-11,Bin,13.0,100.0
Vermont,4 wk ahead,percent,2.38535899587434e-10,Bin,0.0,0.1
Vermont,4 wk ahead,percent,0.00200000045347644,Bin,0.1,0.2
Vermont,4 wk ahead,percent,0.00200000124606809,Bin,0.2,0.3
Vermont,4 wk ahead,percent,0.0120000002243739,Bin,0.3,0.4
Vermont,4 wk ahead,percent,0.0100000018633733,Bin,0.4,0.5
Vermont,4 wk ahead,percent,0.0200000009721243,Bin,0.5,0.6
Vermont,4 wk ahead,percent,0.0180000025722117,Bin,0.6,0.7
Vermont,4 wk ahead,percent,0.0459999980228306,Bin,0.7,0.8
Vermont,4 wk ahead,percent,0.0519999984188358,Bin,0.8,0.9
Vermont,4 wk ahead,percent,0.0719999961207716,Bin,0.9,1.0
Vermont,4 wk ahead,percent,0.0759999969224006,Bin,1.0,1.1
Vermont,4 wk ahead,percent,0.0819999963188983,Bin,1.1,1.2
Vermont,4 wk ahead,percent,0.103999990878926,Bin,1.2,1.3
Vermont,4 wk ahead,percent,0.0559999988035484,Bin,1.3,1.4
Vermont,4 wk ahead,percent,0.0799999911358522,Bin,1.4,1.5
Vermont,4 wk ahead,percent,0.0739999903961771,Bin,1.5,1.6
Vermont,4 wk ahead,percent,0.0719999903184718,Bin,1.6,1.7
Vermont,4 wk ahead,percent,0.0379999986976781,Bin,1.7,1.8
Vermont,4 wk ahead,percent,0.0220000045465167,Bin,1.8,1.9
Vermont,4 wk ahead,percent,0.0420000030190667,Bin,1.9,2.0
Vermont,4 wk ahead,percent,0.0260000080303647,Bin,2.0,2.1
Vermont,4 wk ahead,percent,0.00600001212560297,Bin,2.1,2.2
Vermont,4 wk ahead,percent,0.00800000989584624,Bin,2.2,2.3
Vermont,4 wk ahead,percent,0.0140000058157234,Bin,2.3,2.4
Vermont,4 wk ahead,percent,0.00400000496733568,Bin,2.4,2.5
Vermont,4 wk ahead,percent,0.00800000170340415,Bin,2.5,2.6
Vermont,4 wk ahead,percent,0.00400000088722769,Bin,2.6,2.7
Vermont,4 wk ahead,percent,0.00999999867140721,Bin,2.7,2.8
Vermont,4 wk ahead,percent,0.00399999945871934,Bin,2.8,2.9
Vermont,4 wk ahead,percent,0.00399999926042946,Bin,2.9,3.0
Vermont,4 wk ahead,percent,4.69750104642871e-11,Bin,3.0,3.1
Vermont,4 wk ahead,percent,0.00799999836829473,Bin,3.1,3.2
Vermont,4 wk ahead,percent,0.0019999996271803,Bin,3.2,3.3
Vermont,4 wk ahead,percent,4.68088277483243e-11,Bin,3.3,3.4
Vermont,4 wk ahead,percent,0.00399999920755178,Bin,3.4,3.5
Vermont,4 wk ahead,percent,4.68088277483243e-11,Bin,3.5,3.6
Vermont,4 wk ahead,percent,0.0019999996271803,Bin,3.6,3.7
Vermont,4 wk ahead,percent,4.68088277483243e-11,Bin,3.7,3.8
Vermont,4 wk ahead,percent,4.68088277483243e-11,Bin,3.8,3.9
Vermont,4 wk ahead,percent,0.00399999920755178,Bin,3.9,4.0
Vermont,4 wk ahead,percent,0.0019999996271803,Bin,4.0,4.1
Vermont,4 wk ahead,percent,4.68088277483243e-11,Bin,4.1,4.2
Vermont,4 wk ahead,percent,4.68088277483243e-11,Bin,4.2,4.3
Vermont,4 wk ahead,percent,4.68088277483243e-11,Bin,4.3,4.4
Vermont,4 wk ahead,percent,4.68088277483243e-11,Bin,4.4,4.5
Vermont,4 wk ahead,percent,4.68088277483243e-11,Bin,4.5,4.6
Vermont,4 wk ahead,percent,0.0019999996271803,Bin,4.6,4.7
Vermont,4 wk ahead,percent,0.0019999996271803,Bin,4.7,4.8
Vermont,4 wk ahead,percent,4.68088277483243e-11,Bin,4.8,4.9
Vermont,4 wk ahead,percent,0.0019999996271803,Bin,4.9,5.0
Vermont,4 wk ahead,percent,4.68088277483243e-11,Bin,5.0,5.1
Vermont,4 wk ahead,percent,4.68088277483243e-11,Bin,5.1,5.2
Vermont,4 wk ahead,percent,4.68088277483243e-11,Bin,5.2,5.3
Vermont,4 wk ahead,percent,4.68088277483243e-11,Bin,5.3,5.4
Vermont,4 wk ahead,percent,4.68088277483243e-11,Bin,5.4,5.5
Vermont,4 wk ahead,percent,4.68088277483243e-11,Bin,5.5,5.6
Vermont,4 wk ahead,percent,4.68088277483243e-11,Bin,5.6,5.7
Vermont,4 wk ahead,percent,4.68088277483243e-11,Bin,5.7,5.8
Vermont,4 wk ahead,percent,4.68088277483243e-11,Bin,5.8,5.9
Vermont,4 wk ahead,percent,4.68088277483243e-11,Bin,5.9,6.0
Vermont,4 wk ahead,percent,4.68088277483243e-11,Bin,6.0,6.1
Vermont,4 wk ahead,percent,4.68088277483243e-11,Bin,6.1,6.2
Vermont,4 wk ahead,percent,4.68088277483243e-11,Bin,6.2,6.3
Vermont,4 wk ahead,percent,4.68088277483243e-11,Bin,6.3,6.4
Vermont,4 wk ahead,percent,4.68088277483243e-11,Bin,6.4,6.5
Vermont,4 wk ahead,percent,0.0019999996271803,Bin,6.5,6.6
Vermont,4 wk ahead,percent,4.68088277483243e-11,Bin,6.6,6.7
Vermont,4 wk ahead,percent,4.68088277483243e-11,Bin,6.7,6.8
Vermont,4 wk ahead,percent,4.68088277483243e-11,Bin,6.8,6.9
Vermont,4 wk ahead,percent,4.68088277483243e-11,Bin,6.9,7.0
Vermont,4 wk ahead,percent,4.68088277483243e-11,Bin,7.0,7.1
Vermont,4 wk ahead,percent,4.68088277483243e-11,Bin,7.1,7.2
Vermont,4 wk ahead,percent,0.0019999996271803,Bin,7.2,7.3
Vermont,4 wk ahead,percent,4.68088277483243e-11,Bin,7.3,7.4
Vermont,4 wk ahead,percent,4.68088277483243e-11,Bin,7.4,7.5
Vermont,4 wk ahead,percent,4.68088277483243e-11,Bin,7.5,7.6
Vermont,4 wk ahead,percent,4.68088277483243e-11,Bin,7.6,7.7
Vermont,4 wk ahead,percent,4.68088277483243e-11,Bin,7.7,7.8
Vermont,4 wk ahead,percent,4.68088277483243e-11,Bin,7.8,7.9
Vermont,4 wk ahead,percent,4.68088277483243e-11,Bin,7.9,8.0
Vermont,4 wk ahead,percent,4.68088277483248e-11,Bin,8.0,8.1
Vermont,4 wk ahead,percent,4.68088277483252e-11,Bin,8.1,8.2
Vermont,4 wk ahead,percent,4.68088277483252e-11,Bin,8.2,8.3
Vermont,4 wk ahead,percent,4.68088277483252e-11,Bin,8.3,8.4
Vermont,4 wk ahead,percent,4.68088277483252e-11,Bin,8.4,8.5
Vermont,4 wk ahead,percent,4.68088277483252e-11,Bin,8.5,8.6
Vermont,4 wk ahead,percent,4.68088277483252e-11,Bin,8.6,8.7
Vermont,4 wk ahead,percent,4.68088277483252e-11,Bin,8.7,8.8
Vermont,4 wk ahead,percent,4.68088277483252e-11,Bin,8.8,8.9
Vermont,4 wk ahead,percent,4.68088277483252e-11,Bin,8.9,9.0
Vermont,4 wk ahead,percent,4.68088277483252e-11,Bin,9.0,9.1
Vermont,4 wk ahead,percent,4.68088277483252e-11,Bin,9.1,9.2
Vermont,4 wk ahead,percent,4.68088277483252e-11,Bin,9.2,9.3
Vermont,4 wk ahead,percent,4.68088277483252e-11,Bin,9.3,9.4
Vermont,4 wk ahead,percent,4.68088277483252e-11,Bin,9.4,9.5
Vermont,4 wk ahead,percent,4.68088277483252e-11,Bin,9.5,9.6
Vermont,4 wk ahead,percent,4.68088277483252e-11,Bin,9.6,9.7
Vermont,4 wk ahead,percent,4.68088277483252e-11,Bin,9.7,9.8
Vermont,4 wk ahead,percent,4.68088277483252e-11,Bin,9.8,9.9
Vermont,4 wk ahead,percent,4.68088277483252e-11,Bin,9.9,10.0
Vermont,4 wk ahead,percent,4.68088277483252e-11,Bin,10.0,10.1
Vermont,4 wk ahead,percent,4.68088277483252e-11,Bin,10.1,10.2
Vermont,4 wk ahead,percent,4.68088277483252e-11,Bin,10.2,10.3
Vermont,4 wk ahead,percent,4.68088277483252e-11,Bin,10.3,10.4
Vermont,4 wk ahead,percent,4.68088277483252e-11,Bin,10.4,10.5
Vermont,4 wk ahead,percent,4.68088277483252e-11,Bin,10.5,10.6
Vermont,4 wk ahead,percent,4.68088277483252e-11,Bin,10.6,10.7
Vermont,4 wk ahead,percent,4.68088277483252e-11,Bin,10.7,10.8
Vermont,4 wk ahead,percent,4.68088277483252e-11,Bin,10.8,10.9
Vermont,4 wk ahead,percent,4.68088277483252e-11,Bin,10.9,11.0
Vermont,4 wk ahead,percent,4.68088277483252e-11,Bin,11.0,11.1
Vermont,4 wk ahead,percent,4.68088277483252e-11,Bin,11.1,11.2
Vermont,4 wk ahead,percent,4.68088277483252e-11,Bin,11.2,11.3
Vermont,4 wk ahead,percent,4.68088277483252e-11,Bin,11.3,11.4
Vermont,4 wk ahead,percent,4.68088277483252e-11,Bin,11.4,11.5
Vermont,4 wk ahead,percent,4.68088277483252e-11,Bin,11.5,11.6
Vermont,4 wk ahead,percent,4.68088277483252e-11,Bin,11.6,11.7
Vermont,4 wk ahead,percent,4.68088277483252e-11,Bin,11.7,11.8
Vermont,4 wk ahead,percent,4.68088277483252e-11,Bin,11.8,11.9
Vermont,4 wk ahead,percent,4.68088277483252e-11,Bin,11.9,12.0
Vermont,4 wk ahead,percent,4.68088277483252e-11,Bin,12.0,12.1
Vermont,4 wk ahead,percent,4.68088277483252e-11,Bin,12.1,12.2
Vermont,4 wk ahead,percent,4.68088277483252e-11,Bin,12.2,12.3
Vermont,4 wk ahead,percent,4.68088277483252e-11,Bin,12.3,12.4
Vermont,4 wk ahead,percent,4.68088277483252e-11,Bin,12.4,12.5
Vermont,4 wk ahead,percent,4.68088277483252e-11,Bin,12.5,12.6
Vermont,4 wk ahead,percent,4.68088277483252e-11,Bin,12.6,12.7
Vermont,4 wk ahead,percent,4.68088277483252e-11,Bin,12.7,12.8
Vermont,4 wk ahead,percent,4.68088277483252e-11,Bin,12.8,12.9
Vermont,4 wk ahead,percent,4.68088277483252e-11,Bin,12.9,13.0
Vermont,4 wk ahead,percent,4.68088277483252e-11,Bin,13.0,100.0
Vermont,Season peak percentage,percent,1.26591509454194e-13,Bin,0.0,0.1
Vermont,Season peak percentage,percent,3.2489773584757e-13,Bin,0.1,0.2
Vermont,Season peak percentage,percent,4.45421714089461e-13,Bin,0.2,0.3
Vermont,Season peak percentage,percent,6.01853492283511e-13,Bin,0.3,0.4
Vermont,Season peak percentage,percent,8.01646184908215e-13,Bin,0.4,0.5
Vermont,Season peak percentage,percent,1.05279788454855e-12,Bin,0.5,0.6
Vermont,Season peak percentage,percent,1.3635863799394e-12,Bin,0.6,0.7
Vermont,Season peak percentage,percent,1.74220773386836e-12,Bin,0.7,0.8
Vermont,Season peak percentage,percent,2.19651108229069e-12,Bin,0.8,0.9
Vermont,Season peak percentage,percent,2.73344073692844e-12,Bin,0.9,1.0
Vermont,Season peak percentage,percent,3.35857026330247e-12,Bin,1.0,1.1
Vermont,Season peak percentage,percent,4.07585211149009e-12,Bin,1.1,1.2
Vermont,Season peak percentage,percent,4.88701447631152e-12,Bin,1.2,1.3
Vermont,Season peak percentage,percent,5.79130532648185e-12,Bin,1.3,1.4
Vermont,Season peak percentage,percent,6.78522159682785e-12,Bin,1.4,1.5
Vermont,Season peak percentage,percent,7.8622205452396e-12,Bin,1.5,1.6
Vermont,Season peak percentage,percent,9.01275528242479e-12,Bin,1.6,1.7
Vermont,Season peak percentage,percent,1.02239853200462e-11,Bin,1.7,1.8
Vermont,Season peak percentage,percent,1.14799465612165e-11,Bin,1.8,1.9
Vermont,Season peak percentage,percent,1.27616414075636e-11,Bin,1.9,2.0
Vermont,Season peak percentage,percent,1.40472049583957e-11,Bin,2.0,2.1
Vermont,Season peak percentage,percent,1.53122209652655e-11,Bin,2.1,2.2
Vermont,Season peak percentage,percent,1.65301299312164e-11,Bin,2.2,2.3
Vermont,Season peak percentage,percent,1.76729066345329e-11,Bin,2.3,2.4
Vermont,Season peak percentage,percent,1.87116939552383e-11,Bin,2.4,2.5
Vermont,Season peak percentage,percent,1.96180848422842e-11,Bin,2.5,2.6
Vermont,Season peak percentage,percent,2.03652251586827e-11,Bin,2.6,2.7
Vermont,Season peak percentage,percent,2.09291787157685e-11,Bin,2.7,2.8
Vermont,Season peak percentage,percent,2.12905525715826e-11,Bin,2.8,2.9
Vermont,Season peak percentage,percent,2.14356478586766e-11,Bin,2.9,3.0
Vermont,Season peak percentage,percent,2.1358274363557e-11,Bin,3.0,3.1
Vermont,Season peak percentage,percent,2.10605029974926e-11,Bin,3.1,3.2
Vermont,Season peak percentage,percent,2.05532333127272e-11,Bin,3.2,3.3
Vermont,Season peak percentage,percent,1.98568396320546e-11,Bin,3.3,3.4
Vermont,Season peak percentage,percent,1.90001986433439e-11,Bin,3.4,3.5
Vermont,Season peak percentage,percent,1.80198118371694e-11,Bin,3.5,3.6
Vermont,Season peak percentage,percent,1.69582123647849e-11,Bin,3.6,3.7
Vermont,Season peak percentage,percent,1.58618195588281e-11,Bin,3.7,3.8
Vermont,Season peak percentage,percent,1.47785502379272e-11,Bin,3.8,3.9
Vermont,Season peak percentage,percent,1.37550387683984e-11,Bin,3.9,4.0
Vermont,Season peak percentage,percent,1.28341111677099e-11,Bin,4.0,4.1
Vermont,Season peak percentage,percent,1.20522183581751e-11,Bin,4.1,4.2
Vermont,Season peak percentage,percent,1.14375945043555e-11,Bin,4.2,4.3
Vermont,Season peak percentage,percent,1.10085734329742e-11,Bin,4.3,4.4
Vermont,Season peak percentage,percent,1.07728655020592e-11,Bin,4.4,4.5
Vermont,Season peak percentage,percent,1.07274990151698e-11,Bin,4.5,4.6
Vermont,Season peak percentage,percent,1.08586917459131e-11,Bin,4.6,4.7
Vermont,Season peak percentage,percent,1.11437402322699e-11,Bin,4.7,4.8
Vermont,Season peak percentage,percent,1.15526072525672e-11,Bin,4.8,4.9
Vermont,Season peak percentage,percent,1.2049980706774e-11,Bin,4.9,5.0
Vermont,Season peak percentage,percent,1.25977927531631e-11,Bin,5.0,5.1
Vermont,Season peak percentage,percent,1.31575791576065e-11,Bin,5.1,5.2
Vermont,Season peak percentage,percent,1.36928966439294e-11,Bin,5.2,5.3
Vermont,Season peak percentage,percent,1.41712727955372e-11,Bin,5.3,5.4
Vermont,Season peak percentage,percent,1.45659433129681e-11,Bin,5.4,5.5
Vermont,Season peak percentage,percent,1.48567345772463e-11,Bin,5.5,5.6
Vermont,Season peak percentage,percent,1.50305526234895e-11,Bin,5.6,5.7
Vermont,Season peak percentage,percent,1.50811926694007e-11,Bin,5.7,5.8
Vermont,Season peak percentage,percent,1.50085938414686e-11,Bin,5.8,5.9
Vermont,Season peak percentage,percent,1.48180810385581e-11,Bin,5.9,6.0
Vermont,Season peak percentage,percent,1.45187655838686e-11,Bin,6.0,6.1
Vermont,Season peak percentage,percent,1.412225135728e-11,Bin,6.1,6.2
Vermont,Season peak percentage,percent,1.36414693115792e-11,Bin,6.2,6.3
Vermont,Season peak percentage,percent,0.967999999149517,Bin,6.3,6.4
Vermont,Season peak percentage,percent,0.00200000001069412,Bin,6.4,6.5
Vermont,Season peak percentage,percent,0.00200000001003539,Bin,6.5,6.6
Vermont,Season peak percentage,percent,1.1123160256789e-11,Bin,6.6,6.7
Vermont,Season peak percentage,percent,1.03978527440935e-11,Bin,6.7,6.8
Vermont,Season peak percentage,percent,9.65173881770385e-12,Bin,6.8,6.9
Vermont,Season peak percentage,percent,8.89243415623865e-12,Bin,6.9,7.0
Vermont,Season peak percentage,percent,8.12748112198441e-12,Bin,7.0,7.1
Vermont,Season peak percentage,percent,7.3646119585559e-12,Bin,7.1,7.2
Vermont,Season peak percentage,percent,6.61186084891598e-12,Bin,7.2,7.3
Vermont,Season peak percentage,percent,5.8775016096223e-12,Bin,7.3,7.4
Vermont,Season peak percentage,percent,0.00200000000338559,Bin,7.4,7.5
Vermont,Season peak percentage,percent,4.49677033779673e-12,Bin,7.5,7.6
Vermont,Season peak percentage,percent,0.00400000000029706,Bin,7.6,7.7
Vermont,Season peak percentage,percent,3.28219913567697e-12,Bin,7.7,7.8
Vermont,Season peak percentage,percent,2.75137105729615e-12,Bin,7.8,7.9
Vermont,Season peak percentage,percent,2.27598592204824e-12,Bin,7.9,8.0
Vermont,Season peak percentage,percent,1.85714185434459e-12,Bin,8.0,8.1
Vermont,Season peak percentage,percent,1.49427309510603e-12,Bin,8.1,8.2
Vermont,Season peak percentage,percent,1.18520165969515e-12,Bin,8.2,8.3
Vermont,Season peak percentage,percent,9.26406710128751e-13,Bin,8.3,8.4
Vermont,Season peak percentage,percent,0.00199999999892921,Bin,8.4,8.5
Vermont,Season peak percentage,percent,5.41240605904506e-13,Bin,8.5,8.6
Vermont,Season peak percentage,percent,4.04393041423908e-13,Bin,8.6,8.7
Vermont,Season peak percentage,percent,2.97541643827953e-13,Bin,8.7,8.8
Vermont,Season peak percentage,percent,2.15547511864248e-13,Bin,8.8,8.9
Vermont,Season peak percentage,percent,1.53733957859631e-13,Bin,8.9,9.0
Vermont,Season peak percentage,percent,1.0793720595672e-13,Bin,9.0,9.1
Vermont,Season peak percentage,percent,7.46141975025511e-14,Bin,9.1,9.2
Vermont,Season peak percentage,percent,6.22929508123664e-14,Bin,9.2,9.3
Vermont,Season peak percentage,percent,6.22929508123664e-14,Bin,9.3,9.4
Vermont,Season peak percentage,percent,6.22929508123664e-14,Bin,9.4,9.5
Vermont,Season peak percentage,percent,6.22929508123664e-14,Bin,9.5,9.6
Vermont,Season peak percentage,percent,6.22929508123664e-14,Bin,9.6,9.7
Vermont,Season peak percentage,percent,6.22929508123664e-14,Bin,9.7,9.8
Vermont,Season peak percentage,percent,6.22929508123664e-14,Bin,9.8,9.9
Vermont,Season peak percentage,percent,6.22929508123664e-14,Bin,9.9,10.0
Vermont,Season peak percentage,percent,6.22929508123664e-14,Bin,10.0,10.1
Vermont,Season peak percentage,percent,6.22929508123664e-14,Bin,10.1,10.2
Vermont,Season peak percentage,percent,6.22929508123664e-14,Bin,10.2,10.3
Vermont,Season peak percentage,percent,6.22929508123664e-14,Bin,10.3,10.4
Vermont,Season peak percentage,percent,6.22929508123664e-14,Bin,10.4,10.5
Vermont,Season peak percentage,percent,6.22929508123664e-14,Bin,10.5,10.6
Vermont,Season peak percentage,percent,6.22929508123664e-14,Bin,10.6,10.7
Vermont,Season peak percentage,percent,6.22929508123664e-14,Bin,10.7,10.8
Vermont,Season peak percentage,percent,6.22929508123664e-14,Bin,10.8,10.9
Vermont,Season peak percentage,percent,6.22929508123664e-14,Bin,10.9,11.0
Vermont,Season peak percentage,percent,6.22929508123664e-14,Bin,11.0,11.1
Vermont,Season peak percentage,percent,6.22929508123664e-14,Bin,11.1,11.2
Vermont,Season peak percentage,percent,6.22929508123664e-14,Bin,11.2,11.3
Vermont,Season peak percentage,percent,6.22929508123664e-14,Bin,11.3,11.4
Vermont,Season peak percentage,percent,6.22929508123664e-14,Bin,11.4,11.5
Vermont,Season peak percentage,percent,6.22929508123664e-14,Bin,11.5,11.6
Vermont,Season peak percentage,percent,6.22929508123664e-14,Bin,11.6,11.7
Vermont,Season peak percentage,percent,6.22929508123664e-14,Bin,11.7,11.8
Vermont,Season peak percentage,percent,6.22929508123664e-14,Bin,11.8,11.9
Vermont,Season peak percentage,percent,6.22929508123664e-14,Bin,11.9,12.0
Vermont,Season peak percentage,percent,6.22929508123664e-14,Bin,12.0,12.1
Vermont,Season peak percentage,percent,6.22929508123664e-14,Bin,12.1,12.2
Vermont,Season peak percentage,percent,0.00199999999827805,Bin,12.2,12.3
Vermont,Season peak percentage,percent,6.22929508123664e-14,Bin,12.3,12.4
Vermont,Season peak percentage,percent,0.00199999999827805,Bin,12.4,12.5
Vermont,Season peak percentage,percent,6.22929508123664e-14,Bin,12.5,12.6
Vermont,Season peak percentage,percent,6.22929508123664e-14,Bin,12.6,12.7
Vermont,Season peak percentage,percent,6.22929508123664e-14,Bin,12.7,12.8
Vermont,Season peak percentage,percent,6.22929508123664e-14,Bin,12.8,12.9
Vermont,Season peak percentage,percent,6.22929508123664e-14,Bin,12.9,13.0
Vermont,Season peak percentage,percent,0.0159999999857884,Bin,13.0,100.0
Vermont,Season peak week,week,4.27798532688101e-05,Bin,40.0,41.0
Vermont,Season peak week,week,4.27798532688101e-05,Bin,41.0,42.0
Vermont,Season peak week,week,4.27798532688101e-05,Bin,42.0,43.0
Vermont,Season peak week,week,4.27798532688101e-05,Bin,43.0,44.0
Vermont,Season peak week,week,4.27798532688101e-05,Bin,44.0,45.0
Vermont,Season peak week,week,4.27798532688101e-05,Bin,45.0,46.0
Vermont,Season peak week,week,4.27798532688101e-05,Bin,46.0,47.0
Vermont,Season peak week,week,4.27798532688101e-05,Bin,47.0,48.0
Vermont,Season peak week,week,4.27798532688101e-05,Bin,48.0,49.0
Vermont,Season peak week,week,4.27798532688101e-05,Bin,49.0,50.0
Vermont,Season peak week,week,4.77228956472692e-05,Bin,50.0,51.0
Vermont,Season peak week,week,0.00015715942275159,Bin,51.0,52.0
Vermont,Season peak week,week,0.000517586348038844,Bin,52.0,53.0
Vermont,Season peak week,week,0.00133806312469509,Bin,1.0,2.0
Vermont,Season peak week,week,0.00273772479261278,Bin,2.0,3.0
Vermont,Season peak week,week,0.00449359663704764,Bin,3.0,4.0
Vermont,Season peak week,week,0.00604430135047618,Bin,4.0,5.0
Vermont,Season peak week,week,0.00686379532077672,Bin,5.0,6.0
Vermont,Season peak week,week,0.931580383219624,Bin,6.0,7.0
Vermont,Season peak week,week,0.00610352170434578,Bin,7.0,8.0
Vermont,Season peak week,week,0.0051014450875053,Bin,8.0,9.0
Vermont,Season peak week,week,0.00414738391324958,Bin,9.0,10.0
Vermont,Season peak week,week,0.00344530194407819,Bin,10.0,11.0
Vermont,Season peak week,week,0.00300341686250352,Bin,11.0,12.0
Vermont,Season peak week,week,0.00268187995939538,Bin,12.0,13.0
Vermont,Season peak week,week,0.00229304693694975,Bin,13.0,14.0
Vermont,Season peak week,week,0.00173758163267647,Bin,14.0,15.0
Vermont,Season peak week,week,0.00109874510115304,Bin,15.0,16.0
Vermont,Season peak week,week,0.000558719013929701,Bin,16.0,17.0
Vermont,Season peak week,week,0.000223985676668058,Bin,17.0,18.0
Vermont,Season peak week,week,0.00580212862806321,Bin,18.0,19.0
Vermont,Season peak week,week,0.00575380505813374,Bin,19.0,20.0
Vermont,Season peak week,week,0.00384090683698958,Bin,20.0,21.0
Virginia,1 wk ahead,percent,3.4824867300101e-11,Bin,0.0,0.1
Virginia,1 wk ahead,percent,6.9649734600202e-11,Bin,0.1,0.2
Virginia,1 wk ahead,percent,6.9649734600202e-11,Bin,0.2,0.3
Virginia,1 wk ahead,percent,6.9649734600202e-11,Bin,0.3,0.4
Virginia,1 wk ahead,percent,6.9649734600202e-11,Bin,0.4,0.5
Virginia,1 wk ahead,percent,6.9649734600202e-11,Bin,0.5,0.6
Virginia,1 wk ahead,percent,6.96497346002021e-11,Bin,0.6,0.7
Virginia,1 wk ahead,percent,6.96497346002021e-11,Bin,0.7,0.8
Virginia,1 wk ahead,percent,1.52489936130482e-10,Bin,0.8,0.9
Virginia,1 wk ahead,percent,1.52571878603795e-09,Bin,0.9,1.0
Virginia,1 wk ahead,percent,6.43902497996477e-09,Bin,1.0,1.1
Virginia,1 wk ahead,percent,0.00800001110642558,Bin,1.1,1.2
Virginia,1 wk ahead,percent,0.026000008323322,Bin,1.2,1.3
Virginia,1 wk ahead,percent,0.0719999998899591,Bin,1.3,1.4
Virginia,1 wk ahead,percent,0.147999993910605,Bin,1.4,1.5
Virginia,1 wk ahead,percent,0.281999987723522,Bin,1.5,1.6
Virginia,1 wk ahead,percent,0.245999988707921,Bin,1.6,1.7
Virginia,1 wk ahead,percent,0.109999994082341,Bin,1.7,1.8
Virginia,1 wk ahead,percent,0.0539999964611479,Bin,1.8,1.9
Virginia,1 wk ahead,percent,0.0219999985767162,Bin,1.9,2.0
Virginia,1 wk ahead,percent,8.40744948016334e-10,Bin,2.0,2.1
Virginia,1 wk ahead,percent,0.0100000022974997,Bin,2.1,2.2
Virginia,1 wk ahead,percent,0.0160000027570927,Bin,2.2,2.3
Virginia,1 wk ahead,percent,1.81901245354936e-09,Bin,2.3,2.4
Virginia,1 wk ahead,percent,3.10417994930988e-10,Bin,2.4,2.5
Virginia,1 wk ahead,percent,4.77219670903312e-11,Bin,2.5,2.6
Virginia,1 wk ahead,percent,4.68492727453082e-11,Bin,2.6,2.7
Virginia,1 wk ahead,percent,4.68492727453082e-11,Bin,2.7,2.8
Virginia,1 wk ahead,percent,4.68492727453082e-11,Bin,2.8,2.9
Virginia,1 wk ahead,percent,0.00599999963362027,Bin,2.9,3.0
Virginia,1 wk ahead,percent,4.68492727453082e-11,Bin,3.0,3.1
Virginia,1 wk ahead,percent,4.68492727453082e-11,Bin,3.1,3.2
Virginia,1 wk ahead,percent,4.68492727453082e-11,Bin,3.2,3.3
Virginia,1 wk ahead,percent,4.68492727453082e-11,Bin,3.3,3.4
Virginia,1 wk ahead,percent,4.68492727453082e-11,Bin,3.4,3.5
Virginia,1 wk ahead,percent,4.68492727453082e-11,Bin,3.5,3.6
Virginia,1 wk ahead,percent,4.68492727453082e-11,Bin,3.6,3.7
Virginia,1 wk ahead,percent,4.68492727453082e-11,Bin,3.7,3.8
Virginia,1 wk ahead,percent,4.68492727453082e-11,Bin,3.8,3.9
Virginia,1 wk ahead,percent,4.68492727453082e-11,Bin,3.9,4.0
Virginia,1 wk ahead,percent,4.68492727453082e-11,Bin,4.0,4.1
Virginia,1 wk ahead,percent,4.68492727453082e-11,Bin,4.1,4.2
Virginia,1 wk ahead,percent,4.68492727453082e-11,Bin,4.2,4.3
Virginia,1 wk ahead,percent,4.68492727453082e-11,Bin,4.3,4.4
Virginia,1 wk ahead,percent,4.68492727453082e-11,Bin,4.4,4.5
Virginia,1 wk ahead,percent,4.68492727453082e-11,Bin,4.5,4.6
Virginia,1 wk ahead,percent,4.68492727453082e-11,Bin,4.6,4.7
Virginia,1 wk ahead,percent,4.68492727453082e-11,Bin,4.7,4.8
Virginia,1 wk ahead,percent,4.68492727453082e-11,Bin,4.8,4.9
Virginia,1 wk ahead,percent,4.68492727453082e-11,Bin,4.9,5.0
Virginia,1 wk ahead,percent,4.68492727453082e-11,Bin,5.0,5.1
Virginia,1 wk ahead,percent,4.68492727453082e-11,Bin,5.1,5.2
Virginia,1 wk ahead,percent,4.68492727453082e-11,Bin,5.2,5.3
Virginia,1 wk ahead,percent,4.68492727453082e-11,Bin,5.3,5.4
Virginia,1 wk ahead,percent,4.68492727453082e-11,Bin,5.4,5.5
Virginia,1 wk ahead,percent,4.68492727453082e-11,Bin,5.5,5.6
Virginia,1 wk ahead,percent,4.68492727453082e-11,Bin,5.6,5.7
Virginia,1 wk ahead,percent,4.68492727453082e-11,Bin,5.7,5.8
Virginia,1 wk ahead,percent,4.68492727453082e-11,Bin,5.8,5.9
Virginia,1 wk ahead,percent,4.68492727453082e-11,Bin,5.9,6.0
Virginia,1 wk ahead,percent,4.68492727453082e-11,Bin,6.0,6.1
Virginia,1 wk ahead,percent,4.68492727453082e-11,Bin,6.1,6.2
Virginia,1 wk ahead,percent,4.68492727453082e-11,Bin,6.2,6.3
Virginia,1 wk ahead,percent,4.68492727453082e-11,Bin,6.3,6.4
Virginia,1 wk ahead,percent,4.68492727453082e-11,Bin,6.4,6.5
Virginia,1 wk ahead,percent,4.68492727453082e-11,Bin,6.5,6.6
Virginia,1 wk ahead,percent,4.68492727453082e-11,Bin,6.6,6.7
Virginia,1 wk ahead,percent,4.68492727453082e-11,Bin,6.7,6.8
Virginia,1 wk ahead,percent,4.68492727453082e-11,Bin,6.8,6.9
Virginia,1 wk ahead,percent,4.68492727453082e-11,Bin,6.9,7.0
Virginia,1 wk ahead,percent,4.68492727453082e-11,Bin,7.0,7.1
Virginia,1 wk ahead,percent,4.68492727453082e-11,Bin,7.1,7.2
Virginia,1 wk ahead,percent,4.68492727453082e-11,Bin,7.2,7.3
Virginia,1 wk ahead,percent,4.68492727453082e-11,Bin,7.3,7.4
Virginia,1 wk ahead,percent,4.68492727453082e-11,Bin,7.4,7.5
Virginia,1 wk ahead,percent,4.68492727453082e-11,Bin,7.5,7.6
Virginia,1 wk ahead,percent,4.68492727453082e-11,Bin,7.6,7.7
Virginia,1 wk ahead,percent,4.68492727453082e-11,Bin,7.7,7.8
Virginia,1 wk ahead,percent,4.68492727453082e-11,Bin,7.8,7.9
Virginia,1 wk ahead,percent,4.68492727453082e-11,Bin,7.9,8.0
Virginia,1 wk ahead,percent,4.68492727453086e-11,Bin,8.0,8.1
Virginia,1 wk ahead,percent,4.6849272745309e-11,Bin,8.1,8.2
Virginia,1 wk ahead,percent,4.6849272745309e-11,Bin,8.2,8.3
Virginia,1 wk ahead,percent,4.6849272745309e-11,Bin,8.3,8.4
Virginia,1 wk ahead,percent,4.6849272745309e-11,Bin,8.4,8.5
Virginia,1 wk ahead,percent,4.6849272745309e-11,Bin,8.5,8.6
Virginia,1 wk ahead,percent,4.6849272745309e-11,Bin,8.6,8.7
Virginia,1 wk ahead,percent,4.6849272745309e-11,Bin,8.7,8.8
Virginia,1 wk ahead,percent,4.6849272745309e-11,Bin,8.8,8.9
Virginia,1 wk ahead,percent,4.6849272745309e-11,Bin,8.9,9.0
Virginia,1 wk ahead,percent,4.6849272745309e-11,Bin,9.0,9.1
Virginia,1 wk ahead,percent,4.6849272745309e-11,Bin,9.1,9.2
Virginia,1 wk ahead,percent,4.6849272745309e-11,Bin,9.2,9.3
Virginia,1 wk ahead,percent,4.6849272745309e-11,Bin,9.3,9.4
Virginia,1 wk ahead,percent,4.6849272745309e-11,Bin,9.4,9.5
Virginia,1 wk ahead,percent,4.6849272745309e-11,Bin,9.5,9.6
Virginia,1 wk ahead,percent,4.6849272745309e-11,Bin,9.6,9.7
Virginia,1 wk ahead,percent,4.6849272745309e-11,Bin,9.7,9.8
Virginia,1 wk ahead,percent,4.6849272745309e-11,Bin,9.8,9.9
Virginia,1 wk ahead,percent,4.6849272745309e-11,Bin,9.9,10.0
Virginia,1 wk ahead,percent,4.6849272745309e-11,Bin,10.0,10.1
Virginia,1 wk ahead,percent,4.6849272745309e-11,Bin,10.1,10.2
Virginia,1 wk ahead,percent,4.6849272745309e-11,Bin,10.2,10.3
Virginia,1 wk ahead,percent,4.6849272745309e-11,Bin,10.3,10.4
Virginia,1 wk ahead,percent,4.6849272745309e-11,Bin,10.4,10.5
Virginia,1 wk ahead,percent,4.6849272745309e-11,Bin,10.5,10.6
Virginia,1 wk ahead,percent,4.6849272745309e-11,Bin,10.6,10.7
Virginia,1 wk ahead,percent,4.6849272745309e-11,Bin,10.7,10.8
Virginia,1 wk ahead,percent,4.6849272745309e-11,Bin,10.8,10.9
Virginia,1 wk ahead,percent,4.6849272745309e-11,Bin,10.9,11.0
Virginia,1 wk ahead,percent,4.6849272745309e-11,Bin,11.0,11.1
Virginia,1 wk ahead,percent,4.6849272745309e-11,Bin,11.1,11.2
Virginia,1 wk ahead,percent,4.6849272745309e-11,Bin,11.2,11.3
Virginia,1 wk ahead,percent,4.6849272745309e-11,Bin,11.3,11.4
Virginia,1 wk ahead,percent,4.6849272745309e-11,Bin,11.4,11.5
Virginia,1 wk ahead,percent,4.6849272745309e-11,Bin,11.5,11.6
Virginia,1 wk ahead,percent,4.6849272745309e-11,Bin,11.6,11.7
Virginia,1 wk ahead,percent,4.6849272745309e-11,Bin,11.7,11.8
Virginia,1 wk ahead,percent,4.6849272745309e-11,Bin,11.8,11.9
Virginia,1 wk ahead,percent,4.6849272745309e-11,Bin,11.9,12.0
Virginia,1 wk ahead,percent,4.6849272745309e-11,Bin,12.0,12.1
Virginia,1 wk ahead,percent,4.6849272745309e-11,Bin,12.1,12.2
Virginia,1 wk ahead,percent,4.6849272745309e-11,Bin,12.2,12.3
Virginia,1 wk ahead,percent,4.6849272745309e-11,Bin,12.3,12.4
Virginia,1 wk ahead,percent,4.6849272745309e-11,Bin,12.4,12.5
Virginia,1 wk ahead,percent,4.6849272745309e-11,Bin,12.5,12.6
Virginia,1 wk ahead,percent,4.6849272745309e-11,Bin,12.6,12.7
Virginia,1 wk ahead,percent,4.6849272745309e-11,Bin,12.7,12.8
Virginia,1 wk ahead,percent,4.6849272745309e-11,Bin,12.8,12.9
Virginia,1 wk ahead,percent,4.6849272745309e-11,Bin,12.9,13.0
Virginia,1 wk ahead,percent,4.6849272745309e-11,Bin,13.0,100.0
Virginia,2 wk ahead,percent,3.83628868689463e-11,Bin,0.0,0.1
Virginia,2 wk ahead,percent,7.67257737378925e-11,Bin,0.1,0.2
Virginia,2 wk ahead,percent,7.67257737378925e-11,Bin,0.2,0.3
Virginia,2 wk ahead,percent,7.67257737378925e-11,Bin,0.3,0.4
Virginia,2 wk ahead,percent,7.67257737378925e-11,Bin,0.4,0.5
Virginia,2 wk ahead,percent,7.67257737378925e-11,Bin,0.5,0.6
Virginia,2 wk ahead,percent,7.67257737378926e-11,Bin,0.6,0.7
Virginia,2 wk ahead,percent,1.61674748273606e-10,Bin,0.7,0.8
Virginia,2 wk ahead,percent,1.79451239092283e-09,Bin,0.8,0.9
Virginia,2 wk ahead,percent,0.00200000769650291,Bin,0.9,1.0
Virginia,2 wk ahead,percent,0.0180000124678066,Bin,1.0,1.1
Virginia,2 wk ahead,percent,0.0700000054402489,Bin,1.1,1.2
Virginia,2 wk ahead,percent,0.199999989172562,Bin,1.2,1.3
Virginia,2 wk ahead,percent,0.233999986599369,Bin,1.3,1.4
Virginia,2 wk ahead,percent,0.223999990966583,Bin,1.4,1.5
Virginia,2 wk ahead,percent,0.127999996545793,Bin,1.5,1.6
Virginia,2 wk ahead,percent,0.04799999829364,Bin,1.6,1.7
Virginia,2 wk ahead,percent,0.0419999978429378,Bin,1.7,1.8
Virginia,2 wk ahead,percent,0.00800000254323324,Bin,1.8,1.9
Virginia,2 wk ahead,percent,0.0140000031667619,Bin,1.9,2.0
Virginia,2 wk ahead,percent,0.00600000139752146,Bin,2.0,2.1
Virginia,2 wk ahead,percent,0.00200000011268535,Bin,2.1,2.2
Virginia,2 wk ahead,percent,0.0039999997559671,Bin,2.2,2.3
Virginia,2 wk ahead,percent,5.13285431090449e-11,Bin,2.3,2.4
Virginia,2 wk ahead,percent,5.13285431090449e-11,Bin,2.4,2.5
Virginia,2 wk ahead,percent,5.13285431090449e-11,Bin,2.5,2.6
Virginia,2 wk ahead,percent,5.13285431090449e-11,Bin,2.6,2.7
Virginia,2 wk ahead,percent,5.13285431090449e-11,Bin,2.7,2.8
Virginia,2 wk ahead,percent,5.13285431090449e-11,Bin,2.8,2.9
Virginia,2 wk ahead,percent,5.13285431090449e-11,Bin,2.9,3.0
Virginia,2 wk ahead,percent,5.13285431090449e-11,Bin,3.0,3.1
Virginia,2 wk ahead,percent,5.13285431090449e-11,Bin,3.1,3.2
Virginia,2 wk ahead,percent,5.13285431090449e-11,Bin,3.2,3.3
Virginia,2 wk ahead,percent,5.13285431090449e-11,Bin,3.3,3.4
Virginia,2 wk ahead,percent,5.13285431090449e-11,Bin,3.4,3.5
Virginia,2 wk ahead,percent,5.13285431090449e-11,Bin,3.5,3.6
Virginia,2 wk ahead,percent,5.13285431090449e-11,Bin,3.6,3.7
Virginia,2 wk ahead,percent,5.13285431090449e-11,Bin,3.7,3.8
Virginia,2 wk ahead,percent,5.13285431090449e-11,Bin,3.8,3.9
Virginia,2 wk ahead,percent,5.13285431090449e-11,Bin,3.9,4.0
Virginia,2 wk ahead,percent,5.13285431090449e-11,Bin,4.0,4.1
Virginia,2 wk ahead,percent,5.13285431090449e-11,Bin,4.1,4.2
Virginia,2 wk ahead,percent,5.13285431090449e-11,Bin,4.2,4.3
Virginia,2 wk ahead,percent,5.13285431090449e-11,Bin,4.3,4.4
Virginia,2 wk ahead,percent,5.13285431090449e-11,Bin,4.4,4.5
Virginia,2 wk ahead,percent,5.13285431090449e-11,Bin,4.5,4.6
Virginia,2 wk ahead,percent,5.13285431090449e-11,Bin,4.6,4.7
Virginia,2 wk ahead,percent,5.13285431090449e-11,Bin,4.7,4.8
Virginia,2 wk ahead,percent,5.13285431090449e-11,Bin,4.8,4.9
Virginia,2 wk ahead,percent,5.13285431090449e-11,Bin,4.9,5.0
Virginia,2 wk ahead,percent,5.13285431090449e-11,Bin,5.0,5.1
Virginia,2 wk ahead,percent,5.13285431090449e-11,Bin,5.1,5.2
Virginia,2 wk ahead,percent,5.13285431090449e-11,Bin,5.2,5.3
Virginia,2 wk ahead,percent,5.13285431090449e-11,Bin,5.3,5.4
Virginia,2 wk ahead,percent,5.13285431090449e-11,Bin,5.4,5.5
Virginia,2 wk ahead,percent,5.13285431090449e-11,Bin,5.5,5.6
Virginia,2 wk ahead,percent,5.13285431090449e-11,Bin,5.6,5.7
Virginia,2 wk ahead,percent,5.13285431090449e-11,Bin,5.7,5.8
Virginia,2 wk ahead,percent,5.13285431090449e-11,Bin,5.8,5.9
Virginia,2 wk ahead,percent,5.13285431090449e-11,Bin,5.9,6.0
Virginia,2 wk ahead,percent,5.13285431090449e-11,Bin,6.0,6.1
Virginia,2 wk ahead,percent,5.13285431090449e-11,Bin,6.1,6.2
Virginia,2 wk ahead,percent,5.13285431090449e-11,Bin,6.2,6.3
Virginia,2 wk ahead,percent,5.13285431090449e-11,Bin,6.3,6.4
Virginia,2 wk ahead,percent,5.13285431090449e-11,Bin,6.4,6.5
Virginia,2 wk ahead,percent,5.13285431090449e-11,Bin,6.5,6.6
Virginia,2 wk ahead,percent,5.13285431090449e-11,Bin,6.6,6.7
Virginia,2 wk ahead,percent,5.13285431090449e-11,Bin,6.7,6.8
Virginia,2 wk ahead,percent,5.13285431090449e-11,Bin,6.8,6.9
Virginia,2 wk ahead,percent,5.13285431090449e-11,Bin,6.9,7.0
Virginia,2 wk ahead,percent,5.13285431090449e-11,Bin,7.0,7.1
Virginia,2 wk ahead,percent,5.13285431090449e-11,Bin,7.1,7.2
Virginia,2 wk ahead,percent,5.13285431090449e-11,Bin,7.2,7.3
Virginia,2 wk ahead,percent,5.13285431090449e-11,Bin,7.3,7.4
Virginia,2 wk ahead,percent,5.13285431090449e-11,Bin,7.4,7.5
Virginia,2 wk ahead,percent,5.13285431090449e-11,Bin,7.5,7.6
Virginia,2 wk ahead,percent,5.13285431090449e-11,Bin,7.6,7.7
Virginia,2 wk ahead,percent,5.13285431090449e-11,Bin,7.7,7.8
Virginia,2 wk ahead,percent,5.13285431090449e-11,Bin,7.8,7.9
Virginia,2 wk ahead,percent,5.13285431090449e-11,Bin,7.9,8.0
Virginia,2 wk ahead,percent,5.13285431090453e-11,Bin,8.0,8.1
Virginia,2 wk ahead,percent,5.13285431090458e-11,Bin,8.1,8.2
Virginia,2 wk ahead,percent,5.13285431090458e-11,Bin,8.2,8.3
Virginia,2 wk ahead,percent,5.13285431090458e-11,Bin,8.3,8.4
Virginia,2 wk ahead,percent,5.13285431090458e-11,Bin,8.4,8.5
Virginia,2 wk ahead,percent,5.13285431090458e-11,Bin,8.5,8.6
Virginia,2 wk ahead,percent,5.13285431090458e-11,Bin,8.6,8.7
Virginia,2 wk ahead,percent,5.13285431090458e-11,Bin,8.7,8.8
Virginia,2 wk ahead,percent,5.13285431090458e-11,Bin,8.8,8.9
Virginia,2 wk ahead,percent,5.13285431090458e-11,Bin,8.9,9.0
Virginia,2 wk ahead,percent,5.13285431090458e-11,Bin,9.0,9.1
Virginia,2 wk ahead,percent,5.13285431090458e-11,Bin,9.1,9.2
Virginia,2 wk ahead,percent,5.13285431090458e-11,Bin,9.2,9.3
Virginia,2 wk ahead,percent,5.13285431090458e-11,Bin,9.3,9.4
Virginia,2 wk ahead,percent,5.13285431090458e-11,Bin,9.4,9.5
Virginia,2 wk ahead,percent,5.13285431090458e-11,Bin,9.5,9.6
Virginia,2 wk ahead,percent,5.13285431090458e-11,Bin,9.6,9.7
Virginia,2 wk ahead,percent,5.13285431090458e-11,Bin,9.7,9.8
Virginia,2 wk ahead,percent,5.13285431090458e-11,Bin,9.8,9.9
Virginia,2 wk ahead,percent,5.13285431090458e-11,Bin,9.9,10.0
Virginia,2 wk ahead,percent,5.13285431090458e-11,Bin,10.0,10.1
Virginia,2 wk ahead,percent,5.13285431090458e-11,Bin,10.1,10.2
Virginia,2 wk ahead,percent,5.13285431090458e-11,Bin,10.2,10.3
Virginia,2 wk ahead,percent,5.13285431090458e-11,Bin,10.3,10.4
Virginia,2 wk ahead,percent,5.13285431090458e-11,Bin,10.4,10.5
Virginia,2 wk ahead,percent,5.13285431090458e-11,Bin,10.5,10.6
Virginia,2 wk ahead,percent,5.13285431090458e-11,Bin,10.6,10.7
Virginia,2 wk ahead,percent,5.13285431090458e-11,Bin,10.7,10.8
Virginia,2 wk ahead,percent,5.13285431090458e-11,Bin,10.8,10.9
Virginia,2 wk ahead,percent,5.13285431090458e-11,Bin,10.9,11.0
Virginia,2 wk ahead,percent,5.13285431090458e-11,Bin,11.0,11.1
Virginia,2 wk ahead,percent,5.13285431090458e-11,Bin,11.1,11.2
Virginia,2 wk ahead,percent,5.13285431090458e-11,Bin,11.2,11.3
Virginia,2 wk ahead,percent,5.13285431090458e-11,Bin,11.3,11.4
Virginia,2 wk ahead,percent,5.13285431090458e-11,Bin,11.4,11.5
Virginia,2 wk ahead,percent,5.13285431090458e-11,Bin,11.5,11.6
Virginia,2 wk ahead,percent,5.13285431090458e-11,Bin,11.6,11.7
Virginia,2 wk ahead,percent,5.13285431090458e-11,Bin,11.7,11.8
Virginia,2 wk ahead,percent,5.13285431090458e-11,Bin,11.8,11.9
Virginia,2 wk ahead,percent,5.13285431090458e-11,Bin,11.9,12.0
Virginia,2 wk ahead,percent,5.13285431090458e-11,Bin,12.0,12.1
Virginia,2 wk ahead,percent,5.13285431090458e-11,Bin,12.1,12.2
Virginia,2 wk ahead,percent,5.13285431090458e-11,Bin,12.2,12.3
Virginia,2 wk ahead,percent,5.13285431090458e-11,Bin,12.3,12.4
Virginia,2 wk ahead,percent,5.13285431090458e-11,Bin,12.4,12.5
Virginia,2 wk ahead,percent,5.13285431090458e-11,Bin,12.5,12.6
Virginia,2 wk ahead,percent,5.13285431090458e-11,Bin,12.6,12.7
Virginia,2 wk ahead,percent,5.13285431090458e-11,Bin,12.7,12.8
Virginia,2 wk ahead,percent,5.13285431090458e-11,Bin,12.8,12.9
Virginia,2 wk ahead,percent,5.13285431090458e-11,Bin,12.9,13.0
Virginia,2 wk ahead,percent,5.13285431090458e-11,Bin,13.0,100.0
Virginia,3 wk ahead,percent,9.05948639823428e-11,Bin,0.0,0.1
Virginia,3 wk ahead,percent,1.81189727964686e-10,Bin,0.1,0.2
Virginia,3 wk ahead,percent,1.81189727964686e-10,Bin,0.2,0.3
Virginia,3 wk ahead,percent,1.81189727964686e-10,Bin,0.3,0.4
Virginia,3 wk ahead,percent,1.81189727964686e-10,Bin,0.4,0.5
Virginia,3 wk ahead,percent,1.89284958224679e-10,Bin,0.5,0.6
Virginia,3 wk ahead,percent,8.20236208739013e-10,Bin,0.6,0.7
Virginia,3 wk ahead,percent,3.85026509800371e-09,Bin,0.7,0.8
Virginia,3 wk ahead,percent,0.00200001093676354,Bin,0.8,0.9
Virginia,3 wk ahead,percent,0.0360000139098232,Bin,0.9,1.0
Virginia,3 wk ahead,percent,0.0980000066767657,Bin,1.0,1.1
Virginia,3 wk ahead,percent,0.223999978860109,Bin,1.1,1.2
Virginia,3 wk ahead,percent,0.231999973862398,Bin,1.2,1.3
Virginia,3 wk ahead,percent,0.20799997684166,Bin,1.3,1.4
Virginia,3 wk ahead,percent,0.0999999961280036,Bin,1.4,1.5
Virginia,3 wk ahead,percent,0.0500000014026798,Bin,1.5,1.6
Virginia,3 wk ahead,percent,0.0240000039731343,Bin,1.6,1.7
Virginia,3 wk ahead,percent,0.00600000805609619,Bin,1.7,1.8
Virginia,3 wk ahead,percent,0.0100000065744574,Bin,1.8,1.9
Virginia,3 wk ahead,percent,0.00600000415911671,Bin,1.9,2.0
Virginia,3 wk ahead,percent,2.11910212686057e-09,Bin,2.0,2.1
Virginia,3 wk ahead,percent,5.11622061730979e-10,Bin,2.1,2.2
Virginia,3 wk ahead,percent,0.00199999969190631,Bin,2.2,2.3
Virginia,3 wk ahead,percent,1.02241053417708e-10,Bin,2.3,2.4
Virginia,3 wk ahead,percent,1.02241053417708e-10,Bin,2.4,2.5
Virginia,3 wk ahead,percent,1.02241053417708e-10,Bin,2.5,2.6
Virginia,3 wk ahead,percent,1.02241053417708e-10,Bin,2.6,2.7
Virginia,3 wk ahead,percent,0.00199999968142984,Bin,2.7,2.8
Virginia,3 wk ahead,percent,1.02241053417708e-10,Bin,2.8,2.9
Virginia,3 wk ahead,percent,1.02241053417708e-10,Bin,2.9,3.0
Virginia,3 wk ahead,percent,1.02241053417708e-10,Bin,3.0,3.1
Virginia,3 wk ahead,percent,1.02241053417708e-10,Bin,3.1,3.2
Virginia,3 wk ahead,percent,1.02241053417708e-10,Bin,3.2,3.3
Virginia,3 wk ahead,percent,1.02241053417708e-10,Bin,3.3,3.4
Virginia,3 wk ahead,percent,1.02241053417708e-10,Bin,3.4,3.5
Virginia,3 wk ahead,percent,1.02241053417708e-10,Bin,3.5,3.6
Virginia,3 wk ahead,percent,1.02241053417708e-10,Bin,3.6,3.7
Virginia,3 wk ahead,percent,1.02241053417708e-10,Bin,3.7,3.8
Virginia,3 wk ahead,percent,1.02241053417708e-10,Bin,3.8,3.9
Virginia,3 wk ahead,percent,1.02241053417708e-10,Bin,3.9,4.0
Virginia,3 wk ahead,percent,1.02241053417708e-10,Bin,4.0,4.1
Virginia,3 wk ahead,percent,1.02241053417708e-10,Bin,4.1,4.2
Virginia,3 wk ahead,percent,1.02241053417708e-10,Bin,4.2,4.3
Virginia,3 wk ahead,percent,1.02241053417708e-10,Bin,4.3,4.4
Virginia,3 wk ahead,percent,1.02241053417708e-10,Bin,4.4,4.5
Virginia,3 wk ahead,percent,1.02241053417708e-10,Bin,4.5,4.6
Virginia,3 wk ahead,percent,1.02241053417708e-10,Bin,4.6,4.7
Virginia,3 wk ahead,percent,1.02241053417708e-10,Bin,4.7,4.8
Virginia,3 wk ahead,percent,1.02241053417708e-10,Bin,4.8,4.9
Virginia,3 wk ahead,percent,1.02241053417708e-10,Bin,4.9,5.0
Virginia,3 wk ahead,percent,1.02241053417708e-10,Bin,5.0,5.1
Virginia,3 wk ahead,percent,1.02241053417708e-10,Bin,5.1,5.2
Virginia,3 wk ahead,percent,1.02241053417708e-10,Bin,5.2,5.3
Virginia,3 wk ahead,percent,1.02241053417708e-10,Bin,5.3,5.4
Virginia,3 wk ahead,percent,1.02241053417708e-10,Bin,5.4,5.5
Virginia,3 wk ahead,percent,1.02241053417708e-10,Bin,5.5,5.6
Virginia,3 wk ahead,percent,1.02241053417708e-10,Bin,5.6,5.7
Virginia,3 wk ahead,percent,1.02241053417708e-10,Bin,5.7,5.8
Virginia,3 wk ahead,percent,1.02241053417708e-10,Bin,5.8,5.9
Virginia,3 wk ahead,percent,1.02241053417708e-10,Bin,5.9,6.0
Virginia,3 wk ahead,percent,1.02241053417708e-10,Bin,6.0,6.1
Virginia,3 wk ahead,percent,1.02241053417708e-10,Bin,6.1,6.2
Virginia,3 wk ahead,percent,1.02241053417708e-10,Bin,6.2,6.3
Virginia,3 wk ahead,percent,1.02241053417708e-10,Bin,6.3,6.4
Virginia,3 wk ahead,percent,1.02241053417708e-10,Bin,6.4,6.5
Virginia,3 wk ahead,percent,1.02241053417708e-10,Bin,6.5,6.6
Virginia,3 wk ahead,percent,1.02241053417708e-10,Bin,6.6,6.7
Virginia,3 wk ahead,percent,1.02241053417708e-10,Bin,6.7,6.8
Virginia,3 wk ahead,percent,1.02241053417708e-10,Bin,6.8,6.9
Virginia,3 wk ahead,percent,1.02241053417708e-10,Bin,6.9,7.0
Virginia,3 wk ahead,percent,1.02241053417708e-10,Bin,7.0,7.1
Virginia,3 wk ahead,percent,1.02241053417708e-10,Bin,7.1,7.2
Virginia,3 wk ahead,percent,1.02241053417708e-10,Bin,7.2,7.3
Virginia,3 wk ahead,percent,1.02241053417708e-10,Bin,7.3,7.4
Virginia,3 wk ahead,percent,1.02241053417708e-10,Bin,7.4,7.5
Virginia,3 wk ahead,percent,1.02241053417708e-10,Bin,7.5,7.6
Virginia,3 wk ahead,percent,1.02241053417708e-10,Bin,7.6,7.7
Virginia,3 wk ahead,percent,1.02241053417708e-10,Bin,7.7,7.8
Virginia,3 wk ahead,percent,1.02241053417708e-10,Bin,7.8,7.9
Virginia,3 wk ahead,percent,1.02241053417708e-10,Bin,7.9,8.0
Virginia,3 wk ahead,percent,1.02241053417709e-10,Bin,8.0,8.1
Virginia,3 wk ahead,percent,1.0224105341771e-10,Bin,8.1,8.2
Virginia,3 wk ahead,percent,1.0224105341771e-10,Bin,8.2,8.3
Virginia,3 wk ahead,percent,1.0224105341771e-10,Bin,8.3,8.4
Virginia,3 wk ahead,percent,1.0224105341771e-10,Bin,8.4,8.5
Virginia,3 wk ahead,percent,1.0224105341771e-10,Bin,8.5,8.6
Virginia,3 wk ahead,percent,1.0224105341771e-10,Bin,8.6,8.7
Virginia,3 wk ahead,percent,1.0224105341771e-10,Bin,8.7,8.8
Virginia,3 wk ahead,percent,1.0224105341771e-10,Bin,8.8,8.9
Virginia,3 wk ahead,percent,1.0224105341771e-10,Bin,8.9,9.0
Virginia,3 wk ahead,percent,1.0224105341771e-10,Bin,9.0,9.1
Virginia,3 wk ahead,percent,1.0224105341771e-10,Bin,9.1,9.2
Virginia,3 wk ahead,percent,1.0224105341771e-10,Bin,9.2,9.3
Virginia,3 wk ahead,percent,1.0224105341771e-10,Bin,9.3,9.4
Virginia,3 wk ahead,percent,1.0224105341771e-10,Bin,9.4,9.5
Virginia,3 wk ahead,percent,1.0224105341771e-10,Bin,9.5,9.6
Virginia,3 wk ahead,percent,1.0224105341771e-10,Bin,9.6,9.7
Virginia,3 wk ahead,percent,1.0224105341771e-10,Bin,9.7,9.8
Virginia,3 wk ahead,percent,1.0224105341771e-10,Bin,9.8,9.9
Virginia,3 wk ahead,percent,1.0224105341771e-10,Bin,9.9,10.0
Virginia,3 wk ahead,percent,1.0224105341771e-10,Bin,10.0,10.1
Virginia,3 wk ahead,percent,1.0224105341771e-10,Bin,10.1,10.2
Virginia,3 wk ahead,percent,1.0224105341771e-10,Bin,10.2,10.3
Virginia,3 wk ahead,percent,1.0224105341771e-10,Bin,10.3,10.4
Virginia,3 wk ahead,percent,1.0224105341771e-10,Bin,10.4,10.5
Virginia,3 wk ahead,percent,1.0224105341771e-10,Bin,10.5,10.6
Virginia,3 wk ahead,percent,1.0224105341771e-10,Bin,10.6,10.7
Virginia,3 wk ahead,percent,1.0224105341771e-10,Bin,10.7,10.8
Virginia,3 wk ahead,percent,1.0224105341771e-10,Bin,10.8,10.9
Virginia,3 wk ahead,percent,1.0224105341771e-10,Bin,10.9,11.0
Virginia,3 wk ahead,percent,1.0224105341771e-10,Bin,11.0,11.1
Virginia,3 wk ahead,percent,1.0224105341771e-10,Bin,11.1,11.2
Virginia,3 wk ahead,percent,1.0224105341771e-10,Bin,11.2,11.3
Virginia,3 wk ahead,percent,1.0224105341771e-10,Bin,11.3,11.4
Virginia,3 wk ahead,percent,1.0224105341771e-10,Bin,11.4,11.5
Virginia,3 wk ahead,percent,1.0224105341771e-10,Bin,11.5,11.6
Virginia,3 wk ahead,percent,1.0224105341771e-10,Bin,11.6,11.7
Virginia,3 wk ahead,percent,1.0224105341771e-10,Bin,11.7,11.8
Virginia,3 wk ahead,percent,1.0224105341771e-10,Bin,11.8,11.9
Virginia,3 wk ahead,percent,1.0224105341771e-10,Bin,11.9,12.0
Virginia,3 wk ahead,percent,1.0224105341771e-10,Bin,12.0,12.1
Virginia,3 wk ahead,percent,1.0224105341771e-10,Bin,12.1,12.2
Virginia,3 wk ahead,percent,1.0224105341771e-10,Bin,12.2,12.3
Virginia,3 wk ahead,percent,1.0224105341771e-10,Bin,12.3,12.4
Virginia,3 wk ahead,percent,1.0224105341771e-10,Bin,12.4,12.5
Virginia,3 wk ahead,percent,1.0224105341771e-10,Bin,12.5,12.6
Virginia,3 wk ahead,percent,1.0224105341771e-10,Bin,12.6,12.7
Virginia,3 wk ahead,percent,1.0224105341771e-10,Bin,12.7,12.8
Virginia,3 wk ahead,percent,1.0224105341771e-10,Bin,12.8,12.9
Virginia,3 wk ahead,percent,1.0224105341771e-10,Bin,12.9,13.0
Virginia,3 wk ahead,percent,1.0224105341771e-10,Bin,13.0,100.0
Virginia,4 wk ahead,percent,1.68489818721493e-10,Bin,0.0,0.1
Virginia,4 wk ahead,percent,3.36979637442985e-10,Bin,0.1,0.2
Virginia,4 wk ahead,percent,3.36979637442985e-10,Bin,0.2,0.3
Virginia,4 wk ahead,percent,3.36979637442985e-10,Bin,0.3,0.4
Virginia,4 wk ahead,percent,3.36979637442985e-10,Bin,0.4,0.5
Virginia,4 wk ahead,percent,3.36979637442985e-10,Bin,0.5,0.6
Virginia,4 wk ahead,percent,3.36979637442985e-10,Bin,0.6,0.7
Virginia,4 wk ahead,percent,3.36979637442985e-10,Bin,0.7,0.8
Virginia,4 wk ahead,percent,0.0219999961532274,Bin,0.8,0.9
Virginia,4 wk ahead,percent,0.0879999998978982,Bin,0.9,1.0
Virginia,4 wk ahead,percent,0.206000012512955,Bin,1.0,1.1
Virginia,4 wk ahead,percent,0.265999966283442,Bin,1.1,1.2
Virginia,4 wk ahead,percent,0.219999970154037,Bin,1.2,1.3
Virginia,4 wk ahead,percent,0.105999996639943,Bin,1.3,1.4
Virginia,4 wk ahead,percent,0.0460000044514857,Bin,1.4,1.5
Virginia,4 wk ahead,percent,0.019999999206264,Bin,1.5,1.6
Virginia,4 wk ahead,percent,0.0120000024142334,Bin,1.6,1.7
Virginia,4 wk ahead,percent,0.00200001803108042,Bin,1.7,1.8
Virginia,4 wk ahead,percent,0.00600000651220531,Bin,1.8,1.9
Virginia,4 wk ahead,percent,0.00399999958513396,Bin,1.9,2.0
Virginia,4 wk ahead,percent,2.34688072493531e-10,Bin,2.0,2.1
Virginia,4 wk ahead,percent,2.34688072493531e-10,Bin,2.1,2.2
Virginia,4 wk ahead,percent,0.00199999981505955,Bin,2.2,2.3
Virginia,4 wk ahead,percent,2.34688072493531e-10,Bin,2.3,2.4
Virginia,4 wk ahead,percent,2.34688072493531e-10,Bin,2.4,2.5
Virginia,4 wk ahead,percent,2.34688072493531e-10,Bin,2.5,2.6
Virginia,4 wk ahead,percent,2.34688072493531e-10,Bin,2.6,2.7
Virginia,4 wk ahead,percent,2.34688072493531e-10,Bin,2.7,2.8
Virginia,4 wk ahead,percent,2.34688072493531e-10,Bin,2.8,2.9
Virginia,4 wk ahead,percent,2.34688072493531e-10,Bin,2.9,3.0
Virginia,4 wk ahead,percent,2.34688072493531e-10,Bin,3.0,3.1
Virginia,4 wk ahead,percent,2.34688072493531e-10,Bin,3.1,3.2
Virginia,4 wk ahead,percent,2.34688072493531e-10,Bin,3.2,3.3
Virginia,4 wk ahead,percent,2.34688072493531e-10,Bin,3.3,3.4
Virginia,4 wk ahead,percent,2.34688072493531e-10,Bin,3.4,3.5
Virginia,4 wk ahead,percent,2.34688072493531e-10,Bin,3.5,3.6
Virginia,4 wk ahead,percent,2.34688072493531e-10,Bin,3.6,3.7
Virginia,4 wk ahead,percent,2.34688072493531e-10,Bin,3.7,3.8
Virginia,4 wk ahead,percent,2.34688072493531e-10,Bin,3.8,3.9
Virginia,4 wk ahead,percent,2.34688072493531e-10,Bin,3.9,4.0
Virginia,4 wk ahead,percent,2.34688072493531e-10,Bin,4.0,4.1
Virginia,4 wk ahead,percent,2.34688072493531e-10,Bin,4.1,4.2
Virginia,4 wk ahead,percent,2.34688072493531e-10,Bin,4.2,4.3
Virginia,4 wk ahead,percent,2.34688072493531e-10,Bin,4.3,4.4
Virginia,4 wk ahead,percent,2.34688072493531e-10,Bin,4.4,4.5
Virginia,4 wk ahead,percent,2.34688072493531e-10,Bin,4.5,4.6
Virginia,4 wk ahead,percent,2.34688072493531e-10,Bin,4.6,4.7
Virginia,4 wk ahead,percent,2.34688072493531e-10,Bin,4.7,4.8
Virginia,4 wk ahead,percent,2.34688072493531e-10,Bin,4.8,4.9
Virginia,4 wk ahead,percent,2.34688072493531e-10,Bin,4.9,5.0
Virginia,4 wk ahead,percent,2.34688072493531e-10,Bin,5.0,5.1
Virginia,4 wk ahead,percent,2.34688072493531e-10,Bin,5.1,5.2
Virginia,4 wk ahead,percent,2.34688072493531e-10,Bin,5.2,5.3
Virginia,4 wk ahead,percent,2.34688072493531e-10,Bin,5.3,5.4
Virginia,4 wk ahead,percent,2.34688072493531e-10,Bin,5.4,5.5
Virginia,4 wk ahead,percent,2.34688072493531e-10,Bin,5.5,5.6
Virginia,4 wk ahead,percent,2.34688072493531e-10,Bin,5.6,5.7
Virginia,4 wk ahead,percent,2.34688072493531e-10,Bin,5.7,5.8
Virginia,4 wk ahead,percent,2.34688072493531e-10,Bin,5.8,5.9
Virginia,4 wk ahead,percent,2.34688072493531e-10,Bin,5.9,6.0
Virginia,4 wk ahead,percent,2.34688072493531e-10,Bin,6.0,6.1
Virginia,4 wk ahead,percent,2.34688072493531e-10,Bin,6.1,6.2
Virginia,4 wk ahead,percent,2.34688072493531e-10,Bin,6.2,6.3
Virginia,4 wk ahead,percent,2.34688072493531e-10,Bin,6.3,6.4
Virginia,4 wk ahead,percent,2.34688072493531e-10,Bin,6.4,6.5
Virginia,4 wk ahead,percent,2.34688072493531e-10,Bin,6.5,6.6
Virginia,4 wk ahead,percent,2.34688072493531e-10,Bin,6.6,6.7
Virginia,4 wk ahead,percent,2.34688072493531e-10,Bin,6.7,6.8
Virginia,4 wk ahead,percent,2.34688072493531e-10,Bin,6.8,6.9
Virginia,4 wk ahead,percent,2.34688072493531e-10,Bin,6.9,7.0
Virginia,4 wk ahead,percent,2.34688072493531e-10,Bin,7.0,7.1
Virginia,4 wk ahead,percent,2.34688072493531e-10,Bin,7.1,7.2
Virginia,4 wk ahead,percent,2.34688072493531e-10,Bin,7.2,7.3
Virginia,4 wk ahead,percent,2.34688072493531e-10,Bin,7.3,7.4
Virginia,4 wk ahead,percent,2.34688072493531e-10,Bin,7.4,7.5
Virginia,4 wk ahead,percent,2.34688072493531e-10,Bin,7.5,7.6
Virginia,4 wk ahead,percent,2.34688072493531e-10,Bin,7.6,7.7
Virginia,4 wk ahead,percent,2.34688072493531e-10,Bin,7.7,7.8
Virginia,4 wk ahead,percent,2.34688072493531e-10,Bin,7.8,7.9
Virginia,4 wk ahead,percent,2.34688072493531e-10,Bin,7.9,8.0
Virginia,4 wk ahead,percent,2.34688072493533e-10,Bin,8.0,8.1
Virginia,4 wk ahead,percent,2.34688072493535e-10,Bin,8.1,8.2
Virginia,4 wk ahead,percent,2.34688072493535e-10,Bin,8.2,8.3
Virginia,4 wk ahead,percent,2.34688072493535e-10,Bin,8.3,8.4
Virginia,4 wk ahead,percent,2.34688072493535e-10,Bin,8.4,8.5
Virginia,4 wk ahead,percent,2.34688072493535e-10,Bin,8.5,8.6
Virginia,4 wk ahead,percent,2.34688072493535e-10,Bin,8.6,8.7
Virginia,4 wk ahead,percent,2.34688072493535e-10,Bin,8.7,8.8
Virginia,4 wk ahead,percent,2.34688072493535e-10,Bin,8.8,8.9
Virginia,4 wk ahead,percent,2.34688072493535e-10,Bin,8.9,9.0
Virginia,4 wk ahead,percent,2.34688072493535e-10,Bin,9.0,9.1
Virginia,4 wk ahead,percent,2.34688072493535e-10,Bin,9.1,9.2
Virginia,4 wk ahead,percent,2.34688072493535e-10,Bin,9.2,9.3
Virginia,4 wk ahead,percent,2.34688072493535e-10,Bin,9.3,9.4
Virginia,4 wk ahead,percent,2.34688072493535e-10,Bin,9.4,9.5
Virginia,4 wk ahead,percent,2.34688072493535e-10,Bin,9.5,9.6
Virginia,4 wk ahead,percent,2.34688072493535e-10,Bin,9.6,9.7
Virginia,4 wk ahead,percent,2.34688072493535e-10,Bin,9.7,9.8
Virginia,4 wk ahead,percent,2.34688072493535e-10,Bin,9.8,9.9
Virginia,4 wk ahead,percent,2.34688072493535e-10,Bin,9.9,10.0
Virginia,4 wk ahead,percent,2.34688072493535e-10,Bin,10.0,10.1
Virginia,4 wk ahead,percent,2.34688072493535e-10,Bin,10.1,10.2
Virginia,4 wk ahead,percent,2.34688072493535e-10,Bin,10.2,10.3
Virginia,4 wk ahead,percent,2.34688072493535e-10,Bin,10.3,10.4
Virginia,4 wk ahead,percent,2.34688072493535e-10,Bin,10.4,10.5
Virginia,4 wk ahead,percent,2.34688072493535e-10,Bin,10.5,10.6
Virginia,4 wk ahead,percent,2.34688072493535e-10,Bin,10.6,10.7
Virginia,4 wk ahead,percent,2.34688072493535e-10,Bin,10.7,10.8
Virginia,4 wk ahead,percent,2.34688072493535e-10,Bin,10.8,10.9
Virginia,4 wk ahead,percent,2.34688072493535e-10,Bin,10.9,11.0
Virginia,4 wk ahead,percent,2.34688072493535e-10,Bin,11.0,11.1
Virginia,4 wk ahead,percent,2.34688072493535e-10,Bin,11.1,11.2
Virginia,4 wk ahead,percent,2.34688072493535e-10,Bin,11.2,11.3
Virginia,4 wk ahead,percent,2.34688072493535e-10,Bin,11.3,11.4
Virginia,4 wk ahead,percent,2.34688072493535e-10,Bin,11.4,11.5
Virginia,4 wk ahead,percent,2.34688072493535e-10,Bin,11.5,11.6
Virginia,4 wk ahead,percent,2.34688072493535e-10,Bin,11.6,11.7
Virginia,4 wk ahead,percent,2.34688072493535e-10,Bin,11.7,11.8
Virginia,4 wk ahead,percent,2.34688072493535e-10,Bin,11.8,11.9
Virginia,4 wk ahead,percent,2.34688072493535e-10,Bin,11.9,12.0
Virginia,4 wk ahead,percent,2.34688072493535e-10,Bin,12.0,12.1
Virginia,4 wk ahead,percent,2.34688072493535e-10,Bin,12.1,12.2
Virginia,4 wk ahead,percent,2.34688072493535e-10,Bin,12.2,12.3
Virginia,4 wk ahead,percent,2.34688072493535e-10,Bin,12.3,12.4
Virginia,4 wk ahead,percent,2.34688072493535e-10,Bin,12.4,12.5
Virginia,4 wk ahead,percent,2.34688072493535e-10,Bin,12.5,12.6
Virginia,4 wk ahead,percent,2.34688072493535e-10,Bin,12.6,12.7
Virginia,4 wk ahead,percent,2.34688072493535e-10,Bin,12.7,12.8
Virginia,4 wk ahead,percent,2.34688072493535e-10,Bin,12.8,12.9
Virginia,4 wk ahead,percent,2.34688072493535e-10,Bin,12.9,13.0
Virginia,4 wk ahead,percent,2.34688072493535e-10,Bin,13.0,100.0
Virginia,Season peak percentage,percent,1.19798801861917e-12,Bin,0.0,0.1
Virginia,Season peak percentage,percent,2.51780331639503e-12,Bin,0.1,0.2
Virginia,Season peak percentage,percent,2.68573679687632e-12,Bin,0.2,0.3
Virginia,Season peak percentage,percent,2.86033580039748e-12,Bin,0.3,0.4
Virginia,Season peak percentage,percent,3.04152776255673e-12,Bin,0.4,0.5
Virginia,Season peak percentage,percent,3.22931915745816e-12,Bin,0.5,0.6
Virginia,Season peak percentage,percent,3.42355280727123e-12,Bin,0.6,0.7
Virginia,Season peak percentage,percent,3.62397924003175e-12,Bin,0.7,0.8
Virginia,Season peak percentage,percent,3.83047435446899e-12,Bin,0.8,0.9
Virginia,Season peak percentage,percent,4.04294042607477e-12,Bin,0.9,1.0
Virginia,Season peak percentage,percent,4.26099324466228e-12,Bin,1.0,1.1
Virginia,Season peak percentage,percent,4.48437403604639e-12,Bin,1.1,1.2
Virginia,Season peak percentage,percent,4.71279676932626e-12,Bin,1.2,1.3
Virginia,Season peak percentage,percent,4.94601913914437e-12,Bin,1.3,1.4
Virginia,Season peak percentage,percent,5.18360463651699e-12,Bin,1.4,1.5
Virginia,Season peak percentage,percent,5.42509847337474e-12,Bin,1.5,1.6
Virginia,Season peak percentage,percent,5.67020822298946e-12,Bin,1.6,1.7
Virginia,Season peak percentage,percent,5.91842742245715e-12,Bin,1.7,1.8
Virginia,Season peak percentage,percent,6.16925177843221e-12,Bin,1.8,1.9
Virginia,Season peak percentage,percent,6.42218057347507e-12,Bin,1.9,2.0
Virginia,Season peak percentage,percent,6.67669831598005e-12,Bin,2.0,2.1
Virginia,Season peak percentage,percent,6.93224285813343e-12,Bin,2.1,2.2
Virginia,Season peak percentage,percent,7.18821499470128e-12,Bin,2.2,2.3
Virginia,Season peak percentage,percent,7.44401608476124e-12,Bin,2.3,2.4
Virginia,Season peak percentage,percent,7.69898912460964e-12,Bin,2.4,2.5
Virginia,Season peak percentage,percent,7.952506283881e-12,Bin,2.5,2.6
Virginia,Season peak percentage,percent,8.20390941082909e-12,Bin,2.6,2.7
Virginia,Season peak percentage,percent,8.45252929317871e-12,Bin,2.7,2.8
Virginia,Season peak percentage,percent,8.69762602865205e-12,Bin,2.8,2.9
Virginia,Season peak percentage,percent,8.93850059980825e-12,Bin,2.9,3.0
Virginia,Season peak percentage,percent,9.17456638101111e-12,Bin,3.0,3.1
Virginia,Season peak percentage,percent,9.405000692937e-12,Bin,3.1,3.2
Virginia,Season peak percentage,percent,9.62907503841239e-12,Bin,3.2,3.3
Virginia,Season peak percentage,percent,9.84619782774874e-12,Bin,3.3,3.4
Virginia,Season peak percentage,percent,1.00557117721327e-11,Bin,3.4,3.5
Virginia,Season peak percentage,percent,1.02569247693933e-11,Bin,3.5,3.6
Virginia,Season peak percentage,percent,1.04490320941471e-11,Bin,3.6,3.7
Virginia,Season peak percentage,percent,1.06315787432424e-11,Bin,3.7,3.8
Virginia,Season peak percentage,percent,1.08041140013864e-11,Bin,3.8,3.9
Virginia,Season peak percentage,percent,1.09656993614923e-11,Bin,3.9,4.0
Virginia,Season peak percentage,percent,1.11160338288375e-11,Bin,4.0,4.1
Virginia,Season peak percentage,percent,1.12546797732164e-11,Bin,4.1,4.2
Virginia,Season peak percentage,percent,1.1381218782476e-11,Bin,4.2,4.3
Virginia,Season peak percentage,percent,1.14951366161478e-11,Bin,4.3,4.4
Virginia,Season peak percentage,percent,1.15959751478466e-11,Bin,4.4,4.5
Virginia,Season peak percentage,percent,1.16837871480964e-11,Bin,4.5,4.6
Virginia,Season peak percentage,percent,1.17581848270363e-11,Bin,4.6,4.7
Virginia,Season peak percentage,percent,1.18187228074981e-11,Bin,4.7,4.8
Virginia,Season peak percentage,percent,1.18655792521234e-11,Bin,4.8,4.9
Virginia,Season peak percentage,percent,1.18987033606029e-11,Bin,4.9,5.0
Virginia,Season peak percentage,percent,1.19180622527291e-11,Bin,5.0,5.1
Virginia,Season peak percentage,percent,1.19234741637468e-11,Bin,5.1,5.2
Virginia,Season peak percentage,percent,1.19151501343013e-11,Bin,5.2,5.3
Virginia,Season peak percentage,percent,1.1893551106313e-11,Bin,5.3,5.4
Virginia,Season peak percentage,percent,1.18584933485349e-11,Bin,5.4,5.5
Virginia,Season peak percentage,percent,1.18103309948432e-11,Bin,5.5,5.6
Virginia,Season peak percentage,percent,1.17495250822745e-11,Bin,5.6,5.7
Virginia,Season peak percentage,percent,1.1676452030494e-11,Bin,5.7,5.8
Virginia,Season peak percentage,percent,1.15914566016726e-11,Bin,5.8,5.9
Virginia,Season peak percentage,percent,1.14947779124603e-11,Bin,5.9,6.0
Virginia,Season peak percentage,percent,1.13872165325049e-11,Bin,6.0,6.1
Virginia,Season peak percentage,percent,1.12692851975739e-11,Bin,6.1,6.2
Virginia,Season peak percentage,percent,1.11412640747763e-11,Bin,6.2,6.3
Virginia,Season peak percentage,percent,1.10039237420353e-11,Bin,6.3,6.4
Virginia,Season peak percentage,percent,1.08579048944741e-11,Bin,6.4,6.5
Virginia,Season peak percentage,percent,1.07038014174171e-11,Bin,6.5,6.6
Virginia,Season peak percentage,percent,1.05421597392235e-11,Bin,6.6,6.7
Virginia,Season peak percentage,percent,1.03735844532954e-11,Bin,6.7,6.8
Virginia,Season peak percentage,percent,1.01989084407585e-11,Bin,6.8,6.9
Virginia,Season peak percentage,percent,1.00186326225393e-11,Bin,6.9,7.0
Virginia,Season peak percentage,percent,9.83336478640577e-12,Bin,7.0,7.1
Virginia,Season peak percentage,percent,9.64381589943347e-12,Bin,7.1,7.2
Virginia,Season peak percentage,percent,9.45059739536568e-12,Bin,7.2,7.3
Virginia,Season peak percentage,percent,9.25429530496276e-12,Bin,7.3,7.4
Virginia,Season peak percentage,percent,9.05543564045208e-12,Bin,7.4,7.5
Virginia,Season peak percentage,percent,8.8546273951262e-12,Bin,7.5,7.6
Virginia,Season peak percentage,percent,8.65241383389076e-12,Bin,7.6,7.7
Virginia,Season peak percentage,percent,8.44926656387674e-12,Bin,7.7,7.8
Virginia,Season peak percentage,percent,8.24567390918658e-12,Bin,7.8,7.9
Virginia,Season peak percentage,percent,8.04207962254065e-12,Bin,7.9,8.0
Virginia,Season peak percentage,percent,7.83888577948757e-12,Bin,8.0,8.1
Virginia,Season peak percentage,percent,7.63646839516364e-12,Bin,8.1,8.2
Virginia,Season peak percentage,percent,7.43519408864299e-12,Bin,8.2,8.3
Virginia,Season peak percentage,percent,7.23532508376155e-12,Bin,8.3,8.4
Virginia,Season peak percentage,percent,7.03714620054059e-12,Bin,8.4,8.5
Virginia,Season peak percentage,percent,6.84093120545234e-12,Bin,8.5,8.6
Virginia,Season peak percentage,percent,6.64685070027693e-12,Bin,8.6,8.7
Virginia,Season peak percentage,percent,6.45506346011063e-12,Bin,8.7,8.8
Virginia,Season peak percentage,percent,6.26571079041398e-12,Bin,8.8,8.9
Virginia,Season peak percentage,percent,6.07894623476851e-12,Bin,8.9,9.0
Virginia,Season peak percentage,percent,5.89484848930252e-12,Bin,9.0,9.1
Virginia,Season peak percentage,percent,5.71341521040181e-12,Bin,9.1,9.2
Virginia,Season peak percentage,percent,5.5347492874037e-12,Bin,9.2,9.3
Virginia,Season peak percentage,percent,5.3588804313421e-12,Bin,9.3,9.4
Virginia,Season peak percentage,percent,5.1857736957947e-12,Bin,9.4,9.5
Virginia,Season peak percentage,percent,5.015419214846e-12,Bin,9.5,9.6
Virginia,Season peak percentage,percent,4.84779721075707e-12,Bin,9.6,9.7
Virginia,Season peak percentage,percent,4.68296181569359e-12,Bin,9.7,9.8
Virginia,Season peak percentage,percent,4.52078667382766e-12,Bin,9.8,9.9
Virginia,Season peak percentage,percent,4.36125357677417e-12,Bin,9.9,10.0
Virginia,Season peak percentage,percent,4.20437231089863e-12,Bin,10.0,10.1
Virginia,Season peak percentage,percent,4.05009495062830e-12,Bin,10.1,10.2
Virginia,Season peak percentage,percent,3.89836949894156e-12,Bin,10.2,10.3
Virginia,Season peak percentage,percent,3.74917771297891e-12,Bin,10.3,10.4
Virginia,Season peak percentage,percent,3.60252610799692e-12,Bin,10.4,10.5
Virginia,Season peak percentage,percent,3.45844578071893e-12,Bin,10.5,10.6
Virginia,Season peak percentage,percent,3.31685217153429e-12,Bin,10.6,10.7
Virginia,Season peak percentage,percent,3.17780278925701e-12,Bin,10.7,10.8
Virginia,Season peak percentage,percent,3.04135993072622e-12,Bin,10.8,10.9
Virginia,Season peak percentage,percent,0.999999999110788,Bin,10.9,11.0
Virginia,Season peak percentage,percent,2.77628365267366e-12,Bin,11.0,11.1
Virginia,Season peak percentage,percent,2.64773298725713e-12,Bin,11.1,11.2
Virginia,Season peak percentage,percent,2.52198142779541e-12,Bin,11.2,11.3
Virginia,Season peak percentage,percent,2.39904056752769e-12,Bin,11.3,11.4
Virginia,Season peak percentage,percent,2.27895403335431e-12,Bin,11.4,11.5
Virginia,Season peak percentage,percent,2.16184027415462e-12,Bin,11.5,11.6
Virginia,Season peak percentage,percent,2.04779077590129e-12,Bin,11.6,11.7
Virginia,Season peak percentage,percent,1.93683418998156e-12,Bin,11.7,11.8
Virginia,Season peak percentage,percent,1.82904660007161e-12,Bin,11.8,11.9
Virginia,Season peak percentage,percent,1.72450449055451e-12,Bin,11.9,12.0
Virginia,Season peak percentage,percent,1.62337507088682e-12,Bin,12.0,12.1
Virginia,Season peak percentage,percent,1.52557971325592e-12,Bin,12.1,12.2
Virginia,Season peak percentage,percent,1.43122934593e-12,Bin,12.2,12.3
Virginia,Season peak percentage,percent,1.34040795459783e-12,Bin,12.3,12.4
Virginia,Season peak percentage,percent,1.25313457544001e-12,Bin,12.4,12.5
Virginia,Season peak percentage,percent,1.16941046317598e-12,Bin,12.5,12.6
Virginia,Season peak percentage,percent,1.08924688146537e-12,Bin,12.6,12.7
Virginia,Season peak percentage,percent,1.01271415870397e-12,Bin,12.7,12.8
Virginia,Season peak percentage,percent,9.39806688093457e-13,Bin,12.8,12.9
Virginia,Season peak percentage,percent,8.70421944807334e-13,Bin,12.9,13.0
Virginia,Season peak percentage,percent,7.82088423806827e-12,Bin,13.0,100.0
Virginia,Season peak week,week,5.33918730626047e-05,Bin,40.0,41.0
Virginia,Season peak week,week,5.33918730626047e-05,Bin,41.0,42.0
Virginia,Season peak week,week,5.33918730626047e-05,Bin,42.0,43.0
Virginia,Season peak week,week,5.33918730626047e-05,Bin,43.0,44.0
Virginia,Season peak week,week,5.33918730626047e-05,Bin,44.0,45.0
Virginia,Season peak week,week,5.33918730626047e-05,Bin,45.0,46.0
Virginia,Season peak week,week,0.00010247435418665,Bin,46.0,47.0
Virginia,Season peak week,week,0.000330699625202019,Bin,47.0,48.0
Virginia,Season peak week,week,0.000865716932086977,Bin,48.0,49.0
Virginia,Season peak week,week,0.00184006016620286,Bin,49.0,50.0
Virginia,Season peak week,week,0.0031891854272275,Bin,50.0,51.0
Virginia,Season peak week,week,0.00454516687125548,Bin,51.0,52.0
Virginia,Season peak week,week,0.00541223550087797,Bin,52.0,53.0
Virginia,Season peak week,week,0.00554344099947229,Bin,1.0,2.0
Virginia,Season peak week,week,0.00511680398740218,Bin,2.0,3.0
Virginia,Season peak week,week,0.00451285105375462,Bin,3.0,4.0
Virginia,Season peak week,week,0.00399352388602977,Bin,4.0,5.0
Virginia,Season peak week,week,0.00363015738186593,Bin,5.0,6.0
Virginia,Season peak week,week,0.943475930750551,Bin,6.0,7.0
Virginia,Season peak week,week,0.00334471959193135,Bin,7.0,8.0
Virginia,Season peak week,week,0.00330643397112417,Bin,8.0,9.0
Virginia,Season peak week,week,0.00313738173616269,Bin,9.0,10.0
Virginia,Season peak week,week,0.00270845246662012,Bin,10.0,11.0
Virginia,Season peak week,week,0.00204562446540962,Bin,11.0,12.0
Virginia,Season peak week,week,0.00131811070057642,Bin,12.0,13.0
Virginia,Season peak week,week,0.000712847500568437,Bin,13.0,14.0
Virginia,Season peak week,week,0.000319936627101083,Bin,14.0,15.0
Virginia,Season peak week,week,0.000118209992655643,Bin,15.0,16.0
Virginia,Season peak week,week,3.57962733871822e-05,Bin,16.0,17.0
Virginia,Season peak week,week,1.84721249929256e-05,Bin,17.0,18.0
Virginia,Season peak week,week,1.84721249929256e-05,Bin,18.0,19.0
Virginia,Season peak week,week,1.84721249929256e-05,Bin,19.0,20.0
Virginia,Season peak week,week,1.84721249929256e-05,Bin,20.0,21.0
Washington,1 wk ahead,percent,5.52167623393387e-10,Bin,0.0,0.1
Washington,1 wk ahead,percent,0.00400000193309645,Bin,0.1,0.2
Washington,1 wk ahead,percent,0.0320000021142379,Bin,0.2,0.3
Washington,1 wk ahead,percent,0.0979999999238722,Bin,0.3,0.4
Washington,1 wk ahead,percent,0.155999997496088,Bin,0.4,0.5
Washington,1 wk ahead,percent,0.261999990262506,Bin,0.5,0.6
Washington,1 wk ahead,percent,0.189999994251544,Bin,0.6,0.7
Washington,1 wk ahead,percent,0.11799999815744,Bin,0.7,0.8
Washington,1 wk ahead,percent,0.056000001400886,Bin,0.8,0.9
Washington,1 wk ahead,percent,0.0440000008139498,Bin,0.9,1.0
Washington,1 wk ahead,percent,0.0160000011151088,Bin,1.0,1.1
Washington,1 wk ahead,percent,0.00400000073877305,Bin,1.1,1.2
Washington,1 wk ahead,percent,0.00800000004954795,Bin,1.2,1.3
Washington,1 wk ahead,percent,0.00200000079867172,Bin,1.3,1.4
Washington,1 wk ahead,percent,1.69601009808991e-09,Bin,1.4,1.5
Washington,1 wk ahead,percent,2.25555986318971e-09,Bin,1.5,1.6
Washington,1 wk ahead,percent,2.08853668200595e-09,Bin,1.6,1.7
Washington,1 wk ahead,percent,0.00600000092723406,Bin,1.7,1.8
Washington,1 wk ahead,percent,5.96036309862902e-10,Bin,1.8,1.9
Washington,1 wk ahead,percent,1.83514695347379e-10,Bin,1.9,2.0
Washington,1 wk ahead,percent,4.14439054407449e-11,Bin,2.0,2.1
Washington,1 wk ahead,percent,0.0039999997506891,Bin,2.1,2.2
Washington,1 wk ahead,percent,2.61750948320682e-11,Bin,2.2,2.3
Washington,1 wk ahead,percent,2.61750948320682e-11,Bin,2.3,2.4
Washington,1 wk ahead,percent,2.61750948320682e-11,Bin,2.4,2.5
Washington,1 wk ahead,percent,2.61750948320682e-11,Bin,2.5,2.6
Washington,1 wk ahead,percent,2.61750948320682e-11,Bin,2.6,2.7
Washington,1 wk ahead,percent,2.61750948320682e-11,Bin,2.7,2.8
Washington,1 wk ahead,percent,2.61750948320682e-11,Bin,2.8,2.9
Washington,1 wk ahead,percent,2.61750948320682e-11,Bin,2.9,3.0
Washington,1 wk ahead,percent,2.61750948320682e-11,Bin,3.0,3.1
Washington,1 wk ahead,percent,2.61750948320682e-11,Bin,3.1,3.2
Washington,1 wk ahead,percent,2.61750948320682e-11,Bin,3.2,3.3
Washington,1 wk ahead,percent,2.61750948320682e-11,Bin,3.3,3.4
Washington,1 wk ahead,percent,2.61750948320682e-11,Bin,3.4,3.5
Washington,1 wk ahead,percent,2.61750948320682e-11,Bin,3.5,3.6
Washington,1 wk ahead,percent,2.61750948320682e-11,Bin,3.6,3.7
Washington,1 wk ahead,percent,2.61750948320682e-11,Bin,3.7,3.8
Washington,1 wk ahead,percent,2.61750948320682e-11,Bin,3.8,3.9
Washington,1 wk ahead,percent,2.61750948320682e-11,Bin,3.9,4.0
Washington,1 wk ahead,percent,2.61750948320682e-11,Bin,4.0,4.1
Washington,1 wk ahead,percent,2.61750948320682e-11,Bin,4.1,4.2
Washington,1 wk ahead,percent,2.61750948320682e-11,Bin,4.2,4.3
Washington,1 wk ahead,percent,2.61750948320682e-11,Bin,4.3,4.4
Washington,1 wk ahead,percent,2.61750948320682e-11,Bin,4.4,4.5
Washington,1 wk ahead,percent,2.61750948320682e-11,Bin,4.5,4.6
Washington,1 wk ahead,percent,2.61750948320682e-11,Bin,4.6,4.7
Washington,1 wk ahead,percent,2.61750948320682e-11,Bin,4.7,4.8
Washington,1 wk ahead,percent,2.61750948320682e-11,Bin,4.8,4.9
Washington,1 wk ahead,percent,2.61750948320682e-11,Bin,4.9,5.0
Washington,1 wk ahead,percent,2.61750948320682e-11,Bin,5.0,5.1
Washington,1 wk ahead,percent,2.61750948320682e-11,Bin,5.1,5.2
Washington,1 wk ahead,percent,2.61750948320682e-11,Bin,5.2,5.3
Washington,1 wk ahead,percent,2.61750948320682e-11,Bin,5.3,5.4
Washington,1 wk ahead,percent,2.61750948320682e-11,Bin,5.4,5.5
Washington,1 wk ahead,percent,2.61750948320682e-11,Bin,5.5,5.6
Washington,1 wk ahead,percent,2.61750948320682e-11,Bin,5.6,5.7
Washington,1 wk ahead,percent,2.61750948320682e-11,Bin,5.7,5.8
Washington,1 wk ahead,percent,2.61750948320682e-11,Bin,5.8,5.9
Washington,1 wk ahead,percent,2.61750948320682e-11,Bin,5.9,6.0
Washington,1 wk ahead,percent,2.61750948320682e-11,Bin,6.0,6.1
Washington,1 wk ahead,percent,2.61750948320682e-11,Bin,6.1,6.2
Washington,1 wk ahead,percent,2.61750948320682e-11,Bin,6.2,6.3
Washington,1 wk ahead,percent,2.61750948320682e-11,Bin,6.3,6.4
Washington,1 wk ahead,percent,2.61750948320682e-11,Bin,6.4,6.5
Washington,1 wk ahead,percent,2.61750948320682e-11,Bin,6.5,6.6
Washington,1 wk ahead,percent,2.61750948320682e-11,Bin,6.6,6.7
Washington,1 wk ahead,percent,2.61750948320682e-11,Bin,6.7,6.8
Washington,1 wk ahead,percent,2.61750948320682e-11,Bin,6.8,6.9
Washington,1 wk ahead,percent,2.61750948320682e-11,Bin,6.9,7.0
Washington,1 wk ahead,percent,2.61750948320682e-11,Bin,7.0,7.1
Washington,1 wk ahead,percent,2.61750948320682e-11,Bin,7.1,7.2
Washington,1 wk ahead,percent,2.61750948320682e-11,Bin,7.2,7.3
Washington,1 wk ahead,percent,2.61750948320682e-11,Bin,7.3,7.4
Washington,1 wk ahead,percent,2.61750948320682e-11,Bin,7.4,7.5
Washington,1 wk ahead,percent,2.61750948320682e-11,Bin,7.5,7.6
Washington,1 wk ahead,percent,2.61750948320682e-11,Bin,7.6,7.7
Washington,1 wk ahead,percent,2.61750948320682e-11,Bin,7.7,7.8
Washington,1 wk ahead,percent,2.61750948320682e-11,Bin,7.8,7.9
Washington,1 wk ahead,percent,2.61750948320682e-11,Bin,7.9,8.0
Washington,1 wk ahead,percent,2.61750948320684e-11,Bin,8.0,8.1
Washington,1 wk ahead,percent,2.61750948320687e-11,Bin,8.1,8.2
Washington,1 wk ahead,percent,2.61750948320687e-11,Bin,8.2,8.3
Washington,1 wk ahead,percent,2.61750948320687e-11,Bin,8.3,8.4
Washington,1 wk ahead,percent,2.61750948320687e-11,Bin,8.4,8.5
Washington,1 wk ahead,percent,2.61750948320687e-11,Bin,8.5,8.6
Washington,1 wk ahead,percent,2.61750948320687e-11,Bin,8.6,8.7
Washington,1 wk ahead,percent,2.61750948320687e-11,Bin,8.7,8.8
Washington,1 wk ahead,percent,2.61750948320687e-11,Bin,8.8,8.9
Washington,1 wk ahead,percent,2.61750948320687e-11,Bin,8.9,9.0
Washington,1 wk ahead,percent,2.61750948320687e-11,Bin,9.0,9.1
Washington,1 wk ahead,percent,2.61750948320687e-11,Bin,9.1,9.2
Washington,1 wk ahead,percent,2.61750948320687e-11,Bin,9.2,9.3
Washington,1 wk ahead,percent,2.61750948320687e-11,Bin,9.3,9.4
Washington,1 wk ahead,percent,2.61750948320687e-11,Bin,9.4,9.5
Washington,1 wk ahead,percent,2.61750948320687e-11,Bin,9.5,9.6
Washington,1 wk ahead,percent,2.61750948320687e-11,Bin,9.6,9.7
Washington,1 wk ahead,percent,2.61750948320687e-11,Bin,9.7,9.8
Washington,1 wk ahead,percent,2.61750948320687e-11,Bin,9.8,9.9
Washington,1 wk ahead,percent,2.61750948320687e-11,Bin,9.9,10.0
Washington,1 wk ahead,percent,2.61750948320687e-11,Bin,10.0,10.1
Washington,1 wk ahead,percent,2.61750948320687e-11,Bin,10.1,10.2
Washington,1 wk ahead,percent,2.61750948320687e-11,Bin,10.2,10.3
Washington,1 wk ahead,percent,2.61750948320687e-11,Bin,10.3,10.4
Washington,1 wk ahead,percent,2.61750948320687e-11,Bin,10.4,10.5
Washington,1 wk ahead,percent,2.61750948320687e-11,Bin,10.5,10.6
Washington,1 wk ahead,percent,2.61750948320687e-11,Bin,10.6,10.7
Washington,1 wk ahead,percent,2.61750948320687e-11,Bin,10.7,10.8
Washington,1 wk ahead,percent,2.61750948320687e-11,Bin,10.8,10.9
Washington,1 wk ahead,percent,2.61750948320687e-11,Bin,10.9,11.0
Washington,1 wk ahead,percent,2.61750948320687e-11,Bin,11.0,11.1
Washington,1 wk ahead,percent,2.61750948320687e-11,Bin,11.1,11.2
Washington,1 wk ahead,percent,2.61750948320687e-11,Bin,11.2,11.3
Washington,1 wk ahead,percent,2.61750948320687e-11,Bin,11.3,11.4
Washington,1 wk ahead,percent,2.61750948320687e-11,Bin,11.4,11.5
Washington,1 wk ahead,percent,2.61750948320687e-11,Bin,11.5,11.6
Washington,1 wk ahead,percent,2.61750948320687e-11,Bin,11.6,11.7
Washington,1 wk ahead,percent,2.61750948320687e-11,Bin,11.7,11.8
Washington,1 wk ahead,percent,2.61750948320687e-11,Bin,11.8,11.9
Washington,1 wk ahead,percent,2.61750948320687e-11,Bin,11.9,12.0
Washington,1 wk ahead,percent,2.61750948320687e-11,Bin,12.0,12.1
Washington,1 wk ahead,percent,2.61750948320687e-11,Bin,12.1,12.2
Washington,1 wk ahead,percent,2.61750948320687e-11,Bin,12.2,12.3
Washington,1 wk ahead,percent,2.61750948320687e-11,Bin,12.3,12.4
Washington,1 wk ahead,percent,2.61750948320687e-11,Bin,12.4,12.5
Washington,1 wk ahead,percent,2.61750948320687e-11,Bin,12.5,12.6
Washington,1 wk ahead,percent,2.61750948320687e-11,Bin,12.6,12.7
Washington,1 wk ahead,percent,2.61750948320687e-11,Bin,12.7,12.8
Washington,1 wk ahead,percent,2.61750948320687e-11,Bin,12.8,12.9
Washington,1 wk ahead,percent,2.61750948320687e-11,Bin,12.9,13.0
Washington,1 wk ahead,percent,2.61750948320687e-11,Bin,13.0,100.0
Washington,2 wk ahead,percent,6.06787939671702e-11,Bin,0.0,0.1
Washington,2 wk ahead,percent,0.00800000029664151,Bin,0.1,0.2
Washington,2 wk ahead,percent,0.0699999994485505,Bin,0.2,0.3
Washington,2 wk ahead,percent,0.199999996310881,Bin,0.3,0.4
Washington,2 wk ahead,percent,0.249999995462889,Bin,0.4,0.5
Washington,2 wk ahead,percent,0.20799999698537,Bin,0.5,0.6
Washington,2 wk ahead,percent,0.114000001354222,Bin,0.6,0.7
Washington,2 wk ahead,percent,0.0919999982074502,Bin,0.7,0.8
Washington,2 wk ahead,percent,0.0339999986843937,Bin,0.8,0.9
Washington,2 wk ahead,percent,0.00799999963113593,Bin,0.9,1.0
Washington,2 wk ahead,percent,0.00600000041661857,Bin,1.0,1.1
Washington,2 wk ahead,percent,0.00600000235129749,Bin,1.1,1.2
Washington,2 wk ahead,percent,0.00200000351785025,Bin,1.2,1.3
Washington,2 wk ahead,percent,1.93399066142582e-09,Bin,1.3,1.4
Washington,2 wk ahead,percent,0.00200000026082243,Bin,1.4,1.5
Washington,2 wk ahead,percent,5.20799959996733e-11,Bin,1.5,1.6
Washington,2 wk ahead,percent,4.36967574109905e-11,Bin,1.6,1.7
Washington,2 wk ahead,percent,4.36967574109905e-11,Bin,1.7,1.8
Washington,2 wk ahead,percent,4.36967574109905e-11,Bin,1.8,1.9
Washington,2 wk ahead,percent,4.36967574109905e-11,Bin,1.9,2.0
Washington,2 wk ahead,percent,4.36967574109904e-11,Bin,2.0,2.1
Washington,2 wk ahead,percent,4.36967574109903e-11,Bin,2.1,2.2
Washington,2 wk ahead,percent,4.36967574109903e-11,Bin,2.2,2.3
Washington,2 wk ahead,percent,4.36967574109903e-11,Bin,2.3,2.4
Washington,2 wk ahead,percent,4.36967574109903e-11,Bin,2.4,2.5
Washington,2 wk ahead,percent,4.36967574109903e-11,Bin,2.5,2.6
Washington,2 wk ahead,percent,4.36967574109903e-11,Bin,2.6,2.7
Washington,2 wk ahead,percent,4.36967574109903e-11,Bin,2.7,2.8
Washington,2 wk ahead,percent,4.36967574109903e-11,Bin,2.8,2.9
Washington,2 wk ahead,percent,4.36967574109903e-11,Bin,2.9,3.0
Washington,2 wk ahead,percent,4.36967574109903e-11,Bin,3.0,3.1
Washington,2 wk ahead,percent,4.36967574109903e-11,Bin,3.1,3.2
Washington,2 wk ahead,percent,4.36967574109903e-11,Bin,3.2,3.3
Washington,2 wk ahead,percent,4.36967574109903e-11,Bin,3.3,3.4
Washington,2 wk ahead,percent,4.36967574109903e-11,Bin,3.4,3.5
Washington,2 wk ahead,percent,4.36967574109903e-11,Bin,3.5,3.6
Washington,2 wk ahead,percent,4.36967574109903e-11,Bin,3.6,3.7
Washington,2 wk ahead,percent,4.36967574109903e-11,Bin,3.7,3.8
Washington,2 wk ahead,percent,4.36967574109903e-11,Bin,3.8,3.9
Washington,2 wk ahead,percent,4.36967574109903e-11,Bin,3.9,4.0
Washington,2 wk ahead,percent,4.36967574109903e-11,Bin,4.0,4.1
Washington,2 wk ahead,percent,4.36967574109903e-11,Bin,4.1,4.2
Washington,2 wk ahead,percent,4.36967574109903e-11,Bin,4.2,4.3
Washington,2 wk ahead,percent,4.36967574109903e-11,Bin,4.3,4.4
Washington,2 wk ahead,percent,4.36967574109903e-11,Bin,4.4,4.5
Washington,2 wk ahead,percent,4.36967574109903e-11,Bin,4.5,4.6
Washington,2 wk ahead,percent,4.36967574109903e-11,Bin,4.6,4.7
Washington,2 wk ahead,percent,4.36967574109903e-11,Bin,4.7,4.8
Washington,2 wk ahead,percent,4.36967574109903e-11,Bin,4.8,4.9
Washington,2 wk ahead,percent,4.36967574109903e-11,Bin,4.9,5.0
Washington,2 wk ahead,percent,4.36967574109903e-11,Bin,5.0,5.1
Washington,2 wk ahead,percent,4.36967574109903e-11,Bin,5.1,5.2
Washington,2 wk ahead,percent,4.36967574109903e-11,Bin,5.2,5.3
Washington,2 wk ahead,percent,4.36967574109903e-11,Bin,5.3,5.4
Washington,2 wk ahead,percent,4.36967574109903e-11,Bin,5.4,5.5
Washington,2 wk ahead,percent,4.36967574109903e-11,Bin,5.5,5.6
Washington,2 wk ahead,percent,4.36967574109903e-11,Bin,5.6,5.7
Washington,2 wk ahead,percent,4.36967574109903e-11,Bin,5.7,5.8
Washington,2 wk ahead,percent,4.36967574109903e-11,Bin,5.8,5.9
Washington,2 wk ahead,percent,4.36967574109903e-11,Bin,5.9,6.0
Washington,2 wk ahead,percent,4.36967574109903e-11,Bin,6.0,6.1
Washington,2 wk ahead,percent,4.36967574109903e-11,Bin,6.1,6.2
Washington,2 wk ahead,percent,4.36967574109903e-11,Bin,6.2,6.3
Washington,2 wk ahead,percent,4.36967574109903e-11,Bin,6.3,6.4
Washington,2 wk ahead,percent,4.36967574109903e-11,Bin,6.4,6.5
Washington,2 wk ahead,percent,4.36967574109903e-11,Bin,6.5,6.6
Washington,2 wk ahead,percent,4.36967574109903e-11,Bin,6.6,6.7
Washington,2 wk ahead,percent,4.36967574109903e-11,Bin,6.7,6.8
Washington,2 wk ahead,percent,4.36967574109903e-11,Bin,6.8,6.9
Washington,2 wk ahead,percent,4.36967574109903e-11,Bin,6.9,7.0
Washington,2 wk ahead,percent,4.36967574109903e-11,Bin,7.0,7.1
Washington,2 wk ahead,percent,4.36967574109903e-11,Bin,7.1,7.2
Washington,2 wk ahead,percent,4.36967574109903e-11,Bin,7.2,7.3
Washington,2 wk ahead,percent,4.36967574109903e-11,Bin,7.3,7.4
Washington,2 wk ahead,percent,4.36967574109903e-11,Bin,7.4,7.5
Washington,2 wk ahead,percent,4.36967574109903e-11,Bin,7.5,7.6
Washington,2 wk ahead,percent,4.36967574109903e-11,Bin,7.6,7.7
Washington,2 wk ahead,percent,4.36967574109903e-11,Bin,7.7,7.8
Washington,2 wk ahead,percent,4.36967574109903e-11,Bin,7.8,7.9
Washington,2 wk ahead,percent,4.36967574109903e-11,Bin,7.9,8.0
Washington,2 wk ahead,percent,4.36967574109907e-11,Bin,8.0,8.1
Washington,2 wk ahead,percent,4.36967574109911e-11,Bin,8.1,8.2
Washington,2 wk ahead,percent,4.36967574109911e-11,Bin,8.2,8.3
Washington,2 wk ahead,percent,4.36967574109911e-11,Bin,8.3,8.4
Washington,2 wk ahead,percent,4.36967574109911e-11,Bin,8.4,8.5
Washington,2 wk ahead,percent,4.36967574109911e-11,Bin,8.5,8.6
Washington,2 wk ahead,percent,4.36967574109911e-11,Bin,8.6,8.7
Washington,2 wk ahead,percent,4.36967574109911e-11,Bin,8.7,8.8
Washington,2 wk ahead,percent,4.36967574109911e-11,Bin,8.8,8.9
Washington,2 wk ahead,percent,4.36967574109911e-11,Bin,8.9,9.0
Washington,2 wk ahead,percent,4.36967574109911e-11,Bin,9.0,9.1
Washington,2 wk ahead,percent,4.36967574109911e-11,Bin,9.1,9.2
Washington,2 wk ahead,percent,4.36967574109911e-11,Bin,9.2,9.3
Washington,2 wk ahead,percent,4.36967574109911e-11,Bin,9.3,9.4
Washington,2 wk ahead,percent,4.36967574109911e-11,Bin,9.4,9.5
Washington,2 wk ahead,percent,4.36967574109911e-11,Bin,9.5,9.6
Washington,2 wk ahead,percent,4.36967574109911e-11,Bin,9.6,9.7
Washington,2 wk ahead,percent,4.36967574109911e-11,Bin,9.7,9.8
Washington,2 wk ahead,percent,4.36967574109911e-11,Bin,9.8,9.9
Washington,2 wk ahead,percent,4.36967574109911e-11,Bin,9.9,10.0
Washington,2 wk ahead,percent,4.36967574109911e-11,Bin,10.0,10.1
Washington,2 wk ahead,percent,4.36967574109911e-11,Bin,10.1,10.2
Washington,2 wk ahead,percent,4.36967574109911e-11,Bin,10.2,10.3
Washington,2 wk ahead,percent,4.36967574109911e-11,Bin,10.3,10.4
Washington,2 wk ahead,percent,4.36967574109911e-11,Bin,10.4,10.5
Washington,2 wk ahead,percent,4.36967574109911e-11,Bin,10.5,10.6
Washington,2 wk ahead,percent,4.36967574109911e-11,Bin,10.6,10.7
Washington,2 wk ahead,percent,4.36967574109911e-11,Bin,10.7,10.8
Washington,2 wk ahead,percent,4.36967574109911e-11,Bin,10.8,10.9
Washington,2 wk ahead,percent,4.36967574109911e-11,Bin,10.9,11.0
Washington,2 wk ahead,percent,4.36967574109911e-11,Bin,11.0,11.1
Washington,2 wk ahead,percent,4.36967574109911e-11,Bin,11.1,11.2
Washington,2 wk ahead,percent,4.36967574109911e-11,Bin,11.2,11.3
Washington,2 wk ahead,percent,4.36967574109911e-11,Bin,11.3,11.4
Washington,2 wk ahead,percent,4.36967574109911e-11,Bin,11.4,11.5
Washington,2 wk ahead,percent,4.36967574109911e-11,Bin,11.5,11.6
Washington,2 wk ahead,percent,4.36967574109911e-11,Bin,11.6,11.7
Washington,2 wk ahead,percent,4.36967574109911e-11,Bin,11.7,11.8
Washington,2 wk ahead,percent,4.36967574109911e-11,Bin,11.8,11.9
Washington,2 wk ahead,percent,4.36967574109911e-11,Bin,11.9,12.0
Washington,2 wk ahead,percent,4.36967574109911e-11,Bin,12.0,12.1
Washington,2 wk ahead,percent,4.36967574109911e-11,Bin,12.1,12.2
Washington,2 wk ahead,percent,4.36967574109911e-11,Bin,12.2,12.3
Washington,2 wk ahead,percent,4.36967574109911e-11,Bin,12.3,12.4
Washington,2 wk ahead,percent,4.36967574109911e-11,Bin,12.4,12.5
Washington,2 wk ahead,percent,4.36967574109911e-11,Bin,12.5,12.6
Washington,2 wk ahead,percent,4.36967574109911e-11,Bin,12.6,12.7
Washington,2 wk ahead,percent,4.36967574109911e-11,Bin,12.7,12.8
Washington,2 wk ahead,percent,4.36967574109911e-11,Bin,12.8,12.9
Washington,2 wk ahead,percent,4.36967574109911e-11,Bin,12.9,13.0
Washington,2 wk ahead,percent,4.36967574109911e-11,Bin,13.0,100.0
Washington,3 wk ahead,percent,7.89198513728133e-11,Bin,0.0,0.1
Washington,3 wk ahead,percent,0.00999999833021628,Bin,0.1,0.2
Washington,3 wk ahead,percent,0.109999983511911,Bin,0.2,0.3
Washington,3 wk ahead,percent,0.217999986388585,Bin,0.3,0.4
Washington,3 wk ahead,percent,0.236000005745266,Bin,0.4,0.5
Washington,3 wk ahead,percent,0.177999998310593,Bin,0.5,0.6
Washington,3 wk ahead,percent,0.119999987505074,Bin,0.6,0.7
Washington,3 wk ahead,percent,0.0620000020965037,Bin,0.7,0.8
Washington,3 wk ahead,percent,0.0300000125045372,Bin,0.8,0.9
Washington,3 wk ahead,percent,0.0100000093179932,Bin,0.9,1.0
Washington,3 wk ahead,percent,0.0159999986205054,Bin,1.0,1.1
Washington,3 wk ahead,percent,0.00199999975291158,Bin,1.1,1.2
Washington,3 wk ahead,percent,0.0039999993224131,Bin,1.2,1.3
Washington,3 wk ahead,percent,1.64035530421648e-10,Bin,1.3,1.4
Washington,3 wk ahead,percent,1.64035530421648e-10,Bin,1.4,1.5
Washington,3 wk ahead,percent,1.64035530421648e-10,Bin,1.5,1.6
Washington,3 wk ahead,percent,0.0039999993224131,Bin,1.6,1.7
Washington,3 wk ahead,percent,1.64035530421648e-10,Bin,1.7,1.8
Washington,3 wk ahead,percent,1.64035530421648e-10,Bin,1.8,1.9
Washington,3 wk ahead,percent,1.64035530421648e-10,Bin,1.9,2.0
Washington,3 wk ahead,percent,1.64035530421647e-10,Bin,2.0,2.1
Washington,3 wk ahead,percent,1.64035530421647e-10,Bin,2.1,2.2
Washington,3 wk ahead,percent,1.64035530421647e-10,Bin,2.2,2.3
Washington,3 wk ahead,percent,1.64035530421647e-10,Bin,2.3,2.4
Washington,3 wk ahead,percent,1.64035530421647e-10,Bin,2.4,2.5
Washington,3 wk ahead,percent,1.64035530421647e-10,Bin,2.5,2.6
Washington,3 wk ahead,percent,1.64035530421647e-10,Bin,2.6,2.7
Washington,3 wk ahead,percent,1.64035530421647e-10,Bin,2.7,2.8
Washington,3 wk ahead,percent,1.64035530421647e-10,Bin,2.8,2.9
Washington,3 wk ahead,percent,1.64035530421647e-10,Bin,2.9,3.0
Washington,3 wk ahead,percent,1.64035530421647e-10,Bin,3.0,3.1
Washington,3 wk ahead,percent,1.64035530421647e-10,Bin,3.1,3.2
Washington,3 wk ahead,percent,1.64035530421647e-10,Bin,3.2,3.3
Washington,3 wk ahead,percent,1.64035530421647e-10,Bin,3.3,3.4
Washington,3 wk ahead,percent,1.64035530421647e-10,Bin,3.4,3.5
Washington,3 wk ahead,percent,1.64035530421647e-10,Bin,3.5,3.6
Washington,3 wk ahead,percent,1.64035530421647e-10,Bin,3.6,3.7
Washington,3 wk ahead,percent,1.64035530421647e-10,Bin,3.7,3.8
Washington,3 wk ahead,percent,1.64035530421647e-10,Bin,3.8,3.9
Washington,3 wk ahead,percent,1.64035530421647e-10,Bin,3.9,4.0
Washington,3 wk ahead,percent,1.64035530421647e-10,Bin,4.0,4.1
Washington,3 wk ahead,percent,1.64035530421647e-10,Bin,4.1,4.2
Washington,3 wk ahead,percent,1.64035530421647e-10,Bin,4.2,4.3
Washington,3 wk ahead,percent,1.64035530421647e-10,Bin,4.3,4.4
Washington,3 wk ahead,percent,1.64035530421647e-10,Bin,4.4,4.5
Washington,3 wk ahead,percent,1.64035530421647e-10,Bin,4.5,4.6
Washington,3 wk ahead,percent,1.64035530421647e-10,Bin,4.6,4.7
Washington,3 wk ahead,percent,1.64035530421647e-10,Bin,4.7,4.8
Washington,3 wk ahead,percent,1.64035530421647e-10,Bin,4.8,4.9
Washington,3 wk ahead,percent,1.64035530421647e-10,Bin,4.9,5.0
Washington,3 wk ahead,percent,1.64035530421647e-10,Bin,5.0,5.1
Washington,3 wk ahead,percent,1.64035530421647e-10,Bin,5.1,5.2
Washington,3 wk ahead,percent,1.64035530421647e-10,Bin,5.2,5.3
Washington,3 wk ahead,percent,1.64035530421647e-10,Bin,5.3,5.4
Washington,3 wk ahead,percent,1.64035530421647e-10,Bin,5.4,5.5
Washington,3 wk ahead,percent,1.64035530421647e-10,Bin,5.5,5.6
Washington,3 wk ahead,percent,1.64035530421647e-10,Bin,5.6,5.7
Washington,3 wk ahead,percent,1.64035530421647e-10,Bin,5.7,5.8
Washington,3 wk ahead,percent,1.64035530421647e-10,Bin,5.8,5.9
Washington,3 wk ahead,percent,1.64035530421647e-10,Bin,5.9,6.0
Washington,3 wk ahead,percent,1.64035530421647e-10,Bin,6.0,6.1
Washington,3 wk ahead,percent,1.64035530421647e-10,Bin,6.1,6.2
Washington,3 wk ahead,percent,1.64035530421647e-10,Bin,6.2,6.3
Washington,3 wk ahead,percent,1.64035530421647e-10,Bin,6.3,6.4
Washington,3 wk ahead,percent,1.64035530421647e-10,Bin,6.4,6.5
Washington,3 wk ahead,percent,1.64035530421647e-10,Bin,6.5,6.6
Washington,3 wk ahead,percent,1.64035530421647e-10,Bin,6.6,6.7
Washington,3 wk ahead,percent,1.64035530421647e-10,Bin,6.7,6.8
Washington,3 wk ahead,percent,1.64035530421647e-10,Bin,6.8,6.9
Washington,3 wk ahead,percent,1.64035530421647e-10,Bin,6.9,7.0
Washington,3 wk ahead,percent,1.64035530421647e-10,Bin,7.0,7.1
Washington,3 wk ahead,percent,1.64035530421647e-10,Bin,7.1,7.2
Washington,3 wk ahead,percent,1.64035530421647e-10,Bin,7.2,7.3
Washington,3 wk ahead,percent,1.64035530421647e-10,Bin,7.3,7.4
Washington,3 wk ahead,percent,1.64035530421647e-10,Bin,7.4,7.5
Washington,3 wk ahead,percent,1.64035530421647e-10,Bin,7.5,7.6
Washington,3 wk ahead,percent,1.64035530421647e-10,Bin,7.6,7.7
Washington,3 wk ahead,percent,1.64035530421647e-10,Bin,7.7,7.8
Washington,3 wk ahead,percent,1.64035530421647e-10,Bin,7.8,7.9
Washington,3 wk ahead,percent,1.64035530421647e-10,Bin,7.9,8.0
Washington,3 wk ahead,percent,1.64035530421649e-10,Bin,8.0,8.1
Washington,3 wk ahead,percent,1.6403553042165e-10,Bin,8.1,8.2
Washington,3 wk ahead,percent,1.6403553042165e-10,Bin,8.2,8.3
Washington,3 wk ahead,percent,1.6403553042165e-10,Bin,8.3,8.4
Washington,3 wk ahead,percent,1.6403553042165e-10,Bin,8.4,8.5
Washington,3 wk ahead,percent,1.6403553042165e-10,Bin,8.5,8.6
Washington,3 wk ahead,percent,1.6403553042165e-10,Bin,8.6,8.7
Washington,3 wk ahead,percent,1.6403553042165e-10,Bin,8.7,8.8
Washington,3 wk ahead,percent,1.6403553042165e-10,Bin,8.8,8.9
Washington,3 wk ahead,percent,1.6403553042165e-10,Bin,8.9,9.0
Washington,3 wk ahead,percent,1.6403553042165e-10,Bin,9.0,9.1
Washington,3 wk ahead,percent,1.6403553042165e-10,Bin,9.1,9.2
Washington,3 wk ahead,percent,1.6403553042165e-10,Bin,9.2,9.3
Washington,3 wk ahead,percent,1.6403553042165e-10,Bin,9.3,9.4
Washington,3 wk ahead,percent,1.6403553042165e-10,Bin,9.4,9.5
Washington,3 wk ahead,percent,1.6403553042165e-10,Bin,9.5,9.6
Washington,3 wk ahead,percent,1.6403553042165e-10,Bin,9.6,9.7
Washington,3 wk ahead,percent,1.6403553042165e-10,Bin,9.7,9.8
Washington,3 wk ahead,percent,1.6403553042165e-10,Bin,9.8,9.9
Washington,3 wk ahead,percent,1.6403553042165e-10,Bin,9.9,10.0
Washington,3 wk ahead,percent,1.6403553042165e-10,Bin,10.0,10.1
Washington,3 wk ahead,percent,1.6403553042165e-10,Bin,10.1,10.2
Washington,3 wk ahead,percent,1.6403553042165e-10,Bin,10.2,10.3
Washington,3 wk ahead,percent,1.6403553042165e-10,Bin,10.3,10.4
Washington,3 wk ahead,percent,1.6403553042165e-10,Bin,10.4,10.5
Washington,3 wk ahead,percent,1.6403553042165e-10,Bin,10.5,10.6
Washington,3 wk ahead,percent,1.6403553042165e-10,Bin,10.6,10.7
Washington,3 wk ahead,percent,1.6403553042165e-10,Bin,10.7,10.8
Washington,3 wk ahead,percent,1.6403553042165e-10,Bin,10.8,10.9
Washington,3 wk ahead,percent,1.6403553042165e-10,Bin,10.9,11.0
Washington,3 wk ahead,percent,1.6403553042165e-10,Bin,11.0,11.1
Washington,3 wk ahead,percent,1.6403553042165e-10,Bin,11.1,11.2
Washington,3 wk ahead,percent,1.6403553042165e-10,Bin,11.2,11.3
Washington,3 wk ahead,percent,1.6403553042165e-10,Bin,11.3,11.4
Washington,3 wk ahead,percent,1.6403553042165e-10,Bin,11.4,11.5
Washington,3 wk ahead,percent,1.6403553042165e-10,Bin,11.5,11.6
Washington,3 wk ahead,percent,1.6403553042165e-10,Bin,11.6,11.7
Washington,3 wk ahead,percent,1.6403553042165e-10,Bin,11.7,11.8
Washington,3 wk ahead,percent,1.6403553042165e-10,Bin,11.8,11.9
Washington,3 wk ahead,percent,1.6403553042165e-10,Bin,11.9,12.0
Washington,3 wk ahead,percent,1.6403553042165e-10,Bin,12.0,12.1
Washington,3 wk ahead,percent,1.6403553042165e-10,Bin,12.1,12.2
Washington,3 wk ahead,percent,1.6403553042165e-10,Bin,12.2,12.3
Washington,3 wk ahead,percent,1.6403553042165e-10,Bin,12.3,12.4
Washington,3 wk ahead,percent,1.6403553042165e-10,Bin,12.4,12.5
Washington,3 wk ahead,percent,1.6403553042165e-10,Bin,12.5,12.6
Washington,3 wk ahead,percent,1.6403553042165e-10,Bin,12.6,12.7
Washington,3 wk ahead,percent,1.6403553042165e-10,Bin,12.7,12.8
Washington,3 wk ahead,percent,1.6403553042165e-10,Bin,12.8,12.9
Washington,3 wk ahead,percent,1.6403553042165e-10,Bin,12.9,13.0
Washington,3 wk ahead,percent,1.6403553042165e-10,Bin,13.0,100.0
Washington,4 wk ahead,percent,1.39867875034322e-09,Bin,0.0,0.1
Washington,4 wk ahead,percent,0.024000010398831,Bin,0.1,0.2
Washington,4 wk ahead,percent,0.122000016469438,Bin,0.2,0.3
Washington,4 wk ahead,percent,0.275999983770757,Bin,0.3,0.4
Washington,4 wk ahead,percent,0.207999985783889,Bin,0.4,0.5
Washington,4 wk ahead,percent,0.147999993665192,Bin,0.5,0.6
Washington,4 wk ahead,percent,0.11599999612599,Bin,0.6,0.7
Washington,4 wk ahead,percent,0.0440000001098397,Bin,0.7,0.8
Washington,4 wk ahead,percent,0.0199999969738937,Bin,0.8,0.9
Washington,4 wk ahead,percent,0.0139999972602699,Bin,0.9,1.0
Washington,4 wk ahead,percent,0.00599999893878401,Bin,1.0,1.1
Washington,4 wk ahead,percent,0.00599999893878401,Bin,1.1,1.2
Washington,4 wk ahead,percent,0.00399999935841253,Bin,1.2,1.3
Washington,4 wk ahead,percent,0.00599999893878401,Bin,1.3,1.4
Washington,4 wk ahead,percent,1.9766957798211e-10,Bin,1.4,1.5
Washington,4 wk ahead,percent,0.00399999935841253,Bin,1.5,1.6
Washington,4 wk ahead,percent,1.9766957798211e-10,Bin,1.6,1.7
Washington,4 wk ahead,percent,1.9766957798211e-10,Bin,1.7,1.8
Washington,4 wk ahead,percent,1.9766957798211e-10,Bin,1.8,1.9
Washington,4 wk ahead,percent,1.9766957798211e-10,Bin,1.9,2.0
Washington,4 wk ahead,percent,0.00199999977804105,Bin,2.0,2.1
Washington,4 wk ahead,percent,1.97669577982109e-10,Bin,2.1,2.2
Washington,4 wk ahead,percent,1.97669577982109e-10,Bin,2.2,2.3
Washington,4 wk ahead,percent,1.97669577982109e-10,Bin,2.3,2.4
Washington,4 wk ahead,percent,1.97669577982109e-10,Bin,2.4,2.5
Washington,4 wk ahead,percent,1.97669577982109e-10,Bin,2.5,2.6
Washington,4 wk ahead,percent,1.97669577982109e-10,Bin,2.6,2.7
Washington,4 wk ahead,percent,1.97669577982109e-10,Bin,2.7,2.8
Washington,4 wk ahead,percent,1.97669577982109e-10,Bin,2.8,2.9
Washington,4 wk ahead,percent,1.97669577982109e-10,Bin,2.9,3.0
Washington,4 wk ahead,percent,1.97669577982109e-10,Bin,3.0,3.1
Washington,4 wk ahead,percent,1.97669577982109e-10,Bin,3.1,3.2
Washington,4 wk ahead,percent,1.97669577982109e-10,Bin,3.2,3.3
Washington,4 wk ahead,percent,1.97669577982109e-10,Bin,3.3,3.4
Washington,4 wk ahead,percent,1.97669577982109e-10,Bin,3.4,3.5
Washington,4 wk ahead,percent,1.97669577982109e-10,Bin,3.5,3.6
Washington,4 wk ahead,percent,1.97669577982109e-10,Bin,3.6,3.7
Washington,4 wk ahead,percent,1.97669577982109e-10,Bin,3.7,3.8
Washington,4 wk ahead,percent,1.97669577982109e-10,Bin,3.8,3.9
Washington,4 wk ahead,percent,1.97669577982109e-10,Bin,3.9,4.0
Washington,4 wk ahead,percent,1.97669577982109e-10,Bin,4.0,4.1
Washington,4 wk ahead,percent,1.97669577982109e-10,Bin,4.1,4.2
Washington,4 wk ahead,percent,1.97669577982109e-10,Bin,4.2,4.3
Washington,4 wk ahead,percent,1.97669577982109e-10,Bin,4.3,4.4
Washington,4 wk ahead,percent,1.97669577982109e-10,Bin,4.4,4.5
Washington,4 wk ahead,percent,1.97669577982109e-10,Bin,4.5,4.6
Washington,4 wk ahead,percent,1.97669577982109e-10,Bin,4.6,4.7
Washington,4 wk ahead,percent,1.97669577982109e-10,Bin,4.7,4.8
Washington,4 wk ahead,percent,1.97669577982109e-10,Bin,4.8,4.9
Washington,4 wk ahead,percent,1.97669577982109e-10,Bin,4.9,5.0
Washington,4 wk ahead,percent,1.97669577982109e-10,Bin,5.0,5.1
Washington,4 wk ahead,percent,1.97669577982109e-10,Bin,5.1,5.2
Washington,4 wk ahead,percent,1.97669577982109e-10,Bin,5.2,5.3
Washington,4 wk ahead,percent,1.97669577982109e-10,Bin,5.3,5.4
Washington,4 wk ahead,percent,1.97669577982109e-10,Bin,5.4,5.5
Washington,4 wk ahead,percent,1.97669577982109e-10,Bin,5.5,5.6
Washington,4 wk ahead,percent,1.97669577982109e-10,Bin,5.6,5.7
Washington,4 wk ahead,percent,1.97669577982109e-10,Bin,5.7,5.8
Washington,4 wk ahead,percent,1.97669577982109e-10,Bin,5.8,5.9
Washington,4 wk ahead,percent,1.97669577982109e-10,Bin,5.9,6.0
Washington,4 wk ahead,percent,1.97669577982109e-10,Bin,6.0,6.1
Washington,4 wk ahead,percent,1.97669577982109e-10,Bin,6.1,6.2
Washington,4 wk ahead,percent,1.97669577982109e-10,Bin,6.2,6.3
Washington,4 wk ahead,percent,1.97669577982109e-10,Bin,6.3,6.4
Washington,4 wk ahead,percent,1.97669577982109e-10,Bin,6.4,6.5
Washington,4 wk ahead,percent,1.97669577982109e-10,Bin,6.5,6.6
Washington,4 wk ahead,percent,1.97669577982109e-10,Bin,6.6,6.7
Washington,4 wk ahead,percent,1.97669577982109e-10,Bin,6.7,6.8
Washington,4 wk ahead,percent,1.97669577982109e-10,Bin,6.8,6.9
Washington,4 wk ahead,percent,1.97669577982109e-10,Bin,6.9,7.0
Washington,4 wk ahead,percent,1.97669577982109e-10,Bin,7.0,7.1
Washington,4 wk ahead,percent,1.97669577982109e-10,Bin,7.1,7.2
Washington,4 wk ahead,percent,1.97669577982109e-10,Bin,7.2,7.3
Washington,4 wk ahead,percent,1.97669577982109e-10,Bin,7.3,7.4
Washington,4 wk ahead,percent,1.97669577982109e-10,Bin,7.4,7.5
Washington,4 wk ahead,percent,1.97669577982109e-10,Bin,7.5,7.6
Washington,4 wk ahead,percent,1.97669577982109e-10,Bin,7.6,7.7
Washington,4 wk ahead,percent,1.97669577982109e-10,Bin,7.7,7.8
Washington,4 wk ahead,percent,1.97669577982109e-10,Bin,7.8,7.9
Washington,4 wk ahead,percent,1.97669577982109e-10,Bin,7.9,8.0
Washington,4 wk ahead,percent,1.97669577982111e-10,Bin,8.0,8.1
Washington,4 wk ahead,percent,1.97669577982112e-10,Bin,8.1,8.2
Washington,4 wk ahead,percent,1.97669577982112e-10,Bin,8.2,8.3
Washington,4 wk ahead,percent,1.97669577982112e-10,Bin,8.3,8.4
Washington,4 wk ahead,percent,1.97669577982112e-10,Bin,8.4,8.5
Washington,4 wk ahead,percent,1.97669577982112e-10,Bin,8.5,8.6
Washington,4 wk ahead,percent,1.97669577982112e-10,Bin,8.6,8.7
Washington,4 wk ahead,percent,1.97669577982112e-10,Bin,8.7,8.8
Washington,4 wk ahead,percent,1.97669577982112e-10,Bin,8.8,8.9
Washington,4 wk ahead,percent,1.97669577982112e-10,Bin,8.9,9.0
Washington,4 wk ahead,percent,1.97669577982112e-10,Bin,9.0,9.1
Washington,4 wk ahead,percent,1.97669577982112e-10,Bin,9.1,9.2
Washington,4 wk ahead,percent,1.97669577982112e-10,Bin,9.2,9.3
Washington,4 wk ahead,percent,1.97669577982112e-10,Bin,9.3,9.4
Washington,4 wk ahead,percent,1.97669577982112e-10,Bin,9.4,9.5
Washington,4 wk ahead,percent,1.97669577982112e-10,Bin,9.5,9.6
Washington,4 wk ahead,percent,1.97669577982112e-10,Bin,9.6,9.7
Washington,4 wk ahead,percent,1.97669577982112e-10,Bin,9.7,9.8
Washington,4 wk ahead,percent,1.97669577982112e-10,Bin,9.8,9.9
Washington,4 wk ahead,percent,1.97669577982112e-10,Bin,9.9,10.0
Washington,4 wk ahead,percent,1.97669577982112e-10,Bin,10.0,10.1
Washington,4 wk ahead,percent,1.97669577982112e-10,Bin,10.1,10.2
Washington,4 wk ahead,percent,1.97669577982112e-10,Bin,10.2,10.3
Washington,4 wk ahead,percent,1.97669577982112e-10,Bin,10.3,10.4
Washington,4 wk ahead,percent,1.97669577982112e-10,Bin,10.4,10.5
Washington,4 wk ahead,percent,1.97669577982112e-10,Bin,10.5,10.6
Washington,4 wk ahead,percent,1.97669577982112e-10,Bin,10.6,10.7
Washington,4 wk ahead,percent,1.97669577982112e-10,Bin,10.7,10.8
Washington,4 wk ahead,percent,1.97669577982112e-10,Bin,10.8,10.9
Washington,4 wk ahead,percent,1.97669577982112e-10,Bin,10.9,11.0
Washington,4 wk ahead,percent,1.97669577982112e-10,Bin,11.0,11.1
Washington,4 wk ahead,percent,1.97669577982112e-10,Bin,11.1,11.2
Washington,4 wk ahead,percent,1.97669577982112e-10,Bin,11.2,11.3
Washington,4 wk ahead,percent,1.97669577982112e-10,Bin,11.3,11.4
Washington,4 wk ahead,percent,1.97669577982112e-10,Bin,11.4,11.5
Washington,4 wk ahead,percent,1.97669577982112e-10,Bin,11.5,11.6
Washington,4 wk ahead,percent,1.97669577982112e-10,Bin,11.6,11.7
Washington,4 wk ahead,percent,1.97669577982112e-10,Bin,11.7,11.8
Washington,4 wk ahead,percent,1.97669577982112e-10,Bin,11.8,11.9
Washington,4 wk ahead,percent,1.97669577982112e-10,Bin,11.9,12.0
Washington,4 wk ahead,percent,1.97669577982112e-10,Bin,12.0,12.1
Washington,4 wk ahead,percent,1.97669577982112e-10,Bin,12.1,12.2
Washington,4 wk ahead,percent,1.97669577982112e-10,Bin,12.2,12.3
Washington,4 wk ahead,percent,1.97669577982112e-10,Bin,12.3,12.4
Washington,4 wk ahead,percent,1.97669577982112e-10,Bin,12.4,12.5
Washington,4 wk ahead,percent,1.97669577982112e-10,Bin,12.5,12.6
Washington,4 wk ahead,percent,1.97669577982112e-10,Bin,12.6,12.7
Washington,4 wk ahead,percent,1.97669577982112e-10,Bin,12.7,12.8
Washington,4 wk ahead,percent,1.97669577982112e-10,Bin,12.8,12.9
Washington,4 wk ahead,percent,1.97669577982112e-10,Bin,12.9,13.0
Washington,4 wk ahead,percent,1.97669577982112e-10,Bin,13.0,100.0
Washington,Season peak percentage,percent,7.13798509959022e-14,Bin,0.0,0.1
Washington,Season peak percentage,percent,1.42759701991804e-13,Bin,0.1,0.2
Washington,Season peak percentage,percent,1.42759701991804e-13,Bin,0.2,0.3
Washington,Season peak percentage,percent,1.42759701991804e-13,Bin,0.3,0.4
Washington,Season peak percentage,percent,1.42759701991804e-13,Bin,0.4,0.5
Washington,Season peak percentage,percent,1.45097954738162e-13,Bin,0.5,0.6
Washington,Season peak percentage,percent,2.45321821225649e-13,Bin,0.6,0.7
Washington,Season peak percentage,percent,4.86992845919042e-13,Bin,0.7,0.8
Washington,Season peak percentage,percent,9.06255120635496e-13,Bin,0.8,0.9
Washington,Season peak percentage,percent,1.58141956448951e-12,Bin,0.9,1.0
Washington,Season peak percentage,percent,2.58927994201152e-12,Bin,1.0,1.1
Washington,Season peak percentage,percent,3.98139307277329e-12,Bin,1.1,1.2
Washington,Season peak percentage,percent,5.75760018325091e-12,Bin,1.2,1.3
Washington,Season peak percentage,percent,7.84860299236692e-12,Bin,1.3,1.4
Washington,Season peak percentage,percent,1.01213749792696e-11,Bin,1.4,1.5
Washington,Season peak percentage,percent,1.24138414907966e-11,Bin,1.5,1.6
Washington,Season peak percentage,percent,1.45925597000855e-11,Bin,1.6,1.7
Washington,Season peak percentage,percent,1.66086873730948e-11,Bin,1.7,1.8
Washington,Season peak percentage,percent,1.85213980833651e-11,Bin,1.8,1.9
Washington,Season peak percentage,percent,2.04658509262115e-11,Bin,1.9,2.0
Washington,Season peak percentage,percent,2.25691677997655e-11,Bin,2.0,2.1
Washington,Season peak percentage,percent,2.48479130400549e-11,Bin,2.1,2.2
Washington,Season peak percentage,percent,2.7137308320519e-11,Bin,2.2,2.3
Washington,Season peak percentage,percent,2.90966219193569e-11,Bin,2.3,2.4
Washington,Season peak percentage,percent,3.03012318008495e-11,Bin,2.4,2.5
Washington,Season peak percentage,percent,3.03923870849098e-11,Bin,2.5,2.6
Washington,Season peak percentage,percent,2.92253875595228e-11,Bin,2.6,2.7
Washington,Season peak percentage,percent,2.69559735872761e-11,Bin,2.7,2.8
Washington,Season peak percentage,percent,2.40297668245816e-11,Bin,2.8,2.9
Washington,Season peak percentage,percent,2.10810561470759e-11,Bin,2.9,3.0
Washington,Season peak percentage,percent,1.87771815154113e-11,Bin,3.0,3.1
Washington,Season peak percentage,percent,1.76617760791376e-11,Bin,3.1,3.2
Washington,Season peak percentage,percent,1.80402930886757e-11,Bin,3.2,3.3
Washington,Season peak percentage,percent,1.99321426048444e-11,Bin,3.3,3.4
Washington,Season peak percentage,percent,2.30860562815436e-11,Bin,3.4,3.5
Washington,Season peak percentage,percent,2.70457099377074e-11,Bin,3.5,3.6
Washington,Season peak percentage,percent,3.1237269806247e-11,Bin,3.6,3.7
Washington,Season peak percentage,percent,3.50596697740032e-11,Bin,3.7,3.8
Washington,Season peak percentage,percent,3.79637921561939e-11,Bin,3.8,3.9
Washington,Season peak percentage,percent,3.95160011555224e-11,Bin,3.9,4.0
Washington,Season peak percentage,percent,3.94475539271735e-11,Bin,4.0,4.1
Washington,Season peak percentage,percent,3.76927583767757e-11,Bin,4.1,4.2
Washington,Season peak percentage,percent,3.44016945016449e-11,Bin,4.2,4.3
Washington,Season peak percentage,percent,2.99240050567574e-11,Bin,4.3,4.4
Washington,Season peak percentage,percent,2.47507684083796e-11,Bin,4.4,4.5
Washington,Season peak percentage,percent,1.94236698874086e-11,Bin,4.5,4.6
Washington,Season peak percentage,percent,1.44333129764504e-11,Bin,4.6,4.7
Washington,Season peak percentage,percent,1.01372865275234e-11,Bin,4.7,4.8
Washington,Season peak percentage,percent,6.71924350817681e-12,Bin,4.8,4.9
Washington,Season peak percentage,percent,4.19768038500914e-12,Bin,4.9,5.0
Washington,Season peak percentage,percent,2.46909636679798e-12,Bin,5.0,5.1
Washington,Season peak percentage,percent,0.999999999109246,Bin,5.1,5.2
Washington,Season peak percentage,percent,7.10733813025346e-13,Bin,5.2,5.3
Washington,Season peak percentage,percent,3.47393571881217e-13,Bin,5.3,5.4
Washington,Season peak percentage,percent,2.01167953392339e-13,Bin,5.4,5.5
Washington,Season peak percentage,percent,1.97802245350747e-13,Bin,5.5,5.6
Washington,Season peak percentage,percent,1.97802245350747e-13,Bin,5.6,5.7
Washington,Season peak percentage,percent,1.97802245350747e-13,Bin,5.7,5.8
Washington,Season peak percentage,percent,1.97802245350747e-13,Bin,5.8,5.9
Washington,Season peak percentage,percent,1.97802245350747e-13,Bin,5.9,6.0
Washington,Season peak percentage,percent,1.97802245350747e-13,Bin,6.0,6.1
Washington,Season peak percentage,percent,1.97802245350747e-13,Bin,6.1,6.2
Washington,Season peak percentage,percent,1.97802245350747e-13,Bin,6.2,6.3
Washington,Season peak percentage,percent,1.97802245350747e-13,Bin,6.3,6.4
Washington,Season peak percentage,percent,1.97802245350747e-13,Bin,6.4,6.5
Washington,Season peak percentage,percent,1.97802245350747e-13,Bin,6.5,6.6
Washington,Season peak percentage,percent,1.97802245350747e-13,Bin,6.6,6.7
Washington,Season peak percentage,percent,1.97802245350747e-13,Bin,6.7,6.8
Washington,Season peak percentage,percent,1.97802245350747e-13,Bin,6.8,6.9
Washington,Season peak percentage,percent,1.97802245350747e-13,Bin,6.9,7.0
Washington,Season peak percentage,percent,1.97802245350747e-13,Bin,7.0,7.1
Washington,Season peak percentage,percent,1.97802245350747e-13,Bin,7.1,7.2
Washington,Season peak percentage,percent,1.97802245350747e-13,Bin,7.2,7.3
Washington,Season peak percentage,percent,1.97802245350747e-13,Bin,7.3,7.4
Washington,Season peak percentage,percent,1.97802245350747e-13,Bin,7.4,7.5
Washington,Season peak percentage,percent,1.97802245350747e-13,Bin,7.5,7.6
Washington,Season peak percentage,percent,1.97802245350747e-13,Bin,7.6,7.7
Washington,Season peak percentage,percent,1.97802245350747e-13,Bin,7.7,7.8
Washington,Season peak percentage,percent,1.97802245350747e-13,Bin,7.8,7.9
Washington,Season peak percentage,percent,1.97802245350747e-13,Bin,7.9,8.0
Washington,Season peak percentage,percent,1.97802245350749e-13,Bin,8.0,8.1
Washington,Season peak percentage,percent,1.9780224535075e-13,Bin,8.1,8.2
Washington,Season peak percentage,percent,1.9780224535075e-13,Bin,8.2,8.3
Washington,Season peak percentage,percent,1.9780224535075e-13,Bin,8.3,8.4
Washington,Season peak percentage,percent,1.9780224535075e-13,Bin,8.4,8.5
Washington,Season peak percentage,percent,1.9780224535075e-13,Bin,8.5,8.6
Washington,Season peak percentage,percent,1.9780224535075e-13,Bin,8.6,8.7
Washington,Season peak percentage,percent,1.9780224535075e-13,Bin,8.7,8.8
Washington,Season peak percentage,percent,1.9780224535075e-13,Bin,8.8,8.9
Washington,Season peak percentage,percent,1.9780224535075e-13,Bin,8.9,9.0
Washington,Season peak percentage,percent,1.9780224535075e-13,Bin,9.0,9.1
Washington,Season peak percentage,percent,1.9780224535075e-13,Bin,9.1,9.2
Washington,Season peak percentage,percent,1.9780224535075e-13,Bin,9.2,9.3
Washington,Season peak percentage,percent,1.9780224535075e-13,Bin,9.3,9.4
Washington,Season peak percentage,percent,1.9780224535075e-13,Bin,9.4,9.5
Washington,Season peak percentage,percent,1.9780224535075e-13,Bin,9.5,9.6
Washington,Season peak percentage,percent,1.9780224535075e-13,Bin,9.6,9.7
Washington,Season peak percentage,percent,1.9780224535075e-13,Bin,9.7,9.8
Washington,Season peak percentage,percent,1.9780224535075e-13,Bin,9.8,9.9
Washington,Season peak percentage,percent,1.9780224535075e-13,Bin,9.9,10.0
Washington,Season peak percentage,percent,1.9780224535075e-13,Bin,10.0,10.1
Washington,Season peak percentage,percent,1.9780224535075e-13,Bin,10.1,10.2
Washington,Season peak percentage,percent,1.9780224535075e-13,Bin,10.2,10.3
Washington,Season peak percentage,percent,1.9780224535075e-13,Bin,10.3,10.4
Washington,Season peak percentage,percent,1.9780224535075e-13,Bin,10.4,10.5
Washington,Season peak percentage,percent,1.9780224535075e-13,Bin,10.5,10.6
Washington,Season peak percentage,percent,1.9780224535075e-13,Bin,10.6,10.7
Washington,Season peak percentage,percent,1.9780224535075e-13,Bin,10.7,10.8
Washington,Season peak percentage,percent,1.9780224535075e-13,Bin,10.8,10.9
Washington,Season peak percentage,percent,1.9780224535075e-13,Bin,10.9,11.0
Washington,Season peak percentage,percent,1.9780224535075e-13,Bin,11.0,11.1
Washington,Season peak percentage,percent,1.9780224535075e-13,Bin,11.1,11.2
Washington,Season peak percentage,percent,1.9780224535075e-13,Bin,11.2,11.3
Washington,Season peak percentage,percent,1.9780224535075e-13,Bin,11.3,11.4
Washington,Season peak percentage,percent,1.9780224535075e-13,Bin,11.4,11.5
Washington,Season peak percentage,percent,1.9780224535075e-13,Bin,11.5,11.6
Washington,Season peak percentage,percent,1.9780224535075e-13,Bin,11.6,11.7
Washington,Season peak percentage,percent,1.9780224535075e-13,Bin,11.7,11.8
Washington,Season peak percentage,percent,1.9780224535075e-13,Bin,11.8,11.9
Washington,Season peak percentage,percent,1.9780224535075e-13,Bin,11.9,12.0
Washington,Season peak percentage,percent,1.9780224535075e-13,Bin,12.0,12.1
Washington,Season peak percentage,percent,1.9780224535075e-13,Bin,12.1,12.2
Washington,Season peak percentage,percent,1.9780224535075e-13,Bin,12.2,12.3
Washington,Season peak percentage,percent,1.9780224535075e-13,Bin,12.3,12.4
Washington,Season peak percentage,percent,1.9780224535075e-13,Bin,12.4,12.5
Washington,Season peak percentage,percent,1.9780224535075e-13,Bin,12.5,12.6
Washington,Season peak percentage,percent,1.9780224535075e-13,Bin,12.6,12.7
Washington,Season peak percentage,percent,1.9780224535075e-13,Bin,12.7,12.8
Washington,Season peak percentage,percent,1.9780224535075e-13,Bin,12.8,12.9
Washington,Season peak percentage,percent,1.9780224535075e-13,Bin,12.9,13.0
Washington,Season peak percentage,percent,1.9780224535075e-13,Bin,13.0,100.0
Washington,Season peak week,week,2.51588384286115e-05,Bin,40.0,41.0
Washington,Season peak week,week,2.51588384286115e-05,Bin,41.0,42.0
Washington,Season peak week,week,2.51588384286115e-05,Bin,42.0,43.0
Washington,Season peak week,week,2.51588384286115e-05,Bin,43.0,44.0
Washington,Season peak week,week,2.51588384286115e-05,Bin,44.0,45.0
Washington,Season peak week,week,2.51588384286115e-05,Bin,45.0,46.0
Washington,Season peak week,week,2.51588384286115e-05,Bin,46.0,47.0
Washington,Season peak week,week,2.51588384286115e-05,Bin,47.0,48.0
Washington,Season peak week,week,2.51588384286115e-05,Bin,48.0,49.0
Washington,Season peak week,week,5.01417911722051e-05,Bin,49.0,50.0
Washington,Season peak week,week,0.000219488795036836,Bin,50.0,51.0
Washington,Season peak week,week,0.000734258722583667,Bin,51.0,52.0
Washington,Season peak week,week,0.00186751150918539,Bin,52.0,53.0
Washington,Season peak week,week,0.943687383003717,Bin,1.0,2.0
Washington,Season peak week,week,0.00544959849321388,Bin,2.0,3.0
Washington,Season peak week,week,0.00641948519570841,Bin,3.0,4.0
Washington,Season peak week,week,0.00620873093607173,Bin,4.0,5.0
Washington,Season peak week,week,0.00540758649736867,Bin,5.0,6.0
Washington,Season peak week,week,0.00469896950966888,Bin,6.0,7.0
Washington,Season peak week,week,0.00403713260379245,Bin,7.0,8.0
Washington,Season peak week,week,0.00305357225736431,Bin,8.0,9.0
Washington,Season peak week,week,0.00184500250434901,Bin,9.0,10.0
Washington,Season peak week,week,0.000880631638130538,Bin,10.0,11.0
Washington,Season peak week,week,0.000461796682088378,Bin,11.0,12.0
Washington,Season peak week,week,0.000628040488044529,Bin,12.0,13.0
Washington,Season peak week,week,0.00132217971380057,Bin,13.0,14.0
Washington,Season peak week,week,0.00231233955439381,Bin,14.0,15.0
Washington,Season peak week,week,0.00306815012792814,Bin,15.0,16.0
Washington,Season peak week,week,0.00306794010008999,Bin,16.0,17.0
Washington,Season peak week,week,0.0023105043055575,Bin,17.0,18.0
Washington,Season peak week,week,0.00130901381398441,Bin,18.0,19.0
Washington,Season peak week,week,0.000556786383243672,Bin,19.0,20.0
Washington,Season peak week,week,0.000177325827648145,Bin,20.0,21.0
West Virginia,1 wk ahead,percent,1.74449601740702e-10,Bin,0.0,0.1
West Virginia,1 wk ahead,percent,1.31128745227552e-09,Bin,0.1,0.2
West Virginia,1 wk ahead,percent,4.32870758588011e-09,Bin,0.2,0.3
West Virginia,1 wk ahead,percent,0.0120000081685503,Bin,0.3,0.4
West Virginia,1 wk ahead,percent,0.0260000102186517,Bin,0.4,0.5
West Virginia,1 wk ahead,percent,0.0180000091390487,Bin,0.5,0.6
West Virginia,1 wk ahead,percent,0.028000003962912,Bin,0.6,0.7
West Virginia,1 wk ahead,percent,0.093999995689133,Bin,0.7,0.8
West Virginia,1 wk ahead,percent,0.141999990700807,Bin,0.8,0.9
West Virginia,1 wk ahead,percent,0.117999991942356,Bin,0.9,1.0
West Virginia,1 wk ahead,percent,0.147999989932268,Bin,1.0,1.1
West Virginia,1 wk ahead,percent,0.121999992401737,Bin,1.1,1.2
West Virginia,1 wk ahead,percent,0.0739999977304267,Bin,1.2,1.3
West Virginia,1 wk ahead,percent,0.0839999995725713,Bin,1.3,1.4
West Virginia,1 wk ahead,percent,0.0380000029198669,Bin,1.4,1.5
West Virginia,1 wk ahead,percent,0.0340000007907034,Bin,1.5,1.6
West Virginia,1 wk ahead,percent,0.0219999994496222,Bin,1.6,1.7
West Virginia,1 wk ahead,percent,0.00799999960876275,Bin,1.7,1.8
West Virginia,1 wk ahead,percent,3.69112368176164e-11,Bin,1.8,1.9
West Virginia,1 wk ahead,percent,0.00799999948585938,Bin,1.9,2.0
West Virginia,1 wk ahead,percent,0.00199999989908838,Bin,2.0,2.1
West Virginia,1 wk ahead,percent,0.0119999992103734,Bin,2.1,2.2
West Virginia,1 wk ahead,percent,3.68313772724675e-11,Bin,2.2,2.3
West Virginia,1 wk ahead,percent,0.00199999989908838,Bin,2.3,2.4
West Virginia,1 wk ahead,percent,0.00199999989908838,Bin,2.4,2.5
West Virginia,1 wk ahead,percent,3.68313772724675e-11,Bin,2.5,2.6
West Virginia,1 wk ahead,percent,0.00599999962360238,Bin,2.6,2.7
West Virginia,1 wk ahead,percent,3.68313772724675e-11,Bin,2.7,2.8
West Virginia,1 wk ahead,percent,3.68313772724675e-11,Bin,2.8,2.9
West Virginia,1 wk ahead,percent,3.68313772724675e-11,Bin,2.9,3.0
West Virginia,1 wk ahead,percent,3.68313772724675e-11,Bin,3.0,3.1
West Virginia,1 wk ahead,percent,3.68313772724675e-11,Bin,3.1,3.2
West Virginia,1 wk ahead,percent,3.68313772724675e-11,Bin,3.2,3.3
West Virginia,1 wk ahead,percent,3.68313772724675e-11,Bin,3.3,3.4
West Virginia,1 wk ahead,percent,3.68313772724675e-11,Bin,3.4,3.5
West Virginia,1 wk ahead,percent,3.68313772724675e-11,Bin,3.5,3.6
West Virginia,1 wk ahead,percent,3.68313772724675e-11,Bin,3.6,3.7
West Virginia,1 wk ahead,percent,3.68313772724675e-11,Bin,3.7,3.8
West Virginia,1 wk ahead,percent,3.68313772724675e-11,Bin,3.8,3.9
West Virginia,1 wk ahead,percent,3.68313772724675e-11,Bin,3.9,4.0
West Virginia,1 wk ahead,percent,3.68313772724675e-11,Bin,4.0,4.1
West Virginia,1 wk ahead,percent,3.68313772724675e-11,Bin,4.1,4.2
West Virginia,1 wk ahead,percent,3.68313772724675e-11,Bin,4.2,4.3
West Virginia,1 wk ahead,percent,3.68313772724675e-11,Bin,4.3,4.4
West Virginia,1 wk ahead,percent,3.68313772724675e-11,Bin,4.4,4.5
West Virginia,1 wk ahead,percent,3.68313772724675e-11,Bin,4.5,4.6
West Virginia,1 wk ahead,percent,3.68313772724675e-11,Bin,4.6,4.7
West Virginia,1 wk ahead,percent,3.68313772724675e-11,Bin,4.7,4.8
West Virginia,1 wk ahead,percent,3.68313772724675e-11,Bin,4.8,4.9
West Virginia,1 wk ahead,percent,3.68313772724675e-11,Bin,4.9,5.0
West Virginia,1 wk ahead,percent,3.68313772724675e-11,Bin,5.0,5.1
West Virginia,1 wk ahead,percent,3.68313772724675e-11,Bin,5.1,5.2
West Virginia,1 wk ahead,percent,3.68313772724675e-11,Bin,5.2,5.3
West Virginia,1 wk ahead,percent,3.68313772724675e-11,Bin,5.3,5.4
West Virginia,1 wk ahead,percent,3.68313772724675e-11,Bin,5.4,5.5
West Virginia,1 wk ahead,percent,3.68313772724675e-11,Bin,5.5,5.6
West Virginia,1 wk ahead,percent,3.68313772724675e-11,Bin,5.6,5.7
West Virginia,1 wk ahead,percent,3.68313772724675e-11,Bin,5.7,5.8
West Virginia,1 wk ahead,percent,3.68313772724675e-11,Bin,5.8,5.9
West Virginia,1 wk ahead,percent,3.68313772724675e-11,Bin,5.9,6.0
West Virginia,1 wk ahead,percent,3.68313772724675e-11,Bin,6.0,6.1
West Virginia,1 wk ahead,percent,3.68313772724675e-11,Bin,6.1,6.2
West Virginia,1 wk ahead,percent,3.68313772724675e-11,Bin,6.2,6.3
West Virginia,1 wk ahead,percent,3.68313772724675e-11,Bin,6.3,6.4
West Virginia,1 wk ahead,percent,3.68313772724675e-11,Bin,6.4,6.5
West Virginia,1 wk ahead,percent,3.68313772724675e-11,Bin,6.5,6.6
West Virginia,1 wk ahead,percent,3.68313772724675e-11,Bin,6.6,6.7
West Virginia,1 wk ahead,percent,3.68313772724675e-11,Bin,6.7,6.8
West Virginia,1 wk ahead,percent,3.68313772724675e-11,Bin,6.8,6.9
West Virginia,1 wk ahead,percent,3.68313772724675e-11,Bin,6.9,7.0
West Virginia,1 wk ahead,percent,3.68313772724675e-11,Bin,7.0,7.1
West Virginia,1 wk ahead,percent,3.68313772724675e-11,Bin,7.1,7.2
West Virginia,1 wk ahead,percent,3.68313772724675e-11,Bin,7.2,7.3
West Virginia,1 wk ahead,percent,3.68313772724675e-11,Bin,7.3,7.4
West Virginia,1 wk ahead,percent,3.68313772724675e-11,Bin,7.4,7.5
West Virginia,1 wk ahead,percent,3.68313772724675e-11,Bin,7.5,7.6
West Virginia,1 wk ahead,percent,3.68313772724675e-11,Bin,7.6,7.7
West Virginia,1 wk ahead,percent,3.68313772724675e-11,Bin,7.7,7.8
West Virginia,1 wk ahead,percent,3.68313772724675e-11,Bin,7.8,7.9
West Virginia,1 wk ahead,percent,3.68313772724675e-11,Bin,7.9,8.0
West Virginia,1 wk ahead,percent,3.68313772724678e-11,Bin,8.0,8.1
West Virginia,1 wk ahead,percent,3.68313772724682e-11,Bin,8.1,8.2
West Virginia,1 wk ahead,percent,3.68313772724682e-11,Bin,8.2,8.3
West Virginia,1 wk ahead,percent,3.68313772724682e-11,Bin,8.3,8.4
West Virginia,1 wk ahead,percent,3.68313772724682e-11,Bin,8.4,8.5
West Virginia,1 wk ahead,percent,3.68313772724682e-11,Bin,8.5,8.6
West Virginia,1 wk ahead,percent,3.68313772724682e-11,Bin,8.6,8.7
West Virginia,1 wk ahead,percent,3.68313772724682e-11,Bin,8.7,8.8
West Virginia,1 wk ahead,percent,3.68313772724682e-11,Bin,8.8,8.9
West Virginia,1 wk ahead,percent,3.68313772724682e-11,Bin,8.9,9.0
West Virginia,1 wk ahead,percent,3.68313772724682e-11,Bin,9.0,9.1
West Virginia,1 wk ahead,percent,3.68313772724682e-11,Bin,9.1,9.2
West Virginia,1 wk ahead,percent,3.68313772724682e-11,Bin,9.2,9.3
West Virginia,1 wk ahead,percent,3.68313772724682e-11,Bin,9.3,9.4
West Virginia,1 wk ahead,percent,3.68313772724682e-11,Bin,9.4,9.5
West Virginia,1 wk ahead,percent,3.68313772724682e-11,Bin,9.5,9.6
West Virginia,1 wk ahead,percent,3.68313772724682e-11,Bin,9.6,9.7
West Virginia,1 wk ahead,percent,3.68313772724682e-11,Bin,9.7,9.8
West Virginia,1 wk ahead,percent,3.68313772724682e-11,Bin,9.8,9.9
West Virginia,1 wk ahead,percent,3.68313772724682e-11,Bin,9.9,10.0
West Virginia,1 wk ahead,percent,3.68313772724682e-11,Bin,10.0,10.1
West Virginia,1 wk ahead,percent,3.68313772724682e-11,Bin,10.1,10.2
West Virginia,1 wk ahead,percent,3.68313772724682e-11,Bin,10.2,10.3
West Virginia,1 wk ahead,percent,3.68313772724682e-11,Bin,10.3,10.4
West Virginia,1 wk ahead,percent,3.68313772724682e-11,Bin,10.4,10.5
West Virginia,1 wk ahead,percent,3.68313772724682e-11,Bin,10.5,10.6
West Virginia,1 wk ahead,percent,3.68313772724682e-11,Bin,10.6,10.7
West Virginia,1 wk ahead,percent,3.68313772724682e-11,Bin,10.7,10.8
West Virginia,1 wk ahead,percent,3.68313772724682e-11,Bin,10.8,10.9
West Virginia,1 wk ahead,percent,3.68313772724682e-11,Bin,10.9,11.0
West Virginia,1 wk ahead,percent,3.68313772724682e-11,Bin,11.0,11.1
West Virginia,1 wk ahead,percent,3.68313772724682e-11,Bin,11.1,11.2
West Virginia,1 wk ahead,percent,3.68313772724682e-11,Bin,11.2,11.3
West Virginia,1 wk ahead,percent,3.68313772724682e-11,Bin,11.3,11.4
West Virginia,1 wk ahead,percent,3.68313772724682e-11,Bin,11.4,11.5
West Virginia,1 wk ahead,percent,3.68313772724682e-11,Bin,11.5,11.6
West Virginia,1 wk ahead,percent,3.68313772724682e-11,Bin,11.6,11.7
West Virginia,1 wk ahead,percent,3.68313772724682e-11,Bin,11.7,11.8
West Virginia,1 wk ahead,percent,3.68313772724682e-11,Bin,11.8,11.9
West Virginia,1 wk ahead,percent,3.68313772724682e-11,Bin,11.9,12.0
West Virginia,1 wk ahead,percent,3.68313772724682e-11,Bin,12.0,12.1
West Virginia,1 wk ahead,percent,3.68313772724682e-11,Bin,12.1,12.2
West Virginia,1 wk ahead,percent,3.68313772724682e-11,Bin,12.2,12.3
West Virginia,1 wk ahead,percent,3.68313772724682e-11,Bin,12.3,12.4
West Virginia,1 wk ahead,percent,3.68313772724682e-11,Bin,12.4,12.5
West Virginia,1 wk ahead,percent,3.68313772724682e-11,Bin,12.5,12.6
West Virginia,1 wk ahead,percent,3.68313772724682e-11,Bin,12.6,12.7
West Virginia,1 wk ahead,percent,3.68313772724682e-11,Bin,12.7,12.8
West Virginia,1 wk ahead,percent,3.68313772724682e-11,Bin,12.8,12.9
West Virginia,1 wk ahead,percent,3.68313772724682e-11,Bin,12.9,13.0
West Virginia,1 wk ahead,percent,3.68313772724682e-11,Bin,13.0,100.0
West Virginia,2 wk ahead,percent,2.2549603506518e-10,Bin,0.0,0.1
West Virginia,2 wk ahead,percent,2.11571117263431e-09,Bin,0.1,0.2
West Virginia,2 wk ahead,percent,0.00400000714218511,Bin,0.2,0.3
West Virginia,2 wk ahead,percent,0.0320000117035497,Bin,0.3,0.4
West Virginia,2 wk ahead,percent,0.0420000113706468,Bin,0.4,0.5
West Virginia,2 wk ahead,percent,0.0680000023952308,Bin,0.5,0.6
West Virginia,2 wk ahead,percent,0.0859999953754368,Bin,0.6,0.7
West Virginia,2 wk ahead,percent,0.103999992491991,Bin,0.7,0.8
West Virginia,2 wk ahead,percent,0.125999990703826,Bin,0.8,0.9
West Virginia,2 wk ahead,percent,0.121999991021365,Bin,0.9,1.0
West Virginia,2 wk ahead,percent,0.0659999955876532,Bin,1.0,1.1
West Virginia,2 wk ahead,percent,0.0919999960064854,Bin,1.1,1.2
West Virginia,2 wk ahead,percent,0.0520000029088631,Bin,1.2,1.3
West Virginia,2 wk ahead,percent,0.0560000023702832,Bin,1.3,1.4
West Virginia,2 wk ahead,percent,0.0399999995541468,Bin,1.4,1.5
West Virginia,2 wk ahead,percent,0.0339999978731792,Bin,1.5,1.6
West Virginia,2 wk ahead,percent,0.0159999988782259,Bin,1.6,1.7
West Virginia,2 wk ahead,percent,0.0139999990250608,Bin,1.7,1.8
West Virginia,2 wk ahead,percent,0.00599999961578368,Bin,1.8,1.9
West Virginia,2 wk ahead,percent,0.00599999961578368,Bin,1.9,2.0
West Virginia,2 wk ahead,percent,0.0179999987296994,Bin,2.0,2.1
West Virginia,2 wk ahead,percent,0.0039999997634644,Bin,2.1,2.2
West Virginia,2 wk ahead,percent,0.00599999961578368,Bin,2.2,2.3
West Virginia,2 wk ahead,percent,5.88258438865746e-11,Bin,2.3,2.4
West Virginia,2 wk ahead,percent,0.00199999991114512,Bin,2.4,2.5
West Virginia,2 wk ahead,percent,5.88258438865746e-11,Bin,2.5,2.6
West Virginia,2 wk ahead,percent,5.88258438865746e-11,Bin,2.6,2.7
West Virginia,2 wk ahead,percent,0.00199999991114512,Bin,2.7,2.8
West Virginia,2 wk ahead,percent,5.88258438865746e-11,Bin,2.8,2.9
West Virginia,2 wk ahead,percent,5.88258438865746e-11,Bin,2.9,3.0
West Virginia,2 wk ahead,percent,5.88258438865746e-11,Bin,3.0,3.1
West Virginia,2 wk ahead,percent,5.88258438865746e-11,Bin,3.1,3.2
West Virginia,2 wk ahead,percent,0.00199999991114512,Bin,3.2,3.3
West Virginia,2 wk ahead,percent,5.88258438865746e-11,Bin,3.3,3.4
West Virginia,2 wk ahead,percent,5.88258438865746e-11,Bin,3.4,3.5
West Virginia,2 wk ahead,percent,5.88258438865746e-11,Bin,3.5,3.6
West Virginia,2 wk ahead,percent,5.88258438865746e-11,Bin,3.6,3.7
West Virginia,2 wk ahead,percent,5.88258438865746e-11,Bin,3.7,3.8
West Virginia,2 wk ahead,percent,5.88258438865746e-11,Bin,3.8,3.9
West Virginia,2 wk ahead,percent,5.88258438865746e-11,Bin,3.9,4.0
West Virginia,2 wk ahead,percent,5.88258438865746e-11,Bin,4.0,4.1
West Virginia,2 wk ahead,percent,5.88258438865746e-11,Bin,4.1,4.2
West Virginia,2 wk ahead,percent,5.88258438865746e-11,Bin,4.2,4.3
West Virginia,2 wk ahead,percent,5.88258438865746e-11,Bin,4.3,4.4
West Virginia,2 wk ahead,percent,5.88258438865746e-11,Bin,4.4,4.5
West Virginia,2 wk ahead,percent,5.88258438865746e-11,Bin,4.5,4.6
West Virginia,2 wk ahead,percent,5.88258438865746e-11,Bin,4.6,4.7
West Virginia,2 wk ahead,percent,5.88258438865746e-11,Bin,4.7,4.8
West Virginia,2 wk ahead,percent,5.88258438865746e-11,Bin,4.8,4.9
West Virginia,2 wk ahead,percent,5.88258438865746e-11,Bin,4.9,5.0
West Virginia,2 wk ahead,percent,5.88258438865746e-11,Bin,5.0,5.1
West Virginia,2 wk ahead,percent,5.88258438865746e-11,Bin,5.1,5.2
West Virginia,2 wk ahead,percent,5.88258438865746e-11,Bin,5.2,5.3
West Virginia,2 wk ahead,percent,5.88258438865746e-11,Bin,5.3,5.4
West Virginia,2 wk ahead,percent,5.88258438865746e-11,Bin,5.4,5.5
West Virginia,2 wk ahead,percent,5.88258438865746e-11,Bin,5.5,5.6
West Virginia,2 wk ahead,percent,5.88258438865746e-11,Bin,5.6,5.7
West Virginia,2 wk ahead,percent,5.88258438865746e-11,Bin,5.7,5.8
West Virginia,2 wk ahead,percent,5.88258438865746e-11,Bin,5.8,5.9
West Virginia,2 wk ahead,percent,5.88258438865746e-11,Bin,5.9,6.0
West Virginia,2 wk ahead,percent,5.88258438865746e-11,Bin,6.0,6.1
West Virginia,2 wk ahead,percent,5.88258438865746e-11,Bin,6.1,6.2
West Virginia,2 wk ahead,percent,5.88258438865746e-11,Bin,6.2,6.3
West Virginia,2 wk ahead,percent,5.88258438865746e-11,Bin,6.3,6.4
West Virginia,2 wk ahead,percent,5.88258438865746e-11,Bin,6.4,6.5
West Virginia,2 wk ahead,percent,5.88258438865746e-11,Bin,6.5,6.6
West Virginia,2 wk ahead,percent,5.88258438865746e-11,Bin,6.6,6.7
West Virginia,2 wk ahead,percent,5.88258438865746e-11,Bin,6.7,6.8
West Virginia,2 wk ahead,percent,5.88258438865746e-11,Bin,6.8,6.9
West Virginia,2 wk ahead,percent,5.88258438865746e-11,Bin,6.9,7.0
West Virginia,2 wk ahead,percent,5.88258438865746e-11,Bin,7.0,7.1
West Virginia,2 wk ahead,percent,5.88258438865746e-11,Bin,7.1,7.2
West Virginia,2 wk ahead,percent,5.88258438865746e-11,Bin,7.2,7.3
West Virginia,2 wk ahead,percent,5.88258438865746e-11,Bin,7.3,7.4
West Virginia,2 wk ahead,percent,5.88258438865746e-11,Bin,7.4,7.5
West Virginia,2 wk ahead,percent,5.88258438865746e-11,Bin,7.5,7.6
West Virginia,2 wk ahead,percent,5.88258438865746e-11,Bin,7.6,7.7
West Virginia,2 wk ahead,percent,5.88258438865746e-11,Bin,7.7,7.8
West Virginia,2 wk ahead,percent,5.88258438865746e-11,Bin,7.8,7.9
West Virginia,2 wk ahead,percent,5.88258438865746e-11,Bin,7.9,8.0
West Virginia,2 wk ahead,percent,5.88258438865751e-11,Bin,8.0,8.1
West Virginia,2 wk ahead,percent,5.88258438865756e-11,Bin,8.1,8.2
West Virginia,2 wk ahead,percent,5.88258438865756e-11,Bin,8.2,8.3
West Virginia,2 wk ahead,percent,5.88258438865756e-11,Bin,8.3,8.4
West Virginia,2 wk ahead,percent,5.88258438865756e-11,Bin,8.4,8.5
West Virginia,2 wk ahead,percent,5.88258438865756e-11,Bin,8.5,8.6
West Virginia,2 wk ahead,percent,5.88258438865756e-11,Bin,8.6,8.7
West Virginia,2 wk ahead,percent,5.88258438865756e-11,Bin,8.7,8.8
West Virginia,2 wk ahead,percent,5.88258438865756e-11,Bin,8.8,8.9
West Virginia,2 wk ahead,percent,5.88258438865756e-11,Bin,8.9,9.0
West Virginia,2 wk ahead,percent,5.88258438865756e-11,Bin,9.0,9.1
West Virginia,2 wk ahead,percent,5.88258438865756e-11,Bin,9.1,9.2
West Virginia,2 wk ahead,percent,5.88258438865756e-11,Bin,9.2,9.3
West Virginia,2 wk ahead,percent,5.88258438865756e-11,Bin,9.3,9.4
West Virginia,2 wk ahead,percent,5.88258438865756e-11,Bin,9.4,9.5
West Virginia,2 wk ahead,percent,5.88258438865756e-11,Bin,9.5,9.6
West Virginia,2 wk ahead,percent,5.88258438865756e-11,Bin,9.6,9.7
West Virginia,2 wk ahead,percent,5.88258438865756e-11,Bin,9.7,9.8
West Virginia,2 wk ahead,percent,5.88258438865756e-11,Bin,9.8,9.9
West Virginia,2 wk ahead,percent,5.88258438865756e-11,Bin,9.9,10.0
West Virginia,2 wk ahead,percent,5.88258438865756e-11,Bin,10.0,10.1
West Virginia,2 wk ahead,percent,5.88258438865756e-11,Bin,10.1,10.2
West Virginia,2 wk ahead,percent,5.88258438865756e-11,Bin,10.2,10.3
West Virginia,2 wk ahead,percent,5.88258438865756e-11,Bin,10.3,10.4
West Virginia,2 wk ahead,percent,5.88258438865756e-11,Bin,10.4,10.5
West Virginia,2 wk ahead,percent,5.88258438865756e-11,Bin,10.5,10.6
West Virginia,2 wk ahead,percent,5.88258438865756e-11,Bin,10.6,10.7
West Virginia,2 wk ahead,percent,5.88258438865756e-11,Bin,10.7,10.8
West Virginia,2 wk ahead,percent,5.88258438865756e-11,Bin,10.8,10.9
West Virginia,2 wk ahead,percent,5.88258438865756e-11,Bin,10.9,11.0
West Virginia,2 wk ahead,percent,5.88258438865756e-11,Bin,11.0,11.1
West Virginia,2 wk ahead,percent,5.88258438865756e-11,Bin,11.1,11.2
West Virginia,2 wk ahead,percent,5.88258438865756e-11,Bin,11.2,11.3
West Virginia,2 wk ahead,percent,5.88258438865756e-11,Bin,11.3,11.4
West Virginia,2 wk ahead,percent,5.88258438865756e-11,Bin,11.4,11.5
West Virginia,2 wk ahead,percent,5.88258438865756e-11,Bin,11.5,11.6
West Virginia,2 wk ahead,percent,5.88258438865756e-11,Bin,11.6,11.7
West Virginia,2 wk ahead,percent,5.88258438865756e-11,Bin,11.7,11.8
West Virginia,2 wk ahead,percent,5.88258438865756e-11,Bin,11.8,11.9
West Virginia,2 wk ahead,percent,5.88258438865756e-11,Bin,11.9,12.0
West Virginia,2 wk ahead,percent,5.88258438865756e-11,Bin,12.0,12.1
West Virginia,2 wk ahead,percent,5.88258438865756e-11,Bin,12.1,12.2
West Virginia,2 wk ahead,percent,5.88258438865756e-11,Bin,12.2,12.3
West Virginia,2 wk ahead,percent,5.88258438865756e-11,Bin,12.3,12.4
West Virginia,2 wk ahead,percent,5.88258438865756e-11,Bin,12.4,12.5
West Virginia,2 wk ahead,percent,5.88258438865756e-11,Bin,12.5,12.6
West Virginia,2 wk ahead,percent,5.88258438865756e-11,Bin,12.6,12.7
West Virginia,2 wk ahead,percent,5.88258438865756e-11,Bin,12.7,12.8
West Virginia,2 wk ahead,percent,5.88258438865756e-11,Bin,12.8,12.9
West Virginia,2 wk ahead,percent,5.88258438865756e-11,Bin,12.9,13.0
West Virginia,2 wk ahead,percent,5.88258438865756e-11,Bin,13.0,100.0
West Virginia,3 wk ahead,percent,4.17568971388207e-10,Bin,0.0,0.1
West Virginia,3 wk ahead,percent,5.80641108855075e-09,Bin,0.1,0.2
West Virginia,3 wk ahead,percent,0.0260000184728379,Bin,0.2,0.3
West Virginia,3 wk ahead,percent,0.0600000307852852,Bin,0.3,0.4
West Virginia,3 wk ahead,percent,0.0640000271669501,Bin,0.4,0.5
West Virginia,3 wk ahead,percent,0.0859999998000858,Bin,0.5,0.6
West Virginia,3 wk ahead,percent,0.0879999871779599,Bin,0.6,0.7
West Virginia,3 wk ahead,percent,0.0999999883698902,Bin,0.7,0.8
West Virginia,3 wk ahead,percent,0.0819999919347604,Bin,0.8,0.9
West Virginia,3 wk ahead,percent,0.105999980632552,Bin,0.9,1.0
West Virginia,3 wk ahead,percent,0.0739999873589266,Bin,1.0,1.1
West Virginia,3 wk ahead,percent,0.0599999981521268,Bin,1.1,1.2
West Virginia,3 wk ahead,percent,0.0540000015922315,Bin,1.2,1.3
West Virginia,3 wk ahead,percent,0.0559999929096366,Bin,1.3,1.4
West Virginia,3 wk ahead,percent,0.0239999954685483,Bin,1.4,1.5
West Virginia,3 wk ahead,percent,0.0159999967990525,Bin,1.5,1.6
West Virginia,3 wk ahead,percent,0.0279999942741852,Bin,1.6,1.7
West Virginia,3 wk ahead,percent,0.00999999806148618,Bin,1.7,1.8
West Virginia,3 wk ahead,percent,0.0179999963782413,Bin,1.8,1.9
West Virginia,3 wk ahead,percent,0.0139999972198637,Bin,1.9,2.0
West Virginia,3 wk ahead,percent,0.00599999890310861,Bin,2.0,2.1
West Virginia,3 wk ahead,percent,0.00199999974473104,Bin,2.1,2.2
West Virginia,3 wk ahead,percent,1.65542255165095e-10,Bin,2.2,2.3
West Virginia,3 wk ahead,percent,0.00199999974473104,Bin,2.3,2.4
West Virginia,3 wk ahead,percent,0.00799999848229739,Bin,2.4,2.5
West Virginia,3 wk ahead,percent,1.65542255165095e-10,Bin,2.5,2.6
West Virginia,3 wk ahead,percent,0.00199999974473104,Bin,2.6,2.7
West Virginia,3 wk ahead,percent,0.00199999974473104,Bin,2.7,2.8
West Virginia,3 wk ahead,percent,1.65542255165095e-10,Bin,2.8,2.9
West Virginia,3 wk ahead,percent,0.00399999932391982,Bin,2.9,3.0
West Virginia,3 wk ahead,percent,0.00399999932391982,Bin,3.0,3.1
West Virginia,3 wk ahead,percent,0.00199999974473104,Bin,3.1,3.2
West Virginia,3 wk ahead,percent,1.65542255165095e-10,Bin,3.2,3.3
West Virginia,3 wk ahead,percent,1.65542255165095e-10,Bin,3.3,3.4
West Virginia,3 wk ahead,percent,1.65542255165095e-10,Bin,3.4,3.5
West Virginia,3 wk ahead,percent,1.65542255165095e-10,Bin,3.5,3.6
West Virginia,3 wk ahead,percent,1.65542255165095e-10,Bin,3.6,3.7
West Virginia,3 wk ahead,percent,1.65542255165095e-10,Bin,3.7,3.8
West Virginia,3 wk ahead,percent,1.65542255165095e-10,Bin,3.8,3.9
West Virginia,3 wk ahead,percent,1.65542255165095e-10,Bin,3.9,4.0
West Virginia,3 wk ahead,percent,1.65542255165095e-10,Bin,4.0,4.1
West Virginia,3 wk ahead,percent,1.65542255165095e-10,Bin,4.1,4.2
West Virginia,3 wk ahead,percent,1.65542255165095e-10,Bin,4.2,4.3
West Virginia,3 wk ahead,percent,1.65542255165095e-10,Bin,4.3,4.4
West Virginia,3 wk ahead,percent,1.65542255165095e-10,Bin,4.4,4.5
West Virginia,3 wk ahead,percent,1.65542255165095e-10,Bin,4.5,4.6
West Virginia,3 wk ahead,percent,1.65542255165095e-10,Bin,4.6,4.7
West Virginia,3 wk ahead,percent,1.65542255165095e-10,Bin,4.7,4.8
West Virginia,3 wk ahead,percent,1.65542255165095e-10,Bin,4.8,4.9
West Virginia,3 wk ahead,percent,1.65542255165095e-10,Bin,4.9,5.0
West Virginia,3 wk ahead,percent,1.65542255165095e-10,Bin,5.0,5.1
West Virginia,3 wk ahead,percent,1.65542255165095e-10,Bin,5.1,5.2
West Virginia,3 wk ahead,percent,1.65542255165095e-10,Bin,5.2,5.3
West Virginia,3 wk ahead,percent,1.65542255165095e-10,Bin,5.3,5.4
West Virginia,3 wk ahead,percent,1.65542255165095e-10,Bin,5.4,5.5
West Virginia,3 wk ahead,percent,1.65542255165095e-10,Bin,5.5,5.6
West Virginia,3 wk ahead,percent,1.65542255165095e-10,Bin,5.6,5.7
West Virginia,3 wk ahead,percent,1.65542255165095e-10,Bin,5.7,5.8
West Virginia,3 wk ahead,percent,1.65542255165095e-10,Bin,5.8,5.9
West Virginia,3 wk ahead,percent,1.65542255165095e-10,Bin,5.9,6.0
West Virginia,3 wk ahead,percent,0.00199999974473104,Bin,6.0,6.1
West Virginia,3 wk ahead,percent,1.65542255165095e-10,Bin,6.1,6.2
West Virginia,3 wk ahead,percent,1.65542255165095e-10,Bin,6.2,6.3
West Virginia,3 wk ahead,percent,1.65542255165095e-10,Bin,6.3,6.4
West Virginia,3 wk ahead,percent,1.65542255165095e-10,Bin,6.4,6.5
West Virginia,3 wk ahead,percent,1.65542255165095e-10,Bin,6.5,6.6
West Virginia,3 wk ahead,percent,1.65542255165095e-10,Bin,6.6,6.7
West Virginia,3 wk ahead,percent,1.65542255165095e-10,Bin,6.7,6.8
West Virginia,3 wk ahead,percent,1.65542255165095e-10,Bin,6.8,6.9
West Virginia,3 wk ahead,percent,1.65542255165095e-10,Bin,6.9,7.0
West Virginia,3 wk ahead,percent,1.65542255165095e-10,Bin,7.0,7.1
West Virginia,3 wk ahead,percent,1.65542255165095e-10,Bin,7.1,7.2
West Virginia,3 wk ahead,percent,1.65542255165095e-10,Bin,7.2,7.3
West Virginia,3 wk ahead,percent,1.65542255165095e-10,Bin,7.3,7.4
West Virginia,3 wk ahead,percent,1.65542255165095e-10,Bin,7.4,7.5
West Virginia,3 wk ahead,percent,1.65542255165095e-10,Bin,7.5,7.6
West Virginia,3 wk ahead,percent,1.65542255165095e-10,Bin,7.6,7.7
West Virginia,3 wk ahead,percent,1.65542255165095e-10,Bin,7.7,7.8
West Virginia,3 wk ahead,percent,1.65542255165095e-10,Bin,7.8,7.9
West Virginia,3 wk ahead,percent,1.65542255165095e-10,Bin,7.9,8.0
West Virginia,3 wk ahead,percent,1.65542255165097e-10,Bin,8.0,8.1
West Virginia,3 wk ahead,percent,1.65542255165098e-10,Bin,8.1,8.2
West Virginia,3 wk ahead,percent,1.65542255165098e-10,Bin,8.2,8.3
West Virginia,3 wk ahead,percent,1.65542255165098e-10,Bin,8.3,8.4
West Virginia,3 wk ahead,percent,1.65542255165098e-10,Bin,8.4,8.5
West Virginia,3 wk ahead,percent,1.65542255165098e-10,Bin,8.5,8.6
West Virginia,3 wk ahead,percent,1.65542255165098e-10,Bin,8.6,8.7
West Virginia,3 wk ahead,percent,1.65542255165098e-10,Bin,8.7,8.8
West Virginia,3 wk ahead,percent,1.65542255165098e-10,Bin,8.8,8.9
West Virginia,3 wk ahead,percent,1.65542255165098e-10,Bin,8.9,9.0
West Virginia,3 wk ahead,percent,1.65542255165098e-10,Bin,9.0,9.1
West Virginia,3 wk ahead,percent,1.65542255165098e-10,Bin,9.1,9.2
West Virginia,3 wk ahead,percent,1.65542255165098e-10,Bin,9.2,9.3
West Virginia,3 wk ahead,percent,1.65542255165098e-10,Bin,9.3,9.4
West Virginia,3 wk ahead,percent,1.65542255165098e-10,Bin,9.4,9.5
West Virginia,3 wk ahead,percent,1.65542255165098e-10,Bin,9.5,9.6
West Virginia,3 wk ahead,percent,1.65542255165098e-10,Bin,9.6,9.7
West Virginia,3 wk ahead,percent,1.65542255165098e-10,Bin,9.7,9.8
West Virginia,3 wk ahead,percent,1.65542255165098e-10,Bin,9.8,9.9
West Virginia,3 wk ahead,percent,1.65542255165098e-10,Bin,9.9,10.0
West Virginia,3 wk ahead,percent,1.65542255165098e-10,Bin,10.0,10.1
West Virginia,3 wk ahead,percent,1.65542255165098e-10,Bin,10.1,10.2
West Virginia,3 wk ahead,percent,1.65542255165098e-10,Bin,10.2,10.3
West Virginia,3 wk ahead,percent,1.65542255165098e-10,Bin,10.3,10.4
West Virginia,3 wk ahead,percent,1.65542255165098e-10,Bin,10.4,10.5
West Virginia,3 wk ahead,percent,1.65542255165098e-10,Bin,10.5,10.6
West Virginia,3 wk ahead,percent,1.65542255165098e-10,Bin,10.6,10.7
West Virginia,3 wk ahead,percent,1.65542255165098e-10,Bin,10.7,10.8
West Virginia,3 wk ahead,percent,1.65542255165098e-10,Bin,10.8,10.9
West Virginia,3 wk ahead,percent,1.65542255165098e-10,Bin,10.9,11.0
West Virginia,3 wk ahead,percent,1.65542255165098e-10,Bin,11.0,11.1
West Virginia,3 wk ahead,percent,1.65542255165098e-10,Bin,11.1,11.2
West Virginia,3 wk ahead,percent,1.65542255165098e-10,Bin,11.2,11.3
West Virginia,3 wk ahead,percent,1.65542255165098e-10,Bin,11.3,11.4
West Virginia,3 wk ahead,percent,1.65542255165098e-10,Bin,11.4,11.5
West Virginia,3 wk ahead,percent,1.65542255165098e-10,Bin,11.5,11.6
West Virginia,3 wk ahead,percent,1.65542255165098e-10,Bin,11.6,11.7
West Virginia,3 wk ahead,percent,1.65542255165098e-10,Bin,11.7,11.8
West Virginia,3 wk ahead,percent,1.65542255165098e-10,Bin,11.8,11.9
West Virginia,3 wk ahead,percent,1.65542255165098e-10,Bin,11.9,12.0
West Virginia,3 wk ahead,percent,1.65542255165098e-10,Bin,12.0,12.1
West Virginia,3 wk ahead,percent,1.65542255165098e-10,Bin,12.1,12.2
West Virginia,3 wk ahead,percent,1.65542255165098e-10,Bin,12.2,12.3
West Virginia,3 wk ahead,percent,1.65542255165098e-10,Bin,12.3,12.4
West Virginia,3 wk ahead,percent,1.65542255165098e-10,Bin,12.4,12.5
West Virginia,3 wk ahead,percent,1.65542255165098e-10,Bin,12.5,12.6
West Virginia,3 wk ahead,percent,1.65542255165098e-10,Bin,12.6,12.7
West Virginia,3 wk ahead,percent,1.65542255165098e-10,Bin,12.7,12.8
West Virginia,3 wk ahead,percent,1.65542255165098e-10,Bin,12.8,12.9
West Virginia,3 wk ahead,percent,1.65542255165098e-10,Bin,12.9,13.0
West Virginia,3 wk ahead,percent,1.65542255165098e-10,Bin,13.0,100.0
West Virginia,4 wk ahead,percent,4.65323286622222e-10,Bin,0.0,0.1
West Virginia,4 wk ahead,percent,0.00600000582633952,Bin,0.1,0.2
West Virginia,4 wk ahead,percent,0.0340000222595272,Bin,0.2,0.3
West Virginia,4 wk ahead,percent,0.086000030088001,Bin,0.3,0.4
West Virginia,4 wk ahead,percent,0.0860000171004471,Bin,0.4,0.5
West Virginia,4 wk ahead,percent,0.0799999975231329,Bin,0.5,0.6
West Virginia,4 wk ahead,percent,0.091999992041344,Bin,0.6,0.7
West Virginia,4 wk ahead,percent,0.109999983434269,Bin,0.7,0.8
West Virginia,4 wk ahead,percent,0.0659999871221107,Bin,0.8,0.9
West Virginia,4 wk ahead,percent,0.0819999828282957,Bin,0.9,1.0
West Virginia,4 wk ahead,percent,0.0619999869948013,Bin,1.0,1.1
West Virginia,4 wk ahead,percent,0.0579999880559551,Bin,1.1,1.2
West Virginia,4 wk ahead,percent,0.0459999940476063,Bin,1.2,1.3
West Virginia,4 wk ahead,percent,0.0460000044772109,Bin,1.3,1.4
West Virginia,4 wk ahead,percent,0.0280000071240141,Bin,1.4,1.5
West Virginia,4 wk ahead,percent,0.0239999978379916,Bin,1.5,1.6
West Virginia,4 wk ahead,percent,0.0139999973026017,Bin,1.6,1.7
West Virginia,4 wk ahead,percent,0.0119999976774584,Bin,1.7,1.8
West Virginia,4 wk ahead,percent,0.0119999976774584,Bin,1.8,1.9
West Virginia,4 wk ahead,percent,0.00599999893634399,Bin,1.9,2.0
West Virginia,4 wk ahead,percent,0.00599999893634399,Bin,2.0,2.1
West Virginia,4 wk ahead,percent,0.00199999977560103,Bin,2.1,2.2
West Virginia,4 wk ahead,percent,0.00399999935597251,Bin,2.2,2.3
West Virginia,4 wk ahead,percent,0.00199999977560103,Bin,2.3,2.4
West Virginia,4 wk ahead,percent,0.00199999977560103,Bin,2.4,2.5
West Virginia,4 wk ahead,percent,0.00399999935597251,Bin,2.5,2.6
West Virginia,4 wk ahead,percent,0.00599999893634399,Bin,2.6,2.7
West Virginia,4 wk ahead,percent,0.00799999851671546,Bin,2.7,2.8
West Virginia,4 wk ahead,percent,1.95229557936126e-10,Bin,2.8,2.9
West Virginia,4 wk ahead,percent,0.00599999893634399,Bin,2.9,3.0
West Virginia,4 wk ahead,percent,1.95229557936126e-10,Bin,3.0,3.1
West Virginia,4 wk ahead,percent,1.95229557936126e-10,Bin,3.1,3.2
West Virginia,4 wk ahead,percent,0.00199999977560103,Bin,3.2,3.3
West Virginia,4 wk ahead,percent,0.00199999977560103,Bin,3.3,3.4
West Virginia,4 wk ahead,percent,0.00199999977560103,Bin,3.4,3.5
West Virginia,4 wk ahead,percent,1.95229557936126e-10,Bin,3.5,3.6
West Virginia,4 wk ahead,percent,1.95229557936126e-10,Bin,3.6,3.7
West Virginia,4 wk ahead,percent,0.00199999977560103,Bin,3.7,3.8
West Virginia,4 wk ahead,percent,1.95229557936126e-10,Bin,3.8,3.9
West Virginia,4 wk ahead,percent,1.95229557936126e-10,Bin,3.9,4.0
West Virginia,4 wk ahead,percent,1.95229557936126e-10,Bin,4.0,4.1
West Virginia,4 wk ahead,percent,1.95229557936126e-10,Bin,4.1,4.2
West Virginia,4 wk ahead,percent,1.95229557936126e-10,Bin,4.2,4.3
West Virginia,4 wk ahead,percent,1.95229557936126e-10,Bin,4.3,4.4
West Virginia,4 wk ahead,percent,1.95229557936126e-10,Bin,4.4,4.5
West Virginia,4 wk ahead,percent,1.95229557936126e-10,Bin,4.5,4.6
West Virginia,4 wk ahead,percent,1.95229557936126e-10,Bin,4.6,4.7
West Virginia,4 wk ahead,percent,1.95229557936126e-10,Bin,4.7,4.8
West Virginia,4 wk ahead,percent,1.95229557936126e-10,Bin,4.8,4.9
West Virginia,4 wk ahead,percent,1.95229557936126e-10,Bin,4.9,5.0
West Virginia,4 wk ahead,percent,1.95229557936126e-10,Bin,5.0,5.1
West Virginia,4 wk ahead,percent,1.95229557936126e-10,Bin,5.1,5.2
West Virginia,4 wk ahead,percent,1.95229557936126e-10,Bin,5.2,5.3
West Virginia,4 wk ahead,percent,1.95229557936126e-10,Bin,5.3,5.4
West Virginia,4 wk ahead,percent,1.95229557936126e-10,Bin,5.4,5.5
West Virginia,4 wk ahead,percent,1.95229557936126e-10,Bin,5.5,5.6
West Virginia,4 wk ahead,percent,1.95229557936126e-10,Bin,5.6,5.7
West Virginia,4 wk ahead,percent,1.95229557936126e-10,Bin,5.7,5.8
West Virginia,4 wk ahead,percent,1.95229557936126e-10,Bin,5.8,5.9
West Virginia,4 wk ahead,percent,1.95229557936126e-10,Bin,5.9,6.0
West Virginia,4 wk ahead,percent,1.95229557936126e-10,Bin,6.0,6.1
West Virginia,4 wk ahead,percent,1.95229557936126e-10,Bin,6.1,6.2
West Virginia,4 wk ahead,percent,1.95229557936126e-10,Bin,6.2,6.3
West Virginia,4 wk ahead,percent,1.95229557936126e-10,Bin,6.3,6.4
West Virginia,4 wk ahead,percent,1.95229557936126e-10,Bin,6.4,6.5
West Virginia,4 wk ahead,percent,1.95229557936126e-10,Bin,6.5,6.6
West Virginia,4 wk ahead,percent,1.95229557936126e-10,Bin,6.6,6.7
West Virginia,4 wk ahead,percent,1.95229557936126e-10,Bin,6.7,6.8
West Virginia,4 wk ahead,percent,1.95229557936126e-10,Bin,6.8,6.9
West Virginia,4 wk ahead,percent,1.95229557936126e-10,Bin,6.9,7.0
West Virginia,4 wk ahead,percent,1.95229557936126e-10,Bin,7.0,7.1
West Virginia,4 wk ahead,percent,1.95229557936126e-10,Bin,7.1,7.2
West Virginia,4 wk ahead,percent,1.95229557936126e-10,Bin,7.2,7.3
West Virginia,4 wk ahead,percent,0.00199999977560103,Bin,7.3,7.4
West Virginia,4 wk ahead,percent,1.95229557936126e-10,Bin,7.4,7.5
West Virginia,4 wk ahead,percent,1.95229557936126e-10,Bin,7.5,7.6
West Virginia,4 wk ahead,percent,1.95229557936126e-10,Bin,7.6,7.7
West Virginia,4 wk ahead,percent,1.95229557936126e-10,Bin,7.7,7.8
West Virginia,4 wk ahead,percent,1.95229557936126e-10,Bin,7.8,7.9
West Virginia,4 wk ahead,percent,1.95229557936126e-10,Bin,7.9,8.0
West Virginia,4 wk ahead,percent,1.95229557936128e-10,Bin,8.0,8.1
West Virginia,4 wk ahead,percent,1.9522955793613e-10,Bin,8.1,8.2
West Virginia,4 wk ahead,percent,1.9522955793613e-10,Bin,8.2,8.3
West Virginia,4 wk ahead,percent,1.9522955793613e-10,Bin,8.3,8.4
West Virginia,4 wk ahead,percent,1.9522955793613e-10,Bin,8.4,8.5
West Virginia,4 wk ahead,percent,1.9522955793613e-10,Bin,8.5,8.6
West Virginia,4 wk ahead,percent,1.9522955793613e-10,Bin,8.6,8.7
West Virginia,4 wk ahead,percent,1.9522955793613e-10,Bin,8.7,8.8
West Virginia,4 wk ahead,percent,1.9522955793613e-10,Bin,8.8,8.9
West Virginia,4 wk ahead,percent,1.9522955793613e-10,Bin,8.9,9.0
West Virginia,4 wk ahead,percent,1.9522955793613e-10,Bin,9.0,9.1
West Virginia,4 wk ahead,percent,1.9522955793613e-10,Bin,9.1,9.2
West Virginia,4 wk ahead,percent,1.9522955793613e-10,Bin,9.2,9.3
West Virginia,4 wk ahead,percent,1.9522955793613e-10,Bin,9.3,9.4
West Virginia,4 wk ahead,percent,1.9522955793613e-10,Bin,9.4,9.5
West Virginia,4 wk ahead,percent,1.9522955793613e-10,Bin,9.5,9.6
West Virginia,4 wk ahead,percent,1.9522955793613e-10,Bin,9.6,9.7
West Virginia,4 wk ahead,percent,1.9522955793613e-10,Bin,9.7,9.8
West Virginia,4 wk ahead,percent,1.9522955793613e-10,Bin,9.8,9.9
West Virginia,4 wk ahead,percent,1.9522955793613e-10,Bin,9.9,10.0
West Virginia,4 wk ahead,percent,1.9522955793613e-10,Bin,10.0,10.1
West Virginia,4 wk ahead,percent,1.9522955793613e-10,Bin,10.1,10.2
West Virginia,4 wk ahead,percent,1.9522955793613e-10,Bin,10.2,10.3
West Virginia,4 wk ahead,percent,1.9522955793613e-10,Bin,10.3,10.4
West Virginia,4 wk ahead,percent,1.9522955793613e-10,Bin,10.4,10.5
West Virginia,4 wk ahead,percent,1.9522955793613e-10,Bin,10.5,10.6
West Virginia,4 wk ahead,percent,1.9522955793613e-10,Bin,10.6,10.7
West Virginia,4 wk ahead,percent,1.9522955793613e-10,Bin,10.7,10.8
West Virginia,4 wk ahead,percent,1.9522955793613e-10,Bin,10.8,10.9
West Virginia,4 wk ahead,percent,1.9522955793613e-10,Bin,10.9,11.0
West Virginia,4 wk ahead,percent,1.9522955793613e-10,Bin,11.0,11.1
West Virginia,4 wk ahead,percent,1.9522955793613e-10,Bin,11.1,11.2
West Virginia,4 wk ahead,percent,1.9522955793613e-10,Bin,11.2,11.3
West Virginia,4 wk ahead,percent,1.9522955793613e-10,Bin,11.3,11.4
West Virginia,4 wk ahead,percent,1.9522955793613e-10,Bin,11.4,11.5
West Virginia,4 wk ahead,percent,1.9522955793613e-10,Bin,11.5,11.6
West Virginia,4 wk ahead,percent,1.9522955793613e-10,Bin,11.6,11.7
West Virginia,4 wk ahead,percent,1.9522955793613e-10,Bin,11.7,11.8
West Virginia,4 wk ahead,percent,1.9522955793613e-10,Bin,11.8,11.9
West Virginia,4 wk ahead,percent,1.9522955793613e-10,Bin,11.9,12.0
West Virginia,4 wk ahead,percent,1.9522955793613e-10,Bin,12.0,12.1
West Virginia,4 wk ahead,percent,1.9522955793613e-10,Bin,12.1,12.2
West Virginia,4 wk ahead,percent,1.9522955793613e-10,Bin,12.2,12.3
West Virginia,4 wk ahead,percent,1.9522955793613e-10,Bin,12.3,12.4
West Virginia,4 wk ahead,percent,1.9522955793613e-10,Bin,12.4,12.5
West Virginia,4 wk ahead,percent,1.9522955793613e-10,Bin,12.5,12.6
West Virginia,4 wk ahead,percent,1.9522955793613e-10,Bin,12.6,12.7
West Virginia,4 wk ahead,percent,1.9522955793613e-10,Bin,12.7,12.8
West Virginia,4 wk ahead,percent,1.9522955793613e-10,Bin,12.8,12.9
West Virginia,4 wk ahead,percent,1.9522955793613e-10,Bin,12.9,13.0
West Virginia,4 wk ahead,percent,1.9522955793613e-10,Bin,13.0,100.0
West Virginia,Season peak percentage,percent,1.53245082166676e-12,Bin,0.0,0.1
West Virginia,Season peak percentage,percent,3.24020112954619e-12,Bin,0.1,0.2
West Virginia,Season peak percentage,percent,3.48030866584388e-12,Bin,0.2,0.3
West Virginia,Season peak percentage,percent,3.72762436521699e-12,Bin,0.3,0.4
West Virginia,Season peak percentage,percent,3.98205639013163e-12,Bin,0.4,0.5
West Virginia,Season peak percentage,percent,4.24328178209751e-12,Bin,0.5,0.6
West Virginia,Season peak percentage,percent,4.51135844481581e-12,Bin,0.6,0.7
West Virginia,Season peak percentage,percent,4.7861350224722e-12,Bin,0.7,0.8
West Virginia,Season peak percentage,percent,5.06784971370973e-12,Bin,0.8,0.9
West Virginia,Season peak percentage,percent,5.35653174206369e-12,Bin,0.9,1.0
West Virginia,Season peak percentage,percent,5.65254435643235e-12,Bin,1.0,1.1
West Virginia,Season peak percentage,percent,5.9561036007975e-12,Bin,1.1,1.2
West Virginia,Season peak percentage,percent,6.26762029409815e-12,Bin,1.2,1.3
West Virginia,Season peak percentage,percent,6.58742924335447e-12,Bin,1.3,1.4
West Virginia,Season peak percentage,percent,6.91588387978347e-12,Bin,1.4,1.5
West Virginia,Season peak percentage,percent,7.25333420742978e-12,Bin,1.5,1.6
West Virginia,Season peak percentage,percent,7.59995084373851e-12,Bin,1.6,1.7
West Virginia,Season peak percentage,percent,7.95597661687652e-12,Bin,1.7,1.8
West Virginia,Season peak percentage,percent,8.32127003865676e-12,Bin,1.8,1.9
West Virginia,Season peak percentage,percent,8.69581206940658e-12,Bin,1.9,2.0
West Virginia,Season peak percentage,percent,9.07908074252648e-12,Bin,2.0,2.1
West Virginia,Season peak percentage,percent,9.47062521670309e-12,Bin,2.1,2.2
West Virginia,Season peak percentage,percent,9.86951542048446e-12,Bin,2.2,2.3
West Virginia,Season peak percentage,percent,1.02747662180597e-11,Bin,2.3,2.4
West Virginia,Season peak percentage,percent,1.06850078347435e-11,Bin,2.4,2.5
West Virginia,Season peak percentage,percent,1.10986985275541e-11,Bin,2.5,2.6
West Virginia,Season peak percentage,percent,1.15140275140555e-11,Bin,2.6,2.7
West Virginia,Season peak percentage,percent,1.19289488399154e-11,Bin,2.7,2.8
West Virginia,Season peak percentage,percent,1.23412326949398e-11,Bin,2.8,2.9
West Virginia,Season peak percentage,percent,1.27484652108538e-11,Bin,2.9,3.0
West Virginia,Season peak percentage,percent,1.31480354961409e-11,Bin,3.0,3.1
West Virginia,Season peak percentage,percent,1.35373506118215e-11,Bin,3.1,3.2
West Virginia,Season peak percentage,percent,1.391350233297e-11,Bin,3.2,3.3
West Virginia,Season peak percentage,percent,1.42739031461302e-11,Bin,3.3,3.4
West Virginia,Season peak percentage,percent,1.46154661651195e-11,Bin,3.4,3.5
West Virginia,Season peak percentage,percent,1.49357922886289e-11,Bin,3.5,3.6
West Virginia,Season peak percentage,percent,1.52317710530457e-11,Bin,3.6,3.7
West Virginia,Season peak percentage,percent,1.5501361451883e-11,Bin,3.7,3.8
West Virginia,Season peak percentage,percent,1.57415829922927e-11,Bin,3.8,3.9
West Virginia,Season peak percentage,percent,1.59508223981354e-11,Bin,3.9,4.0
West Virginia,Season peak percentage,percent,1.61265766476652e-11,Bin,4.0,4.1
West Virginia,Season peak percentage,percent,1.62675508793752e-11,Bin,4.1,4.2
West Virginia,Season peak percentage,percent,1.63720144950866e-11,Bin,4.2,4.3
West Virginia,Season peak percentage,percent,1.64389938109663e-11,Bin,4.3,4.4
West Virginia,Season peak percentage,percent,1.64676786072223e-11,Bin,4.4,4.5
West Virginia,Season peak percentage,percent,1.64574619726334e-11,Bin,4.5,4.6
West Virginia,Season peak percentage,percent,1.6408556078099e-11,Bin,4.6,4.7
West Virginia,Season peak percentage,percent,1.63207313955511e-11,Bin,4.7,4.8
West Virginia,Season peak percentage,percent,1.61952237072703e-11,Bin,4.8,4.9
West Virginia,Season peak percentage,percent,1.6032265105771e-11,Bin,4.9,5.0
West Virginia,Season peak percentage,percent,1.58339186494697e-11,Bin,5.0,5.1
West Virginia,Season peak percentage,percent,1.56011101648001e-11,Bin,5.1,5.2
West Virginia,Season peak percentage,percent,1.53363989267349e-11,Bin,5.2,5.3
West Virginia,Season peak percentage,percent,1.50414248315012e-11,Bin,5.3,5.4
West Virginia,Season peak percentage,percent,1.47191053854854e-11,Bin,5.4,5.5
West Virginia,Season peak percentage,percent,1.43716733263766e-11,Bin,5.5,5.6
West Virginia,Season peak percentage,percent,1.40022161394126e-11,Bin,5.6,5.7
West Virginia,Season peak percentage,percent,1.36133864229197e-11,Bin,5.7,5.8
West Virginia,Season peak percentage,percent,1.32082641220526e-11,Bin,5.8,5.9
West Virginia,Season peak percentage,percent,1.27897260689686e-11,Bin,5.9,6.0
West Virginia,Season peak percentage,percent,1.23606809960007e-11,Bin,6.0,6.1
West Virginia,Season peak percentage,percent,1.19239703716139e-11,Bin,6.1,6.2
West Virginia,Season peak percentage,percent,1.14822343380657e-11,Bin,6.2,6.3
West Virginia,Season peak percentage,percent,1.1038026293456e-11,Bin,6.3,6.4
West Virginia,Season peak percentage,percent,1.05936424871897e-11,Bin,6.4,6.5
West Virginia,Season peak percentage,percent,1.01511711828246e-11,Bin,6.5,6.6
West Virginia,Season peak percentage,percent,9.71250736889228e-12,Bin,6.6,6.7
West Virginia,Season peak percentage,percent,9.27918748644935e-12,Bin,6.7,6.8
West Virginia,Season peak percentage,percent,8.85267781388662e-12,Bin,6.8,6.9
West Virginia,Season peak percentage,percent,8.4339755714994e-12,Bin,6.9,7.0
West Virginia,Season peak percentage,percent,8.02409340743944e-12,Bin,7.0,7.1
West Virginia,Season peak percentage,percent,7.62360303458289e-12,Bin,7.1,7.2
West Virginia,Season peak percentage,percent,7.23307111974611e-12,Bin,7.2,7.3
West Virginia,Season peak percentage,percent,6.85278530117393e-12,Bin,7.3,7.4
West Virginia,Season peak percentage,percent,6.48294695665908e-12,Bin,7.4,7.5
West Virginia,Season peak percentage,percent,6.12368999902389e-12,Bin,7.5,7.6
West Virginia,Season peak percentage,percent,5.77495147921382e-12,Bin,7.6,7.7
West Virginia,Season peak percentage,percent,0.997999999115101,Bin,7.7,7.8
West Virginia,Season peak percentage,percent,5.10911502998799e-12,Bin,7.8,7.9
West Virginia,Season peak percentage,percent,4.79195640238697e-12,Bin,7.9,8.0
West Virginia,Season peak percentage,percent,4.48508650691764e-12,Bin,8.0,8.1
West Virginia,Season peak percentage,percent,4.18871896742458e-12,Bin,8.1,8.2
West Virginia,Season peak percentage,percent,3.9026466461328e-12,Bin,8.2,8.3
West Virginia,Season peak percentage,percent,3.62714893980286e-12,Bin,8.3,8.4
West Virginia,Season peak percentage,percent,3.36209076360073e-12,Bin,8.4,8.5
West Virginia,Season peak percentage,percent,3.10780586303456e-12,Bin,8.5,8.6
West Virginia,Season peak percentage,percent,2.8642216210193e-12,Bin,8.6,8.7
West Virginia,Season peak percentage,percent,2.63169056428429e-12,Bin,8.7,8.8
West Virginia,Season peak percentage,percent,2.41017531298619e-12,Bin,8.8,8.9
West Virginia,Season peak percentage,percent,2.1999703947835e-12,Bin,8.9,9.0
West Virginia,Season peak percentage,percent,2.00105687586529e-12,Bin,9.0,9.1
West Virginia,Season peak percentage,percent,1.81359820230934e-12,Bin,9.1,9.2
West Virginia,Season peak percentage,percent,1.63756680139936e-12,Bin,9.2,9.3
West Virginia,Season peak percentage,percent,1.47295875028334e-12,Bin,9.3,9.4
West Virginia,Season peak percentage,percent,1.31969988313703e-12,Bin,9.4,9.5
West Virginia,Season peak percentage,percent,1.17759608360219e-12,Bin,9.5,9.6
West Virginia,Season peak percentage,percent,1.046507632728e-12,Bin,9.6,9.7
West Virginia,Season peak percentage,percent,9.26056821802388e-13,Bin,9.7,9.8
West Virginia,Season peak percentage,percent,8.16023196615756e-13,Bin,9.8,9.9
West Virginia,Season peak percentage,percent,7.15889999304469e-13,Bin,9.9,10.0
West Virginia,Season peak percentage,percent,6.25316314730142e-13,Bin,10.0,10.1
West Virginia,Season peak percentage,percent,5.43732577125941e-13,Bin,10.1,10.2
West Virginia,Season peak percentage,percent,4.70669381183603e-13,Bin,10.2,10.3
West Virginia,Season peak percentage,percent,4.05558311220872e-13,Bin,10.3,10.4
West Virginia,Season peak percentage,percent,3.4783163389041e-13,Bin,10.4,10.5
West Virginia,Season peak percentage,percent,0.00199999999851271,Bin,10.5,10.6
West Virginia,Season peak percentage,percent,2.52297110159616e-13,Bin,10.6,10.7
West Virginia,Season peak percentage,percent,2.13378336030592e-13,Bin,10.7,10.8
West Virginia,Season peak percentage,percent,1.79563624325792e-13,Bin,10.8,10.9
West Virginia,Season peak percentage,percent,1.50427390335815e-13,Bin,10.9,11.0
West Virginia,Season peak percentage,percent,1.25373627964903e-13,Bin,11.0,11.1
West Virginia,Season peak percentage,percent,1.04021306324752e-13,Bin,11.1,11.2
West Virginia,Season peak percentage,percent,8.58564580388966e-14,Bin,11.2,11.3
West Virginia,Season peak percentage,percent,7.0543538663194e-14,Bin,11.3,11.4
West Virginia,Season peak percentage,percent,5.76567934152365e-14,Bin,11.4,11.5
West Virginia,Season peak percentage,percent,4.69112487182575e-14,Bin,11.5,11.6
West Virginia,Season peak percentage,percent,3.8611036087042e-14,Bin,11.6,11.7
West Virginia,Season peak percentage,percent,3.7153059929366e-14,Bin,11.7,11.8
West Virginia,Season peak percentage,percent,3.7153059929366e-14,Bin,11.8,11.9
West Virginia,Season peak percentage,percent,3.7153059929366e-14,Bin,11.9,12.0
West Virginia,Season peak percentage,percent,3.7153059929366e-14,Bin,12.0,12.1
West Virginia,Season peak percentage,percent,3.7153059929366e-14,Bin,12.1,12.2
West Virginia,Season peak percentage,percent,3.7153059929366e-14,Bin,12.2,12.3
West Virginia,Season peak percentage,percent,3.7153059929366e-14,Bin,12.3,12.4
West Virginia,Season peak percentage,percent,3.7153059929366e-14,Bin,12.4,12.5
West Virginia,Season peak percentage,percent,3.7153059929366e-14,Bin,12.5,12.6
West Virginia,Season peak percentage,percent,3.7153059929366e-14,Bin,12.6,12.7
West Virginia,Season peak percentage,percent,3.7153059929366e-14,Bin,12.7,12.8
West Virginia,Season peak percentage,percent,3.7153059929366e-14,Bin,12.8,12.9
West Virginia,Season peak percentage,percent,3.7153059929366e-14,Bin,12.9,13.0
West Virginia,Season peak percentage,percent,3.7153059929366e-14,Bin,13.0,100.0
West Virginia,Season peak week,week,1.35640729403845e-05,Bin,40.0,41.0
West Virginia,Season peak week,week,1.35640729403845e-05,Bin,41.0,42.0
West Virginia,Season peak week,week,1.35640729403845e-05,Bin,42.0,43.0
West Virginia,Season peak week,week,1.59588500640502e-05,Bin,43.0,44.0
West Virginia,Season peak week,week,3.56613216026082e-05,Bin,44.0,45.0
West Virginia,Season peak week,week,7.85572652128092e-05,Bin,45.0,46.0
West Virginia,Season peak week,week,0.000159756702923892,Bin,46.0,47.0
West Virginia,Season peak week,week,0.00030041751823964,Bin,47.0,48.0
West Virginia,Season peak week,week,0.000523219688233195,Bin,48.0,49.0
West Virginia,Season peak week,week,0.000845673549008832,Bin,49.0,50.0
West Virginia,Season peak week,week,0.00127167465881682,Bin,50.0,51.0
West Virginia,Season peak week,week,0.00178457002479894,Bin,51.0,52.0
West Virginia,Season peak week,week,0.942401185855028,Bin,52.0,53.0
West Virginia,Season peak week,week,0.00290516964991894,Bin,1.0,2.0
West Virginia,Season peak week,week,0.00340865875541171,Bin,2.0,3.0
West Virginia,Season peak week,week,0.00381859799447988,Bin,3.0,4.0
West Virginia,Season peak week,week,0.00411811973259959,Bin,4.0,5.0
West Virginia,Season peak week,week,0.00430867677691016,Bin,5.0,6.0
West Virginia,Season peak week,week,0.00439933594357946,Bin,6.0,7.0
West Virginia,Season peak week,week,0.00439503140834933,Bin,7.0,8.0
West Virginia,Season peak week,week,0.00429139244324606,Bin,8.0,9.0
West Virginia,Season peak week,week,0.0040784230510396,Bin,9.0,10.0
West Virginia,Season peak week,week,0.00375009111597727,Bin,10.0,11.0
West Virginia,Season peak week,week,0.00331425705421579,Bin,11.0,12.0
West Virginia,Season peak week,week,0.00279720572364339,Bin,12.0,13.0
West Virginia,Season peak week,week,0.00224117795907468,Bin,13.0,14.0
West Virginia,Season peak week,week,0.00169556045505751,Bin,14.0,15.0
West Virginia,Season peak week,week,0.00120549607815151,Bin,15.0,16.0
West Virginia,Season peak week,week,0.000802028290563986,Bin,16.0,17.0
West Virginia,Season peak week,week,0.000497515445521318,Bin,17.0,18.0
West Virginia,Season peak week,week,0.000286832155432304,Bin,18.0,19.0
West Virginia,Season peak week,week,0.00015328819560252,Bin,19.0,20.0
West Virginia,Season peak week,week,7.57741184750009e-05,Bin,20.0,21.0
Wisconsin,1 wk ahead,percent,8.56503180200073e-10,Bin,0.0,0.1
Wisconsin,1 wk ahead,percent,2.28802406617925e-09,Bin,0.1,0.2
Wisconsin,1 wk ahead,percent,3.04448847615334e-09,Bin,0.2,0.3
Wisconsin,1 wk ahead,percent,0.00600000321339341,Bin,0.3,0.4
Wisconsin,1 wk ahead,percent,3.87056265452641e-09,Bin,0.4,0.5
Wisconsin,1 wk ahead,percent,3.71048728001588e-09,Bin,0.5,0.6
Wisconsin,1 wk ahead,percent,0.00600000280817193,Bin,0.6,0.7
Wisconsin,1 wk ahead,percent,0.00800000204637099,Bin,0.7,0.8
Wisconsin,1 wk ahead,percent,0.00400000180018814,Bin,0.8,0.9
Wisconsin,1 wk ahead,percent,0.0240000001936304,Bin,0.9,1.0
Wisconsin,1 wk ahead,percent,0.0240000003341731,Bin,1.0,1.1
Wisconsin,1 wk ahead,percent,0.0399999996860788,Bin,1.1,1.2
Wisconsin,1 wk ahead,percent,0.045999999876122,Bin,1.2,1.3
Wisconsin,1 wk ahead,percent,0.0440000005578118,Bin,1.3,1.4
Wisconsin,1 wk ahead,percent,0.0719999989370537,Bin,1.4,1.5
Wisconsin,1 wk ahead,percent,0.0799999983704665,Bin,1.5,1.6
Wisconsin,1 wk ahead,percent,0.103999996399238,Bin,1.6,1.7
Wisconsin,1 wk ahead,percent,0.0859999971237005,Bin,1.7,1.8
Wisconsin,1 wk ahead,percent,0.0639999980734053,Bin,1.8,1.9
Wisconsin,1 wk ahead,percent,0.0979999952526501,Bin,1.9,2.0
Wisconsin,1 wk ahead,percent,0.0519999981093964,Bin,2.0,2.1
Wisconsin,1 wk ahead,percent,0.0239999998941888,Bin,2.1,2.2
Wisconsin,1 wk ahead,percent,0.031999999293828,Bin,2.2,2.3
Wisconsin,1 wk ahead,percent,0.0339999990983851,Bin,2.3,2.4
Wisconsin,1 wk ahead,percent,0.0339999989578467,Bin,2.4,2.5
Wisconsin,1 wk ahead,percent,0.0100000003753362,Bin,2.5,2.6
Wisconsin,1 wk ahead,percent,0.0199999994000985,Bin,2.6,2.7
Wisconsin,1 wk ahead,percent,0.0159999994012747,Bin,2.7,2.8
Wisconsin,1 wk ahead,percent,0.0139999993232841,Bin,2.8,2.9
Wisconsin,1 wk ahead,percent,0.00999999945604164,Bin,2.9,3.0
Wisconsin,1 wk ahead,percent,0.00799999951324606,Bin,3.0,3.1
Wisconsin,1 wk ahead,percent,2.50941680586326e-11,Bin,3.1,3.2
Wisconsin,1 wk ahead,percent,0.0139999990505901,Bin,3.2,3.3
Wisconsin,1 wk ahead,percent,0.0039999997393051,Bin,3.3,3.4
Wisconsin,1 wk ahead,percent,0.0039999997393051,Bin,3.4,3.5
Wisconsin,1 wk ahead,percent,0.0079999994638191,Bin,3.5,3.6
Wisconsin,1 wk ahead,percent,0.0019999998770481,Bin,3.6,3.7
Wisconsin,1 wk ahead,percent,0.0039999997393051,Bin,3.7,3.8
Wisconsin,1 wk ahead,percent,1.47910981783037e-11,Bin,3.8,3.9
Wisconsin,1 wk ahead,percent,1.47910981783037e-11,Bin,3.9,4.0
Wisconsin,1 wk ahead,percent,1.47910981783037e-11,Bin,4.0,4.1
Wisconsin,1 wk ahead,percent,1.47910981783037e-11,Bin,4.1,4.2
Wisconsin,1 wk ahead,percent,1.47910981783037e-11,Bin,4.2,4.3
Wisconsin,1 wk ahead,percent,1.47910981783037e-11,Bin,4.3,4.4
Wisconsin,1 wk ahead,percent,0.0019999998770481,Bin,4.4,4.5
Wisconsin,1 wk ahead,percent,1.47910981783037e-11,Bin,4.5,4.6
Wisconsin,1 wk ahead,percent,1.47910981783037e-11,Bin,4.6,4.7
Wisconsin,1 wk ahead,percent,0.0019999998770481,Bin,4.7,4.8
Wisconsin,1 wk ahead,percent,1.47910981783037e-11,Bin,4.8,4.9
Wisconsin,1 wk ahead,percent,1.47910981783037e-11,Bin,4.9,5.0
Wisconsin,1 wk ahead,percent,1.47910981783037e-11,Bin,5.0,5.1
Wisconsin,1 wk ahead,percent,1.47910981783037e-11,Bin,5.1,5.2
Wisconsin,1 wk ahead,percent,1.47910981783037e-11,Bin,5.2,5.3
Wisconsin,1 wk ahead,percent,1.47910981783037e-11,Bin,5.3,5.4
Wisconsin,1 wk ahead,percent,1.47910981783037e-11,Bin,5.4,5.5
Wisconsin,1 wk ahead,percent,1.47910981783037e-11,Bin,5.5,5.6
Wisconsin,1 wk ahead,percent,1.47910981783037e-11,Bin,5.6,5.7
Wisconsin,1 wk ahead,percent,1.47910981783037e-11,Bin,5.7,5.8
Wisconsin,1 wk ahead,percent,1.47910981783037e-11,Bin,5.8,5.9
Wisconsin,1 wk ahead,percent,1.47910981783037e-11,Bin,5.9,6.0
Wisconsin,1 wk ahead,percent,1.47910981783037e-11,Bin,6.0,6.1
Wisconsin,1 wk ahead,percent,1.47910981783037e-11,Bin,6.1,6.2
Wisconsin,1 wk ahead,percent,1.47910981783037e-11,Bin,6.2,6.3
Wisconsin,1 wk ahead,percent,1.47910981783037e-11,Bin,6.3,6.4
Wisconsin,1 wk ahead,percent,1.47910981783037e-11,Bin,6.4,6.5
Wisconsin,1 wk ahead,percent,1.47910981783037e-11,Bin,6.5,6.6
Wisconsin,1 wk ahead,percent,1.47910981783037e-11,Bin,6.6,6.7
Wisconsin,1 wk ahead,percent,1.47910981783037e-11,Bin,6.7,6.8
Wisconsin,1 wk ahead,percent,1.47910981783037e-11,Bin,6.8,6.9
Wisconsin,1 wk ahead,percent,1.47910981783037e-11,Bin,6.9,7.0
Wisconsin,1 wk ahead,percent,1.47910981783037e-11,Bin,7.0,7.1
Wisconsin,1 wk ahead,percent,1.47910981783037e-11,Bin,7.1,7.2
Wisconsin,1 wk ahead,percent,1.47910981783037e-11,Bin,7.2,7.3
Wisconsin,1 wk ahead,percent,1.47910981783037e-11,Bin,7.3,7.4
Wisconsin,1 wk ahead,percent,1.47910981783037e-11,Bin,7.4,7.5
Wisconsin,1 wk ahead,percent,1.47910981783037e-11,Bin,7.5,7.6
Wisconsin,1 wk ahead,percent,1.47910981783037e-11,Bin,7.6,7.7
Wisconsin,1 wk ahead,percent,1.47910981783037e-11,Bin,7.7,7.8
Wisconsin,1 wk ahead,percent,1.47910981783037e-11,Bin,7.8,7.9
Wisconsin,1 wk ahead,percent,1.47910981783037e-11,Bin,7.9,8.0
Wisconsin,1 wk ahead,percent,1.47910981783039e-11,Bin,8.0,8.1
Wisconsin,1 wk ahead,percent,1.4791098178304e-11,Bin,8.1,8.2
Wisconsin,1 wk ahead,percent,1.4791098178304e-11,Bin,8.2,8.3
Wisconsin,1 wk ahead,percent,1.4791098178304e-11,Bin,8.3,8.4
Wisconsin,1 wk ahead,percent,1.4791098178304e-11,Bin,8.4,8.5
Wisconsin,1 wk ahead,percent,1.4791098178304e-11,Bin,8.5,8.6
Wisconsin,1 wk ahead,percent,1.4791098178304e-11,Bin,8.6,8.7
Wisconsin,1 wk ahead,percent,1.4791098178304e-11,Bin,8.7,8.8
Wisconsin,1 wk ahead,percent,1.4791098178304e-11,Bin,8.8,8.9
Wisconsin,1 wk ahead,percent,1.4791098178304e-11,Bin,8.9,9.0
Wisconsin,1 wk ahead,percent,1.4791098178304e-11,Bin,9.0,9.1
Wisconsin,1 wk ahead,percent,1.4791098178304e-11,Bin,9.1,9.2
Wisconsin,1 wk ahead,percent,1.4791098178304e-11,Bin,9.2,9.3
Wisconsin,1 wk ahead,percent,1.4791098178304e-11,Bin,9.3,9.4
Wisconsin,1 wk ahead,percent,1.4791098178304e-11,Bin,9.4,9.5
Wisconsin,1 wk ahead,percent,1.4791098178304e-11,Bin,9.5,9.6
Wisconsin,1 wk ahead,percent,1.4791098178304e-11,Bin,9.6,9.7
Wisconsin,1 wk ahead,percent,1.4791098178304e-11,Bin,9.7,9.8
Wisconsin,1 wk ahead,percent,1.4791098178304e-11,Bin,9.8,9.9
Wisconsin,1 wk ahead,percent,1.4791098178304e-11,Bin,9.9,10.0
Wisconsin,1 wk ahead,percent,1.4791098178304e-11,Bin,10.0,10.1
Wisconsin,1 wk ahead,percent,1.4791098178304e-11,Bin,10.1,10.2
Wisconsin,1 wk ahead,percent,1.4791098178304e-11,Bin,10.2,10.3
Wisconsin,1 wk ahead,percent,1.4791098178304e-11,Bin,10.3,10.4
Wisconsin,1 wk ahead,percent,1.4791098178304e-11,Bin,10.4,10.5
Wisconsin,1 wk ahead,percent,1.4791098178304e-11,Bin,10.5,10.6
Wisconsin,1 wk ahead,percent,1.4791098178304e-11,Bin,10.6,10.7
Wisconsin,1 wk ahead,percent,1.4791098178304e-11,Bin,10.7,10.8
Wisconsin,1 wk ahead,percent,1.4791098178304e-11,Bin,10.8,10.9
Wisconsin,1 wk ahead,percent,1.4791098178304e-11,Bin,10.9,11.0
Wisconsin,1 wk ahead,percent,1.4791098178304e-11,Bin,11.0,11.1
Wisconsin,1 wk ahead,percent,1.4791098178304e-11,Bin,11.1,11.2
Wisconsin,1 wk ahead,percent,1.4791098178304e-11,Bin,11.2,11.3
Wisconsin,1 wk ahead,percent,1.4791098178304e-11,Bin,11.3,11.4
Wisconsin,1 wk ahead,percent,1.4791098178304e-11,Bin,11.4,11.5
Wisconsin,1 wk ahead,percent,1.4791098178304e-11,Bin,11.5,11.6
Wisconsin,1 wk ahead,percent,1.4791098178304e-11,Bin,11.6,11.7
Wisconsin,1 wk ahead,percent,1.4791098178304e-11,Bin,11.7,11.8
Wisconsin,1 wk ahead,percent,1.4791098178304e-11,Bin,11.8,11.9
Wisconsin,1 wk ahead,percent,1.4791098178304e-11,Bin,11.9,12.0
Wisconsin,1 wk ahead,percent,1.4791098178304e-11,Bin,12.0,12.1
Wisconsin,1 wk ahead,percent,1.4791098178304e-11,Bin,12.1,12.2
Wisconsin,1 wk ahead,percent,1.4791098178304e-11,Bin,12.2,12.3
Wisconsin,1 wk ahead,percent,1.4791098178304e-11,Bin,12.3,12.4
Wisconsin,1 wk ahead,percent,1.4791098178304e-11,Bin,12.4,12.5
Wisconsin,1 wk ahead,percent,1.4791098178304e-11,Bin,12.5,12.6
Wisconsin,1 wk ahead,percent,1.4791098178304e-11,Bin,12.6,12.7
Wisconsin,1 wk ahead,percent,1.4791098178304e-11,Bin,12.7,12.8
Wisconsin,1 wk ahead,percent,1.4791098178304e-11,Bin,12.8,12.9
Wisconsin,1 wk ahead,percent,1.4791098178304e-11,Bin,12.9,13.0
Wisconsin,1 wk ahead,percent,1.4791098178304e-11,Bin,13.0,100.0
Wisconsin,2 wk ahead,percent,1.50468429676503e-09,Bin,0.0,0.1
Wisconsin,2 wk ahead,percent,3.37862807822925e-09,Bin,0.1,0.2
Wisconsin,2 wk ahead,percent,3.70344370979334e-09,Bin,0.2,0.3
Wisconsin,2 wk ahead,percent,3.786464164495e-09,Bin,0.3,0.4
Wisconsin,2 wk ahead,percent,0.00400000334059266,Bin,0.4,0.5
Wisconsin,2 wk ahead,percent,0.00800000272600953,Bin,0.5,0.6
Wisconsin,2 wk ahead,percent,0.0160000017434642,Bin,0.6,0.7
Wisconsin,2 wk ahead,percent,0.0160000013715827,Bin,0.7,0.8
Wisconsin,2 wk ahead,percent,0.0260000003423895,Bin,0.8,0.9
Wisconsin,2 wk ahead,percent,0.0339999995629236,Bin,0.9,1.0
Wisconsin,2 wk ahead,percent,0.0459999985811042,Bin,1.0,1.1
Wisconsin,2 wk ahead,percent,0.0479999984109763,Bin,1.1,1.2
Wisconsin,2 wk ahead,percent,0.0859999956413744,Bin,1.2,1.3
Wisconsin,2 wk ahead,percent,0.0799999961752891,Bin,1.3,1.4
Wisconsin,2 wk ahead,percent,0.0899999955834303,Bin,1.4,1.5
Wisconsin,2 wk ahead,percent,0.0839999962263431,Bin,1.5,1.6
Wisconsin,2 wk ahead,percent,0.07599999705717,Bin,1.6,1.7
Wisconsin,2 wk ahead,percent,0.087999996424057,Bin,1.7,1.8
Wisconsin,2 wk ahead,percent,0.0499999994543479,Bin,1.8,1.9
Wisconsin,2 wk ahead,percent,0.0479999997467516,Bin,1.9,2.0
Wisconsin,2 wk ahead,percent,0.0420000002048065,Bin,2.0,2.1
Wisconsin,2 wk ahead,percent,0.0300000009425971,Bin,2.1,2.2
Wisconsin,2 wk ahead,percent,0.0160000016623203,Bin,2.2,2.3
Wisconsin,2 wk ahead,percent,0.0140000013646385,Bin,2.3,2.4
Wisconsin,2 wk ahead,percent,0.0140000008508765,Bin,2.4,2.5
Wisconsin,2 wk ahead,percent,0.0219999997500912,Bin,2.5,2.6
Wisconsin,2 wk ahead,percent,0.00600000048497541,Bin,2.6,2.7
Wisconsin,2 wk ahead,percent,0.00600000013579091,Bin,2.7,2.8
Wisconsin,2 wk ahead,percent,0.00400000003775422,Bin,2.8,2.9
Wisconsin,2 wk ahead,percent,0.00599999973367143,Bin,2.9,3.0
Wisconsin,2 wk ahead,percent,0.00999999934796059,Bin,3.0,3.1
Wisconsin,2 wk ahead,percent,0.00599999959631053,Bin,3.1,3.2
Wisconsin,2 wk ahead,percent,0.00199999988160563,Bin,3.2,3.3
Wisconsin,2 wk ahead,percent,0.00199999988160563,Bin,3.3,3.4
Wisconsin,2 wk ahead,percent,0.00399999973392491,Bin,3.4,3.5
Wisconsin,2 wk ahead,percent,0.00199999988160563,Bin,3.5,3.6
Wisconsin,2 wk ahead,percent,0.00399999973392491,Bin,3.6,3.7
Wisconsin,2 wk ahead,percent,0.00199999988160563,Bin,3.7,3.8
Wisconsin,2 wk ahead,percent,0.00399999973392491,Bin,3.8,3.9
Wisconsin,2 wk ahead,percent,0.00199999988160563,Bin,3.9,4.0
Wisconsin,2 wk ahead,percent,0.00199999988160563,Bin,4.0,4.1
Wisconsin,2 wk ahead,percent,2.92863518086254e-11,Bin,4.1,4.2
Wisconsin,2 wk ahead,percent,2.92863518086254e-11,Bin,4.2,4.3
Wisconsin,2 wk ahead,percent,2.92863518086254e-11,Bin,4.3,4.4
Wisconsin,2 wk ahead,percent,2.92863518086254e-11,Bin,4.4,4.5
Wisconsin,2 wk ahead,percent,2.92863518086254e-11,Bin,4.5,4.6
Wisconsin,2 wk ahead,percent,2.92863518086254e-11,Bin,4.6,4.7
Wisconsin,2 wk ahead,percent,2.92863518086254e-11,Bin,4.7,4.8
Wisconsin,2 wk ahead,percent,2.92863518086254e-11,Bin,4.8,4.9
Wisconsin,2 wk ahead,percent,2.92863518086254e-11,Bin,4.9,5.0
Wisconsin,2 wk ahead,percent,2.92863518086254e-11,Bin,5.0,5.1
Wisconsin,2 wk ahead,percent,2.92863518086254e-11,Bin,5.1,5.2
Wisconsin,2 wk ahead,percent,2.92863518086254e-11,Bin,5.2,5.3
Wisconsin,2 wk ahead,percent,2.92863518086254e-11,Bin,5.3,5.4
Wisconsin,2 wk ahead,percent,2.92863518086254e-11,Bin,5.4,5.5
Wisconsin,2 wk ahead,percent,2.92863518086254e-11,Bin,5.5,5.6
Wisconsin,2 wk ahead,percent,2.92863518086254e-11,Bin,5.6,5.7
Wisconsin,2 wk ahead,percent,2.92863518086254e-11,Bin,5.7,5.8
Wisconsin,2 wk ahead,percent,2.92863518086254e-11,Bin,5.8,5.9
Wisconsin,2 wk ahead,percent,2.92863518086254e-11,Bin,5.9,6.0
Wisconsin,2 wk ahead,percent,2.92863518086254e-11,Bin,6.0,6.1
Wisconsin,2 wk ahead,percent,2.92863518086254e-11,Bin,6.1,6.2
Wisconsin,2 wk ahead,percent,2.92863518086254e-11,Bin,6.2,6.3
Wisconsin,2 wk ahead,percent,2.92863518086254e-11,Bin,6.3,6.4
Wisconsin,2 wk ahead,percent,2.92863518086254e-11,Bin,6.4,6.5
Wisconsin,2 wk ahead,percent,2.92863518086254e-11,Bin,6.5,6.6
Wisconsin,2 wk ahead,percent,2.92863518086254e-11,Bin,6.6,6.7
Wisconsin,2 wk ahead,percent,2.92863518086254e-11,Bin,6.7,6.8
Wisconsin,2 wk ahead,percent,2.92863518086254e-11,Bin,6.8,6.9
Wisconsin,2 wk ahead,percent,2.92863518086254e-11,Bin,6.9,7.0
Wisconsin,2 wk ahead,percent,2.92863518086254e-11,Bin,7.0,7.1
Wisconsin,2 wk ahead,percent,2.92863518086254e-11,Bin,7.1,7.2
Wisconsin,2 wk ahead,percent,2.92863518086254e-11,Bin,7.2,7.3
Wisconsin,2 wk ahead,percent,2.92863518086254e-11,Bin,7.3,7.4
Wisconsin,2 wk ahead,percent,2.92863518086254e-11,Bin,7.4,7.5
Wisconsin,2 wk ahead,percent,2.92863518086254e-11,Bin,7.5,7.6
Wisconsin,2 wk ahead,percent,2.92863518086254e-11,Bin,7.6,7.7
Wisconsin,2 wk ahead,percent,2.92863518086254e-11,Bin,7.7,7.8
Wisconsin,2 wk ahead,percent,2.92863518086254e-11,Bin,7.8,7.9
Wisconsin,2 wk ahead,percent,2.92863518086254e-11,Bin,7.9,8.0
Wisconsin,2 wk ahead,percent,2.92863518086257e-11,Bin,8.0,8.1
Wisconsin,2 wk ahead,percent,2.92863518086259e-11,Bin,8.1,8.2
Wisconsin,2 wk ahead,percent,2.92863518086259e-11,Bin,8.2,8.3
Wisconsin,2 wk ahead,percent,2.92863518086259e-11,Bin,8.3,8.4
Wisconsin,2 wk ahead,percent,2.92863518086259e-11,Bin,8.4,8.5
Wisconsin,2 wk ahead,percent,2.92863518086259e-11,Bin,8.5,8.6
Wisconsin,2 wk ahead,percent,2.92863518086259e-11,Bin,8.6,8.7
Wisconsin,2 wk ahead,percent,2.92863518086259e-11,Bin,8.7,8.8
Wisconsin,2 wk ahead,percent,2.92863518086259e-11,Bin,8.8,8.9
Wisconsin,2 wk ahead,percent,2.92863518086259e-11,Bin,8.9,9.0
Wisconsin,2 wk ahead,percent,2.92863518086259e-11,Bin,9.0,9.1
Wisconsin,2 wk ahead,percent,2.92863518086259e-11,Bin,9.1,9.2
Wisconsin,2 wk ahead,percent,2.92863518086259e-11,Bin,9.2,9.3
Wisconsin,2 wk ahead,percent,2.92863518086259e-11,Bin,9.3,9.4
Wisconsin,2 wk ahead,percent,2.92863518086259e-11,Bin,9.4,9.5
Wisconsin,2 wk ahead,percent,2.92863518086259e-11,Bin,9.5,9.6
Wisconsin,2 wk ahead,percent,2.92863518086259e-11,Bin,9.6,9.7
Wisconsin,2 wk ahead,percent,2.92863518086259e-11,Bin,9.7,9.8
Wisconsin,2 wk ahead,percent,2.92863518086259e-11,Bin,9.8,9.9
Wisconsin,2 wk ahead,percent,2.92863518086259e-11,Bin,9.9,10.0
Wisconsin,2 wk ahead,percent,2.92863518086259e-11,Bin,10.0,10.1
Wisconsin,2 wk ahead,percent,2.92863518086259e-11,Bin,10.1,10.2
Wisconsin,2 wk ahead,percent,2.92863518086259e-11,Bin,10.2,10.3
Wisconsin,2 wk ahead,percent,2.92863518086259e-11,Bin,10.3,10.4
Wisconsin,2 wk ahead,percent,2.92863518086259e-11,Bin,10.4,10.5
Wisconsin,2 wk ahead,percent,2.92863518086259e-11,Bin,10.5,10.6
Wisconsin,2 wk ahead,percent,2.92863518086259e-11,Bin,10.6,10.7
Wisconsin,2 wk ahead,percent,2.92863518086259e-11,Bin,10.7,10.8
Wisconsin,2 wk ahead,percent,2.92863518086259e-11,Bin,10.8,10.9
Wisconsin,2 wk ahead,percent,2.92863518086259e-11,Bin,10.9,11.0
Wisconsin,2 wk ahead,percent,2.92863518086259e-11,Bin,11.0,11.1
Wisconsin,2 wk ahead,percent,2.92863518086259e-11,Bin,11.1,11.2
Wisconsin,2 wk ahead,percent,2.92863518086259e-11,Bin,11.2,11.3
Wisconsin,2 wk ahead,percent,2.92863518086259e-11,Bin,11.3,11.4
Wisconsin,2 wk ahead,percent,2.92863518086259e-11,Bin,11.4,11.5
Wisconsin,2 wk ahead,percent,2.92863518086259e-11,Bin,11.5,11.6
Wisconsin,2 wk ahead,percent,2.92863518086259e-11,Bin,11.6,11.7
Wisconsin,2 wk ahead,percent,2.92863518086259e-11,Bin,11.7,11.8
Wisconsin,2 wk ahead,percent,2.92863518086259e-11,Bin,11.8,11.9
Wisconsin,2 wk ahead,percent,2.92863518086259e-11,Bin,11.9,12.0
Wisconsin,2 wk ahead,percent,2.92863518086259e-11,Bin,12.0,12.1
Wisconsin,2 wk ahead,percent,2.92863518086259e-11,Bin,12.1,12.2
Wisconsin,2 wk ahead,percent,2.92863518086259e-11,Bin,12.2,12.3
Wisconsin,2 wk ahead,percent,2.92863518086259e-11,Bin,12.3,12.4
Wisconsin,2 wk ahead,percent,2.92863518086259e-11,Bin,12.4,12.5
Wisconsin,2 wk ahead,percent,2.92863518086259e-11,Bin,12.5,12.6
Wisconsin,2 wk ahead,percent,2.92863518086259e-11,Bin,12.6,12.7
Wisconsin,2 wk ahead,percent,2.92863518086259e-11,Bin,12.7,12.8
Wisconsin,2 wk ahead,percent,2.92863518086259e-11,Bin,12.8,12.9
Wisconsin,2 wk ahead,percent,2.92863518086259e-11,Bin,12.9,13.0
Wisconsin,2 wk ahead,percent,2.92863518086259e-11,Bin,13.0,100.0
Wisconsin,3 wk ahead,percent,3.97216251629022e-09,Bin,0.0,0.1
Wisconsin,3 wk ahead,percent,1.03192774923532e-08,Bin,0.1,0.2
Wisconsin,3 wk ahead,percent,1.32565115780061e-08,Bin,0.2,0.3
Wisconsin,3 wk ahead,percent,0.00600001400419297,Bin,0.3,0.4
Wisconsin,3 wk ahead,percent,0.0120000132190813,Bin,0.4,0.5
Wisconsin,3 wk ahead,percent,0.0280000086005466,Bin,0.5,0.6
Wisconsin,3 wk ahead,percent,0.0540000004887944,Bin,0.6,0.7
Wisconsin,3 wk ahead,percent,0.0599999959407178,Bin,0.7,0.8
Wisconsin,3 wk ahead,percent,0.0679999911364802,Bin,0.8,0.9
Wisconsin,3 wk ahead,percent,0.0719999878817638,Bin,0.9,1.0
Wisconsin,3 wk ahead,percent,0.107999978755145,Bin,1.0,1.1
Wisconsin,3 wk ahead,percent,0.0779999842440395,Bin,1.1,1.2
Wisconsin,3 wk ahead,percent,0.103999978465369,Bin,1.2,1.3
Wisconsin,3 wk ahead,percent,0.0579999882232325,Bin,1.3,1.4
Wisconsin,3 wk ahead,percent,0.0619999878777523,Bin,1.4,1.5
Wisconsin,3 wk ahead,percent,0.0539999906329083,Bin,1.5,1.6
Wisconsin,3 wk ahead,percent,0.0359999962294485,Bin,1.6,1.7
Wisconsin,3 wk ahead,percent,0.0300000000077391,Bin,1.7,1.8
Wisconsin,3 wk ahead,percent,0.0280000032761389,Bin,1.8,1.9
Wisconsin,3 wk ahead,percent,0.0420000028353664,Bin,1.9,2.0
Wisconsin,3 wk ahead,percent,0.0240000080910934,Bin,2.0,2.1
Wisconsin,3 wk ahead,percent,0.0260000077299954,Bin,2.1,2.2
Wisconsin,3 wk ahead,percent,0.0100000098446783,Bin,2.2,2.3
Wisconsin,3 wk ahead,percent,0.0100000077214927,Bin,2.3,2.4
Wisconsin,3 wk ahead,percent,0.00200000694742514,Bin,2.4,2.5
Wisconsin,3 wk ahead,percent,0.0020000046076083,Bin,2.5,2.6
Wisconsin,3 wk ahead,percent,0.00600000183753823,Bin,2.6,2.7
Wisconsin,3 wk ahead,percent,0.00600000044646678,Bin,2.7,2.8
Wisconsin,3 wk ahead,percent,0.00200000041300606,Bin,2.8,2.9
Wisconsin,3 wk ahead,percent,0.00399999951528206,Bin,2.9,3.0
Wisconsin,3 wk ahead,percent,0.00199999971230196,Bin,3.0,3.1
Wisconsin,3 wk ahead,percent,5.38416346720453e-11,Bin,3.1,3.2
Wisconsin,3 wk ahead,percent,5.02528830621184e-11,Bin,3.2,3.3
Wisconsin,3 wk ahead,percent,5.02528830621184e-11,Bin,3.3,3.4
Wisconsin,3 wk ahead,percent,5.02528830621184e-11,Bin,3.4,3.5
Wisconsin,3 wk ahead,percent,5.02528830621184e-11,Bin,3.5,3.6
Wisconsin,3 wk ahead,percent,5.02528830621184e-11,Bin,3.6,3.7
Wisconsin,3 wk ahead,percent,5.02528830621184e-11,Bin,3.7,3.8
Wisconsin,3 wk ahead,percent,0.00599999878781924,Bin,3.8,3.9
Wisconsin,3 wk ahead,percent,5.02528830621184e-11,Bin,3.9,4.0
Wisconsin,3 wk ahead,percent,5.02528830621184e-11,Bin,4.0,4.1
Wisconsin,3 wk ahead,percent,5.02528830621184e-11,Bin,4.1,4.2
Wisconsin,3 wk ahead,percent,5.02528830621184e-11,Bin,4.2,4.3
Wisconsin,3 wk ahead,percent,5.02528830621184e-11,Bin,4.3,4.4
Wisconsin,3 wk ahead,percent,5.02528830621184e-11,Bin,4.4,4.5
Wisconsin,3 wk ahead,percent,5.02528830621184e-11,Bin,4.5,4.6
Wisconsin,3 wk ahead,percent,5.02528830621184e-11,Bin,4.6,4.7
Wisconsin,3 wk ahead,percent,5.02528830621184e-11,Bin,4.7,4.8
Wisconsin,3 wk ahead,percent,5.02528830621184e-11,Bin,4.8,4.9
Wisconsin,3 wk ahead,percent,5.02528830621184e-11,Bin,4.9,5.0
Wisconsin,3 wk ahead,percent,5.02528830621184e-11,Bin,5.0,5.1
Wisconsin,3 wk ahead,percent,5.02528830621184e-11,Bin,5.1,5.2
Wisconsin,3 wk ahead,percent,5.02528830621184e-11,Bin,5.2,5.3
Wisconsin,3 wk ahead,percent,5.02528830621184e-11,Bin,5.3,5.4
Wisconsin,3 wk ahead,percent,5.02528830621184e-11,Bin,5.4,5.5
Wisconsin,3 wk ahead,percent,5.02528830621184e-11,Bin,5.5,5.6
Wisconsin,3 wk ahead,percent,5.02528830621184e-11,Bin,5.6,5.7
Wisconsin,3 wk ahead,percent,5.02528830621184e-11,Bin,5.7,5.8
Wisconsin,3 wk ahead,percent,5.02528830621184e-11,Bin,5.8,5.9
Wisconsin,3 wk ahead,percent,5.02528830621184e-11,Bin,5.9,6.0
Wisconsin,3 wk ahead,percent,5.02528830621184e-11,Bin,6.0,6.1
Wisconsin,3 wk ahead,percent,5.02528830621184e-11,Bin,6.1,6.2
Wisconsin,3 wk ahead,percent,5.02528830621184e-11,Bin,6.2,6.3
Wisconsin,3 wk ahead,percent,5.02528830621184e-11,Bin,6.3,6.4
Wisconsin,3 wk ahead,percent,5.02528830621184e-11,Bin,6.4,6.5
Wisconsin,3 wk ahead,percent,5.02528830621184e-11,Bin,6.5,6.6
Wisconsin,3 wk ahead,percent,5.02528830621184e-11,Bin,6.6,6.7
Wisconsin,3 wk ahead,percent,5.02528830621184e-11,Bin,6.7,6.8
Wisconsin,3 wk ahead,percent,5.02528830621184e-11,Bin,6.8,6.9
Wisconsin,3 wk ahead,percent,5.02528830621184e-11,Bin,6.9,7.0
Wisconsin,3 wk ahead,percent,5.02528830621184e-11,Bin,7.0,7.1
Wisconsin,3 wk ahead,percent,5.02528830621184e-11,Bin,7.1,7.2
Wisconsin,3 wk ahead,percent,5.02528830621184e-11,Bin,7.2,7.3
Wisconsin,3 wk ahead,percent,5.02528830621184e-11,Bin,7.3,7.4
Wisconsin,3 wk ahead,percent,5.02528830621184e-11,Bin,7.4,7.5
Wisconsin,3 wk ahead,percent,5.02528830621184e-11,Bin,7.5,7.6
Wisconsin,3 wk ahead,percent,5.02528830621184e-11,Bin,7.6,7.7
Wisconsin,3 wk ahead,percent,5.02528830621184e-11,Bin,7.7,7.8
Wisconsin,3 wk ahead,percent,5.02528830621184e-11,Bin,7.8,7.9
Wisconsin,3 wk ahead,percent,5.02528830621184e-11,Bin,7.9,8.0
Wisconsin,3 wk ahead,percent,5.02528830621188e-11,Bin,8.0,8.1
Wisconsin,3 wk ahead,percent,5.02528830621193e-11,Bin,8.1,8.2
Wisconsin,3 wk ahead,percent,5.02528830621193e-11,Bin,8.2,8.3
Wisconsin,3 wk ahead,percent,5.02528830621193e-11,Bin,8.3,8.4
Wisconsin,3 wk ahead,percent,5.02528830621193e-11,Bin,8.4,8.5
Wisconsin,3 wk ahead,percent,5.02528830621193e-11,Bin,8.5,8.6
Wisconsin,3 wk ahead,percent,5.02528830621193e-11,Bin,8.6,8.7
Wisconsin,3 wk ahead,percent,5.02528830621193e-11,Bin,8.7,8.8
Wisconsin,3 wk ahead,percent,5.02528830621193e-11,Bin,8.8,8.9
Wisconsin,3 wk ahead,percent,5.02528830621193e-11,Bin,8.9,9.0
Wisconsin,3 wk ahead,percent,5.02528830621193e-11,Bin,9.0,9.1
Wisconsin,3 wk ahead,percent,5.02528830621193e-11,Bin,9.1,9.2
Wisconsin,3 wk ahead,percent,5.02528830621193e-11,Bin,9.2,9.3
Wisconsin,3 wk ahead,percent,5.02528830621193e-11,Bin,9.3,9.4
Wisconsin,3 wk ahead,percent,5.02528830621193e-11,Bin,9.4,9.5
Wisconsin,3 wk ahead,percent,5.02528830621193e-11,Bin,9.5,9.6
Wisconsin,3 wk ahead,percent,5.02528830621193e-11,Bin,9.6,9.7
Wisconsin,3 wk ahead,percent,5.02528830621193e-11,Bin,9.7,9.8
Wisconsin,3 wk ahead,percent,5.02528830621193e-11,Bin,9.8,9.9
Wisconsin,3 wk ahead,percent,5.02528830621193e-11,Bin,9.9,10.0
Wisconsin,3 wk ahead,percent,5.02528830621193e-11,Bin,10.0,10.1
Wisconsin,3 wk ahead,percent,5.02528830621193e-11,Bin,10.1,10.2
Wisconsin,3 wk ahead,percent,5.02528830621193e-11,Bin,10.2,10.3
Wisconsin,3 wk ahead,percent,5.02528830621193e-11,Bin,10.3,10.4
Wisconsin,3 wk ahead,percent,5.02528830621193e-11,Bin,10.4,10.5
Wisconsin,3 wk ahead,percent,5.02528830621193e-11,Bin,10.5,10.6
Wisconsin,3 wk ahead,percent,5.02528830621193e-11,Bin,10.6,10.7
Wisconsin,3 wk ahead,percent,5.02528830621193e-11,Bin,10.7,10.8
Wisconsin,3 wk ahead,percent,5.02528830621193e-11,Bin,10.8,10.9
Wisconsin,3 wk ahead,percent,5.02528830621193e-11,Bin,10.9,11.0
Wisconsin,3 wk ahead,percent,5.02528830621193e-11,Bin,11.0,11.1
Wisconsin,3 wk ahead,percent,5.02528830621193e-11,Bin,11.1,11.2
Wisconsin,3 wk ahead,percent,5.02528830621193e-11,Bin,11.2,11.3
Wisconsin,3 wk ahead,percent,5.02528830621193e-11,Bin,11.3,11.4
Wisconsin,3 wk ahead,percent,5.02528830621193e-11,Bin,11.4,11.5
Wisconsin,3 wk ahead,percent,5.02528830621193e-11,Bin,11.5,11.6
Wisconsin,3 wk ahead,percent,5.02528830621193e-11,Bin,11.6,11.7
Wisconsin,3 wk ahead,percent,5.02528830621193e-11,Bin,11.7,11.8
Wisconsin,3 wk ahead,percent,5.02528830621193e-11,Bin,11.8,11.9
Wisconsin,3 wk ahead,percent,5.02528830621193e-11,Bin,11.9,12.0
Wisconsin,3 wk ahead,percent,5.02528830621193e-11,Bin,12.0,12.1
Wisconsin,3 wk ahead,percent,5.02528830621193e-11,Bin,12.1,12.2
Wisconsin,3 wk ahead,percent,5.02528830621193e-11,Bin,12.2,12.3
Wisconsin,3 wk ahead,percent,5.02528830621193e-11,Bin,12.3,12.4
Wisconsin,3 wk ahead,percent,5.02528830621193e-11,Bin,12.4,12.5
Wisconsin,3 wk ahead,percent,5.02528830621193e-11,Bin,12.5,12.6
Wisconsin,3 wk ahead,percent,5.02528830621193e-11,Bin,12.6,12.7
Wisconsin,3 wk ahead,percent,5.02528830621193e-11,Bin,12.7,12.8
Wisconsin,3 wk ahead,percent,5.02528830621193e-11,Bin,12.8,12.9
Wisconsin,3 wk ahead,percent,5.02528830621193e-11,Bin,12.9,13.0
Wisconsin,3 wk ahead,percent,5.02528830621193e-11,Bin,13.0,100.0
Wisconsin,4 wk ahead,percent,4.49063339333581e-09,Bin,0.0,0.1
Wisconsin,4 wk ahead,percent,0.0020000130940255,Bin,0.1,0.2
Wisconsin,4 wk ahead,percent,0.0140000159171723,Bin,0.2,0.3
Wisconsin,4 wk ahead,percent,0.0300000165376127,Bin,0.3,0.4
Wisconsin,4 wk ahead,percent,0.0540000142824252,Bin,0.4,0.5
Wisconsin,4 wk ahead,percent,0.0900000071504401,Bin,0.5,0.6
Wisconsin,4 wk ahead,percent,0.0980000018404467,Bin,0.6,0.7
Wisconsin,4 wk ahead,percent,0.101999993873919,Bin,0.7,0.8
Wisconsin,4 wk ahead,percent,0.105999985586619,Bin,0.8,0.9
Wisconsin,4 wk ahead,percent,0.0899999840174069,Bin,0.9,1.0
Wisconsin,4 wk ahead,percent,0.0899999818751939,Bin,1.0,1.1
Wisconsin,4 wk ahead,percent,0.0739999846116652,Bin,1.1,1.2
Wisconsin,4 wk ahead,percent,0.049999989526578,Bin,1.2,1.3
Wisconsin,4 wk ahead,percent,0.0299999937071856,Bin,1.3,1.4
Wisconsin,4 wk ahead,percent,0.0199999958057767,Bin,1.4,1.5
Wisconsin,4 wk ahead,percent,0.0499999895302142,Bin,1.5,1.6
Wisconsin,4 wk ahead,percent,0.0199999959544505,Bin,1.6,1.7
Wisconsin,4 wk ahead,percent,0.0179999969619942,Bin,1.7,1.8
Wisconsin,4 wk ahead,percent,0.0239999974285901,Bin,1.8,1.9
Wisconsin,4 wk ahead,percent,0.0140000026615735,Bin,1.9,2.0
Wisconsin,4 wk ahead,percent,0.00600000740950154,Bin,2.0,2.1
Wisconsin,4 wk ahead,percent,9.14637857228913e-09,Bin,2.1,2.2
Wisconsin,4 wk ahead,percent,0.0040000057380434,Bin,2.2,2.3
Wisconsin,4 wk ahead,percent,0.00200000280344332,Bin,2.3,2.4
Wisconsin,4 wk ahead,percent,0.00400000023665367,Bin,2.4,2.5
Wisconsin,4 wk ahead,percent,0.00199999982586257,Bin,2.5,2.6
Wisconsin,4 wk ahead,percent,1.0709599472213e-10,Bin,2.6,2.7
Wisconsin,4 wk ahead,percent,1.0709599472213e-10,Bin,2.7,2.8
Wisconsin,4 wk ahead,percent,1.0709599472213e-10,Bin,2.8,2.9
Wisconsin,4 wk ahead,percent,0.00199999968746747,Bin,2.9,3.0
Wisconsin,4 wk ahead,percent,0.00199999968746747,Bin,3.0,3.1
Wisconsin,4 wk ahead,percent,1.0709599472213e-10,Bin,3.1,3.2
Wisconsin,4 wk ahead,percent,1.0709599472213e-10,Bin,3.2,3.3
Wisconsin,4 wk ahead,percent,1.0709599472213e-10,Bin,3.3,3.4
Wisconsin,4 wk ahead,percent,1.0709599472213e-10,Bin,3.4,3.5
Wisconsin,4 wk ahead,percent,0.00199999968746747,Bin,3.5,3.6
Wisconsin,4 wk ahead,percent,1.0709599472213e-10,Bin,3.6,3.7
Wisconsin,4 wk ahead,percent,1.0709599472213e-10,Bin,3.7,3.8
Wisconsin,4 wk ahead,percent,1.0709599472213e-10,Bin,3.8,3.9
Wisconsin,4 wk ahead,percent,1.0709599472213e-10,Bin,3.9,4.0
Wisconsin,4 wk ahead,percent,1.0709599472213e-10,Bin,4.0,4.1
Wisconsin,4 wk ahead,percent,1.0709599472213e-10,Bin,4.1,4.2
Wisconsin,4 wk ahead,percent,1.0709599472213e-10,Bin,4.2,4.3
Wisconsin,4 wk ahead,percent,1.0709599472213e-10,Bin,4.3,4.4
Wisconsin,4 wk ahead,percent,1.0709599472213e-10,Bin,4.4,4.5
Wisconsin,4 wk ahead,percent,1.0709599472213e-10,Bin,4.5,4.6
Wisconsin,4 wk ahead,percent,1.0709599472213e-10,Bin,4.6,4.7
Wisconsin,4 wk ahead,percent,1.0709599472213e-10,Bin,4.7,4.8
Wisconsin,4 wk ahead,percent,1.0709599472213e-10,Bin,4.8,4.9
Wisconsin,4 wk ahead,percent,1.0709599472213e-10,Bin,4.9,5.0
Wisconsin,4 wk ahead,percent,1.0709599472213e-10,Bin,5.0,5.1
Wisconsin,4 wk ahead,percent,1.0709599472213e-10,Bin,5.1,5.2
Wisconsin,4 wk ahead,percent,1.0709599472213e-10,Bin,5.2,5.3
Wisconsin,4 wk ahead,percent,1.0709599472213e-10,Bin,5.3,5.4
Wisconsin,4 wk ahead,percent,1.0709599472213e-10,Bin,5.4,5.5
Wisconsin,4 wk ahead,percent,1.0709599472213e-10,Bin,5.5,5.6
Wisconsin,4 wk ahead,percent,1.0709599472213e-10,Bin,5.6,5.7
Wisconsin,4 wk ahead,percent,1.0709599472213e-10,Bin,5.7,5.8
Wisconsin,4 wk ahead,percent,1.0709599472213e-10,Bin,5.8,5.9
Wisconsin,4 wk ahead,percent,1.0709599472213e-10,Bin,5.9,6.0
Wisconsin,4 wk ahead,percent,1.0709599472213e-10,Bin,6.0,6.1
Wisconsin,4 wk ahead,percent,1.0709599472213e-10,Bin,6.1,6.2
Wisconsin,4 wk ahead,percent,1.0709599472213e-10,Bin,6.2,6.3
Wisconsin,4 wk ahead,percent,1.0709599472213e-10,Bin,6.3,6.4
Wisconsin,4 wk ahead,percent,1.0709599472213e-10,Bin,6.4,6.5
Wisconsin,4 wk ahead,percent,1.0709599472213e-10,Bin,6.5,6.6
Wisconsin,4 wk ahead,percent,1.0709599472213e-10,Bin,6.6,6.7
Wisconsin,4 wk ahead,percent,1.0709599472213e-10,Bin,6.7,6.8
Wisconsin,4 wk ahead,percent,1.0709599472213e-10,Bin,6.8,6.9
Wisconsin,4 wk ahead,percent,1.0709599472213e-10,Bin,6.9,7.0
Wisconsin,4 wk ahead,percent,1.0709599472213e-10,Bin,7.0,7.1
Wisconsin,4 wk ahead,percent,1.0709599472213e-10,Bin,7.1,7.2
Wisconsin,4 wk ahead,percent,1.0709599472213e-10,Bin,7.2,7.3
Wisconsin,4 wk ahead,percent,1.0709599472213e-10,Bin,7.3,7.4
Wisconsin,4 wk ahead,percent,1.0709599472213e-10,Bin,7.4,7.5
Wisconsin,4 wk ahead,percent,1.0709599472213e-10,Bin,7.5,7.6
Wisconsin,4 wk ahead,percent,1.0709599472213e-10,Bin,7.6,7.7
Wisconsin,4 wk ahead,percent,1.0709599472213e-10,Bin,7.7,7.8
Wisconsin,4 wk ahead,percent,1.0709599472213e-10,Bin,7.8,7.9
Wisconsin,4 wk ahead,percent,1.0709599472213e-10,Bin,7.9,8.0
Wisconsin,4 wk ahead,percent,1.07095994722131e-10,Bin,8.0,8.1
Wisconsin,4 wk ahead,percent,1.07095994722132e-10,Bin,8.1,8.2
Wisconsin,4 wk ahead,percent,1.07095994722132e-10,Bin,8.2,8.3
Wisconsin,4 wk ahead,percent,1.07095994722132e-10,Bin,8.3,8.4
Wisconsin,4 wk ahead,percent,1.07095994722132e-10,Bin,8.4,8.5
Wisconsin,4 wk ahead,percent,1.07095994722132e-10,Bin,8.5,8.6
Wisconsin,4 wk ahead,percent,1.07095994722132e-10,Bin,8.6,8.7
Wisconsin,4 wk ahead,percent,1.07095994722132e-10,Bin,8.7,8.8
Wisconsin,4 wk ahead,percent,1.07095994722132e-10,Bin,8.8,8.9
Wisconsin,4 wk ahead,percent,1.07095994722132e-10,Bin,8.9,9.0
Wisconsin,4 wk ahead,percent,1.07095994722132e-10,Bin,9.0,9.1
Wisconsin,4 wk ahead,percent,1.07095994722132e-10,Bin,9.1,9.2
Wisconsin,4 wk ahead,percent,1.07095994722132e-10,Bin,9.2,9.3
Wisconsin,4 wk ahead,percent,1.07095994722132e-10,Bin,9.3,9.4
Wisconsin,4 wk ahead,percent,1.07095994722132e-10,Bin,9.4,9.5
Wisconsin,4 wk ahead,percent,1.07095994722132e-10,Bin,9.5,9.6
Wisconsin,4 wk ahead,percent,1.07095994722132e-10,Bin,9.6,9.7
Wisconsin,4 wk ahead,percent,1.07095994722132e-10,Bin,9.7,9.8
Wisconsin,4 wk ahead,percent,1.07095994722132e-10,Bin,9.8,9.9
Wisconsin,4 wk ahead,percent,1.07095994722132e-10,Bin,9.9,10.0
Wisconsin,4 wk ahead,percent,1.07095994722132e-10,Bin,10.0,10.1
Wisconsin,4 wk ahead,percent,1.07095994722132e-10,Bin,10.1,10.2
Wisconsin,4 wk ahead,percent,1.07095994722132e-10,Bin,10.2,10.3
Wisconsin,4 wk ahead,percent,1.07095994722132e-10,Bin,10.3,10.4
Wisconsin,4 wk ahead,percent,1.07095994722132e-10,Bin,10.4,10.5
Wisconsin,4 wk ahead,percent,1.07095994722132e-10,Bin,10.5,10.6
Wisconsin,4 wk ahead,percent,1.07095994722132e-10,Bin,10.6,10.7
Wisconsin,4 wk ahead,percent,1.07095994722132e-10,Bin,10.7,10.8
Wisconsin,4 wk ahead,percent,1.07095994722132e-10,Bin,10.8,10.9
Wisconsin,4 wk ahead,percent,1.07095994722132e-10,Bin,10.9,11.0
Wisconsin,4 wk ahead,percent,1.07095994722132e-10,Bin,11.0,11.1
Wisconsin,4 wk ahead,percent,1.07095994722132e-10,Bin,11.1,11.2
Wisconsin,4 wk ahead,percent,1.07095994722132e-10,Bin,11.2,11.3
Wisconsin,4 wk ahead,percent,1.07095994722132e-10,Bin,11.3,11.4
Wisconsin,4 wk ahead,percent,1.07095994722132e-10,Bin,11.4,11.5
Wisconsin,4 wk ahead,percent,1.07095994722132e-10,Bin,11.5,11.6
Wisconsin,4 wk ahead,percent,1.07095994722132e-10,Bin,11.6,11.7
Wisconsin,4 wk ahead,percent,1.07095994722132e-10,Bin,11.7,11.8
Wisconsin,4 wk ahead,percent,1.07095994722132e-10,Bin,11.8,11.9
Wisconsin,4 wk ahead,percent,1.07095994722132e-10,Bin,11.9,12.0
Wisconsin,4 wk ahead,percent,1.07095994722132e-10,Bin,12.0,12.1
Wisconsin,4 wk ahead,percent,1.07095994722132e-10,Bin,12.1,12.2
Wisconsin,4 wk ahead,percent,1.07095994722132e-10,Bin,12.2,12.3
Wisconsin,4 wk ahead,percent,1.07095994722132e-10,Bin,12.3,12.4
Wisconsin,4 wk ahead,percent,1.07095994722132e-10,Bin,12.4,12.5
Wisconsin,4 wk ahead,percent,1.07095994722132e-10,Bin,12.5,12.6
Wisconsin,4 wk ahead,percent,1.07095994722132e-10,Bin,12.6,12.7
Wisconsin,4 wk ahead,percent,1.07095994722132e-10,Bin,12.7,12.8
Wisconsin,4 wk ahead,percent,1.07095994722132e-10,Bin,12.8,12.9
Wisconsin,4 wk ahead,percent,1.07095994722132e-10,Bin,12.9,13.0
Wisconsin,4 wk ahead,percent,1.07095994722132e-10,Bin,13.0,100.0
Wisconsin,Season peak percentage,percent,6.07374870992324e-14,Bin,0.0,0.1
Wisconsin,Season peak percentage,percent,1.21474974198465e-13,Bin,0.1,0.2
Wisconsin,Season peak percentage,percent,1.21474974198465e-13,Bin,0.2,0.3
Wisconsin,Season peak percentage,percent,1.21474974198465e-13,Bin,0.3,0.4
Wisconsin,Season peak percentage,percent,1.21474974198465e-13,Bin,0.4,0.5
Wisconsin,Season peak percentage,percent,1.21474974198465e-13,Bin,0.5,0.6
Wisconsin,Season peak percentage,percent,1.21474974198465e-13,Bin,0.6,0.7
Wisconsin,Season peak percentage,percent,1.22067771643937e-13,Bin,0.7,0.8
Wisconsin,Season peak percentage,percent,1.89300503215441e-13,Bin,0.8,0.9
Wisconsin,Season peak percentage,percent,3.60996828987447e-13,Bin,0.9,1.0
Wisconsin,Season peak percentage,percent,6.50785322100751e-13,Bin,1.0,1.1
Wisconsin,Season peak percentage,percent,1.10935064380123e-12,Bin,1.1,1.2
Wisconsin,Season peak percentage,percent,1.78818430391048e-12,Bin,1.2,1.3
Wisconsin,Season peak percentage,percent,2.72583952297372e-12,Bin,1.3,1.4
Wisconsin,Season peak percentage,percent,3.93063714509586e-12,Bin,1.4,1.5
Wisconsin,Season peak percentage,percent,5.36396728403113e-12,Bin,1.5,1.6
Wisconsin,Season peak percentage,percent,6.93249844242491e-12,Bin,1.6,1.7
Wisconsin,Season peak percentage,percent,8.49705255622924e-12,Bin,1.7,1.8
Wisconsin,Season peak percentage,percent,9.90021046076074e-12,Bin,1.8,1.9
Wisconsin,Season peak percentage,percent,1.10106132889694e-11,Bin,1.9,2.0
Wisconsin,Season peak percentage,percent,1.17697161935348e-11,Bin,2.0,2.1
Wisconsin,Season peak percentage,percent,1.22283175349611e-11,Bin,2.1,2.2
Wisconsin,Season peak percentage,percent,1.25522985142272e-11,Bin,2.2,2.3
Wisconsin,Season peak percentage,percent,1.29965281480774e-11,Bin,2.3,2.4
Wisconsin,Season peak percentage,percent,1.38461064118677e-11,Bin,2.4,2.5
Wisconsin,Season peak percentage,percent,1.53451969966727e-11,Bin,2.5,2.6
Wisconsin,Season peak percentage,percent,1.76307190863845e-11,Bin,2.6,2.7
Wisconsin,Season peak percentage,percent,2.0694092819335e-11,Bin,2.7,2.8
Wisconsin,Season peak percentage,percent,2.43796169444568e-11,Bin,2.8,2.9
Wisconsin,Season peak percentage,percent,2.84161681314143e-11,Bin,2.9,3.0
Wisconsin,Season peak percentage,percent,3.24739574232802e-11,Bin,3.0,3.1
Wisconsin,Season peak percentage,percent,3.62218400055157e-11,Bin,3.1,3.2
Wisconsin,Season peak percentage,percent,3.93746413064271e-11,Bin,3.2,3.3
Wisconsin,Season peak percentage,percent,4.17167636048514e-11,Bin,3.3,3.4
Wisconsin,Season peak percentage,percent,4.31091146838772e-11,Bin,3.4,3.5
Wisconsin,Season peak percentage,percent,4.34834802629511e-11,Bin,3.5,3.6
Wisconsin,Season peak percentage,percent,4.28343820970479e-11,Bin,3.6,3.7
Wisconsin,Season peak percentage,percent,4.12148250336244e-11,Bin,3.7,3.8
Wisconsin,Season peak percentage,percent,3.87331172155133e-11,Bin,3.8,3.9
Wisconsin,Season peak percentage,percent,3.55431411559901e-11,Bin,3.9,4.0
Wisconsin,Season peak percentage,percent,3.18334375712513e-11,Bin,4.0,4.1
Wisconsin,Season peak percentage,percent,2.78073164422204e-11,Bin,4.1,4.2
Wisconsin,Season peak percentage,percent,2.36654064429698e-11,Bin,4.2,4.3
Wisconsin,Season peak percentage,percent,1.95916266375518e-11,Bin,4.3,4.4
Wisconsin,Season peak percentage,percent,1.57439114939468e-11,Bin,4.4,4.5
Wisconsin,Season peak percentage,percent,1.2250048451449e-11,Bin,4.5,4.6
Wisconsin,Season peak percentage,percent,9.20187291487453e-12,Bin,4.6,4.7
Wisconsin,Season peak percentage,percent,6.65325333235101e-12,Bin,4.7,4.8
Wisconsin,Season peak percentage,percent,4.6168237468928e-12,Bin,4.8,4.9
Wisconsin,Season peak percentage,percent,0.999999999110946,Bin,4.9,5.0
Wisconsin,Season peak percentage,percent,1.94441623849429e-12,Bin,5.0,5.1
Wisconsin,Season peak percentage,percent,1.1748606397392e-12,Bin,5.1,5.2
Wisconsin,Season peak percentage,percent,6.75318465719483e-13,Bin,5.2,5.3
Wisconsin,Season peak percentage,percent,3.68858944177804e-13,Bin,5.3,5.4
Wisconsin,Season peak percentage,percent,1.91441446195977e-13,Bin,5.4,5.5
Wisconsin,Season peak percentage,percent,9.50046653503895e-14,Bin,5.5,5.6
Wisconsin,Season peak percentage,percent,4.68081113193105e-14,Bin,5.6,5.7
Wisconsin,Season peak percentage,percent,2.71489704130586e-14,Bin,5.7,5.8
Wisconsin,Season peak percentage,percent,2.68901408945782e-14,Bin,5.8,5.9
Wisconsin,Season peak percentage,percent,4.57268873850138e-14,Bin,5.9,6.0
Wisconsin,Season peak percentage,percent,9.19579494929878e-14,Bin,6.0,6.1
Wisconsin,Season peak percentage,percent,1.8347222935929e-13,Bin,6.1,6.2
Wisconsin,Season peak percentage,percent,3.49184018588933e-13,Bin,6.2,6.3
Wisconsin,Season peak percentage,percent,6.29191887132435e-13,Bin,6.3,6.4
Wisconsin,Season peak percentage,percent,1.07219606919108e-12,Bin,6.4,6.5
Wisconsin,Season peak percentage,percent,1.72757222066253e-12,Bin,6.5,6.6
Wisconsin,Season peak percentage,percent,2.63147340063751e-12,Bin,6.6,6.7
Wisconsin,Season peak percentage,percent,3.78977045693423e-12,Bin,6.7,6.8
Wisconsin,Season peak percentage,percent,5.15998505007256e-12,Bin,6.8,6.9
Wisconsin,Season peak percentage,percent,6.64226559991101e-12,Bin,6.9,7.0
Wisconsin,Season peak percentage,percent,8.08373433498777e-12,Bin,7.0,7.1
Wisconsin,Season peak percentage,percent,9.30114205445461e-12,Bin,7.1,7.2
Wisconsin,Season peak percentage,percent,1.01179994277861e-11,Bin,7.2,7.3
Wisconsin,Season peak percentage,percent,1.04056855347508e-11,Bin,7.3,7.4
Wisconsin,Season peak percentage,percent,1.01179832620634e-11,Bin,7.4,7.5
Wisconsin,Season peak percentage,percent,9.301054021693e-12,Bin,7.5,7.6
Wisconsin,Season peak percentage,percent,8.08371465979634e-12,Bin,7.6,7.7
Wisconsin,Season peak percentage,percent,6.64225796099103e-12,Bin,7.7,7.8
Wisconsin,Season peak percentage,percent,5.16002895347975e-12,Bin,7.8,7.9
Wisconsin,Season peak percentage,percent,3.78976239804476e-12,Bin,7.9,8.0
Wisconsin,Season peak percentage,percent,2.63150468825921e-12,Bin,8.0,8.1
Wisconsin,Season peak percentage,percent,1.72754729220696e-12,Bin,8.1,8.2
Wisconsin,Season peak percentage,percent,1.07217129215554e-12,Bin,8.2,8.3
Wisconsin,Season peak percentage,percent,6.29120281583864e-13,Bin,8.3,8.4
Wisconsin,Season peak percentage,percent,3.49024866727686e-13,Bin,8.4,8.5
Wisconsin,Season peak percentage,percent,1.8303626637128e-13,Bin,8.5,8.6
Wisconsin,Season peak percentage,percent,1.18032114589835e-13,Bin,8.6,8.7
Wisconsin,Season peak percentage,percent,1.17458949704056e-13,Bin,8.7,8.8
Wisconsin,Season peak percentage,percent,1.17458949704056e-13,Bin,8.8,8.9
Wisconsin,Season peak percentage,percent,1.17458949704056e-13,Bin,8.9,9.0
Wisconsin,Season peak percentage,percent,1.17458949704056e-13,Bin,9.0,9.1
Wisconsin,Season peak percentage,percent,1.17458949704056e-13,Bin,9.1,9.2
Wisconsin,Season peak percentage,percent,1.17458949704056e-13,Bin,9.2,9.3
Wisconsin,Season peak percentage,percent,1.17458949704056e-13,Bin,9.3,9.4
Wisconsin,Season peak percentage,percent,1.17458949704056e-13,Bin,9.4,9.5
Wisconsin,Season peak percentage,percent,1.17458949704056e-13,Bin,9.5,9.6
Wisconsin,Season peak percentage,percent,1.17458949704056e-13,Bin,9.6,9.7
Wisconsin,Season peak percentage,percent,1.17458949704056e-13,Bin,9.7,9.8
Wisconsin,Season peak percentage,percent,1.17458949704056e-13,Bin,9.8,9.9
Wisconsin,Season peak percentage,percent,1.17458949704056e-13,Bin,9.9,10.0
Wisconsin,Season peak percentage,percent,1.17458949704056e-13,Bin,10.0,10.1
Wisconsin,Season peak percentage,percent,1.17458949704056e-13,Bin,10.1,10.2
Wisconsin,Season peak percentage,percent,1.17458949704056e-13,Bin,10.2,10.3
Wisconsin,Season peak percentage,percent,1.17458949704056e-13,Bin,10.3,10.4
Wisconsin,Season peak percentage,percent,1.17458949704056e-13,Bin,10.4,10.5
Wisconsin,Season peak percentage,percent,1.17458949704056e-13,Bin,10.5,10.6
Wisconsin,Season peak percentage,percent,1.17458949704056e-13,Bin,10.6,10.7
Wisconsin,Season peak percentage,percent,1.17458949704056e-13,Bin,10.7,10.8
Wisconsin,Season peak percentage,percent,1.17458949704056e-13,Bin,10.8,10.9
Wisconsin,Season peak percentage,percent,1.17458949704056e-13,Bin,10.9,11.0
Wisconsin,Season peak percentage,percent,1.17458949704056e-13,Bin,11.0,11.1
Wisconsin,Season peak percentage,percent,1.17458949704056e-13,Bin,11.1,11.2
Wisconsin,Season peak percentage,percent,1.17458949704056e-13,Bin,11.2,11.3
Wisconsin,Season peak percentage,percent,1.17458949704056e-13,Bin,11.3,11.4
Wisconsin,Season peak percentage,percent,1.17458949704056e-13,Bin,11.4,11.5
Wisconsin,Season peak percentage,percent,1.17458949704056e-13,Bin,11.5,11.6
Wisconsin,Season peak percentage,percent,1.17458949704056e-13,Bin,11.6,11.7
Wisconsin,Season peak percentage,percent,1.17458949704056e-13,Bin,11.7,11.8
Wisconsin,Season peak percentage,percent,1.17458949704056e-13,Bin,11.8,11.9
Wisconsin,Season peak percentage,percent,1.17458949704056e-13,Bin,11.9,12.0
Wisconsin,Season peak percentage,percent,1.17458949704056e-13,Bin,12.0,12.1
Wisconsin,Season peak percentage,percent,1.17458949704056e-13,Bin,12.1,12.2
Wisconsin,Season peak percentage,percent,1.17458949704056e-13,Bin,12.2,12.3
Wisconsin,Season peak percentage,percent,1.17458949704056e-13,Bin,12.3,12.4
Wisconsin,Season peak percentage,percent,1.17458949704056e-13,Bin,12.4,12.5
Wisconsin,Season peak percentage,percent,1.17458949704056e-13,Bin,12.5,12.6
Wisconsin,Season peak percentage,percent,1.17458949704056e-13,Bin,12.6,12.7
Wisconsin,Season peak percentage,percent,1.17458949704056e-13,Bin,12.7,12.8
Wisconsin,Season peak percentage,percent,1.17458949704056e-13,Bin,12.8,12.9
Wisconsin,Season peak percentage,percent,1.17458949704056e-13,Bin,12.9,13.0
Wisconsin,Season peak percentage,percent,1.17458949704056e-13,Bin,13.0,100.0
Wisconsin,Season peak week,week,9.0011240692073e-05,Bin,40.0,41.0
Wisconsin,Season peak week,week,9.0011240692073e-05,Bin,41.0,42.0
Wisconsin,Season peak week,week,9.0011240692073e-05,Bin,42.0,43.0
Wisconsin,Season peak week,week,9.0011240692073e-05,Bin,43.0,44.0
Wisconsin,Season peak week,week,9.0011240692073e-05,Bin,44.0,45.0
Wisconsin,Season peak week,week,9.0011240692073e-05,Bin,45.0,46.0
Wisconsin,Season peak week,week,9.0011240692073e-05,Bin,46.0,47.0
Wisconsin,Season peak week,week,9.0011240692073e-05,Bin,47.0,48.0
Wisconsin,Season peak week,week,9.90255035074135e-05,Bin,48.0,49.0
Wisconsin,Season peak week,week,0.000519802593663045,Bin,49.0,50.0
Wisconsin,Season peak week,week,0.00234394885652218,Bin,50.0,51.0
Wisconsin,Season peak week,week,0.00577925621688931,Bin,51.0,52.0
Wisconsin,Season peak week,week,0.00780602120971092,Bin,52.0,53.0
Wisconsin,Season peak week,week,0.00578055966676267,Bin,1.0,2.0
Wisconsin,Season peak week,week,0.00236479318524107,Bin,2.0,3.0
Wisconsin,Season peak week,week,0.000693301929547277,Bin,3.0,4.0
Wisconsin,Season peak week,week,0.000844388723235672,Bin,4.0,5.0
Wisconsin,Season peak week,week,0.941986667486678,Bin,5.0,6.0
Wisconsin,Season peak week,week,0.00262539838371774,Bin,6.0,7.0
Wisconsin,Season peak week,week,0.00214145083595361,Bin,7.0,8.0
Wisconsin,Season peak week,week,0.0019093166847455,Bin,8.0,9.0
Wisconsin,Season peak week,week,0.00366240489871699,Bin,9.0,10.0
Wisconsin,Season peak week,week,0.00647590995788637,Bin,10.0,11.0
Wisconsin,Season peak week,week,0.0071318206679307,Bin,11.0,12.0
Wisconsin,Season peak week,week,0.00463410875628928,Bin,12.0,13.0
Wisconsin,Season peak week,week,0.00173587251003908,Bin,13.0,14.0
Wisconsin,Season peak week,week,0.000367481503290198,Bin,14.0,15.0
Wisconsin,Season peak week,week,6.8298512583659e-05,Bin,15.0,16.0
Wisconsin,Season peak week,week,6.20163983104267e-05,Bin,16.0,17.0
Wisconsin,Season peak week,week,6.20163983104267e-05,Bin,17.0,18.0
Wisconsin,Season peak week,week,6.20163983104267e-05,Bin,18.0,19.0
Wisconsin,Season peak week,week,6.20163983104267e-05,Bin,19.0,20.0
Wisconsin,Season peak week,week,6.20163983104267e-05,Bin,20.0,21.0
Wyoming,1 wk ahead,percent,2.40672940191089e-09,Bin,0.0,0.1
Wyoming,1 wk ahead,percent,0.0120000053329668,Bin,0.1,0.2
Wyoming,1 wk ahead,percent,0.0260000056080008,Bin,0.2,0.3
Wyoming,1 wk ahead,percent,0.0660000031577623,Bin,0.3,0.4
Wyoming,1 wk ahead,percent,0.153999996569795,Bin,0.4,0.5
Wyoming,1 wk ahead,percent,0.157999995306453,Bin,0.5,0.6
Wyoming,1 wk ahead,percent,0.149999994802568,Bin,0.6,0.7
Wyoming,1 wk ahead,percent,0.155999993547378,Bin,0.7,0.8
Wyoming,1 wk ahead,percent,0.129999994800351,Bin,0.8,0.9
Wyoming,1 wk ahead,percent,0.0559999995750939,Bin,0.9,1.0
Wyoming,1 wk ahead,percent,0.034000000837808,Bin,1.0,1.1
Wyoming,1 wk ahead,percent,0.00800000233566092,Bin,1.1,1.2
Wyoming,1 wk ahead,percent,0.00600000206363055,Bin,1.2,1.3
Wyoming,1 wk ahead,percent,0.0100000012304718,Bin,1.3,1.4
Wyoming,1 wk ahead,percent,0.0100000005953381,Bin,1.4,1.5
Wyoming,1 wk ahead,percent,0.00400000044213595,Bin,1.5,1.6
Wyoming,1 wk ahead,percent,0.00200000019057681,Bin,1.6,1.7
Wyoming,1 wk ahead,percent,0.00599999970840499,Bin,1.7,1.8
Wyoming,1 wk ahead,percent,3.65155298199139e-11,Bin,1.8,1.9
Wyoming,1 wk ahead,percent,0.00199999988260358,Bin,1.9,2.0
Wyoming,1 wk ahead,percent,0.00399999974486058,Bin,2.0,2.1
Wyoming,1 wk ahead,percent,2.03465783791789e-11,Bin,2.1,2.2
Wyoming,1 wk ahead,percent,2.03465783791789e-11,Bin,2.2,2.3
Wyoming,1 wk ahead,percent,0.00199999988260358,Bin,2.3,2.4
Wyoming,1 wk ahead,percent,2.03465783791789e-11,Bin,2.4,2.5
Wyoming,1 wk ahead,percent,2.03465783791789e-11,Bin,2.5,2.6
Wyoming,1 wk ahead,percent,2.03465783791789e-11,Bin,2.6,2.7
Wyoming,1 wk ahead,percent,2.03465783791789e-11,Bin,2.7,2.8
Wyoming,1 wk ahead,percent,2.03465783791789e-11,Bin,2.8,2.9
Wyoming,1 wk ahead,percent,0.00399999974486058,Bin,2.9,3.0
Wyoming,1 wk ahead,percent,2.03465783791789e-11,Bin,3.0,3.1
Wyoming,1 wk ahead,percent,2.03465783791789e-11,Bin,3.1,3.2
Wyoming,1 wk ahead,percent,2.03465783791789e-11,Bin,3.2,3.3
Wyoming,1 wk ahead,percent,2.03465783791789e-11,Bin,3.3,3.4
Wyoming,1 wk ahead,percent,2.03465783791789e-11,Bin,3.4,3.5
Wyoming,1 wk ahead,percent,2.03465783791789e-11,Bin,3.5,3.6
Wyoming,1 wk ahead,percent,2.03465783791789e-11,Bin,3.6,3.7
Wyoming,1 wk ahead,percent,2.03465783791789e-11,Bin,3.7,3.8
Wyoming,1 wk ahead,percent,2.03465783791789e-11,Bin,3.8,3.9
Wyoming,1 wk ahead,percent,2.03465783791789e-11,Bin,3.9,4.0
Wyoming,1 wk ahead,percent,2.03465783791789e-11,Bin,4.0,4.1
Wyoming,1 wk ahead,percent,2.03465783791789e-11,Bin,4.1,4.2
Wyoming,1 wk ahead,percent,2.03465783791789e-11,Bin,4.2,4.3
Wyoming,1 wk ahead,percent,2.03465783791789e-11,Bin,4.3,4.4
Wyoming,1 wk ahead,percent,2.03465783791789e-11,Bin,4.4,4.5
Wyoming,1 wk ahead,percent,2.03465783791789e-11,Bin,4.5,4.6
Wyoming,1 wk ahead,percent,2.03465783791789e-11,Bin,4.6,4.7
Wyoming,1 wk ahead,percent,2.03465783791789e-11,Bin,4.7,4.8
Wyoming,1 wk ahead,percent,2.03465783791789e-11,Bin,4.8,4.9
Wyoming,1 wk ahead,percent,2.03465783791789e-11,Bin,4.9,5.0
Wyoming,1 wk ahead,percent,2.03465783791789e-11,Bin,5.0,5.1
Wyoming,1 wk ahead,percent,2.03465783791789e-11,Bin,5.1,5.2
Wyoming,1 wk ahead,percent,2.03465783791789e-11,Bin,5.2,5.3
Wyoming,1 wk ahead,percent,2.03465783791789e-11,Bin,5.3,5.4
Wyoming,1 wk ahead,percent,2.03465783791789e-11,Bin,5.4,5.5
Wyoming,1 wk ahead,percent,2.03465783791789e-11,Bin,5.5,5.6
Wyoming,1 wk ahead,percent,2.03465783791789e-11,Bin,5.6,5.7
Wyoming,1 wk ahead,percent,2.03465783791789e-11,Bin,5.7,5.8
Wyoming,1 wk ahead,percent,2.03465783791789e-11,Bin,5.8,5.9
Wyoming,1 wk ahead,percent,2.03465783791789e-11,Bin,5.9,6.0
Wyoming,1 wk ahead,percent,2.03465783791789e-11,Bin,6.0,6.1
Wyoming,1 wk ahead,percent,2.03465783791789e-11,Bin,6.1,6.2
Wyoming,1 wk ahead,percent,2.03465783791789e-11,Bin,6.2,6.3
Wyoming,1 wk ahead,percent,2.03465783791789e-11,Bin,6.3,6.4
Wyoming,1 wk ahead,percent,2.03465783791789e-11,Bin,6.4,6.5
Wyoming,1 wk ahead,percent,2.03465783791789e-11,Bin,6.5,6.6
Wyoming,1 wk ahead,percent,2.03465783791789e-11,Bin,6.6,6.7
Wyoming,1 wk ahead,percent,2.03465783791789e-11,Bin,6.7,6.8
Wyoming,1 wk ahead,percent,2.03465783791789e-11,Bin,6.8,6.9
Wyoming,1 wk ahead,percent,2.03465783791789e-11,Bin,6.9,7.0
Wyoming,1 wk ahead,percent,2.03465783791789e-11,Bin,7.0,7.1
Wyoming,1 wk ahead,percent,2.03465783791789e-11,Bin,7.1,7.2
Wyoming,1 wk ahead,percent,2.03465783791789e-11,Bin,7.2,7.3
Wyoming,1 wk ahead,percent,2.03465783791789e-11,Bin,7.3,7.4
Wyoming,1 wk ahead,percent,2.03465783791789e-11,Bin,7.4,7.5
Wyoming,1 wk ahead,percent,2.03465783791789e-11,Bin,7.5,7.6
Wyoming,1 wk ahead,percent,2.03465783791789e-11,Bin,7.6,7.7
Wyoming,1 wk ahead,percent,2.03465783791789e-11,Bin,7.7,7.8
Wyoming,1 wk ahead,percent,2.03465783791789e-11,Bin,7.8,7.9
Wyoming,1 wk ahead,percent,2.03465783791789e-11,Bin,7.9,8.0
Wyoming,1 wk ahead,percent,2.03465783791791e-11,Bin,8.0,8.1
Wyoming,1 wk ahead,percent,2.03465783791793e-11,Bin,8.1,8.2
Wyoming,1 wk ahead,percent,2.03465783791793e-11,Bin,8.2,8.3
Wyoming,1 wk ahead,percent,2.03465783791793e-11,Bin,8.3,8.4
Wyoming,1 wk ahead,percent,2.03465783791793e-11,Bin,8.4,8.5
Wyoming,1 wk ahead,percent,2.03465783791793e-11,Bin,8.5,8.6
Wyoming,1 wk ahead,percent,2.03465783791793e-11,Bin,8.6,8.7
Wyoming,1 wk ahead,percent,2.03465783791793e-11,Bin,8.7,8.8
Wyoming,1 wk ahead,percent,2.03465783791793e-11,Bin,8.8,8.9
Wyoming,1 wk ahead,percent,2.03465783791793e-11,Bin,8.9,9.0
Wyoming,1 wk ahead,percent,2.03465783791793e-11,Bin,9.0,9.1
Wyoming,1 wk ahead,percent,2.03465783791793e-11,Bin,9.1,9.2
Wyoming,1 wk ahead,percent,2.03465783791793e-11,Bin,9.2,9.3
Wyoming,1 wk ahead,percent,2.03465783791793e-11,Bin,9.3,9.4
Wyoming,1 wk ahead,percent,2.03465783791793e-11,Bin,9.4,9.5
Wyoming,1 wk ahead,percent,2.03465783791793e-11,Bin,9.5,9.6
Wyoming,1 wk ahead,percent,2.03465783791793e-11,Bin,9.6,9.7
Wyoming,1 wk ahead,percent,2.03465783791793e-11,Bin,9.7,9.8
Wyoming,1 wk ahead,percent,2.03465783791793e-11,Bin,9.8,9.9
Wyoming,1 wk ahead,percent,2.03465783791793e-11,Bin,9.9,10.0
Wyoming,1 wk ahead,percent,2.03465783791793e-11,Bin,10.0,10.1
Wyoming,1 wk ahead,percent,2.03465783791793e-11,Bin,10.1,10.2
Wyoming,1 wk ahead,percent,2.03465783791793e-11,Bin,10.2,10.3
Wyoming,1 wk ahead,percent,2.03465783791793e-11,Bin,10.3,10.4
Wyoming,1 wk ahead,percent,2.03465783791793e-11,Bin,10.4,10.5
Wyoming,1 wk ahead,percent,2.03465783791793e-11,Bin,10.5,10.6
Wyoming,1 wk ahead,percent,2.03465783791793e-11,Bin,10.6,10.7
Wyoming,1 wk ahead,percent,2.03465783791793e-11,Bin,10.7,10.8
Wyoming,1 wk ahead,percent,2.03465783791793e-11,Bin,10.8,10.9
Wyoming,1 wk ahead,percent,2.03465783791793e-11,Bin,10.9,11.0
Wyoming,1 wk ahead,percent,2.03465783791793e-11,Bin,11.0,11.1
Wyoming,1 wk ahead,percent,2.03465783791793e-11,Bin,11.1,11.2
Wyoming,1 wk ahead,percent,2.03465783791793e-11,Bin,11.2,11.3
Wyoming,1 wk ahead,percent,2.03465783791793e-11,Bin,11.3,11.4
Wyoming,1 wk ahead,percent,2.03465783791793e-11,Bin,11.4,11.5
Wyoming,1 wk ahead,percent,2.03465783791793e-11,Bin,11.5,11.6
Wyoming,1 wk ahead,percent,2.03465783791793e-11,Bin,11.6,11.7
Wyoming,1 wk ahead,percent,2.03465783791793e-11,Bin,11.7,11.8
Wyoming,1 wk ahead,percent,2.03465783791793e-11,Bin,11.8,11.9
Wyoming,1 wk ahead,percent,2.03465783791793e-11,Bin,11.9,12.0
Wyoming,1 wk ahead,percent,2.03465783791793e-11,Bin,12.0,12.1
Wyoming,1 wk ahead,percent,2.03465783791793e-11,Bin,12.1,12.2
Wyoming,1 wk ahead,percent,2.03465783791793e-11,Bin,12.2,12.3
Wyoming,1 wk ahead,percent,2.03465783791793e-11,Bin,12.3,12.4
Wyoming,1 wk ahead,percent,2.03465783791793e-11,Bin,12.4,12.5
Wyoming,1 wk ahead,percent,2.03465783791793e-11,Bin,12.5,12.6
Wyoming,1 wk ahead,percent,2.03465783791793e-11,Bin,12.6,12.7
Wyoming,1 wk ahead,percent,2.03465783791793e-11,Bin,12.7,12.8
Wyoming,1 wk ahead,percent,2.03465783791793e-11,Bin,12.8,12.9
Wyoming,1 wk ahead,percent,2.03465783791793e-11,Bin,12.9,13.0
Wyoming,1 wk ahead,percent,2.03465783791793e-11,Bin,13.0,100.0
Wyoming,2 wk ahead,percent,1.85510964904801e-09,Bin,0.0,0.1
Wyoming,2 wk ahead,percent,0.0100000051093591,Bin,0.1,0.2
Wyoming,2 wk ahead,percent,0.0420000037956166,Bin,0.2,0.3
Wyoming,2 wk ahead,percent,0.0979999988549002,Bin,0.3,0.4
Wyoming,2 wk ahead,percent,0.139999994099815,Bin,0.4,0.5
Wyoming,2 wk ahead,percent,0.171999990994159,Bin,0.5,0.6
Wyoming,2 wk ahead,percent,0.125999997611129,Bin,0.6,0.7
Wyoming,2 wk ahead,percent,0.118000002632384,Bin,0.7,0.8
Wyoming,2 wk ahead,percent,0.100000003269193,Bin,0.8,0.9
Wyoming,2 wk ahead,percent,0.0620000007833007,Bin,0.9,1.0
Wyoming,2 wk ahead,percent,0.029999999120841,Bin,1.0,1.1
Wyoming,2 wk ahead,percent,0.0239999983915293,Bin,1.1,1.2
Wyoming,2 wk ahead,percent,0.0179999987485392,Bin,1.2,1.3
Wyoming,2 wk ahead,percent,0.0159999988962199,Bin,1.3,1.4
Wyoming,2 wk ahead,percent,0.0039999997823042,Bin,1.4,1.5
Wyoming,2 wk ahead,percent,0.0179999987485392,Bin,1.5,1.6
Wyoming,2 wk ahead,percent,0.00199999992998492,Bin,1.6,1.7
Wyoming,2 wk ahead,percent,0.0039999997823042,Bin,1.7,1.8
Wyoming,2 wk ahead,percent,0.0039999997823042,Bin,1.8,1.9
Wyoming,2 wk ahead,percent,7.76656430165116e-11,Bin,1.9,2.0
Wyoming,2 wk ahead,percent,0.00199999992998492,Bin,2.0,2.1
Wyoming,2 wk ahead,percent,0.00199999992998492,Bin,2.1,2.2
Wyoming,2 wk ahead,percent,0.0039999997823042,Bin,2.2,2.3
Wyoming,2 wk ahead,percent,7.76656430165112e-11,Bin,2.3,2.4
Wyoming,2 wk ahead,percent,7.76656430165112e-11,Bin,2.4,2.5
Wyoming,2 wk ahead,percent,7.76656430165112e-11,Bin,2.5,2.6
Wyoming,2 wk ahead,percent,7.76656430165112e-11,Bin,2.6,2.7
Wyoming,2 wk ahead,percent,7.76656430165112e-11,Bin,2.7,2.8
Wyoming,2 wk ahead,percent,7.76656430165112e-11,Bin,2.8,2.9
Wyoming,2 wk ahead,percent,7.76656430165112e-11,Bin,2.9,3.0
Wyoming,2 wk ahead,percent,7.76656430165112e-11,Bin,3.0,3.1
Wyoming,2 wk ahead,percent,0.00199999992998492,Bin,3.1,3.2
Wyoming,2 wk ahead,percent,7.76656430165112e-11,Bin,3.2,3.3
Wyoming,2 wk ahead,percent,7.76656430165112e-11,Bin,3.3,3.4
Wyoming,2 wk ahead,percent,0.00199999992998492,Bin,3.4,3.5
Wyoming,2 wk ahead,percent,7.76656430165112e-11,Bin,3.5,3.6
Wyoming,2 wk ahead,percent,7.76656430165112e-11,Bin,3.6,3.7
Wyoming,2 wk ahead,percent,7.76656430165112e-11,Bin,3.7,3.8
Wyoming,2 wk ahead,percent,7.76656430165112e-11,Bin,3.8,3.9
Wyoming,2 wk ahead,percent,7.76656430165112e-11,Bin,3.9,4.0
Wyoming,2 wk ahead,percent,7.76656430165112e-11,Bin,4.0,4.1
Wyoming,2 wk ahead,percent,7.76656430165112e-11,Bin,4.1,4.2
Wyoming,2 wk ahead,percent,7.76656430165112e-11,Bin,4.2,4.3
Wyoming,2 wk ahead,percent,7.76656430165112e-11,Bin,4.3,4.4
Wyoming,2 wk ahead,percent,7.76656430165112e-11,Bin,4.4,4.5
Wyoming,2 wk ahead,percent,7.76656430165112e-11,Bin,4.5,4.6
Wyoming,2 wk ahead,percent,7.76656430165112e-11,Bin,4.6,4.7
Wyoming,2 wk ahead,percent,7.76656430165112e-11,Bin,4.7,4.8
Wyoming,2 wk ahead,percent,7.76656430165112e-11,Bin,4.8,4.9
Wyoming,2 wk ahead,percent,7.76656430165112e-11,Bin,4.9,5.0
Wyoming,2 wk ahead,percent,7.76656430165112e-11,Bin,5.0,5.1
Wyoming,2 wk ahead,percent,7.76656430165112e-11,Bin,5.1,5.2
Wyoming,2 wk ahead,percent,7.76656430165112e-11,Bin,5.2,5.3
Wyoming,2 wk ahead,percent,7.76656430165112e-11,Bin,5.3,5.4
Wyoming,2 wk ahead,percent,7.76656430165112e-11,Bin,5.4,5.5
Wyoming,2 wk ahead,percent,7.76656430165112e-11,Bin,5.5,5.6
Wyoming,2 wk ahead,percent,7.76656430165112e-11,Bin,5.6,5.7
Wyoming,2 wk ahead,percent,7.76656430165112e-11,Bin,5.7,5.8
Wyoming,2 wk ahead,percent,7.76656430165112e-11,Bin,5.8,5.9
Wyoming,2 wk ahead,percent,7.76656430165112e-11,Bin,5.9,6.0
Wyoming,2 wk ahead,percent,7.76656430165112e-11,Bin,6.0,6.1
Wyoming,2 wk ahead,percent,7.76656430165112e-11,Bin,6.1,6.2
Wyoming,2 wk ahead,percent,7.76656430165112e-11,Bin,6.2,6.3
Wyoming,2 wk ahead,percent,7.76656430165112e-11,Bin,6.3,6.4
Wyoming,2 wk ahead,percent,7.76656430165112e-11,Bin,6.4,6.5
Wyoming,2 wk ahead,percent,7.76656430165112e-11,Bin,6.5,6.6
Wyoming,2 wk ahead,percent,7.76656430165112e-11,Bin,6.6,6.7
Wyoming,2 wk ahead,percent,7.76656430165112e-11,Bin,6.7,6.8
Wyoming,2 wk ahead,percent,7.76656430165112e-11,Bin,6.8,6.9
Wyoming,2 wk ahead,percent,7.76656430165112e-11,Bin,6.9,7.0
Wyoming,2 wk ahead,percent,7.76656430165112e-11,Bin,7.0,7.1
Wyoming,2 wk ahead,percent,7.76656430165112e-11,Bin,7.1,7.2
Wyoming,2 wk ahead,percent,7.76656430165112e-11,Bin,7.2,7.3
Wyoming,2 wk ahead,percent,7.76656430165112e-11,Bin,7.3,7.4
Wyoming,2 wk ahead,percent,7.76656430165112e-11,Bin,7.4,7.5
Wyoming,2 wk ahead,percent,7.76656430165112e-11,Bin,7.5,7.6
Wyoming,2 wk ahead,percent,7.76656430165112e-11,Bin,7.6,7.7
Wyoming,2 wk ahead,percent,7.76656430165112e-11,Bin,7.7,7.8
Wyoming,2 wk ahead,percent,7.76656430165112e-11,Bin,7.8,7.9
Wyoming,2 wk ahead,percent,7.76656430165112e-11,Bin,7.9,8.0
Wyoming,2 wk ahead,percent,7.76656430165119e-11,Bin,8.0,8.1
Wyoming,2 wk ahead,percent,7.76656430165126e-11,Bin,8.1,8.2
Wyoming,2 wk ahead,percent,7.76656430165126e-11,Bin,8.2,8.3
Wyoming,2 wk ahead,percent,7.76656430165126e-11,Bin,8.3,8.4
Wyoming,2 wk ahead,percent,7.76656430165126e-11,Bin,8.4,8.5
Wyoming,2 wk ahead,percent,7.76656430165126e-11,Bin,8.5,8.6
Wyoming,2 wk ahead,percent,7.76656430165126e-11,Bin,8.6,8.7
Wyoming,2 wk ahead,percent,7.76656430165126e-11,Bin,8.7,8.8
Wyoming,2 wk ahead,percent,7.76656430165126e-11,Bin,8.8,8.9
Wyoming,2 wk ahead,percent,7.76656430165126e-11,Bin,8.9,9.0
Wyoming,2 wk ahead,percent,7.76656430165126e-11,Bin,9.0,9.1
Wyoming,2 wk ahead,percent,7.76656430165126e-11,Bin,9.1,9.2
Wyoming,2 wk ahead,percent,7.76656430165126e-11,Bin,9.2,9.3
Wyoming,2 wk ahead,percent,7.76656430165126e-11,Bin,9.3,9.4
Wyoming,2 wk ahead,percent,7.76656430165126e-11,Bin,9.4,9.5
Wyoming,2 wk ahead,percent,7.76656430165126e-11,Bin,9.5,9.6
Wyoming,2 wk ahead,percent,7.76656430165126e-11,Bin,9.6,9.7
Wyoming,2 wk ahead,percent,7.76656430165126e-11,Bin,9.7,9.8
Wyoming,2 wk ahead,percent,7.76656430165126e-11,Bin,9.8,9.9
Wyoming,2 wk ahead,percent,7.76656430165126e-11,Bin,9.9,10.0
Wyoming,2 wk ahead,percent,7.76656430165126e-11,Bin,10.0,10.1
Wyoming,2 wk ahead,percent,7.76656430165126e-11,Bin,10.1,10.2
Wyoming,2 wk ahead,percent,7.76656430165126e-11,Bin,10.2,10.3
Wyoming,2 wk ahead,percent,7.76656430165126e-11,Bin,10.3,10.4
Wyoming,2 wk ahead,percent,7.76656430165126e-11,Bin,10.4,10.5
Wyoming,2 wk ahead,percent,7.76656430165126e-11,Bin,10.5,10.6
Wyoming,2 wk ahead,percent,7.76656430165126e-11,Bin,10.6,10.7
Wyoming,2 wk ahead,percent,7.76656430165126e-11,Bin,10.7,10.8
Wyoming,2 wk ahead,percent,7.76656430165126e-11,Bin,10.8,10.9
Wyoming,2 wk ahead,percent,7.76656430165126e-11,Bin,10.9,11.0
Wyoming,2 wk ahead,percent,7.76656430165126e-11,Bin,11.0,11.1
Wyoming,2 wk ahead,percent,7.76656430165126e-11,Bin,11.1,11.2
Wyoming,2 wk ahead,percent,7.76656430165126e-11,Bin,11.2,11.3
Wyoming,2 wk ahead,percent,7.76656430165126e-11,Bin,11.3,11.4
Wyoming,2 wk ahead,percent,7.76656430165126e-11,Bin,11.4,11.5
Wyoming,2 wk ahead,percent,7.76656430165126e-11,Bin,11.5,11.6
Wyoming,2 wk ahead,percent,7.76656430165126e-11,Bin,11.6,11.7
Wyoming,2 wk ahead,percent,7.76656430165126e-11,Bin,11.7,11.8
Wyoming,2 wk ahead,percent,7.76656430165126e-11,Bin,11.8,11.9
Wyoming,2 wk ahead,percent,7.76656430165126e-11,Bin,11.9,12.0
Wyoming,2 wk ahead,percent,7.76656430165126e-11,Bin,12.0,12.1
Wyoming,2 wk ahead,percent,7.76656430165126e-11,Bin,12.1,12.2
Wyoming,2 wk ahead,percent,7.76656430165126e-11,Bin,12.2,12.3
Wyoming,2 wk ahead,percent,7.76656430165126e-11,Bin,12.3,12.4
Wyoming,2 wk ahead,percent,7.76656430165126e-11,Bin,12.4,12.5
Wyoming,2 wk ahead,percent,7.76656430165126e-11,Bin,12.5,12.6
Wyoming,2 wk ahead,percent,7.76656430165126e-11,Bin,12.6,12.7
Wyoming,2 wk ahead,percent,7.76656430165126e-11,Bin,12.7,12.8
Wyoming,2 wk ahead,percent,7.76656430165126e-11,Bin,12.8,12.9
Wyoming,2 wk ahead,percent,7.76656430165126e-11,Bin,12.9,13.0
Wyoming,2 wk ahead,percent,7.76656430165126e-11,Bin,13.0,100.0
Wyoming,3 wk ahead,percent,1.27004304385645e-08,Bin,0.0,0.1
Wyoming,3 wk ahead,percent,0.0220000245757976,Bin,0.1,0.2
Wyoming,3 wk ahead,percent,0.117999994027546,Bin,0.2,0.3
Wyoming,3 wk ahead,percent,0.233999980081814,Bin,0.3,0.4
Wyoming,3 wk ahead,percent,0.176000013814154,Bin,0.4,0.5
Wyoming,3 wk ahead,percent,0.149999990356644,Bin,0.5,0.6
Wyoming,3 wk ahead,percent,0.127999975214574,Bin,0.6,0.7
Wyoming,3 wk ahead,percent,0.0559999974795393,Bin,0.7,0.8
Wyoming,3 wk ahead,percent,0.0320000058368334,Bin,0.8,0.9
Wyoming,3 wk ahead,percent,0.0259999967465305,Bin,0.9,1.0
Wyoming,3 wk ahead,percent,0.0159999968113422,Bin,1.0,1.1
Wyoming,3 wk ahead,percent,0.0119999976517313,Bin,1.1,1.2
Wyoming,3 wk ahead,percent,0.00399999933497616,Bin,1.2,1.3
Wyoming,3 wk ahead,percent,0.00799999849335373,Bin,1.3,1.4
Wyoming,3 wk ahead,percent,0.00199999975578737,Bin,1.4,1.5
Wyoming,3 wk ahead,percent,0.00199999975578737,Bin,1.5,1.6
Wyoming,3 wk ahead,percent,0.00199999975578737,Bin,1.6,1.7
Wyoming,3 wk ahead,percent,1.76598589894753e-10,Bin,1.7,1.8
Wyoming,3 wk ahead,percent,0.00199999975578737,Bin,1.8,1.9
Wyoming,3 wk ahead,percent,0.00199999975578737,Bin,1.9,2.0
Wyoming,3 wk ahead,percent,0.00199999975578737,Bin,2.0,2.1
Wyoming,3 wk ahead,percent,0.00199999975578737,Bin,2.1,2.2
Wyoming,3 wk ahead,percent,1.76598589894752e-10,Bin,2.2,2.3
Wyoming,3 wk ahead,percent,0.00199999975578737,Bin,2.3,2.4
Wyoming,3 wk ahead,percent,0.00199999975578737,Bin,2.4,2.5
Wyoming,3 wk ahead,percent,1.76598589894752e-10,Bin,2.5,2.6
Wyoming,3 wk ahead,percent,1.76598589894752e-10,Bin,2.6,2.7
Wyoming,3 wk ahead,percent,1.76598589894752e-10,Bin,2.7,2.8
Wyoming,3 wk ahead,percent,1.76598589894752e-10,Bin,2.8,2.9
Wyoming,3 wk ahead,percent,1.76598589894752e-10,Bin,2.9,3.0
Wyoming,3 wk ahead,percent,1.76598589894752e-10,Bin,3.0,3.1
Wyoming,3 wk ahead,percent,1.76598589894752e-10,Bin,3.1,3.2
Wyoming,3 wk ahead,percent,1.76598589894752e-10,Bin,3.2,3.3
Wyoming,3 wk ahead,percent,1.76598589894752e-10,Bin,3.3,3.4
Wyoming,3 wk ahead,percent,1.76598589894752e-10,Bin,3.4,3.5
Wyoming,3 wk ahead,percent,1.76598589894752e-10,Bin,3.5,3.6
Wyoming,3 wk ahead,percent,1.76598589894752e-10,Bin,3.6,3.7
Wyoming,3 wk ahead,percent,1.76598589894752e-10,Bin,3.7,3.8
Wyoming,3 wk ahead,percent,1.76598589894752e-10,Bin,3.8,3.9
Wyoming,3 wk ahead,percent,1.76598589894752e-10,Bin,3.9,4.0
Wyoming,3 wk ahead,percent,1.76598589894752e-10,Bin,4.0,4.1
Wyoming,3 wk ahead,percent,1.76598589894752e-10,Bin,4.1,4.2
Wyoming,3 wk ahead,percent,1.76598589894752e-10,Bin,4.2,4.3
Wyoming,3 wk ahead,percent,1.76598589894752e-10,Bin,4.3,4.4
Wyoming,3 wk ahead,percent,1.76598589894752e-10,Bin,4.4,4.5
Wyoming,3 wk ahead,percent,1.76598589894752e-10,Bin,4.5,4.6
Wyoming,3 wk ahead,percent,1.76598589894752e-10,Bin,4.6,4.7
Wyoming,3 wk ahead,percent,1.76598589894752e-10,Bin,4.7,4.8
Wyoming,3 wk ahead,percent,1.76598589894752e-10,Bin,4.8,4.9
Wyoming,3 wk ahead,percent,1.76598589894752e-10,Bin,4.9,5.0
Wyoming,3 wk ahead,percent,1.76598589894752e-10,Bin,5.0,5.1
Wyoming,3 wk ahead,percent,1.76598589894752e-10,Bin,5.1,5.2
Wyoming,3 wk ahead,percent,1.76598589894752e-10,Bin,5.2,5.3
Wyoming,3 wk ahead,percent,1.76598589894752e-10,Bin,5.3,5.4
Wyoming,3 wk ahead,percent,1.76598589894752e-10,Bin,5.4,5.5
Wyoming,3 wk ahead,percent,1.76598589894752e-10,Bin,5.5,5.6
Wyoming,3 wk ahead,percent,1.76598589894752e-10,Bin,5.6,5.7
Wyoming,3 wk ahead,percent,1.76598589894752e-10,Bin,5.7,5.8
Wyoming,3 wk ahead,percent,1.76598589894752e-10,Bin,5.8,5.9
Wyoming,3 wk ahead,percent,1.76598589894752e-10,Bin,5.9,6.0
Wyoming,3 wk ahead,percent,1.76598589894752e-10,Bin,6.0,6.1
Wyoming,3 wk ahead,percent,1.76598589894752e-10,Bin,6.1,6.2
Wyoming,3 wk ahead,percent,1.76598589894752e-10,Bin,6.2,6.3
Wyoming,3 wk ahead,percent,1.76598589894752e-10,Bin,6.3,6.4
Wyoming,3 wk ahead,percent,1.76598589894752e-10,Bin,6.4,6.5
Wyoming,3 wk ahead,percent,1.76598589894752e-10,Bin,6.5,6.6
Wyoming,3 wk ahead,percent,1.76598589894752e-10,Bin,6.6,6.7
Wyoming,3 wk ahead,percent,1.76598589894752e-10,Bin,6.7,6.8
Wyoming,3 wk ahead,percent,1.76598589894752e-10,Bin,6.8,6.9
Wyoming,3 wk ahead,percent,1.76598589894752e-10,Bin,6.9,7.0
Wyoming,3 wk ahead,percent,1.76598589894752e-10,Bin,7.0,7.1
Wyoming,3 wk ahead,percent,1.76598589894752e-10,Bin,7.1,7.2
Wyoming,3 wk ahead,percent,1.76598589894752e-10,Bin,7.2,7.3
Wyoming,3 wk ahead,percent,1.76598589894752e-10,Bin,7.3,7.4
Wyoming,3 wk ahead,percent,1.76598589894752e-10,Bin,7.4,7.5
Wyoming,3 wk ahead,percent,1.76598589894752e-10,Bin,7.5,7.6
Wyoming,3 wk ahead,percent,1.76598589894752e-10,Bin,7.6,7.7
Wyoming,3 wk ahead,percent,1.76598589894752e-10,Bin,7.7,7.8
Wyoming,3 wk ahead,percent,1.76598589894752e-10,Bin,7.8,7.9
Wyoming,3 wk ahead,percent,1.76598589894752e-10,Bin,7.9,8.0
Wyoming,3 wk ahead,percent,1.76598589894754e-10,Bin,8.0,8.1
Wyoming,3 wk ahead,percent,1.76598589894755e-10,Bin,8.1,8.2
Wyoming,3 wk ahead,percent,1.76598589894755e-10,Bin,8.2,8.3
Wyoming,3 wk ahead,percent,1.76598589894755e-10,Bin,8.3,8.4
Wyoming,3 wk ahead,percent,1.76598589894755e-10,Bin,8.4,8.5
Wyoming,3 wk ahead,percent,1.76598589894755e-10,Bin,8.5,8.6
Wyoming,3 wk ahead,percent,1.76598589894755e-10,Bin,8.6,8.7
Wyoming,3 wk ahead,percent,1.76598589894755e-10,Bin,8.7,8.8
Wyoming,3 wk ahead,percent,1.76598589894755e-10,Bin,8.8,8.9
Wyoming,3 wk ahead,percent,1.76598589894755e-10,Bin,8.9,9.0
Wyoming,3 wk ahead,percent,1.76598589894755e-10,Bin,9.0,9.1
Wyoming,3 wk ahead,percent,1.76598589894755e-10,Bin,9.1,9.2
Wyoming,3 wk ahead,percent,1.76598589894755e-10,Bin,9.2,9.3
Wyoming,3 wk ahead,percent,1.76598589894755e-10,Bin,9.3,9.4
Wyoming,3 wk ahead,percent,1.76598589894755e-10,Bin,9.4,9.5
Wyoming,3 wk ahead,percent,1.76598589894755e-10,Bin,9.5,9.6
Wyoming,3 wk ahead,percent,1.76598589894755e-10,Bin,9.6,9.7
Wyoming,3 wk ahead,percent,1.76598589894755e-10,Bin,9.7,9.8
Wyoming,3 wk ahead,percent,1.76598589894755e-10,Bin,9.8,9.9
Wyoming,3 wk ahead,percent,1.76598589894755e-10,Bin,9.9,10.0
Wyoming,3 wk ahead,percent,1.76598589894755e-10,Bin,10.0,10.1
Wyoming,3 wk ahead,percent,1.76598589894755e-10,Bin,10.1,10.2
Wyoming,3 wk ahead,percent,1.76598589894755e-10,Bin,10.2,10.3
Wyoming,3 wk ahead,percent,1.76598589894755e-10,Bin,10.3,10.4
Wyoming,3 wk ahead,percent,1.76598589894755e-10,Bin,10.4,10.5
Wyoming,3 wk ahead,percent,1.76598589894755e-10,Bin,10.5,10.6
Wyoming,3 wk ahead,percent,1.76598589894755e-10,Bin,10.6,10.7
Wyoming,3 wk ahead,percent,1.76598589894755e-10,Bin,10.7,10.8
Wyoming,3 wk ahead,percent,1.76598589894755e-10,Bin,10.8,10.9
Wyoming,3 wk ahead,percent,1.76598589894755e-10,Bin,10.9,11.0
Wyoming,3 wk ahead,percent,1.76598589894755e-10,Bin,11.0,11.1
Wyoming,3 wk ahead,percent,1.76598589894755e-10,Bin,11.1,11.2
Wyoming,3 wk ahead,percent,1.76598589894755e-10,Bin,11.2,11.3
Wyoming,3 wk ahead,percent,1.76598589894755e-10,Bin,11.3,11.4
Wyoming,3 wk ahead,percent,1.76598589894755e-10,Bin,11.4,11.5
Wyoming,3 wk ahead,percent,1.76598589894755e-10,Bin,11.5,11.6
Wyoming,3 wk ahead,percent,1.76598589894755e-10,Bin,11.6,11.7
Wyoming,3 wk ahead,percent,1.76598589894755e-10,Bin,11.7,11.8
Wyoming,3 wk ahead,percent,1.76598589894755e-10,Bin,11.8,11.9
Wyoming,3 wk ahead,percent,1.76598589894755e-10,Bin,11.9,12.0
Wyoming,3 wk ahead,percent,1.76598589894755e-10,Bin,12.0,12.1
Wyoming,3 wk ahead,percent,1.76598589894755e-10,Bin,12.1,12.2
Wyoming,3 wk ahead,percent,1.76598589894755e-10,Bin,12.2,12.3
Wyoming,3 wk ahead,percent,1.76598589894755e-10,Bin,12.3,12.4
Wyoming,3 wk ahead,percent,1.76598589894755e-10,Bin,12.4,12.5
Wyoming,3 wk ahead,percent,1.76598589894755e-10,Bin,12.5,12.6
Wyoming,3 wk ahead,percent,1.76598589894755e-10,Bin,12.6,12.7
Wyoming,3 wk ahead,percent,1.76598589894755e-10,Bin,12.7,12.8
Wyoming,3 wk ahead,percent,1.76598589894755e-10,Bin,12.8,12.9
Wyoming,3 wk ahead,percent,1.76598589894755e-10,Bin,12.9,13.0
Wyoming,3 wk ahead,percent,1.76598589894755e-10,Bin,13.0,100.0
Wyoming,4 wk ahead,percent,7.73882331038765e-09,Bin,0.0,0.1
Wyoming,4 wk ahead,percent,0.0260000169328378,Bin,0.1,0.2
Wyoming,4 wk ahead,percent,0.122000005081209,Bin,0.2,0.3
Wyoming,4 wk ahead,percent,0.158000002104319,Bin,0.3,0.4
Wyoming,4 wk ahead,percent,0.21599998855853,Bin,0.4,0.5
Wyoming,4 wk ahead,percent,0.173999990543598,Bin,0.5,0.6
Wyoming,4 wk ahead,percent,0.117999993851293,Bin,0.6,0.7
Wyoming,4 wk ahead,percent,0.0759999961240821,Bin,0.7,0.8
Wyoming,4 wk ahead,percent,0.0379999995511778,Bin,0.8,0.9
Wyoming,4 wk ahead,percent,0.0299999976680843,Bin,0.9,1.0
Wyoming,4 wk ahead,percent,0.00799999985853603,Bin,1.0,1.1
Wyoming,4 wk ahead,percent,0.00799999873107503,Bin,1.1,1.2
Wyoming,4 wk ahead,percent,0.00799999841159799,Bin,1.2,1.3
Wyoming,4 wk ahead,percent,0.00799999839454941,Bin,1.3,1.4
Wyoming,4 wk ahead,percent,0.00199999965343498,Bin,1.4,1.5
Wyoming,4 wk ahead,percent,7.30635082064189e-11,Bin,1.5,1.6
Wyoming,4 wk ahead,percent,0.00199999965343498,Bin,1.6,1.7
Wyoming,4 wk ahead,percent,0.00399999923380646,Bin,1.7,1.8
Wyoming,4 wk ahead,percent,7.30635082064189e-11,Bin,1.8,1.9
Wyoming,4 wk ahead,percent,7.30635082064189e-11,Bin,1.9,2.0
Wyoming,4 wk ahead,percent,7.30635082064187e-11,Bin,2.0,2.1
Wyoming,4 wk ahead,percent,7.30635082064185e-11,Bin,2.1,2.2
Wyoming,4 wk ahead,percent,7.30635082064185e-11,Bin,2.2,2.3
Wyoming,4 wk ahead,percent,7.30635082064185e-11,Bin,2.3,2.4
Wyoming,4 wk ahead,percent,7.30635082064185e-11,Bin,2.4,2.5
Wyoming,4 wk ahead,percent,7.30635082064185e-11,Bin,2.5,2.6
Wyoming,4 wk ahead,percent,7.30635082064185e-11,Bin,2.6,2.7
Wyoming,4 wk ahead,percent,0.00199999965343498,Bin,2.7,2.8
Wyoming,4 wk ahead,percent,7.30635082064185e-11,Bin,2.8,2.9
Wyoming,4 wk ahead,percent,7.30635082064185e-11,Bin,2.9,3.0
Wyoming,4 wk ahead,percent,7.30635082064185e-11,Bin,3.0,3.1
Wyoming,4 wk ahead,percent,7.30635082064185e-11,Bin,3.1,3.2
Wyoming,4 wk ahead,percent,7.30635082064185e-11,Bin,3.2,3.3
Wyoming,4 wk ahead,percent,7.30635082064185e-11,Bin,3.3,3.4
Wyoming,4 wk ahead,percent,7.30635082064185e-11,Bin,3.4,3.5
Wyoming,4 wk ahead,percent,7.30635082064185e-11,Bin,3.5,3.6
Wyoming,4 wk ahead,percent,7.30635082064185e-11,Bin,3.6,3.7
Wyoming,4 wk ahead,percent,7.30635082064185e-11,Bin,3.7,3.8
Wyoming,4 wk ahead,percent,7.30635082064185e-11,Bin,3.8,3.9
Wyoming,4 wk ahead,percent,7.30635082064185e-11,Bin,3.9,4.0
Wyoming,4 wk ahead,percent,7.30635082064185e-11,Bin,4.0,4.1
Wyoming,4 wk ahead,percent,7.30635082064185e-11,Bin,4.1,4.2
Wyoming,4 wk ahead,percent,7.30635082064185e-11,Bin,4.2,4.3
Wyoming,4 wk ahead,percent,7.30635082064185e-11,Bin,4.3,4.4
Wyoming,4 wk ahead,percent,7.30635082064185e-11,Bin,4.4,4.5
Wyoming,4 wk ahead,percent,7.30635082064185e-11,Bin,4.5,4.6
Wyoming,4 wk ahead,percent,7.30635082064185e-11,Bin,4.6,4.7
Wyoming,4 wk ahead,percent,7.30635082064185e-11,Bin,4.7,4.8
Wyoming,4 wk ahead,percent,7.30635082064185e-11,Bin,4.8,4.9
Wyoming,4 wk ahead,percent,7.30635082064185e-11,Bin,4.9,5.0
Wyoming,4 wk ahead,percent,7.30635082064185e-11,Bin,5.0,5.1
Wyoming,4 wk ahead,percent,7.30635082064185e-11,Bin,5.1,5.2
Wyoming,4 wk ahead,percent,7.30635082064185e-11,Bin,5.2,5.3
Wyoming,4 wk ahead,percent,7.30635082064185e-11,Bin,5.3,5.4
Wyoming,4 wk ahead,percent,7.30635082064185e-11,Bin,5.4,5.5
Wyoming,4 wk ahead,percent,7.30635082064185e-11,Bin,5.5,5.6
Wyoming,4 wk ahead,percent,7.30635082064185e-11,Bin,5.6,5.7
Wyoming,4 wk ahead,percent,7.30635082064185e-11,Bin,5.7,5.8
Wyoming,4 wk ahead,percent,7.30635082064185e-11,Bin,5.8,5.9
Wyoming,4 wk ahead,percent,7.30635082064185e-11,Bin,5.9,6.0
Wyoming,4 wk ahead,percent,7.30635082064185e-11,Bin,6.0,6.1
Wyoming,4 wk ahead,percent,7.30635082064185e-11,Bin,6.1,6.2
Wyoming,4 wk ahead,percent,7.30635082064185e-11,Bin,6.2,6.3
Wyoming,4 wk ahead,percent,7.30635082064185e-11,Bin,6.3,6.4
Wyoming,4 wk ahead,percent,7.30635082064185e-11,Bin,6.4,6.5
Wyoming,4 wk ahead,percent,7.30635082064185e-11,Bin,6.5,6.6
Wyoming,4 wk ahead,percent,7.30635082064185e-11,Bin,6.6,6.7
Wyoming,4 wk ahead,percent,7.30635082064185e-11,Bin,6.7,6.8
Wyoming,4 wk ahead,percent,7.30635082064185e-11,Bin,6.8,6.9
Wyoming,4 wk ahead,percent,7.30635082064185e-11,Bin,6.9,7.0
Wyoming,4 wk ahead,percent,7.30635082064185e-11,Bin,7.0,7.1
Wyoming,4 wk ahead,percent,7.30635082064185e-11,Bin,7.1,7.2
Wyoming,4 wk ahead,percent,7.30635082064185e-11,Bin,7.2,7.3
Wyoming,4 wk ahead,percent,7.30635082064185e-11,Bin,7.3,7.4
Wyoming,4 wk ahead,percent,7.30635082064185e-11,Bin,7.4,7.5
Wyoming,4 wk ahead,percent,7.30635082064185e-11,Bin,7.5,7.6
Wyoming,4 wk ahead,percent,7.30635082064185e-11,Bin,7.6,7.7
Wyoming,4 wk ahead,percent,7.30635082064185e-11,Bin,7.7,7.8
Wyoming,4 wk ahead,percent,7.30635082064185e-11,Bin,7.8,7.9
Wyoming,4 wk ahead,percent,7.30635082064185e-11,Bin,7.9,8.0
Wyoming,4 wk ahead,percent,7.30635082064192e-11,Bin,8.0,8.1
Wyoming,4 wk ahead,percent,7.30635082064198e-11,Bin,8.1,8.2
Wyoming,4 wk ahead,percent,7.30635082064198e-11,Bin,8.2,8.3
Wyoming,4 wk ahead,percent,7.30635082064198e-11,Bin,8.3,8.4
Wyoming,4 wk ahead,percent,7.30635082064198e-11,Bin,8.4,8.5
Wyoming,4 wk ahead,percent,7.30635082064198e-11,Bin,8.5,8.6
Wyoming,4 wk ahead,percent,7.30635082064198e-11,Bin,8.6,8.7
Wyoming,4 wk ahead,percent,7.30635082064198e-11,Bin,8.7,8.8
Wyoming,4 wk ahead,percent,7.30635082064198e-11,Bin,8.8,8.9
Wyoming,4 wk ahead,percent,7.30635082064198e-11,Bin,8.9,9.0
Wyoming,4 wk ahead,percent,7.30635082064198e-11,Bin,9.0,9.1
Wyoming,4 wk ahead,percent,7.30635082064198e-11,Bin,9.1,9.2
Wyoming,4 wk ahead,percent,7.30635082064198e-11,Bin,9.2,9.3
Wyoming,4 wk ahead,percent,7.30635082064198e-11,Bin,9.3,9.4
Wyoming,4 wk ahead,percent,7.30635082064198e-11,Bin,9.4,9.5
Wyoming,4 wk ahead,percent,7.30635082064198e-11,Bin,9.5,9.6
Wyoming,4 wk ahead,percent,7.30635082064198e-11,Bin,9.6,9.7
Wyoming,4 wk ahead,percent,7.30635082064198e-11,Bin,9.7,9.8
Wyoming,4 wk ahead,percent,7.30635082064198e-11,Bin,9.8,9.9
Wyoming,4 wk ahead,percent,7.30635082064198e-11,Bin,9.9,10.0
Wyoming,4 wk ahead,percent,7.30635082064198e-11,Bin,10.0,10.1
Wyoming,4 wk ahead,percent,7.30635082064198e-11,Bin,10.1,10.2
Wyoming,4 wk ahead,percent,7.30635082064198e-11,Bin,10.2,10.3
Wyoming,4 wk ahead,percent,7.30635082064198e-11,Bin,10.3,10.4
Wyoming,4 wk ahead,percent,7.30635082064198e-11,Bin,10.4,10.5
Wyoming,4 wk ahead,percent,7.30635082064198e-11,Bin,10.5,10.6
Wyoming,4 wk ahead,percent,7.30635082064198e-11,Bin,10.6,10.7
Wyoming,4 wk ahead,percent,7.30635082064198e-11,Bin,10.7,10.8
Wyoming,4 wk ahead,percent,7.30635082064198e-11,Bin,10.8,10.9
Wyoming,4 wk ahead,percent,7.30635082064198e-11,Bin,10.9,11.0
Wyoming,4 wk ahead,percent,7.30635082064198e-11,Bin,11.0,11.1
Wyoming,4 wk ahead,percent,7.30635082064198e-11,Bin,11.1,11.2
Wyoming,4 wk ahead,percent,7.30635082064198e-11,Bin,11.2,11.3
Wyoming,4 wk ahead,percent,7.30635082064198e-11,Bin,11.3,11.4
Wyoming,4 wk ahead,percent,7.30635082064198e-11,Bin,11.4,11.5
Wyoming,4 wk ahead,percent,7.30635082064198e-11,Bin,11.5,11.6
Wyoming,4 wk ahead,percent,7.30635082064198e-11,Bin,11.6,11.7
Wyoming,4 wk ahead,percent,7.30635082064198e-11,Bin,11.7,11.8
Wyoming,4 wk ahead,percent,7.30635082064198e-11,Bin,11.8,11.9
Wyoming,4 wk ahead,percent,7.30635082064198e-11,Bin,11.9,12.0
Wyoming,4 wk ahead,percent,7.30635082064198e-11,Bin,12.0,12.1
Wyoming,4 wk ahead,percent,7.30635082064198e-11,Bin,12.1,12.2
Wyoming,4 wk ahead,percent,7.30635082064198e-11,Bin,12.2,12.3
Wyoming,4 wk ahead,percent,7.30635082064198e-11,Bin,12.3,12.4
Wyoming,4 wk ahead,percent,7.30635082064198e-11,Bin,12.4,12.5
Wyoming,4 wk ahead,percent,7.30635082064198e-11,Bin,12.5,12.6
Wyoming,4 wk ahead,percent,7.30635082064198e-11,Bin,12.6,12.7
Wyoming,4 wk ahead,percent,7.30635082064198e-11,Bin,12.7,12.8
Wyoming,4 wk ahead,percent,7.30635082064198e-11,Bin,12.8,12.9
Wyoming,4 wk ahead,percent,7.30635082064198e-11,Bin,12.9,13.0
Wyoming,4 wk ahead,percent,7.30635082064198e-11,Bin,13.0,100.0
Wyoming,Season peak percentage,percent,1.31716791539995e-13,Bin,0.0,0.1
Wyoming,Season peak percentage,percent,2.6343358307999e-13,Bin,0.1,0.2
Wyoming,Season peak percentage,percent,2.63433583079989e-13,Bin,0.2,0.3
Wyoming,Season peak percentage,percent,2.63433583079989e-13,Bin,0.3,0.4
Wyoming,Season peak percentage,percent,2.63433583079989e-13,Bin,0.4,0.5
Wyoming,Season peak percentage,percent,2.6343358307999e-13,Bin,0.5,0.6
Wyoming,Season peak percentage,percent,2.6343358307999e-13,Bin,0.6,0.7
Wyoming,Season peak percentage,percent,2.6343358307999e-13,Bin,0.7,0.8
Wyoming,Season peak percentage,percent,2.6343358307999e-13,Bin,0.8,0.9
Wyoming,Season peak percentage,percent,2.6343358307999e-13,Bin,0.9,1.0
Wyoming,Season peak percentage,percent,2.6343358307999e-13,Bin,1.0,1.1
Wyoming,Season peak percentage,percent,2.6343358307999e-13,Bin,1.1,1.2
Wyoming,Season peak percentage,percent,2.6343358307999e-13,Bin,1.2,1.3
Wyoming,Season peak percentage,percent,3.8050296070195e-13,Bin,1.3,1.4
Wyoming,Season peak percentage,percent,1.29053947270262e-12,Bin,1.4,1.5
Wyoming,Season peak percentage,percent,3.64779689587799e-12,Bin,1.5,1.6
Wyoming,Season peak percentage,percent,8.17958310121541e-12,Bin,1.6,1.7
Wyoming,Season peak percentage,percent,1.45661807107836e-11,Bin,1.7,1.8
Wyoming,Season peak percentage,percent,2.06050301556694e-11,Bin,1.8,1.9
Wyoming,Season peak percentage,percent,2.32100200309184e-11,Bin,1.9,2.0
Wyoming,Season peak percentage,percent,2.10621317354088e-11,Bin,2.0,2.1
Wyoming,Season peak percentage,percent,1.62566148248246e-11,Bin,2.1,2.2
Wyoming,Season peak percentage,percent,1.2959364203946e-11,Bin,2.2,2.3
Wyoming,Season peak percentage,percent,1.43532805032136e-11,Bin,2.3,2.4
Wyoming,Season peak percentage,percent,2.03421333078714e-11,Bin,2.4,2.5
Wyoming,Season peak percentage,percent,2.72833238597349e-11,Bin,2.5,2.6
Wyoming,Season peak percentage,percent,3.03063841206023e-11,Bin,2.6,2.7
Wyoming,Season peak percentage,percent,2.7046317820934e-11,Bin,2.7,2.8
Wyoming,Season peak percentage,percent,1.95987549780966e-11,Bin,2.8,2.9
Wyoming,Season peak percentage,percent,1.28081788072543e-11,Bin,2.9,3.0
Wyoming,Season peak percentage,percent,1.1271700191823e-11,Bin,3.0,3.1
Wyoming,Season peak percentage,percent,1.78518048332883e-11,Bin,3.1,3.2
Wyoming,Season peak percentage,percent,3.28214783280701e-11,Bin,3.2,3.3
Wyoming,Season peak percentage,percent,5.22063283503496e-11,Bin,3.3,3.4
Wyoming,Season peak percentage,percent,6.75122127448607e-11,Bin,3.4,3.5
Wyoming,Season peak percentage,percent,7.02959930579205e-11,Bin,3.5,3.6
Wyoming,Season peak percentage,percent,5.88259549749292e-11,Bin,3.6,3.7
Wyoming,Season peak percentage,percent,3.97236502622879e-11,Bin,3.7,3.8
Wyoming,Season peak percentage,percent,2.23189462490519e-11,Bin,3.8,3.9
Wyoming,Season peak percentage,percent,1.2355568746281e-11,Bin,3.9,4.0
Wyoming,Season peak percentage,percent,1.04314425241638e-11,Bin,4.0,4.1
Wyoming,Season peak percentage,percent,1.38647519363559e-11,Bin,4.1,4.2
Wyoming,Season peak percentage,percent,1.85720615492316e-11,Bin,4.2,4.3
Wyoming,Season peak percentage,percent,2.06630597148081e-11,Bin,4.3,4.4
Wyoming,Season peak percentage,percent,1.83896708243643e-11,Bin,4.4,4.5
Wyoming,Season peak percentage,percent,1.30087439712622e-11,Bin,4.5,4.6
Wyoming,Season peak percentage,percent,7.30824128177654e-12,Bin,4.6,4.7
Wyoming,Season peak percentage,percent,3.25953940248214e-12,Bin,4.7,4.8
Wyoming,Season peak percentage,percent,1.1545737547475e-12,Bin,4.8,4.9
Wyoming,Season peak percentage,percent,3.24358975754817e-13,Bin,4.9,5.0
Wyoming,Season peak percentage,percent,7.24126891314061e-14,Bin,5.0,5.1
Wyoming,Season peak percentage,percent,1.28079581755252e-14,Bin,5.1,5.2
Wyoming,Season peak percentage,percent,1.80113536873699e-15,Bin,5.2,5.3
Wyoming,Season peak percentage,percent,2.0063452076977e-16,Bin,5.3,5.4
Wyoming,Season peak percentage,percent,1.77244617442346e-17,Bin,5.4,5.5
Wyoming,Season peak percentage,percent,1.24567936837728e-18,Bin,5.5,5.6
Wyoming,Season peak percentage,percent,6.8843948327616e-20,Bin,5.6,5.7
Wyoming,Season peak percentage,percent,3.16582959502194e-21,Bin,5.7,5.8
Wyoming,Season peak percentage,percent,3.19373867918469e-21,Bin,5.8,5.9
Wyoming,Season peak percentage,percent,7.0166604628113e-20,Bin,5.9,6.0
Wyoming,Season peak percentage,percent,1.26703917057151e-18,Bin,6.0,6.1
Wyoming,Season peak percentage,percent,1.80282144690032e-17,Bin,6.1,6.2
Wyoming,Season peak percentage,percent,2.04820155107494e-16,Bin,6.2,6.3
Wyoming,Season peak percentage,percent,1.8338589578623e-15,Bin,6.3,6.4
Wyoming,Season peak percentage,percent,1.30888701112693e-14,Bin,6.4,6.5
Wyoming,Season peak percentage,percent,7.39396827413444e-14,Bin,6.5,6.6
Wyoming,Season peak percentage,percent,3.31606379606782e-13,Bin,6.6,6.7
Wyoming,Season peak percentage,percent,1.18056260610917e-12,Bin,6.7,6.8
Wyoming,Season peak percentage,percent,3.3346005693098e-12,Bin,6.8,6.9
Wyoming,Season peak percentage,percent,7.47962347968634e-12,Bin,6.9,7.0
Wyoming,Season peak percentage,percent,1.33161192831593e-11,Bin,7.0,7.1
Wyoming,Season peak percentage,percent,1.88221822255105e-11,Bin,7.1,7.2
Wyoming,Season peak percentage,percent,0.999999999129005,Bin,7.2,7.3
Wyoming,Season peak percentage,percent,1.88227313761687e-11,Bin,7.3,7.4
Wyoming,Season peak percentage,percent,1.33159983860688e-11,Bin,7.4,7.5
Wyoming,Season peak percentage,percent,7.47864057932261e-12,Bin,7.5,7.6
Wyoming,Season peak percentage,percent,3.33530805356246e-12,Bin,7.6,7.7
Wyoming,Season peak percentage,percent,1.17998878148168e-12,Bin,7.7,7.8
Wyoming,Season peak percentage,percent,3.47908565703504e-13,Bin,7.8,7.9
Wyoming,Season peak percentage,percent,2.4086753789823e-13,Bin,7.9,8.0
Wyoming,Season peak percentage,percent,2.40867537898232e-13,Bin,8.0,8.1
Wyoming,Season peak percentage,percent,2.40867537898234e-13,Bin,8.1,8.2
Wyoming,Season peak percentage,percent,2.40867537898234e-13,Bin,8.2,8.3
Wyoming,Season peak percentage,percent,2.40867537898234e-13,Bin,8.3,8.4
Wyoming,Season peak percentage,percent,2.40867537898234e-13,Bin,8.4,8.5
Wyoming,Season peak percentage,percent,2.40867537898234e-13,Bin,8.5,8.6
Wyoming,Season peak percentage,percent,2.40867537898234e-13,Bin,8.6,8.7
Wyoming,Season peak percentage,percent,2.40867537898234e-13,Bin,8.7,8.8
Wyoming,Season peak percentage,percent,2.40867537898234e-13,Bin,8.8,8.9
Wyoming,Season peak percentage,percent,2.40867537898234e-13,Bin,8.9,9.0
Wyoming,Season peak percentage,percent,2.40867537898234e-13,Bin,9.0,9.1
Wyoming,Season peak percentage,percent,2.40867537898234e-13,Bin,9.1,9.2
Wyoming,Season peak percentage,percent,2.40867537898234e-13,Bin,9.2,9.3
Wyoming,Season peak percentage,percent,2.40867537898234e-13,Bin,9.3,9.4
Wyoming,Season peak percentage,percent,2.40867537898234e-13,Bin,9.4,9.5
Wyoming,Season peak percentage,percent,2.40867537898234e-13,Bin,9.5,9.6
Wyoming,Season peak percentage,percent,2.40867537898234e-13,Bin,9.6,9.7
Wyoming,Season peak percentage,percent,2.40867537898234e-13,Bin,9.7,9.8
Wyoming,Season peak percentage,percent,2.40867537898234e-13,Bin,9.8,9.9
Wyoming,Season peak percentage,percent,2.40867537898234e-13,Bin,9.9,10.0
Wyoming,Season peak percentage,percent,2.40867537898234e-13,Bin,10.0,10.1
Wyoming,Season peak percentage,percent,2.40867537898234e-13,Bin,10.1,10.2
Wyoming,Season peak percentage,percent,2.40867537898234e-13,Bin,10.2,10.3
Wyoming,Season peak percentage,percent,2.40867537898234e-13,Bin,10.3,10.4
Wyoming,Season peak percentage,percent,2.40867537898234e-13,Bin,10.4,10.5
Wyoming,Season peak percentage,percent,2.40867537898234e-13,Bin,10.5,10.6
Wyoming,Season peak percentage,percent,2.40867537898234e-13,Bin,10.6,10.7
Wyoming,Season peak percentage,percent,2.40867537898234e-13,Bin,10.7,10.8
Wyoming,Season peak percentage,percent,2.40867537898234e-13,Bin,10.8,10.9
Wyoming,Season peak percentage,percent,2.40867537898234e-13,Bin,10.9,11.0
Wyoming,Season peak percentage,percent,2.40867537898234e-13,Bin,11.0,11.1
Wyoming,Season peak percentage,percent,2.40867537898234e-13,Bin,11.1,11.2
Wyoming,Season peak percentage,percent,2.40867537898234e-13,Bin,11.2,11.3
Wyoming,Season peak percentage,percent,2.40867537898234e-13,Bin,11.3,11.4
Wyoming,Season peak percentage,percent,2.40867537898234e-13,Bin,11.4,11.5
Wyoming,Season peak percentage,percent,2.40867537898234e-13,Bin,11.5,11.6
Wyoming,Season peak percentage,percent,2.40867537898234e-13,Bin,11.6,11.7
Wyoming,Season peak percentage,percent,2.40867537898234e-13,Bin,11.7,11.8
Wyoming,Season peak percentage,percent,2.40867537898234e-13,Bin,11.8,11.9
Wyoming,Season peak percentage,percent,2.40867537898234e-13,Bin,11.9,12.0
Wyoming,Season peak percentage,percent,2.40867537898234e-13,Bin,12.0,12.1
Wyoming,Season peak percentage,percent,2.40867537898234e-13,Bin,12.1,12.2
Wyoming,Season peak percentage,percent,2.40867537898234e-13,Bin,12.2,12.3
Wyoming,Season peak percentage,percent,2.40867537898234e-13,Bin,12.3,12.4
Wyoming,Season peak percentage,percent,2.40867537898234e-13,Bin,12.4,12.5
Wyoming,Season peak percentage,percent,2.40867537898234e-13,Bin,12.5,12.6
Wyoming,Season peak percentage,percent,2.40867537898234e-13,Bin,12.6,12.7
Wyoming,Season peak percentage,percent,2.40867537898234e-13,Bin,12.7,12.8
Wyoming,Season peak percentage,percent,2.40867537898234e-13,Bin,12.8,12.9
Wyoming,Season peak percentage,percent,2.40867537898234e-13,Bin,12.9,13.0
Wyoming,Season peak percentage,percent,2.40867537898234e-13,Bin,13.0,100.0
Wyoming,Season peak week,week,2.47919349816834e-05,Bin,40.0,41.0
Wyoming,Season peak week,week,2.47919349816834e-05,Bin,41.0,42.0
Wyoming,Season peak week,week,2.47919349816834e-05,Bin,42.0,43.0
Wyoming,Season peak week,week,2.47919349816834e-05,Bin,43.0,44.0
Wyoming,Season peak week,week,2.47919349816834e-05,Bin,44.0,45.0
Wyoming,Season peak week,week,2.47919349816834e-05,Bin,45.0,46.0
Wyoming,Season peak week,week,2.47919349816834e-05,Bin,46.0,47.0
Wyoming,Season peak week,week,2.47919349816834e-05,Bin,47.0,48.0
Wyoming,Season peak week,week,2.49923007556524e-05,Bin,48.0,49.0
Wyoming,Season peak week,week,0.000109225538715192,Bin,49.0,50.0
Wyoming,Season peak week,week,0.000581755057242511,Bin,50.0,51.0
Wyoming,Season peak week,week,0.0016604501851437,Bin,51.0,52.0
Wyoming,Season peak week,week,0.0028356408435324,Bin,52.0,53.0
Wyoming,Season peak week,week,0.00378237771920343,Bin,1.0,2.0
Wyoming,Season peak week,week,0.00505431302592143,Bin,2.0,3.0
Wyoming,Season peak week,week,0.00658405923632838,Bin,3.0,4.0
Wyoming,Season peak week,week,0.00791762324586278,Bin,4.0,5.0
Wyoming,Season peak week,week,0.00804923365820143,Bin,5.0,6.0
Wyoming,Season peak week,week,0.945970993351243,Bin,6.0,7.0
Wyoming,Season peak week,week,0.00282308349964441,Bin,7.0,8.0
Wyoming,Season peak week,week,0.00101677562639865,Bin,8.0,9.0
Wyoming,Season peak week,week,0.00127165097177978,Bin,9.0,10.0
Wyoming,Season peak week,week,0.00309281611095781,Bin,10.0,11.0
Wyoming,Season peak week,week,0.00428959430242039,Bin,11.0,12.0
Wyoming,Season peak week,week,0.00308110044529026,Bin,12.0,13.0
Wyoming,Season peak week,week,0.00114119765790919,Bin,13.0,14.0
Wyoming,Season peak week,week,0.000217367076418134,Bin,14.0,15.0
Wyoming,Season peak week,week,4.99021495115796e-05,Bin,15.0,16.0
Wyoming,Season peak week,week,4.95025035332485e-05,Bin,16.0,17.0
Wyoming,Season peak week,week,4.95025035332485e-05,Bin,17.0,18.0
Wyoming,Season peak week,week,4.95025035332485e-05,Bin,18.0,19.0
Wyoming,Season peak week,week,4.95025035332485e-05,Bin,19.0,20.0
Wyoming,Season peak week,week,4.95025035332485e-05,Bin,20.0,21.0
